Sampler:TPESampler
(98, 60, 167, 281, 144, 40, 147, 181, 247), 36.0
(73, 195, 183, 3, 230, 272, 212, 27, 114), 34.0
(30, 111, 10, 213, 33, 198, 205, 166, 23), 40.0
(185, 28, 283, 83, 233, 299, 165, 105, 8), 30.0
(183, 290, 184, 221, 1, 220, 150, 30, 150), None
(193, 5, 180, 78, 26, 266, 274, 114, 133), 34.0
(174, 97, 221, 41, 124, 262, 69, 118, 242), 32.0
(5, 266, 164, 241, 179, 167, 83, 291, 241), None
(73, 48, 286, 63, 115, 0, 250, 273, 38), 36.0
(167, 67, 21, 57, 98, 163, 75, 285, 41), 34.0
(294, 142, 5, 160, 66, 95, 5, 190, 85), None
(82, 122, 93, 295, 294, 72, 213, 192, 281), 36.0
(8, 192, 94, 295, 159, 1, 199, 212, 185), 36.0
(116, 83, 93, 221, 56, 99, 111, 161, 193), 36.0
(45, 174, 51, 161, 179, 215, 294, 241, 299), 37.0
(32, 186, 45, 146, 207, 206, 292, 224, 67), 38.0
(37, 231, 53, 131, 274, 215, 251, 238, 74), 39.0
(132, 237, 124, 107, 289, 131, 247, 247, 4), None
(38, 226, 51, 187, 250, 193, 248, 66, 71), 38.0
(234, 133, 34, 119, 68, 238, 180, 142, 101), 30.0
(50, 224, 0, 198, 1, 138, 233, 254, 39), 32.0
(24, 246, 58, 187, 269, 189, 237, 65, 73), 30.0
(52, 165, 70, 186, 243, 184, 257, 3, 54), 40.0
(61, 163, 74, 253, 208, 180, 275, 3, 23), 36.0
(96, 118, 125, 132, 262, 236, 192, 143, 46), 32.0
(0, 158, 21, 166, 216, 147, 265, 84, 109), 44.0
(0, 102, 21, 204, 204, 117, 275, 78, 152), None
(18, 154, 78, 251, 232, 146, 220, 0, 105), 37.0
(129, 200, 23, 172, 181, 154, 272, 92, 128), 40.0
(219, 201, 28, 168, 155, 61, 131, 98, 172), 36.0
(98, 149, 131, 274, 136, 108, 181, 42, 54), 38.0
(136, 172, 11, 177, 182, 165, 262, 157, 127), 38.0
(59, 205, 73, 220, 213, 157, 225, 86, 93), 36.0
(84, 117, 32, 203, 190, 127, 298, 52, 20), 38.0
(114, 208, 0, 142, 247, 176, 267, 130, 130), None
(23, 174, 251, 222, 225, 198, 206, 22, 116), 38.0
(151, 82, 37, 97, 27, 239, 168, 172, 21), 46.0
(151, 20, 207, 92, 34, 288, 162, 119, 209), 34.0
(213, 88, 18, 5, 24, 246, 140, 173, 20), 40.0
(215, 51, 37, 6, 28, 250, 123, 175, 19), 33.0
(159, 71, 103, 104, 109, 284, 161, 201, 158), 36.0
(254, 98, 20, 22, 11, 230, 143, 180, 0), 39.0
(190, 78, 68, 26, 50, 250, 99, 168, 27), 44.0
(199, 82, 13, 39, 45, 265, 93, 167, 31), 36.0
(175, 36, 38, 3, 76, 251, 36, 206, 21), None
(12, 130, 64, 62, 89, 223, 102, 129, 47), 44.0
(261, 134, 65, 68, 85, 278, 60, 135, 55), 31.0
(12, 131, 106, 48, 48, 226, 105, 114, 57), None
(196, 81, 152, 28, 18, 299, 50, 154, 32), 56.0
(194, 61, 155, 24, 90, 297, 12, 148, 83), 36.0
(185, 0, 177, 79, 14, 259, 54, 126, 9), 44.0
(180, 2, 187, 80, 15, 267, 53, 126, 12), 46.0
(180, 1, 186, 74, 15, 269, 51, 125, 6), 45.0
(168, 18, 194, 67, 40, 274, 40, 156, 34), None
(146, 38, 145, 52, 59, 299, 82, 191, 9), 36.0
(183, 1, 176, 83, 15, 260, 61, 107, 11), 47.0
(179, 3, 166, 88, 16, 262, 57, 109, 7), 34.0
(202, 17, 209, 99, 6, 284, 19, 101, 1), 48.0
(204, 17, 235, 101, 3, 287, 24, 73, 1), 47.0
(232, 14, 237, 105, 1, 292, 19, 97, 37), 44.0
(205, 30, 269, 119, 24, 281, 26, 68, 14), 43.0
(162, 12, 215, 95, 7, 272, 42, 109, 0), 35.0
(227, 48, 195, 73, 20, 272, 71, 102, 0), 33.0
(245, 24, 237, 118, 33, 286, 0, 120, 32), 33.0
(205, 10, 181, 97, 0, 261, 32, 142, 13), 43.0
(182, 37, 197, 83, 39, 242, 25, 76, 28), 38.0
(147, 48, 229, 38, 11, 256, 48, 137, 64), None
(203, 26, 151, 130, 67, 206, 69, 152, 44), 42.0
(171, 299, 139, 110, 20, 15, 14, 87, 12), 50.0
(171, 293, 209, 114, 28, 80, 11, 58, 15), 48.0
(169, 285, 210, 115, 60, 31, 6, 53, 39), 42.0
(154, 273, 174, 151, 26, 25, 15, 60, 18), 43.0
(140, 274, 257, 132, 34, 62, 27, 36, 13), 41.0
(125, 296, 296, 110, 8, 78, 19, 86, 28), None
(194, 56, 223, 124, 18, 9, 9, 78, 11), None
(223, 251, 137, 98, 53, 290, 64, 94, 221), 36.0
(210, 107, 159, 90, 28, 280, 42, 73, 45), 47.0
(213, 263, 158, 88, 39, 49, 40, 17, 45), 35.0
(162, 112, 142, 109, 30, 282, 0, 72, 25), 42.0
(192, 104, 113, 143, 0, 75, 45, 47, 59), 40.0
(242, 9, 203, 83, 6, 299, 31, 61, 6), None
(173, 69, 163, 57, 21, 93, 174, 86, 20), 30.0
(185, 288, 187, 101, 43, 277, 80, 105, 50), 38.0
(208, 92, 174, 90, 29, 233, 19, 56, 38), 38.0
(198, 30, 238, 126, 17, 269, 34, 93, 259), 30.0
(155, 297, 248, 112, 8, 294, 23, 38, 25), 38.0
(188, 43, 222, 75, 74, 286, 152, 80, 0), 35.0
(174, 144, 203, 103, 24, 253, 10, 112, 14), 34.0
(163, 74, 215, 138, 33, 13, 52, 72, 35), 40.0
(213, 62, 87, 61, 48, 243, 63, 163, 23), 40.0
(122, 188, 169, 150, 12, 277, 92, 121, 5), 41.0
(179, 0, 188, 71, 18, 267, 49, 184, 16), 32.0
(197, 17, 189, 82, 6, 266, 33, 102, 5), 42.0
(170, 22, 158, 92, 36, 290, 192, 132, 32), 40.0
(220, 6, 200, 48, 14, 256, 76, 89, 10), 38.0
(177, 6, 120, 16, 24, 278, 55, 150, 17), 34.0
(142, 87, 182, 81, 135, 270, 41, 138, 27), 30.0
(189, 33, 170, 75, 55, 85, 14, 126, 81), 39.0
(183, 218, 231, 97, 3, 113, 28, 115, 0), 38.0
(209, 15, 132, 121, 42, 48, 48, 100, 42), None
(202, 42, 214, 87, 12, 284, 126, 107, 10), 43.0
(190, 79, 149, 23, 49, 245, 69, 165, 24), 44.0
(184, 11, 177, 34, 16, 262, 36, 81, 7), 33.0
(157, 2, 164, 77, 28, 259, 55, 128, 17), 44.0
(199, 97, 142, 68, 20, 215, 70, 176, 32), 42.0
(229, 108, 192, 35, 29, 252, 94, 158, 51), 40.0
(167, 124, 207, 13, 168, 240, 21, 169, 29), 41.0
(151, 0, 181, 103, 12, 291, 4, 142, 9), 44.0
(181, 24, 155, 53, 5, 273, 59, 124, 5), None
(164, 55, 51, 30, 35, 128, 39, 184, 23), 35.0
(175, 282, 27, 155, 267, 120, 115, 66, 94), 34.0
(190, 77, 145, 115, 117, 281, 233, 73, 169), 43.0
(209, 117, 45, 45, 23, 248, 88, 197, 65), None
(134, 140, 80, 108, 0, 228, 155, 147, 43), 40.0
(140, 125, 181, 102, 11, 294, 5, 46, 13), 43.0
(104, 95, 227, 61, 85, 220, 100, 115, 36), 41.0
(219, 19, 150, 93, 19, 260, 45, 91, 21), None
(194, 85, 69, 65, 105, 266, 142, 133, 48), 42.0
(2, 154, 38, 166, 145, 176, 15, 84, 60), 49.0
(298, 64, 162, 178, 192, 205, 15, 218, 144), 40.0
(238, 8, 268, 86, 40, 136, 169, 61, 0), 35.0
(202, 153, 60, 55, 61, 177, 27, 98, 57), 39.0
(10, 0, 3, 165, 281, 148, 2, 85, 15), 44.0
(37, 292, 56, 72, 130, 187, 64, 153, 71), 44.0
(7, 162, 44, 98, 162, 289, 9, 139, 6), None
(266, 172, 244, 173, 3, 66, 288, 94, 39), 38.0
(24, 0, 8, 165, 227, 169, 1, 69, 16), 48.0
(2, 13, 20, 159, 220, 194, 17, 82, 18), 46.0
(5, 180, 14, 158, 240, 172, 19, 70, 19), None
(18, 14, 8, 189, 219, 161, 14, 77, 30), None
(0, 27, 28, 181, 30, 172, 30, 53, 16), None
(30, 7, 39, 162, 236, 194, 23, 66, 25), 42.0
(22, 17, 35, 138, 256, 180, 10, 106, 11), 37.0
(158, 5, 170, 78, 203, 156, 36, 81, 18), 46.0
(167, 11, 170, 195, 202, 143, 35, 80, 5), 43.0
(172, 30, 186, 90, 227, 165, 17, 90, 20), None
(71, 6, 17, 126, 219, 169, 30, 59, 0), 34.0
(15, 22, 196, 147, 231, 200, 24, 85, 33), 35.0
(156, 299, 7, 81, 245, 156, 183, 75, 12), None
(148, 41, 174, 172, 149, 299, 44, 99, 26), 43.0
(176, 14, 211, 110, 212, 152, 52, 47, 116), 38.0
(25, 112, 25, 93, 223, 160, 0, 119, 47), None
(47, 256, 218, 63, 191, 212, 11, 111, 17), 40.0
(185, 240, 158, 78, 202, 279, 36, 66, 8), 36.0
(162, 6, 167, 157, 27, 271, 51, 81, 17), 39.0
(250, 20, 238, 114, 9, 286, 18, 95, 38), 41.0
(15, 139, 200, 86, 172, 236, 7, 72, 28), 38.0
(149, 280, 182, 104, 16, 182, 5, 147, 10), None
(195, 1, 2, 167, 297, 134, 2, 85, 15), None
(0, 0, 0, 163, 22, 149, 23, 89, 4), None
(8, 105, 32, 70, 9, 26, 45, 102, 24), 47.0
(182, 11, 174, 77, 12, 18, 61, 104, 22), 33.0
(189, 104, 135, 19, 6, 21, 41, 167, 23), 47.0
(203, 117, 136, 96, 6, 1, 45, 172, 32), 36.0
(8, 103, 31, 13, 17, 26, 39, 160, 25), 33.0
(214, 98, 127, 68, 0, 11, 32, 60, 0), None
(179, 16, 14, 137, 24, 45, 44, 179, 11), None
(171, 108, 20, 0, 8, 37, 27, 99, 34), 31.0
(190, 89, 151, 84, 17, 20, 57, 273, 22), 34.0
(207, 33, 99, 152, 36, 39, 37, 76, 7), 42.0
(198, 70, 117, 18, 6, 24, 14, 110, 192), 44.0
(5, 128, 40, 74, 20, 224, 48, 125, 47), 46.0
(4, 109, 34, 75, 13, 35, 50, 115, 42), 42.0
(13, 119, 43, 90, 25, 4, 41, 122, 52), 39.0
(7, 124, 48, 98, 32, 276, 23, 80, 62), 43.0
(20, 212, 38, 69, 19, 189, 48, 91, 19), None
(157, 128, 192, 9, 7, 14, 59, 68, 30), 50.0
(163, 148, 204, 9, 209, 16, 66, 66, 30), None
(158, 103, 25, 31, 0, 9, 57, 56, 39), 49.0
(27, 131, 24, 21, 0, 30, 73, 33, 41), 42.0
(159, 99, 142, 31, 8, 10, 57, 52, 36), 53.0
(158, 92, 137, 28, 8, 4, 58, 53, 35), 45.0
(157, 104, 21, 33, 6, 9, 32, 46, 54), 40.0
(138, 101, 11, 38, 253, 20, 61, 71, 48), 42.0
(146, 112, 143, 25, 16, 9, 78, 58, 42), 34.0
(167, 93, 32, 21, 10, 13, 56, 42, 292), 45.0
(0, 127, 192, 44, 0, 26, 47, 63, 27), None
(173, 134, 157, 7, 12, 5, 53, 53, 35), None
(159, 97, 129, 15, 21, 31, 13, 69, 24), 43.0
(168, 82, 162, 30, 28, 57, 65, 40, 13), 48.0
(186, 81, 145, 29, 5, 57, 67, 36, 13), 39.0
(168, 83, 40, 33, 29, 18, 63, 45, 21), 51.0
(166, 85, 168, 40, 28, 14, 73, 31, 29), 39.0
(152, 76, 54, 31, 22, 17, 158, 43, 37), 44.0
(153, 83, 162, 45, 43, 22, 63, 53, 19), 45.0
(142, 103, 41, 36, 34, 103, 84, 23, 47), None
(177, 115, 173, 10, 14, 86, 42, 49, 4), 44.0
(172, 108, 153, 25, 10, 30, 56, 40, 12), 48.0
(171, 109, 154, 20, 6, 32, 57, 42, 14), 40.0
(179, 122, 136, 24, 20, 0, 67, 36, 10), 40.0
(162, 195, 148, 29, 238, 41, 19, 27, 21), 40.0
(170, 89, 261, 17, 11, 27, 53, 13, 27), None
(10, 100, 140, 4, 0, 53, 58, 57, 14), 43.0
(160, 292, 159, 108, 29, 8, 37, 63, 6), 36.0
(150, 71, 26, 50, 197, 16, 28, 77, 20), 40.0
(168, 93, 151, 40, 10, 22, 10, 83, 24), None
(194, 105, 163, 171, 24, 12, 135, 74, 31), 41.0
(187, 117, 181, 25, 16, 66, 50, 58, 0), 34.0
(157, 81, 50, 103, 29, 294, 170, 39, 37), 34.0
(208, 86, 36, 32, 20, 18, 43, 50, 16), 32.0
(176, 109, 282, 287, 7, 289, 61, 64, 8), 42.0
(166, 7, 187, 96, 13, 282, 71, 169, 15), 39.0
(200, 95, 30, 88, 23, 202, 48, 161, 26), 49.0
(217, 97, 26, 17, 4, 197, 47, 162, 26), None
(193, 96, 40, 85, 34, 211, 53, 155, 42), 36.0
(184, 4, 17, 11, 14, 164, 36, 88, 11), None
(201, 88, 196, 91, 39, 175, 64, 167, 20), 38.0
(200, 66, 31, 100, 22, 23, 56, 149, 32), 49.0
(225, 57, 45, 118, 25, 25, 61, 176, 35), None
(199, 76, 30, 101, 21, 36, 47, 188, 32), 32.0
(212, 69, 31, 108, 27, 233, 53, 158, 48), 49.0
(211, 73, 166, 82, 15, 8, 53, 158, 29), 43.0
(206, 65, 8, 106, 5, 43, 57, 152, 214), 43.0
(214, 91, 30, 113, 29, 228, 69, 160, 52), 36.0
(202, 64, 210, 94, 24, 19, 76, 162, 40), 32.0
(221, 83, 21, 160, 38, 201, 7, 171, 23), 41.0
(282, 106, 35, 109, 19, 142, 42, 69, 58), 42.0
(194, 78, 43, 121, 32, 29, 49, 153, 48), 40.0
(209, 103, 154, 58, 9, 15, 40, 143, 44), 44.0
(203, 98, 224, 99, 286, 234, 147, 48, 32), 34.0
(188, 71, 34, 89, 14, 298, 62, 104, 8), 36.0
(179, 90, 31, 97, 26, 227, 55, 147, 24), 42.0
(173, 114, 47, 104, 0, 243, 51, 131, 39), 34.0
(154, 80, 232, 27, 19, 220, 45, 96, 17), 36.0
(163, 137, 39, 87, 11, 238, 188, 166, 29), 34.0
(7, 12, 15, 36, 226, 185, 31, 81, 18), 40.0
(3, 147, 26, 169, 182, 206, 18, 74, 4), 52.0
(12, 156, 17, 179, 216, 205, 17, 71, 4), None
(3, 232, 24, 167, 180, 192, 22, 63, 3), None
(197, 95, 219, 21, 159, 22, 0, 55, 252), 37.0
(147, 161, 156, 113, 172, 11, 12, 75, 11), None
(5, 111, 28, 155, 234, 211, 18, 82, 14), 40.0
(0, 145, 148, 175, 199, 205, 26, 86, 22), 34.0
(19, 53, 38, 92, 18, 224, 57, 172, 9), 41.0
(165, 101, 176, 78, 6, 285, 64, 41, 0), 47.0
(172, 103, 178, 75, 5, 277, 62, 41, 1), 43.0
(164, 120, 170, 80, 0, 290, 67, 45, 0), None
(182, 129, 133, 86, 9, 283, 54, 36, 10), 40.0
(167, 101, 144, 100, 23, 4, 65, 28, 46), 47.0
(169, 97, 149, 97, 28, 5, 206, 27, 36), None
(189, 106, 142, 169, 9, 14, 73, 57, 7), 44.0
(177, 98, 21, 163, 15, 3, 65, 31, 6), 47.0
(176, 101, 139, 182, 23, 5, 65, 20, 47), 47.0
(176, 102, 140, 183, 15, 2, 67, 17, 54), 40.0
(85, 99, 128, 176, 24, 1, 62, 6, 44), 46.0
(166, 89, 124, 198, 5, 8, 84, 30, 5), None
(175, 108, 138, 237, 140, 9, 77, 21, 63), 36.0
(170, 93, 143, 29, 12, 15, 68, 31, 50), 40.0
(182, 112, 25, 165, 33, 7, 59, 27, 14), 43.0
(163, 102, 147, 35, 18, 0, 64, 11, 136), 40.0
(197, 299, 154, 12, 23, 22, 71, 36, 5), 36.0
(204, 95, 161, 188, 150, 15, 57, 22, 40), 44.0
(215, 86, 12, 110, 120, 27, 60, 45, 28), 45.0
(160, 100, 134, 104, 5, 10, 7, 49, 1), 49.0
(156, 107, 109, 100, 5, 21, 6, 50, 0), 48.0
(158, 106, 132, 105, 5, 20, 9, 51, 3), 48.0
(156, 107, 109, 106, 5, 21, 5, 52, 0), None
(160, 112, 120, 100, 1, 35, 8, 50, 6), 44.0
(152, 288, 137, 113, 101, 28, 11, 59, 1), 42.0
(163, 119, 145, 105, 4, 12, 3, 40, 8), 50.0
(159, 121, 134, 118, 0, 12, 1, 44, 10), 39.0
(143, 122, 130, 107, 8, 22, 4, 39, 10), 50.0
(143, 117, 124, 126, 12, 18, 8, 37, 14), 40.0
(151, 121, 127, 105, 5, 21, 13, 49, 12), 46.0
(158, 114, 114, 109, 9, 31, 0, 40, 18), None
(156, 113, 145, 103, 0, 23, 6, 52, 8), 44.0
(105, 167, 132, 117, 11, 14, 14, 67, 12), None
(170, 133, 141, 108, 18, 8, 7, 45, 18), None
(165, 179, 29, 100, 9, 11, 3, 31, 0), 42.0
(147, 107, 129, 102, 6, 26, 0, 58, 24), 48.0
(147, 127, 131, 115, 4, 31, 11, 56, 22), 37.0
(162, 92, 204, 104, 15, 18, 6, 42, 5), 50.0
(139, 92, 203, 106, 6, 27, 1, 40, 5), 41.0
(153, 86, 207, 101, 15, 16, 6, 44, 4), 39.0
(146, 76, 126, 122, 128, 18, 17, 299, 9), 42.0
(160, 109, 213, 110, 12, 26, 7, 65, 32), 38.0
(60, 118, 206, 95, 6, 81, 1, 49, 14), 42.0
(162, 60, 213, 44, 76, 33, 13, 56, 25), 39.0
(132, 92, 132, 112, 23, 8, 0, 36, 159), None
(126, 273, 122, 105, 263, 19, 21, 63, 235), 41.0
(153, 69, 201, 97, 15, 53, 9, 42, 1), 40.0
(162, 84, 245, 93, 2, 69, 16, 235, 5), 39.0
(168, 97, 97, 131, 29, 0, 5, 50, 34), None
(234, 126, 109, 101, 185, 38, 20, 69, 12), 40.0
(150, 151, 149, 117, 37, 15, 12, 60, 40), 36.0
(37, 109, 145, 104, 46, 11, 6, 54, 17), 36.0
(156, 103, 136, 194, 18, 22, 10, 49, 8), 42.0
(207, 43, 153, 0, 0, 91, 22, 60, 0), None
(172, 80, 84, 150, 13, 120, 15, 37, 7), 31.0
(43, 67, 61, 112, 9, 179, 5, 73, 12), 36.0
(160, 143, 196, 93, 10, 295, 16, 55, 15), 41.0
(15, 293, 33, 35, 6, 44, 23, 47, 25), 40.0
(165, 115, 131, 41, 4, 286, 11, 62, 0), 35.0
(171, 98, 15, 161, 19, 9, 10, 25, 19), None
(188, 91, 23, 22, 14, 24, 0, 158, 22), None
(175, 105, 119, 15, 27, 19, 6, 53, 29), 42.0
(154, 87, 20, 169, 0, 170, 16, 32, 10), 34.0
(145, 124, 225, 107, 9, 28, 27, 69, 18), 50.0
(136, 131, 216, 28, 10, 33, 26, 66, 20), 34.0
(143, 120, 141, 108, 276, 14, 109, 47, 97), 39.0
(148, 122, 228, 21, 18, 26, 0, 164, 28), 45.0
(120, 137, 227, 123, 0, 38, 21, 71, 6), 49.0
(76, 128, 225, 121, 6, 39, 17, 59, 16), 45.0
(142, 139, 218, 126, 0, 33, 28, 73, 8), 32.0
(147, 77, 75, 115, 11, 27, 13, 68, 13), None
(136, 136, 232, 107, 0, 38, 20, 76, 7), None
(156, 141, 224, 113, 19, 46, 5, 43, 18), 36.0
(150, 133, 90, 118, 9, 31, 8, 55, 34), 51.0
(117, 131, 241, 127, 16, 62, 19, 63, 33), 38.0
(54, 147, 94, 117, 8, 30, 10, 55, 123), 36.0
(142, 137, 114, 105, 7, 23, 4, 50, 37), 41.0
(148, 127, 90, 135, 11, 19, 25, 41, 28), 34.0
(157, 222, 106, 267, 6, 16, 0, 68, 24), 41.0
(163, 147, 209, 119, 23, 216, 12, 151, 5), 38.0
(110, 137, 9, 123, 29, 49, 22, 78, 14), 41.0
(151, 122, 127, 100, 14, 185, 8, 59, 105), 45.0
(129, 132, 222, 111, 165, 35, 29, 63, 33), 40.0
(137, 154, 118, 33, 90, 22, 7, 51, 19), 53.0
(139, 166, 105, 141, 155, 14, 14, 53, 0), None
(118, 150, 114, 108, 92, 23, 7, 70, 22), 41.0
(135, 154, 125, 98, 82, 29, 0, 52, 31), 39.0
(131, 143, 117, 29, 97, 28, 55, 37, 27), 42.0
(144, 158, 36, 33, 133, 32, 19, 44, 38), 48.0
(142, 154, 52, 38, 16, 37, 33, 45, 38), None
(150, 134, 252, 103, 4, 19, 11, 59, 19), None
(154, 116, 130, 44, 66, 11, 51, 38, 7), 42.0
(160, 125, 119, 118, 34, 22, 5, 55, 20), 44.0
(144, 249, 138, 97, 110, 11, 14, 78, 13), 43.0
(97, 160, 37, 33, 149, 33, 20, 45, 77), None
(135, 157, 29, 31, 148, 43, 16, 41, 41), None
(212, 144, 40, 48, 126, 164, 25, 205, 31), 39.0
(155, 280, 100, 108, 11, 18, 9, 49, 7), 40.0
(166, 79, 197, 113, 52, 7, 53, 145, 10), 46.0
(90, 150, 29, 25, 139, 53, 30, 36, 34), 49.0
(90, 119, 27, 24, 142, 26, 29, 157, 33), 38.0
(149, 141, 122, 92, 0, 56, 34, 36, 25), 43.0
(67, 136, 128, 106, 139, 16, 5, 67, 36), None
(111, 61, 25, 24, 157, 76, 39, 36, 26), 44.0
(141, 150, 33, 38, 135, 42, 15, 48, 43), 32.0
(123, 170, 67, 7, 12, 26, 0, 74, 20), 47.0
(220, 295, 216, 14, 173, 13, 27, 62, 31), 47.0
(30, 262, 207, 146, 20, 102, 20, 88, 25), None
(133, 163, 45, 131, 144, 194, 22, 46, 38), 39.0
(159, 112, 136, 125, 22, 20, 9, 56, 17), 42.0
(145, 83, 133, 101, 0, 8, 13, 51, 1), 43.0
(126, 148, 34, 33, 122, 48, 48, 32, 55), None
(165, 152, 150, 30, 17, 34, 46, 40, 277), 36.0
(153, 158, 40, 40, 133, 53, 19, 46, 44), None
(158, 66, 234, 49, 111, 40, 30, 52, 179), 43.0
(140, 144, 30, 172, 135, 173, 23, 81, 49), 42.0
(146, 157, 111, 34, 7, 23, 120, 44, 34), None
(149, 75, 48, 26, 149, 190, 5, 63, 39), None
(199, 50, 220, 114, 31, 61, 15, 33, 4), 40.0
(88, 299, 16, 154, 27, 5, 10, 69, 13), 40.0
(204, 88, 23, 96, 186, 12, 4, 259, 23), None
(163, 127, 228, 121, 25, 16, 34, 56, 17), 34.0
(152, 141, 35, 211, 43, 32, 21, 139, 44), 34.0
(102, 147, 8, 17, 39, 155, 17, 40, 30), None
(169, 286, 82, 42, 35, 49, 12, 149, 36), 46.0
(172, 134, 158, 25, 20, 70, 58, 93, 13), 50.0
(196, 135, 41, 21, 117, 201, 53, 93, 28), 40.0
(135, 131, 27, 176, 145, 83, 0, 74, 23), 43.0
(215, 126, 20, 115, 20, 177, 41, 86, 18), None
(180, 239, 157, 28, 26, 37, 57, 88, 11), 41.0
(80, 124, 149, 24, 13, 208, 48, 91, 8), 47.0
(120, 206, 56, 9, 142, 113, 24, 95, 38), 39.0
(158, 116, 126, 102, 5, 19, 6, 60, 203), 56.0
(170, 72, 158, 17, 17, 64, 59, 155, 13), None
(162, 132, 3, 109, 13, 70, 8, 65, 240), 48.0
(164, 133, 148, 110, 14, 67, 217, 81, 245), 40.0
(153, 116, 121, 93, 6, 25, 9, 60, 179), 42.0
(158, 123, 133, 104, 6, 18, 34, 77, 205), 36.0
(25, 118, 141, 102, 0, 5, 252, 72, 201), 47.0
(144, 142, 31, 122, 153, 30, 16, 57, 30), None
(51, 92, 125, 168, 0, 13, 0, 67, 143), None
(128, 153, 38, 33, 131, 216, 29, 162, 59), 52.0
(131, 161, 46, 38, 137, 218, 72, 163, 71), 42.0
(174, 82, 162, 26, 20, 215, 56, 162, 216), None
(133, 150, 141, 15, 9, 208, 42, 180, 59), 42.0
(121, 140, 22, 108, 15, 200, 30, 153, 256), 39.0
(125, 70, 155, 55, 128, 222, 60, 173, 67), 38.0
(139, 157, 37, 34, 127, 23, 37, 157, 55), None
(140, 149, 42, 38, 139, 0, 27, 167, 47), 42.0
(127, 129, 145, 25, 159, 204, 48, 145, 156), None
(206, 176, 238, 90, 70, 9, 25, 86, 0), 36.0
(167, 137, 27, 32, 22, 73, 66, 219, 89), 36.0
(227, 64, 188, 3, 31, 53, 48, 34, 60), 42.0
(156, 111, 120, 116, 60, 19, 8, 51, 52), 42.0
(15, 133, 9, 160, 249, 198, 11, 65, 21), 36.0
(147, 184, 34, 41, 135, 12, 19, 46, 43), 36.0
(149, 154, 51, 30, 124, 28, 30, 26, 37), None
(160, 145, 35, 32, 9, 230, 17, 163, 69), 38.0
(194, 124, 137, 96, 9, 249, 38, 152, 224), 29.0
(131, 153, 31, 46, 130, 126, 51, 40, 49), 41.0
(175, 199, 134, 19, 13, 213, 55, 32, 9), 49.0
(182, 79, 143, 11, 23, 213, 58, 45, 15), 40.0
(172, 55, 146, 22, 28, 219, 74, 17, 9), 42.0
(137, 164, 129, 113, 16, 207, 43, 60, 163), 32.0
(153, 120, 102, 16, 5, 212, 49, 31, 189), 38.0
(163, 257, 134, 8, 12, 15, 52, 158, 28), 52.0
(115, 172, 136, 5, 17, 6, 56, 157, 28), 48.0
(68, 215, 136, 4, 14, 14, 52, 169, 34), None
(177, 255, 131, 10, 12, 9, 47, 165, 28), 45.0
(165, 140, 126, 0, 21, 15, 62, 159, 21), None
(161, 265, 138, 17, 10, 234, 37, 194, 32), 38.0
(170, 196, 25, 20, 0, 5, 54, 150, 123), 43.0
(185, 270, 18, 15, 82, 19, 45, 140, 63), 41.0
(176, 244, 144, 21, 19, 222, 61, 27, 42), 39.0
(167, 223, 42, 8, 11, 0, 43, 173, 77), 38.0
(161, 258, 133, 9, 22, 197, 54, 159, 21), 34.0
(152, 236, 125, 27, 5, 210, 32, 152, 27), None
(159, 136, 139, 20, 17, 11, 69, 78, 17), None
(181, 277, 30, 11, 10, 24, 61, 144, 11), None
(167, 97, 117, 131, 25, 16, 42, 23, 231), 38.0
(174, 188, 61, 22, 0, 22, 50, 73, 34), None
(162, 128, 150, 120, 169, 7, 24, 35, 112), 43.0
(154, 91, 23, 27, 178, 17, 82, 179, 25), 40.0
(192, 144, 73, 111, 100, 12, 281, 169, 197), 30.0
(170, 126, 252, 13, 15, 218, 57, 83, 17), 42.0
(108, 137, 141, 37, 6, 29, 36, 70, 42), 37.0
(92, 116, 131, 105, 146, 24, 15, 54, 52), 40.0
(262, 73, 47, 19, 32, 205, 63, 63, 7), None
(279, 86, 90, 138, 21, 228, 54, 158, 31), 38.0
(151, 230, 38, 28, 11, 193, 24, 136, 23), 34.0
(219, 59, 122, 5, 5, 41, 235, 148, 12), None
(144, 131, 230, 119, 15, 19, 13, 30, 37), 48.0
(159, 147, 28, 125, 26, 5, 32, 162, 5), None
(127, 96, 17, 100, 194, 34, 45, 185, 19), 39.0
(138, 210, 136, 109, 0, 187, 51, 37, 265), 26.0
(178, 164, 144, 53, 8, 13, 5, 54, 27), 45.0
(165, 122, 34, 42, 154, 214, 69, 76, 46), 38.0
(188, 151, 129, 32, 19, 26, 19, 49, 58), None
(209, 136, 151, 104, 13, 0, 40, 60, 10), 48.0
(200, 143, 43, 113, 6, 17, 59, 42, 33), 43.0
(157, 114, 28, 24, 22, 10, 27, 69, 15), 38.0
(149, 204, 21, 14, 36, 140, 13, 155, 6), 33.0
(173, 129, 140, 90, 15, 20, 51, 81, 23), 46.0
(164, 67, 124, 34, 5, 37, 7, 33, 40), 47.0
(170, 94, 241, 231, 11, 201, 21, 165, 16), 36.0
(154, 156, 134, 146, 0, 26, 66, 57, 30), 43.0
(142, 87, 38, 96, 29, 31, 13, 45, 23), 36.0
(131, 124, 54, 117, 19, 14, 77, 65, 9), 47.0
(122, 74, 147, 259, 163, 6, 7, 48, 50), 39.0
(183, 100, 259, 110, 9, 240, 58, 41, 37), 36.0
(41, 138, 33, 28, 106, 20, 45, 55, 135), 35.0
(161, 118, 15, 0, 23, 43, 201, 27, 14), 53.0
(166, 120, 14, 2, 91, 39, 245, 16, 18), 34.0
(158, 113, 114, 9, 17, 51, 29, 26, 12), 45.0
(147, 122, 20, 7, 5, 46, 130, 6, 5), None
(160, 115, 11, 1, 142, 44, 162, 23, 0), 49.0
(153, 117, 20, 8, 146, 37, 124, 30, 146), None
(163, 110, 2, 4, 151, 41, 3, 13, 1), 43.0
(172, 127, 130, 1, 26, 46, 210, 30, 0), 39.0
(212, 135, 12, 1, 40, 45, 142, 25, 14), 41.0
(137, 119, 8, 5, 139, 55, 180, 19, 5), None
(167, 129, 14, 0, 32, 31, 173, 23, 19), 36.0
(159, 108, 278, 15, 143, 41, 148, 37, 6), 40.0
(193, 147, 10, 11, 24, 58, 38, 12, 25), 38.0
(148, 118, 24, 42, 133, 255, 199, 73, 0), 32.0
(156, 103, 15, 18, 155, 224, 94, 18, 12), None
(161, 112, 6, 11, 14, 36, 200, 27, 8), 39.0
(152, 99, 223, 19, 11, 30, 137, 35, 15), 46.0
(238, 122, 78, 4, 24, 24, 228, 175, 296), None
(224, 132, 191, 7, 48, 48, 21, 155, 23), None
(178, 77, 234, 1, 31, 36, 178, 20, 7), None
(164, 104, 155, 13, 6, 7, 101, 33, 11), 40.0
(143, 269, 140, 101, 22, 44, 271, 24, 16), 40.0
(172, 168, 136, 20, 0, 14, 160, 39, 5), 37.0
(203, 154, 29, 188, 19, 29, 53, 97, 30), None
(0, 89, 25, 48, 17, 22, 16, 62, 34), 41.0
(158, 115, 125, 26, 139, 17, 10, 48, 5), 42.0
(152, 83, 18, 0, 36, 9, 4, 151, 46), 30.0
(168, 128, 14, 14, 114, 181, 33, 75, 24), None
(180, 124, 165, 36, 24, 212, 63, 82, 19), 38.0
(161, 200, 146, 25, 146, 25, 224, 52, 9), None
(135, 144, 117, 37, 11, 12, 0, 69, 27), 44.0
(128, 137, 42, 30, 27, 148, 49, 169, 40), 48.0
(62, 60, 33, 126, 30, 35, 23, 89, 20), 49.0
(75, 68, 0, 131, 41, 20, 299, 87, 55), 41.0
(115, 140, 48, 136, 13, 44, 22, 85, 169), 44.0
(166, 161, 141, 172, 10, 4, 192, 236, 64), 35.0
(177, 109, 28, 9, 19, 196, 69, 30, 30), None
(8, 101, 132, 125, 0, 10, 13, 80, 13), None
(145, 64, 151, 121, 33, 33, 165, 101, 20), None
(155, 58, 20, 125, 56, 39, 26, 57, 36), 46.0
(38, 55, 34, 118, 30, 28, 31, 93, 30), None
(148, 61, 21, 106, 210, 17, 38, 161, 24), 45.0
(140, 93, 123, 92, 6, 133, 263, 42, 80), 49.0
(131, 94, 121, 85, 76, 114, 6, 43, 83), 41.0
(141, 81, 112, 298, 142, 23, 258, 144, 75), 42.0
(186, 153, 38, 182, 17, 205, 56, 252, 45), 36.0
(64, 52, 37, 131, 27, 33, 188, 91, 18), 55.0
(172, 46, 137, 100, 24, 15, 205, 163, 14), 42.0
(57, 116, 182, 139, 15, 29, 150, 104, 14), 47.0
(102, 130, 145, 131, 6, 0, 190, 61, 19), 44.0
(88, 228, 246, 144, 5, 232, 206, 97, 181), 44.0
(51, 44, 56, 19, 160, 34, 181, 90, 0), 40.0
(167, 87, 130, 113, 11, 219, 14, 67, 10), 45.0
(132, 149, 118, 116, 19, 99, 256, 75, 69), 42.0
(161, 126, 68, 0, 151, 51, 187, 37, 6), 49.0
Sampler:BoTorchSampler
(186, 103, 44, 103, 211, 105, 80, 112, 255), None
(8, 220, 251, 282, 14, 34, 131, 33, 284), 39.0
(76, 24, 196, 10, 30, 141, 118, 226, 110), 44.0
(151, 70, 128, 231, 181, 276, 295, 185, 217), 42.0
(142, 274, 3, 267, 201, 259, 194, 219, 58), 42.0
(188, 0, 288, 29, 270, 60, 214, 8, 115), 37.0
(87, 173, 6, 80, 82, 254, 91, 201, 146), 41.0
(74, 282, 63, 34, 57, 277, 52, 182, 61), 30.0
(113, 275, 43, 92, 176, 113, 240, 204, 115), None
(249, 261, 167, 234, 206, 128, 166, 53, 9), 38.0
(141, 162, 42, 101, 62, 77, 186, 199, 236), 41.0
(186, 145, 68, 284, 0, 170, 215, 284, 80), None
(213, 243, 43, 215, 168, 46, 230, 31, 136), 34.0
(87, 47, 149, 40, 45, 149, 132, 224, 141), None
(87, 47, 148, 40, 45, 149, 132, 224, 141), 39.0
(66, 2, 239, 0, 16, 133, 106, 229, 83), 39.0
(133, 122, 71, 196, 152, 255, 230, 207, 189), 47.0
(129, 145, 42, 204, 157, 260, 214, 220, 172), 42.0
(132, 104, 92, 165, 129, 239, 230, 195, 215), 44.0
(130, 112, 118, 199, 150, 245, 238, 207, 150), None
(130, 112, 118, 198, 150, 246, 238, 207, 151), 38.0
(140, 116, 45, 199, 159, 265, 237, 200, 231), 36.0
(106, 130, 66, 141, 77, 211, 199, 245, 193), 28.0
(153, 180, 63, 240, 216, 291, 227, 175, 132), 37.0
(149, 60, 135, 151, 171, 256, 227, 134, 220), 32.0
(140, 107, 80, 297, 168, 258, 66, 260, 184), 32.0
(154, 148, 85, 265, 161, 222, 30, 226, 194), 32.0
(151, 151, 81, 254, 153, 228, 10, 217, 190), None
(152, 151, 81, 255, 153, 226, 44, 216, 190), 42.0
(106, 238, 25, 92, 285, 214, 7, 4, 238), None
(73, 159, 46, 20, 206, 59, 75, 47, 250), 32.0
(159, 152, 79, 269, 152, 220, 73, 216, 189), None
(10, 82, 93, 205, 239, 27, 174, 28, 273), 32.0
(168, 161, 73, 253, 153, 200, 93, 202, 185), 39.0
(126, 138, 41, 151, 132, 199, 189, 190, 163), 40.0
(141, 53, 151, 233, 253, 150, 299, 289, 25), 46.0
(145, 71, 133, 230, 254, 165, 215, 270, 36), 38.0
(167, 152, 90, 220, 153, 178, 291, 196, 197), 41.0
(136, 26, 179, 236, 257, 126, 115, 77, 3), 44.0
(129, 0, 206, 237, 244, 104, 233, 217, 0), None
(133, 13, 191, 237, 247, 116, 287, 49, 6), 36.0
(134, 18, 187, 237, 256, 119, 78, 289, 0), 32.0
(124, 137, 163, 10, 149, 107, 136, 229, 212), 40.0
(239, 165, 278, 9, 242, 267, 291, 118, 70), 34.0
(151, 152, 125, 134, 190, 192, 215, 200, 219), 37.0
(235, 205, 203, 32, 284, 94, 37, 189, 3), 28.0
(132, 67, 146, 276, 261, 141, 214, 228, 0), 38.0
(132, 61, 151, 273, 257, 138, 52, 121, 0), 35.0
(138, 131, 74, 253, 81, 253, 229, 191, 178), None
(136, 71, 143, 270, 269, 144, 201, 201, 0), None
(40, 229, 278, 94, 54, 298, 106, 3, 183), 34.0
(120, 30, 48, 198, 292, 186, 292, 259, 263), None
(152, 181, 139, 21, 36, 40, 267, 209, 213), 34.0
(163, 5, 64, 91, 150, 225, 184, 32, 206), 39.0
(46, 102, 277, 22, 92, 257, 109, 65, 256), 32.0
(134, 135, 74, 254, 83, 254, 222, 192, 178), None
(296, 137, 266, 86, 53, 103, 32, 86, 275), None
(76, 135, 255, 94, 244, 206, 32, 66, 189), 42.0
(137, 135, 72, 255, 94, 252, 227, 191, 176), 38.0
(166, 73, 77, 33, 22, 50, 185, 121, 149), 46.0
(49, 103, 104, 74, 119, 2, 165, 23, 194), 50.0
(146, 255, 116, 293, 250, 237, 271, 146, 196), None
(245, 91, 89, 139, 8, 144, 136, 217, 230), 30.0
(217, 83, 252, 92, 260, 188, 0, 227, 244), 34.0
(124, 291, 16, 18, 127, 97, 14, 221, 163), 42.0
(276, 185, 192, 275, 139, 248, 48, 34, 131), 36.0
(93, 245, 239, 93, 0, 108, 299, 243, 15), None
(0, 61, 134, 104, 56, 106, 126, 244, 74), 47.0
(207, 260, 299, 40, 132, 270, 124, 297, 149), 39.0
(259, 230, 209, 73, 93, 52, 189, 243, 1), 46.0
(122, 165, 123, 214, 282, 166, 44, 80, 36), 37.0
(164, 169, 168, 52, 279, 179, 258, 117, 26), 42.0
(249, 214, 80, 87, 199, 208, 82, 254, 240), 40.0
(247, 163, 40, 56, 94, 137, 196, 231, 263), 32.0
(284, 9, 224, 209, 162, 292, 87, 199, 293), 41.0
(89, 273, 200, 187, 200, 210, 234, 44, 15), None
(84, 194, 116, 132, 284, 251, 296, 41, 109), 34.0
(162, 227, 22, 274, 156, 126, 199, 26, 121), 30.0
(75, 87, 100, 60, 83, 10, 171, 56, 173), 39.0
(217, 109, 124, 223, 150, 211, 154, 41, 84), 40.0
(28, 173, 91, 69, 190, 246, 187, 245, 277), 35.0
(46, 260, 127, 221, 250, 32, 189, 179, 143), 27.0
(235, 163, 5, 189, 57, 118, 19, 181, 7), 39.0
(282, 123, 73, 7, 143, 261, 250, 241, 34), 37.0
(25, 276, 13, 197, 16, 1, 3, 84, 192), 30.0
(26, 178, 59, 243, 38, 58, 102, 200, 211), 38.0
(212, 35, 45, 112, 185, 60, 118, 161, 218), 28.0
(260, 222, 245, 206, 192, 192, 235, 245, 55), None
(190, 23, 217, 112, 265, 296, 121, 155, 238), 38.0
(77, 119, 62, 67, 231, 297, 192, 183, 181), 31.0
(192, 33, 278, 60, 148, 169, 16, 55, 119), 41.0
(261, 222, 114, 206, 109, 45, 176, 277, 260), 36.0
(271, 88, 159, 36, 16, 14, 251, 248, 229), 44.0
(209, 293, 242, 211, 0, 37, 17, 118, 297), 34.0
(101, 272, 286, 280, 151, 139, 141, 241, 19), 44.0
(269, 161, 141, 285, 286, 31, 74, 58, 263), 47.0
(40, 272, 64, 11, 227, 0, 203, 197, 229), 34.0
(161, 3, 249, 148, 160, 95, 179, 249, 54), None
(107, 69, 9, 295, 218, 47, 249, 115, 68), 40.0
(244, 257, 253, 39, 56, 236, 246, 186, 225), 40.0
(203, 223, 104, 111, 143, 148, 255, 186, 48), 38.0
(58, 190, 247, 202, 187, 177, 295, 138, 200), 33.0
(43, 48, 88, 138, 262, 283, 265, 7, 188), 30.0
(68, 15, 220, 45, 205, 16, 223, 69, 127), 43.0
(63, 277, 169, 233, 8, 268, 54, 276, 101), 34.0
(51, 93, 242, 61, 63, 85, 54, 239, 67), 39.0
(163, 11, 266, 246, 287, 38, 128, 133, 250), 34.0
(155, 276, 8, 27, 248, 91, 183, 172, 94), 36.0
(239, 205, 43, 91, 121, 178, 30, 203, 162), 43.0
(124, 247, 127, 199, 83, 118, 228, 2, 238), 33.0
(189, 137, 144, 146, 68, 203, 284, 123, 135), 36.0
(29, 77, 146, 59, 136, 0, 177, 7, 171), 41.0
(129, 267, 221, 41, 69, 107, 6, 225, 108), 35.0
(20, 97, 260, 297, 31, 278, 288, 287, 147), 33.0
(148, 267, 55, 194, 7, 217, 156, 41, 119), 32.0
(119, 261, 95, 254, 46, 180, 92, 198, 142), 42.0
(42, 83, 72, 63, 97, 0, 154, 15, 217), 35.0
(168, 173, 127, 155, 263, 236, 297, 13, 284), 39.0
(189, 282, 271, 237, 298, 125, 157, 44, 135), 39.0
(164, 117, 57, 36, 253, 128, 260, 161, 134), 42.0
(253, 290, 98, 52, 282, 283, 250, 202, 165), 34.0
(236, 143, 234, 298, 3, 108, 123, 187, 97), 32.0
(16, 102, 98, 271, 92, 174, 190, 44, 60), 34.0
(45, 3, 161, 101, 187, 59, 66, 144, 217), 47.0
(23, 159, 207, 196, 85, 145, 150, 139, 185), 37.0
(150, 282, 80, 35, 252, 47, 30, 229, 208), 36.0
(265, 256, 206, 55, 13, 250, 52, 258, 144), 38.0
(19, 189, 199, 295, 119, 217, 199, 269, 246), None
(84, 28, 191, 25, 43, 240, 5, 224, 250), 35.0
(138, 13, 214, 133, 69, 13, 125, 260, 181), None
(108, 68, 69, 87, 265, 209, 228, 286, 185), 44.0
(189, 212, 217, 98, 28, 89, 32, 126, 76), 38.0
(256, 277, 67, 291, 76, 285, 266, 84, 174), 36.0
(31, 170, 123, 63, 7, 31, 238, 28, 244), None
(97, 63, 167, 24, 89, 157, 119, 253, 84), 32.0
(183, 254, 125, 226, 249, 111, 159, 86, 10), 44.0
(125, 224, 96, 100, 15, 165, 225, 22, 296), 29.0
(77, 68, 103, 67, 199, 291, 30, 114, 227), 36.0
(262, 64, 90, 247, 99, 40, 228, 129, 55), 34.0
(36, 281, 150, 232, 87, 168, 254, 247, 246), 44.0
(198, 185, 106, 41, 243, 288, 285, 45, 196), 36.0
(288, 90, 88, 116, 71, 139, 236, 36, 29), 48.0
(177, 38, 294, 17, 213, 108, 96, 204, 216), 32.0
(78, 70, 104, 274, 267, 284, 201, 53, 3), 34.0
(233, 23, 223, 75, 8, 108, 255, 132, 191), 32.0
(288, 127, 142, 68, 42, 4, 263, 25, 114), 37.0
(263, 177, 98, 21, 292, 189, 146, 131, 143), 34.0
(165, 227, 47, 223, 143, 240, 237, 153, 139), 33.0
(127, 122, 275, 35, 249, 203, 35, 57, 245), None
(90, 179, 164, 100, 16, 195, 240, 277, 53), 37.0
(86, 22, 12, 196, 237, 212, 229, 288, 194), 38.0
(46, 58, 82, 85, 0, 11, 83, 37, 265), 50.0
(174, 60, 79, 204, 216, 274, 299, 14, 260), 38.0
(74, 227, 159, 225, 247, 210, 132, 135, 61), 38.0
(172, 230, 285, 227, 243, 25, 37, 129, 191), 37.0
(79, 284, 268, 141, 115, 34, 200, 225, 98), 34.0
(68, 249, 289, 285, 189, 195, 114, 162, 272), 41.0
(230, 71, 214, 288, 160, 79, 269, 221, 241), 43.0
(243, 269, 287, 105, 281, 191, 58, 114, 290), 40.0
(62, 224, 163, 178, 207, 58, 123, 2, 233), 34.0
(274, 14, 291, 77, 60, 272, 121, 199, 243), 31.0
(215, 0, 33, 173, 122, 55, 167, 4, 17), 40.0
(271, 110, 26, 276, 206, 278, 11, 99, 45), 35.0
(128, 110, 154, 285, 203, 106, 114, 195, 46), 36.0
(34, 247, 137, 100, 131, 235, 99, 47, 98), 44.0
(82, 265, 254, 259, 116, 272, 205, 253, 75), 48.0
(188, 75, 245, 203, 177, 84, 95, 178, 270), 32.0
(59, 212, 196, 126, 127, 66, 215, 100, 280), 36.0
(97, 162, 258, 9, 96, 206, 117, 223, 282), 30.0
(12, 1, 242, 160, 56, 182, 156, 241, 179), 34.0
(287, 295, 15, 105, 8, 118, 267, 215, 191), 32.0
(190, 53, 179, 152, 78, 148, 8, 186, 201), 30.0
(60, 212, 117, 195, 282, 164, 10, 174, 66), 36.0
(195, 257, 89, 209, 117, 168, 125, 24, 253), 34.0
(240, 60, 232, 189, 89, 165, 56, 151, 202), 38.0
(177, 55, 231, 224, 18, 36, 76, 196, 74), 40.0
(32, 223, 69, 225, 242, 127, 260, 212, 203), 40.0
(299, 155, 135, 200, 139, 168, 77, 299, 239), None
(0, 297, 57, 171, 70, 282, 161, 63, 112), 40.0
(291, 297, 272, 122, 185, 248, 136, 167, 153), 39.0
(42, 202, 212, 178, 222, 156, 152, 222, 256), None
(128, 29, 143, 108, 113, 17, 286, 132, 91), 40.0
(251, 187, 70, 289, 298, 214, 63, 203, 201), 45.0
(102, 98, 281, 164, 193, 69, 270, 137, 144), 34.0
(136, 94, 159, 53, 229, 49, 187, 123, 149), 39.0
(127, 150, 142, 94, 299, 238, 232, 92, 172), 52.0
(228, 126, 220, 35, 235, 227, 189, 166, 80), 46.0
(239, 80, 151, 98, 226, 82, 203, 81, 284), 39.0
(4, 30, 16, 201, 26, 261, 262, 203, 224), 39.0
(293, 192, 245, 63, 63, 53, 127, 294, 123), None
(253, 118, 37, 273, 82, 17, 224, 132, 232), 33.0
(54, 57, 218, 137, 103, 204, 192, 296, 98), 36.0
(165, 178, 96, 93, 296, 284, 191, 209, 102), 35.0
(130, 294, 157, 54, 240, 146, 145, 225, 135), 36.0
(127, 0, 112, 83, 188, 257, 141, 13, 147), 36.0
(297, 199, 18, 276, 218, 288, 36, 99, 295), 38.0
(182, 49, 251, 298, 169, 168, 148, 100, 255), 43.0
(15, 41, 165, 169, 248, 110, 116, 79, 263), 34.0
(18, 214, 121, 140, 188, 158, 159, 158, 168), None
(269, 63, 139, 103, 32, 208, 179, 177, 79), 32.0
(43, 113, 230, 238, 26, 238, 10, 7, 115), None
(272, 55, 28, 76, 114, 140, 58, 117, 49), 44.0
(119, 230, 27, 193, 163, 8, 144, 275, 219), 36.0
(147, 249, 92, 236, 73, 147, 233, 33, 53), None
(257, 163, 290, 165, 43, 101, 165, 52, 66), None
(50, 197, 208, 173, 182, 279, 285, 209, 34), 46.0
(267, 178, 113, 93, 36, 143, 254, 286, 151), 38.0
(205, 48, 170, 191, 112, 154, 264, 263, 161), 38.0
(265, 69, 35, 169, 144, 90, 243, 227, 265), None
(280, 234, 144, 61, 70, 80, 9, 58, 263), 38.0
(141, 68, 88, 147, 77, 230, 25, 165, 96), 38.0
(244, 47, 4, 164, 6, 249, 88, 164, 279), None
(267, 19, 149, 168, 240, 133, 261, 171, 23), 34.0
(226, 229, 126, 116, 142, 238, 9, 164, 103), 41.0
(196, 57, 93, 95, 234, 73, 90, 152, 256), 50.0
(282, 17, 157, 287, 14, 181, 152, 47, 208), 36.0
(152, 292, 89, 45, 277, 274, 46, 195, 133), 38.0
(177, 109, 2, 180, 60, 256, 293, 266, 287), 35.0
(69, 250, 146, 230, 76, 138, 144, 76, 119), None
(60, 46, 55, 154, 291, 172, 298, 168, 28), 34.0
(70, 27, 148, 95, 273, 28, 5, 22, 116), 44.0
(231, 297, 280, 158, 275, 156, 100, 178, 84), 39.0
(273, 166, 140, 283, 269, 82, 245, 51, 161), 46.0
(107, 122, 134, 223, 68, 46, 43, 30, 194), 37.0
(33, 240, 205, 170, 228, 199, 20, 257, 285), 34.0
(235, 221, 219, 112, 280, 88, 90, 142, 228), 41.0
(47, 4, 272, 218, 248, 89, 14, 179, 73), 48.0
(184, 133, 19, 171, 121, 178, 194, 164, 266), 36.0
(126, 116, 222, 153, 164, 145, 276, 289, 269), 40.0
(266, 221, 29, 125, 156, 114, 265, 69, 99), 36.0
(159, 88, 88, 133, 134, 66, 66, 201, 233), None
(247, 288, 197, 48, 74, 178, 195, 201, 262), 32.0
(113, 164, 64, 127, 291, 105, 283, 208, 284), 46.0
(134, 102, 103, 105, 180, 124, 203, 28, 14), 47.0
(122, 164, 17, 239, 254, 265, 246, 201, 228), 44.0
(140, 181, 12, 49, 42, 147, 297, 100, 262), 37.0
(294, 272, 33, 299, 233, 284, 264, 105, 235), 35.0
(88, 90, 184, 129, 231, 93, 265, 236, 250), 39.0
(50, 75, 81, 256, 193, 148, 114, 86, 278), 36.0
(213, 0, 197, 152, 291, 132, 203, 259, 193), 40.0
(264, 143, 13, 298, 127, 147, 271, 166, 213), 37.0
(9, 55, 110, 210, 195, 177, 128, 25, 261), 32.0
(269, 213, 161, 157, 160, 197, 285, 265, 108), 38.0
(259, 31, 58, 250, 15, 36, 112, 152, 188), 41.0
(74, 298, 266, 274, 211, 83, 172, 287, 256), 48.0
(253, 59, 237, 242, 269, 68, 78, 22, 98), 32.0
(103, 243, 245, 226, 38, 282, 263, 188, 210), 42.0
(50, 40, 109, 291, 55, 180, 84, 10, 293), 38.0
(111, 242, 174, 144, 192, 149, 169, 22, 152), 42.0
(40, 193, 207, 246, 244, 225, 179, 277, 146), 40.0
(197, 233, 121, 74, 138, 232, 177, 269, 95), 41.0
(156, 50, 4, 268, 265, 74, 234, 57, 237), 44.0
(203, 100, 49, 260, 175, 148, 168, 152, 279), 46.0
(298, 122, 87, 200, 64, 159, 54, 81, 281), 32.0
(63, 131, 270, 130, 149, 224, 163, 221, 226), 40.0
(281, 94, 90, 178, 48, 270, 108, 78, 280), 29.0
(261, 219, 77, 26, 137, 238, 210, 224, 238), None
(274, 47, 16, 121, 128, 193, 153, 175, 34), 36.0
(30, 104, 3, 26, 201, 111, 112, 194, 269), 37.0
(137, 30, 182, 80, 114, 258, 8, 73, 191), 41.0
(298, 222, 114, 98, 94, 254, 240, 90, 279), 42.0
(233, 142, 91, 46, 209, 30, 245, 104, 193), 40.0
(234, 190, 143, 103, 256, 134, 85, 253, 274), 38.0
(66, 104, 244, 33, 122, 182, 245, 149, 196), 40.0
(182, 66, 105, 291, 115, 2, 4, 245, 291), None
(90, 91, 119, 93, 242, 14, 15, 160, 44), 30.0
(16, 289, 145, 261, 217, 33, 111, 33, 23), None
(197, 6, 250, 46, 53, 233, 19, 71, 282), 36.0
(99, 2, 224, 87, 87, 75, 238, 143, 203), None
(90, 189, 200, 177, 28, 22, 177, 84, 264), None
(172, 217, 17, 244, 32, 25, 231, 202, 66), 32.0
(41, 228, 241, 19, 104, 262, 195, 273, 281), 49.0
(257, 268, 210, 196, 175, 126, 207, 16, 21), 36.0
(236, 165, 247, 249, 25, 114, 143, 134, 33), 35.0
(60, 83, 232, 248, 117, 191, 67, 183, 13), 34.0
(69, 271, 182, 12, 91, 154, 286, 285, 189), 36.0
(83, 144, 171, 130, 13, 131, 93, 89, 47), 44.0
(260, 38, 123, 83, 65, 169, 219, 110, 239), 32.0
(13, 240, 150, 189, 249, 250, 127, 115, 106), 48.0
(180, 168, 86, 83, 145, 98, 28, 2, 22), 43.0
(87, 97, 101, 49, 123, 10, 127, 279, 122), 48.0
(263, 174, 212, 280, 144, 141, 106, 9, 220), 38.0
(236, 133, 215, 216, 213, 77, 128, 258, 18), 41.0
(7, 193, 275, 55, 296, 94, 1, 258, 52), 48.0
(216, 224, 87, 79, 233, 158, 242, 42, 102), 38.0
(29, 124, 208, 296, 182, 197, 222, 91, 130), 34.0
(97, 291, 161, 98, 251, 127, 263, 256, 76), 35.0
(208, 247, 239, 244, 148, 242, 265, 101, 204), 51.0
(249, 218, 233, 74, 255, 166, 132, 77, 202), 36.0
(234, 108, 271, 215, 293, 55, 141, 31, 92), 36.0
(30, 138, 276, 56, 280, 278, 40, 139, 274), 41.0
(39, 128, 148, 89, 265, 78, 204, 258, 258), None
(52, 206, 42, 150, 134, 188, 204, 32, 289), 44.0
(160, 32, 47, 95, 133, 114, 265, 177, 210), 37.0
(290, 59, 289, 104, 117, 67, 198, 55, 240), 36.0
(19, 147, 81, 174, 60, 216, 41, 44, 298), 39.0
(92, 247, 286, 72, 129, 167, 260, 135, 197), 44.0
(96, 115, 63, 291, 292, 131, 115, 152, 34), None
(180, 181, 192, 4, 263, 130, 267, 243, 269), 54.0
(208, 230, 295, 112, 143, 109, 103, 84, 85), 40.0
(114, 57, 5, 122, 263, 163, 25, 169, 42), 42.0
(91, 160, 13, 272, 83, 297, 296, 33, 32), 42.0
(260, 79, 206, 285, 125, 223, 7, 127, 17), 32.0
(290, 96, 205, 241, 190, 20, 58, 262, 27), 38.0
(208, 97, 200, 64, 115, 194, 108, 260, 181), 34.0
(223, 260, 12, 13, 44, 65, 268, 121, 264), 46.0
(287, 85, 54, 262, 174, 114, 48, 214, 174), None
(57, 227, 26, 47, 94, 201, 219, 33, 158), 42.0
(190, 187, 92, 167, 180, 261, 239, 236, 190), None
(117, 177, 201, 276, 0, 113, 286, 248, 192), 36.0
(67, 129, 228, 83, 113, 189, 276, 143, 233), 40.0
(41, 256, 271, 262, 129, 68, 168, 139, 101), 34.0
(183, 69, 244, 224, 17, 41, 182, 188, 199), 36.0
(50, 129, 20, 172, 173, 56, 130, 109, 16), 47.0
(110, 25, 105, 226, 107, 242, 203, 192, 206), 38.0
(224, 238, 265, 156, 181, 149, 93, 233, 171), 44.0
(226, 17, 124, 253, 144, 127, 290, 210, 286), 42.0
(157, 190, 194, 286, 272, 248, 285, 279, 258), 43.0
(229, 175, 139, 220, 154, 99, 261, 186, 19), 33.0
(292, 20, 33, 287, 138, 125, 268, 58, 77), 42.0
(40, 41, 203, 270, 144, 185, 164, 248, 28), 38.0
(67, 108, 250, 93, 40, 272, 225, 5, 146), 40.0
(130, 209, 11, 71, 6, 222, 88, 158, 138), 35.0
(129, 184, 11, 167, 1, 87, 70, 175, 159), 32.0
(62, 177, 113, 114, 256, 56, 61, 60, 168), 46.0
(187, 193, 11, 279, 35, 38, 141, 52, 67), 31.0
(76, 38, 190, 103, 264, 23, 47, 294, 220), 34.0
(278, 290, 41, 222, 292, 119, 235, 52, 166), 33.0
(99, 266, 184, 32, 5, 283, 64, 219, 222), 34.0
(131, 270, 192, 205, 270, 157, 131, 242, 78), None
(216, 104, 111, 216, 3, 269, 87, 274, 164), None
(8, 45, 138, 26, 98, 160, 64, 187, 175), 44.0
(136, 93, 156, 187, 281, 141, 274, 155, 261), 34.0
(44, 292, 79, 217, 293, 52, 5, 259, 197), 34.0
(224, 131, 84, 173, 132, 270, 269, 55, 269), None
(46, 122, 188, 4, 232, 18, 166, 33, 78), 36.0
(76, 63, 99, 173, 235, 156, 71, 29, 270), 47.0
(94, 177, 98, 0, 74, 105, 11, 15, 276), 48.0
(177, 85, 161, 106, 223, 27, 77, 190, 144), 42.0
(227, 195, 11, 111, 76, 271, 251, 296, 27), 38.0
(36, 149, 8, 54, 20, 157, 62, 112, 195), 44.0
(220, 170, 106, 211, 121, 184, 76, 197, 192), 38.0
(34, 37, 67, 70, 15, 127, 127, 103, 126), None
(118, 137, 169, 290, 95, 202, 176, 32, 98), 32.0
(202, 245, 66, 213, 248, 223, 217, 223, 16), None
(92, 130, 168, 235, 141, 267, 84, 191, 185), 40.0
(80, 170, 198, 221, 169, 187, 69, 87, 104), 43.0
(74, 14, 68, 64, 134, 254, 135, 73, 38), 48.0
(22, 174, 195, 9, 226, 167, 93, 159, 271), 30.0
(284, 122, 292, 268, 17, 92, 163, 4, 43), 32.0
(137, 212, 291, 187, 108, 299, 272, 286, 110), 42.0
(168, 17, 126, 170, 252, 293, 115, 13, 247), 38.0
(228, 24, 34, 293, 27, 240, 118, 163, 25), 42.0
(29, 70, 63, 11, 214, 191, 140, 157, 53), 38.0
(179, 162, 41, 161, 63, 147, 221, 44, 140), 36.0
(281, 27, 163, 116, 168, 13, 79, 132, 9), 34.0
(147, 44, 246, 285, 287, 214, 299, 199, 24), 36.0
(222, 117, 161, 61, 156, 51, 216, 95, 242), 42.0
(56, 155, 7, 78, 239, 19, 15, 111, 73), 46.0
(237, 282, 204, 141, 171, 17, 76, 275, 293), 41.0
(169, 63, 155, 286, 163, 166, 209, 131, 149), 42.0
(80, 193, 29, 73, 204, 13, 112, 56, 208), 36.0
(85, 156, 152, 155, 296, 120, 67, 236, 289), 32.0
(190, 84, 1, 10, 243, 37, 215, 269, 50), 34.0
(35, 108, 69, 19, 157, 170, 218, 67, 259), 40.0
(76, 219, 135, 228, 274, 68, 210, 290, 291), 46.0
(36, 51, 217, 2, 155, 113, 26, 151, 54), 47.0
(144, 25, 33, 10, 205, 218, 92, 183, 207), 36.0
(212, 15, 239, 143, 43, 150, 267, 32, 23), 36.0
(118, 251, 137, 243, 169, 197, 50, 2, 106), 34.0
(120, 297, 21, 205, 277, 215, 46, 185, 51), 32.0
(283, 228, 259, 283, 156, 261, 52, 156, 188), None
(134, 31, 203, 42, 194, 276, 134, 84, 36), None
(243, 119, 153, 56, 70, 239, 12, 51, 159), 47.0
(170, 28, 1, 6, 198, 207, 171, 66, 253), 40.0
(85, 237, 293, 192, 269, 193, 291, 35, 160), 41.0
(70, 259, 5, 40, 37, 101, 154, 166, 282), 34.0
(253, 187, 2, 270, 36, 200, 66, 117, 16), 35.0
(101, 154, 272, 29, 187, 144, 21, 155, 57), 32.0
(156, 124, 11, 4, 22, 182, 284, 268, 74), 40.0
(165, 20, 70, 99, 254, 233, 290, 138, 59), 33.0
(87, 90, 196, 176, 167, 196, 171, 197, 152), None
(65, 32, 220, 72, 6, 231, 73, 138, 35), 45.0
(39, 238, 58, 200, 57, 31, 175, 295, 298), 38.0
(92, 267, 83, 216, 109, 57, 123, 258, 218), 38.0
(130, 81, 179, 152, 88, 62, 44, 180, 285), 42.0
(263, 2, 216, 184, 34, 130, 239, 250, 207), 32.0
(34, 73, 169, 176, 278, 259, 37, 5, 19), 42.0
(72, 281, 24, 63, 153, 144, 8, 41, 282), 48.0
(150, 252, 198, 177, 266, 185, 74, 8, 275), 38.0
(291, 250, 276, 290, 265, 284, 211, 145, 269), 46.0
(252, 25, 92, 221, 144, 21, 143, 181, 125), 42.0
(176, 99, 268, 145, 215, 1, 93, 170, 288), 36.0
(173, 164, 270, 189, 212, 164, 87, 113, 238), None
(64, 243, 36, 25, 277, 252, 281, 59, 166), 30.0
(45, 290, 248, 227, 167, 183, 167, 75, 65), None
(72, 197, 78, 281, 177, 15, 127, 268, 194), 31.0
(48, 146, 56, 235, 70, 14, 13, 125, 267), 42.0
(152, 141, 263, 147, 208, 67, 76, 299, 129), 36.0
(119, 255, 231, 116, 200, 224, 86, 205, 270), 32.0
(131, 223, 4, 185, 222, 80, 63, 271, 281), 36.0
(109, 54, 75, 10, 297, 207, 210, 192, 183), 36.0
(89, 137, 50, 219, 161, 123, 286, 293, 242), 30.0
(117, 89, 125, 105, 121, 172, 61, 210, 241), 36.0
(20, 286, 143, 151, 196, 11, 153, 205, 208), 36.0
(163, 24, 281, 148, 173, 247, 267, 103, 59), 34.0
(77, 158, 210, 188, 142, 272, 7, 70, 143), 34.0
(114, 246, 112, 127, 80, 132, 129, 70, 52), 42.0
(270, 20, 3, 157, 120, 105, 122, 31, 13), 43.0
(109, 97, 26, 41, 84, 192, 23, 21, 206), 41.0
(224, 90, 134, 185, 135, 118, 211, 7, 223), 34.0
(59, 139, 286, 8, 83, 76, 2, 72, 18), 35.0
(149, 17, 47, 93, 223, 167, 90, 63, 250), 48.0
(46, 67, 146, 56, 247, 208, 13, 291, 209), 36.0
(163, 211, 117, 235, 267, 83, 284, 34, 219), 40.0
(230, 280, 283, 289, 227, 213, 299, 232, 20), 43.0
(218, 5, 242, 255, 280, 25, 97, 155, 48), 33.0
(271, 109, 202, 251, 12, 136, 180, 77, 120), 40.0
(115, 168, 45, 208, 280, 98, 282, 288, 258), 34.0
(107, 128, 280, 74, 192, 81, 67, 19, 179), 32.0
(60, 234, 100, 40, 198, 64, 112, 148, 295), 39.0
(106, 241, 125, 88, 8, 248, 247, 66, 56), 42.0
(256, 273, 297, 20, 282, 98, 251, 17, 197), 44.0
(50, 72, 106, 98, 100, 37, 78, 37, 224), None
(80, 165, 164, 276, 184, 264, 94, 283, 1), 43.0
(296, 120, 296, 180, 87, 97, 37, 282, 36), None
(73, 105, 119, 249, 171, 155, 22, 76, 275), 35.0
(5, 221, 287, 271, 283, 132, 53, 161, 239), 41.0
(46, 1, 241, 66, 167, 148, 52, 13, 130), 45.0
(246, 262, 286, 231, 230, 28, 10, 133, 0), 38.0
(288, 119, 214, 6, 198, 73, 24, 277, 55), 46.0
(36, 257, 30, 175, 208, 6, 271, 132, 210), 40.0
(98, 273, 261, 137, 283, 160, 35, 179, 0), 46.0
(167, 70, 31, 260, 86, 257, 202, 162, 275), 30.0
(160, 170, 226, 248, 39, 8, 243, 259, 49), 30.0
(253, 135, 157, 130, 11, 226, 99, 256, 297), 36.0
(30, 53, 97, 153, 270, 254, 274, 153, 187), None
(136, 269, 249, 214, 55, 202, 39, 258, 77), 37.0
(213, 171, 5, 204, 170, 84, 202, 117, 29), 32.0
(14, 36, 192, 134, 130, 18, 121, 218, 219), 39.0
(77, 180, 218, 66, 218, 249, 154, 267, 116), None
(88, 23, 140, 21, 186, 183, 79, 181, 38), 38.0
(267, 218, 28, 132, 38, 55, 109, 39, 274), 39.0
(81, 139, 237, 93, 152, 167, 189, 106, 272), 35.0
(131, 299, 146, 189, 298, 142, 93, 84, 130), 32.0
(54, 175, 214, 255, 291, 48, 59, 283, 159), 37.0
(126, 153, 127, 225, 190, 159, 82, 212, 197), 36.0
(232, 65, 121, 109, 84, 185, 271, 178, 55), 38.0
(239, 133, 107, 122, 79, 255, 48, 143, 160), 39.0
(130, 214, 102, 74, 116, 186, 93, 298, 221), 42.0
(265, 218, 119, 206, 113, 141, 47, 290, 110), 34.0
(236, 124, 49, 106, 206, 40, 162, 152, 88), 42.0
(284, 244, 121, 119, 29, 139, 278, 166, 101), 38.0
(29, 12, 56, 115, 95, 99, 171, 125, 180), 46.0
(66, 223, 69, 0, 60, 66, 285, 215, 73), None
(196, 9, 129, 280, 121, 48, 271, 210, 292), 32.0
(279, 29, 60, 208, 274, 107, 198, 153, 163), 34.0
(35, 153, 254, 249, 187, 72, 82, 250, 108), 32.0
(180, 264, 216, 2, 261, 256, 221, 146, 131), 43.0
(242, 114, 180, 292, 33, 142, 19, 139, 215), 30.0
(117, 85, 96, 186, 123, 82, 22, 206, 148), 36.0
(172, 228, 147, 79, 173, 15, 202, 168, 103), 44.0
(187, 39, 116, 274, 17, 158, 104, 179, 170), 44.0
(208, 119, 183, 256, 157, 19, 204, 91, 175), 38.0
(52, 0, 179, 31, 265, 8, 271, 126, 225), 36.0
(187, 291, 76, 188, 78, 182, 64, 186, 3), 38.0
(149, 149, 131, 78, 81, 130, 270, 229, 32), None
(99, 54, 55, 272, 131, 133, 117, 15, 50), 46.0
(92, 127, 40, 211, 33, 164, 89, 269, 104), 35.0
(267, 210, 224, 90, 17, 147, 81, 52, 185), 41.0
(195, 34, 3, 241, 70, 106, 190, 273, 99), 34.0
(204, 136, 71, 169, 32, 220, 20, 106, 233), 38.0
(189, 292, 73, 199, 294, 214, 16, 99, 86), 34.0
(89, 247, 130, 153, 58, 114, 293, 271, 188), 39.0
(39, 250, 40, 75, 252, 103, 51, 288, 140), 36.0
(146, 91, 203, 25, 55, 245, 266, 238, 184), 38.0
(247, 120, 26, 114, 32, 102, 11, 171, 232), 36.0
(94, 273, 129, 171, 265, 14, 39, 145, 240), 40.0
(149, 146, 75, 254, 254, 221, 33, 166, 192), None
(253, 93, 1, 268, 278, 110, 80, 230, 170), 42.0
(92, 208, 25, 53, 27, 222, 46, 189, 296), 33.0
(226, 124, 158, 247, 261, 231, 197, 264, 115), 40.0
(79, 229, 244, 202, 60, 96, 51, 288, 58), 36.0
(264, 230, 147, 165, 127, 196, 210, 244, 31), 42.0
(239, 96, 109, 26, 274, 283, 124, 110, 71), 36.0
(244, 128, 291, 241, 40, 90, 249, 160, 20), 44.0
(283, 228, 276, 230, 281, 188, 53, 155, 20), 34.0
(250, 103, 269, 59, 69, 299, 159, 118, 130), 30.0
(176, 126, 68, 70, 185, 117, 7, 118, 141), 46.0
(2, 213, 167, 114, 128, 289, 120, 38, 22), 36.0
(15, 153, 12, 244, 167, 238, 93, 53, 205), 37.0
(233, 220, 48, 240, 4, 213, 146, 222, 168), 41.0
(215, 73, 55, 178, 97, 177, 43, 64, 268), 36.0
(65, 260, 251, 93, 132, 236, 192, 169, 121), 42.0
(104, 252, 140, 194, 32, 236, 145, 93, 108), 34.0
(125, 125, 228, 261, 178, 242, 43, 155, 231), None
(152, 293, 245, 234, 59, 170, 39, 247, 123), 44.0
(242, 40, 272, 47, 22, 27, 164, 185, 202), 31.0
(68, 114, 239, 142, 182, 108, 202, 221, 122), 35.0
(156, 254, 178, 71, 152, 4, 79, 61, 225), 36.0
Sampler:CmaEsSampler
(262, 116, 11, 192, 139, 196, 27, 292, 121), 30.0
(101, 170, 151, 139, 137, 173, 178, 146, 112), 42.0
(17, 203, 80, 66, 118, 145, 199, 165, 142), 34.0
(174, 158, 194, 136, 150, 104, 75, 133, 205), 44.0
(103, 179, 157, 153, 206, 218, 157, 202, 132), None
(170, 214, 259, 144, 219, 176, 141, 111, 182), 34.0
(46, 246, 150, 149, 117, 183, 149, 47, 295), None
(218, 79, 109, 89, 188, 107, 203, 144, 140), 35.0
(108, 150, 233, 156, 131, 144, 73, 88, 208), 44.0
(213, 222, 155, 114, 206, 110, 48, 153, 87), 40.0
(178, 170, 108, 160, 103, 39, 143, 100, 29), 36.0
(198, 272, 207, 161, 168, 208, 133, 200, 188), 41.0
(131, 167, 104, 134, 68, 169, 94, 193, 205), 40.0
(118, 240, 195, 208, 135, 123, 74, 93, 182), 42.0
(222, 242, 242, 205, 133, 61, 125, 167, 162), None
(68, 228, 256, 80, 129, 49, 176, 146, 215), 38.0
(191, 124, 205, 139, 115, 151, 155, 137, 158), 30.0
(175, 193, 227, 141, 209, 170, 20, 39, 204), 40.0
(129, 123, 198, 111, 60, 147, 198, 136, 228), None
(139, 223, 226, 146, 171, 181, 160, 90, 100), 38.0
(97, 190, 238, 167, 176, 175, 61, 129, 175), None
(74, 196, 269, 164, 152, 189, 145, 102, 202), 36.0
(159, 174, 206, 184, 196, 164, 78, 131, 200), 34.0
(61, 58, 256, 146, 148, 144, 85, 92, 228), 38.0
(171, 93, 131, 147, 138, 137, 92, 101, 175), 40.0
(83, 174, 216, 163, 148, 211, 58, 172, 175), 40.0
(120, 126, 208, 125, 143, 110, 48, 50, 245), 44.0
(112, 142, 167, 141, 93, 67, 63, 165, 143), 42.0
(171, 187, 155, 146, 169, 152, 53, 130, 162), 44.0
(123, 88, 136, 93, 145, 241, 77, 204, 235), 42.0
(101, 149, 180, 181, 173, 95, 90, 124, 206), 44.0
(92, 155, 173, 188, 216, 146, 16, 92, 186), None
(70, 252, 213, 212, 245, 134, 85, 35, 128), 32.0
(236, 194, 202, 190, 167, 204, 37, 148, 270), 40.0
(94, 221, 209, 124, 217, 151, 46, 56, 119), 34.0
(106, 164, 191, 54, 223, 162, 196, 62, 195), 38.0
(121, 208, 194, 143, 242, 65, 137, 189, 147), 47.0
(142, 225, 174, 132, 143, 109, 87, 103, 200), 40.0
(157, 151, 228, 76, 215, 103, 7, 164, 152), 36.0
(135, 131, 198, 187, 248, 87, 141, 202, 141), None
(135, 233, 178, 213, 117, 109, 12, 127, 229), 36.0
(109, 211, 165, 105, 140, 46, 93, 42, 245), 39.0
(175, 193, 208, 143, 205, 77, 49, 99, 208), None
(158, 195, 169, 107, 222, 92, 94, 126, 204), 40.0
(47, 148, 204, 159, 185, 64, 134, 184, 116), 40.0
(78, 120, 208, 92, 260, 72, 116, 98, 139), 38.0
(159, 173, 128, 168, 210, 39, 112, 92, 196), 38.0
(86, 256, 119, 114, 184, 112, 44, 166, 233), 32.0
(109, 152, 191, 82, 247, 33, 125, 170, 115), 43.0
(114, 182, 155, 123, 163, 52, 89, 125, 153), 36.0
(141, 145, 124, 33, 130, 79, 92, 117, 131), 34.0
(155, 256, 150, 152, 248, 145, 118, 118, 152), None
(171, 113, 124, 108, 216, 91, 102, 149, 113), None
(57, 268, 179, 70, 183, 7, 170, 162, 176), 36.0
(128, 230, 169, 115, 154, 151, 107, 117, 156), 38.0
(23, 202, 163, 146, 258, 22, 193, 80, 221), 36.0
(137, 171, 100, 122, 213, 5, 147, 103, 110), 39.0
(216, 105, 204, 87, 228, 12, 158, 123, 177), 38.0
(114, 192, 178, 31, 231, 93, 119, 137, 126), 41.0
(115, 155, 272, 110, 176, 38, 9, 110, 185), None
(168, 205, 181, 105, 154, 17, 105, 112, 166), None
(130, 114, 256, 58, 251, 86, 83, 96, 249), 41.0
(121, 193, 230, 35, 228, 17, 121, 91, 166), None
(162, 214, 176, 149, 260, 88, 102, 228, 129), 38.0
(70, 128, 167, 113, 226, 59, 100, 113, 92), None
(80, 124, 201, 59, 230, 111, 13, 98, 138), 37.0
(159, 266, 260, 46, 192, 78, 74, 61, 152), 28.0
(134, 165, 204, 8, 204, 34, 72, 230, 101), None
(77, 159, 125, 110, 231, 157, 93, 82, 99), 40.0
(130, 201, 160, 122, 258, 67, 124, 203, 186), 40.0
(181, 194, 123, 39, 267, 59, 196, 123, 131), None
(138, 191, 180, 10, 216, 100, 144, 135, 246), 34.0
(100, 75, 153, 59, 269, 106, 44, 150, 210), 38.0
(107, 215, 239, 46, 220, 69, 51, 66, 223), 40.0
(48, 175, 148, 131, 199, 123, 155, 167, 92), 34.0
(81, 140, 177, 108, 232, 22, 101, 167, 89), 39.0
(58, 120, 223, 68, 254, 80, 166, 135, 160), 32.0
(137, 215, 123, 94, 210, 87, 148, 71, 139), 44.0
(144, 209, 192, 91, 281, 175, 84, 141, 129), 42.0
(105, 206, 124, 102, 231, 44, 65, 160, 110), 42.0
(82, 170, 111, 73, 286, 84, 54, 107, 161), 46.0
(137, 205, 139, 43, 233, 125, 50, 104, 180), 36.0
(27, 179, 215, 30, 185, 170, 134, 180, 199), 34.0
(93, 85, 113, 74, 222, 85, 191, 107, 187), None
(110, 134, 195, 57, 253, 129, 137, 163, 128), 49.0
(175, 226, 178, 136, 227, 130, 157, 217, 121), 40.0
(69, 190, 122, 149, 262, 97, 63, 122, 104), None
(103, 235, 115, 72, 237, 61, 130, 172, 184), 44.0
(78, 174, 98, 111, 245, 89, 52, 36, 163), 36.0
(102, 215, 100, 91, 282, 108, 131, 70, 176), 30.0
(70, 170, 113, 105, 214, 162, 146, 155, 132), 47.0
(107, 175, 131, 48, 265, 67, 62, 137, 171), 40.0
(27, 180, 199, 134, 235, 91, 80, 120, 176), 44.0
(70, 131, 143, 131, 256, 150, 106, 153, 134), None
(126, 201, 163, 67, 238, 148, 28, 129, 241), 37.0
(111, 156, 98, 22, 281, 152, 117, 155, 102), 42.0
(133, 234, 141, 47, 239, 173, 69, 128, 158), 36.0
(116, 162, 219, 85, 215, 82, 57, 121, 179), 29.0
(107, 102, 174, 2, 240, 135, 146, 164, 155), 40.0
(118, 141, 214, 79, 289, 58, 102, 217, 187), 28.0
(49, 187, 145, 134, 175, 100, 162, 109, 159), 32.0
(29, 191, 143, 153, 192, 184, 138, 141, 132), 45.0
(45, 111, 191, 141, 234, 143, 65, 117, 164), 36.0
(50, 130, 162, 111, 258, 38, 73, 105, 123), 39.0
(73, 128, 151, 99, 229, 160, 135, 146, 131), 44.0
(76, 162, 149, 108, 259, 172, 41, 206, 171), 41.0
(36, 184, 181, 87, 235, 155, 189, 192, 145), 34.0
(77, 199, 172, 190, 194, 172, 92, 95, 227), None
(64, 185, 142, 137, 220, 128, 88, 98, 172), 38.0
(67, 185, 209, 67, 246, 112, 133, 157, 116), None
(126, 118, 179, 83, 286, 93, 126, 182, 110), None
(80, 165, 199, 130, 245, 24, 136, 57, 213), 34.0
(71, 213, 135, 76, 292, 92, 123, 226, 106), 34.0
(25, 207, 140, 144, 189, 154, 98, 87, 151), 46.0
(28, 212, 190, 85, 177, 66, 113, 119, 186), 42.0
(45, 179, 144, 140, 201, 197, 101, 137, 144), None
(86, 176, 174, 146, 158, 189, 168, 163, 103), 37.0
(13, 158, 186, 50, 181, 157, 122, 116, 122), None
(81, 211, 103, 113, 269, 156, 120, 136, 124), 38.0
(104, 207, 161, 151, 194, 168, 145, 149, 157), 40.0
(133, 200, 89, 107, 278, 150, 143, 200, 180), None
(22, 101, 129, 51, 253, 200, 39, 163, 250), 30.0
(34, 195, 140, 100, 244, 192, 112, 107, 111), 32.0
(93, 149, 171, 82, 254, 163, 103, 166, 147), 42.0
(15, 181, 138, 136, 196, 177, 126, 105, 128), 30.0
(60, 168, 77, 23, 279, 138, 125, 169, 137), 36.0
(35, 153, 189, 100, 207, 121, 100, 53, 177), None
(13, 209, 190, 140, 159, 117, 129, 94, 252), 44.0
(37, 207, 165, 133, 225, 142, 120, 113, 192), 39.0
(58, 215, 173, 135, 240, 44, 92, 91, 159), 40.0
(87, 227, 146, 142, 204, 171, 111, 131, 170), 37.0
(58, 218, 143, 171, 216, 156, 147, 121, 130), 42.0
(62, 200, 148, 66, 246, 104, 18, 102, 203), 42.0
(30, 185, 175, 103, 206, 117, 116, 105, 170), 33.0
(12, 141, 176, 43, 151, 93, 173, 90, 171), 46.0
(5, 200, 132, 123, 200, 148, 112, 113, 143), None
(10, 204, 162, 153, 222, 166, 97, 88, 195), 41.0
(19, 205, 161, 129, 229, 181, 102, 107, 184), 34.0
(36, 211, 164, 59, 135, 117, 186, 148, 212), 37.0
(20, 207, 235, 122, 219, 84, 111, 111, 200), None
(72, 151, 170, 15, 206, 117, 132, 185, 216), 38.0
(16, 167, 222, 70, 196, 133, 156, 26, 231), 30.0
(33, 190, 117, 154, 94, 191, 139, 96, 144), 40.0
(127, 155, 165, 50, 160, 83, 152, 101, 202), 40.0
(127, 152, 171, 81, 204, 158, 141, 94, 139), 37.0
(65, 155, 158, 119, 211, 80, 165, 82, 183), 38.0
(1, 173, 214, 84, 83, 71, 126, 70, 225), 38.0
(68, 168, 186, 59, 139, 64, 141, 14, 257), 34.0
(26, 214, 190, 116, 138, 152, 187, 97, 159), 40.0
(7, 149, 97, 107, 136, 226, 176, 127, 131), 38.0
(105, 176, 160, 124, 86, 180, 181, 97, 185), 48.0
(62, 226, 153, 90, 122, 178, 210, 94, 133), 42.0
(47, 153, 164, 118, 79, 149, 123, 148, 169), 34.0
(82, 164, 156, 89, 107, 108, 190, 141, 229), 38.0
(19, 176, 116, 207, 114, 160, 152, 100, 194), 36.0
(70, 183, 184, 172, 161, 170, 167, 139, 128), 44.0
(37, 163, 142, 119, 164, 160, 180, 117, 202), 35.0
(45, 154, 125, 138, 159, 144, 145, 168, 169), 38.0
(104, 215, 210, 107, 148, 179, 169, 148, 123), None
(95, 157, 145, 169, 144, 182, 115, 141, 194), 42.0
(39, 179, 225, 192, 94, 209, 160, 152, 145), 44.0
(103, 220, 122, 203, 117, 272, 149, 134, 201), 34.0
(56, 139, 238, 189, 194, 131, 130, 127, 158), 45.0
(67, 154, 183, 191, 44, 132, 167, 96, 103), 33.0
(87, 164, 152, 167, 165, 180, 148, 89, 162), 41.0
(81, 265, 153, 128, 164, 193, 157, 150, 121), 38.0
(48, 169, 154, 153, 88, 187, 124, 154, 99), None
(102, 194, 194, 107, 110, 174, 198, 123, 158), None
(26, 157, 113, 130, 62, 218, 165, 92, 160), 35.0
(189, 136, 114, 119, 100, 243, 181, 148, 105), 32.0
(30, 205, 138, 129, 149, 107, 149, 94, 263), None
(128, 137, 92, 108, 96, 111, 203, 56, 159), 44.0
(91, 169, 192, 149, 149, 156, 161, 151, 116), None
(49, 229, 165, 101, 130, 139, 123, 74, 35), 36.0
(106, 186, 232, 203, 203, 95, 138, 101, 90), None
(57, 156, 293, 195, 137, 167, 208, 107, 110), 44.0
(52, 149, 232, 87, 161, 145, 166, 130, 148), 41.0
(16, 123, 214, 138, 255, 54, 132, 183, 85), 34.0
(141, 140, 188, 214, 169, 128, 104, 181, 204), 35.0
(13, 185, 192, 164, 205, 137, 124, 43, 148), 41.0
(38, 120, 194, 145, 193, 239, 102, 123, 131), 53.0
(79, 218, 222, 175, 85, 204, 146, 132, 145), 38.0
(45, 178, 199, 177, 92, 165, 133, 145, 185), 37.0
(46, 172, 235, 163, 109, 56, 120, 139, 151), 52.0
(135, 169, 204, 63, 172, 117, 114, 105, 149), 34.0
(68, 143, 176, 163, 217, 83, 131, 115, 75), 44.0
(68, 117, 225, 165, 158, 197, 210, 142, 138), 38.0
(54, 152, 214, 168, 128, 191, 199, 117, 108), 36.0
(70, 121, 192, 200, 161, 219, 140, 123, 43), 38.0
(57, 51, 187, 86, 175, 129, 143, 126, 182), 38.0
(16, 153, 161, 122, 190, 176, 119, 132, 83), 35.0
(48, 98, 197, 183, 213, 212, 119, 79, 134), 34.0
(58, 104, 170, 224, 189, 232, 86, 79, 150), 44.0
(19, 156, 261, 144, 198, 132, 63, 106, 153), 35.0
(43, 216, 253, 157, 172, 167, 73, 90, 253), None
(31, 162, 256, 139, 130, 29, 113, 126, 201), 31.0
(57, 63, 127, 146, 293, 146, 127, 123, 59), None
(8, 175, 191, 149, 230, 146, 172, 114, 57), 44.0
(50, 99, 158, 196, 258, 110, 136, 128, 85), 42.0
(57, 181, 184, 187, 192, 93, 135, 88, 91), 32.0
(98, 87, 242, 144, 170, 152, 185, 99, 168), 38.0
(78, 114, 178, 166, 273, 120, 101, 69, 141), 37.0
(77, 151, 174, 141, 136, 185, 178, 160, 115), 40.0
(85, 130, 160, 181, 162, 162, 161, 98, 77), None
(87, 131, 148, 209, 267, 193, 122, 87, 74), None
(76, 110, 152, 181, 164, 235, 99, 137, 93), 42.0
(54, 118, 129, 179, 207, 181, 62, 127, 108), 32.0
(103, 104, 168, 86, 192, 151, 114, 33, 84), 40.0
(60, 124, 194, 252, 164, 160, 87, 83, 109), 41.0
(72, 146, 213, 183, 235, 167, 66, 94, 64), 36.0
(21, 101, 206, 186, 287, 172, 94, 104, 40), 36.0
(7, 119, 165, 90, 248, 110, 165, 199, 88), None
(8, 123, 148, 194, 199, 206, 150, 126, 88), 52.0
(32, 170, 253, 176, 187, 142, 117, 119, 76), 46.0
(39, 150, 94, 227, 168, 214, 174, 50, 64), 40.0
(41, 159, 111, 210, 223, 149, 160, 158, 38), 34.0
(70, 143, 167, 130, 236, 76, 133, 121, 26), 34.0
(5, 105, 198, 162, 244, 150, 116, 112, 121), 35.0
(53, 158, 128, 219, 241, 167, 164, 141, 61), 42.0
(63, 245, 130, 200, 212, 171, 128, 107, 70), 42.0
(114, 157, 109, 245, 199, 248, 220, 149, 121), 34.0
(27, 176, 205, 202, 187, 151, 196, 138, 91), 36.0
(14, 122, 144, 122, 247, 222, 156, 109, 80), None
(42, 109, 105, 193, 216, 205, 181, 105, 47), None
(45, 95, 187, 281, 219, 160, 136, 122, 121), 39.0
(20, 190, 154, 139, 172, 192, 166, 108, 72), 43.0
(34, 168, 213, 284, 223, 219, 123, 88, 85), 32.0
(35, 122, 190, 215, 201, 189, 128, 86, 106), 38.0
(70, 168, 176, 191, 215, 165, 81, 54, 150), 39.0
(51, 179, 122, 196, 261, 196, 126, 135, 34), None
(44, 128, 139, 180, 166, 236, 86, 123, 120), 47.0
(10, 120, 125, 216, 184, 129, 139, 117, 48), 36.0
(60, 161, 116, 158, 141, 173, 209, 125, 44), 46.0
(27, 224, 128, 196, 85, 241, 157, 60, 138), 39.0
(62, 170, 126, 219, 191, 233, 132, 96, 81), 44.0
(32, 144, 140, 151, 199, 220, 96, 150, 127), 30.0
(40, 165, 130, 120, 199, 189, 147, 123, 107), 36.0
(60, 108, 168, 269, 173, 195, 164, 117, 76), 36.0
(71, 132, 69, 190, 161, 181, 158, 80, 109), 40.0
(72, 97, 99, 167, 217, 201, 157, 145, 71), 42.0
(49, 204, 165, 194, 101, 176, 187, 115, 82), 34.0
(20, 161, 89, 139, 172, 202, 189, 160, 17), 40.0
(55, 190, 99, 85, 157, 190, 114, 105, 45), None
(33, 155, 132, 189, 124, 220, 210, 145, 109), 36.0
(68, 131, 105, 219, 234, 194, 147, 142, 84), 42.0
(33, 131, 48, 208, 213, 260, 160, 117, 59), 28.0
(35, 186, 116, 204, 143, 264, 165, 98, 59), 33.0
(77, 193, 99, 215, 233, 175, 168, 127, 84), 40.0
(51, 157, 103, 182, 259, 239, 188, 105, 45), 32.0
(80, 153, 90, 148, 200, 247, 115, 71, 111), 49.0
(52, 145, 96, 188, 264, 184, 134, 169, 75), 42.0
(49, 149, 138, 237, 238, 182, 137, 125, 45), 34.0
(45, 168, 89, 228, 198, 218, 168, 68, 124), None
(63, 182, 137, 197, 172, 260, 168, 108, 40), 36.0
(45, 113, 150, 114, 156, 208, 179, 108, 112), 42.0
(71, 134, 77, 233, 264, 243, 101, 152, 67), 38.0
(91, 143, 135, 145, 194, 220, 89, 131, 56), 33.0
(43, 152, 81, 225, 238, 202, 119, 99, 52), 30.0
(38, 183, 84, 135, 220, 231, 145, 88, 81), 38.0
(95, 138, 77, 167, 213, 228, 144, 53, 29), 42.0
(78, 100, 120, 125, 205, 98, 131, 79, 136), 34.0
(80, 196, 101, 206, 228, 195, 127, 151, 98), 34.0
(55, 160, 30, 168, 204, 295, 159, 66, 75), 30.0
(76, 142, 114, 225, 257, 210, 81, 121, 97), 39.0
(70, 182, 113, 156, 179, 284, 124, 71, 162), 37.0
(96, 183, 99, 171, 260, 276, 133, 102, 8), 40.0
(105, 191, 146, 153, 186, 240, 146, 55, 116), None
(72, 108, 90, 215, 212, 274, 107, 100, 101), 38.0
(69, 109, 59, 215, 253, 224, 41, 77, 62), 35.0
(56, 141, 118, 197, 266, 213, 129, 84, 69), 28.0
(88, 118, 54, 189, 130, 280, 141, 56, 92), 42.0
(56, 142, 55, 260, 249, 204, 160, 103, 0), 42.0
(50, 182, 104, 236, 254, 157, 89, 86, 99), 40.0
(52, 139, 98, 166, 225, 244, 100, 104, 45), 32.0
(76, 152, 52, 162, 176, 268, 138, 69, 47), 36.0
(110, 147, 58, 271, 225, 219, 146, 111, 66), 32.0
(72, 157, 84, 220, 199, 235, 109, 67, 11), 36.0
(90, 176, 72, 250, 146, 211, 128, 37, 76), 46.0
(77, 106, 41, 215, 147, 280, 170, 32, 86), 37.0
(95, 164, 51, 264, 195, 250, 119, 46, 35), 34.0
(77, 123, 104, 202, 272, 244, 165, 115, 11), 32.0
(68, 137, 9, 192, 204, 281, 80, 50, 40), 32.0
(81, 107, 19, 106, 141, 273, 196, 73, 61), 35.0
(68, 79, 98, 243, 205, 210, 126, 51, 36), 44.0
(82, 88, 100, 188, 230, 179, 78, 99, 34), 45.0
(41, 150, 55, 246, 134, 249, 85, 57, 76), 33.0
(86, 192, 68, 169, 162, 130, 122, 30, 138), 35.0
(89, 154, 89, 227, 148, 207, 137, 50, 118), None
(102, 151, 106, 169, 237, 117, 143, 66, 65), 39.0
(92, 111, 66, 243, 193, 291, 128, 22, 40), 37.0
(142, 150, 31, 164, 229, 165, 160, 68, 96), 34.0
(107, 98, 66, 226, 173, 254, 150, 34, 86), 42.0
(35, 143, 102, 201, 120, 196, 126, 57, 109), 48.0
(53, 181, 107, 232, 192, 110, 105, 91, 96), 44.0
(92, 155, 92, 293, 213, 277, 119, 99, 22), None
(118, 144, 57, 236, 188, 233, 62, 39, 74), 38.0
(71, 257, 119, 193, 217, 230, 79, 46, 89), 34.0
(91, 134, 62, 280, 168, 176, 86, 32, 9), 36.0
(68, 148, 99, 139, 152, 118, 160, 76, 129), 40.0
(84, 157, 113, 202, 209, 179, 104, 94, 76), 42.0
(48, 96, 83, 222, 134, 136, 138, 6, 111), 36.0
(16, 144, 92, 182, 146, 206, 217, 62, 33), 44.0
(25, 200, 46, 236, 182, 232, 131, 87, 83), 39.0
(56, 61, 58, 192, 227, 142, 94, 87, 104), 36.0
(30, 156, 77, 205, 118, 168, 44, 11, 142), 34.0
(61, 186, 89, 241, 161, 234, 91, 4, 60), 36.0
(14, 87, 149, 148, 177, 102, 213, 112, 128), 46.0
(29, 191, 123, 157, 164, 145, 108, 48, 115), 37.0
(18, 134, 146, 211, 149, 137, 155, 37, 74), 42.0
(13, 106, 95, 215, 185, 199, 133, 93, 137), 42.0
(88, 119, 112, 157, 163, 175, 151, 61, 131), 36.0
(13, 182, 112, 191, 227, 167, 157, 134, 104), 41.0
(8, 106, 86, 134, 239, 177, 202, 120, 84), 40.0
(38, 131, 127, 157, 160, 164, 194, 91, 85), 32.0
(55, 159, 139, 153, 186, 148, 196, 92, 72), 44.0
(42, 106, 183, 127, 186, 157, 135, 97, 83), 41.0
(7, 177, 129, 116, 132, 164, 194, 37, 98), 46.0
(26, 112, 86, 146, 171, 165, 215, 119, 111), 41.0
(1, 161, 140, 185, 98, 216, 163, 75, 115), 41.0
(32, 81, 118, 141, 151, 243, 207, 108, 41), 38.0
(47, 184, 161, 112, 191, 126, 172, 69, 104), 35.0
(54, 98, 126, 66, 190, 127, 233, 90, 70), 40.0
(16, 122, 150, 131, 116, 102, 246, 22, 173), 37.0
(43, 186, 82, 182, 209, 205, 146, 71, 68), 40.0
(69, 140, 90, 104, 234, 171, 215, 168, 90), None
(60, 156, 126, 52, 193, 102, 241, 84, 107), 47.0
(47, 154, 100, 179, 176, 164, 149, 90, 88), 37.0
(57, 151, 113, 133, 183, 110, 187, 64, 119), 34.0
(42, 157, 104, 86, 104, 161, 192, 45, 88), None
(0, 157, 112, 223, 139, 141, 148, 59, 73), 36.0
(89, 115, 119, 113, 140, 204, 232, 61, 96), 36.0
(25, 125, 136, 111, 164, 147, 198, 85, 107), 39.0
(53, 147, 107, 67, 206, 149, 204, 93, 52), 46.0
(61, 171, 66, 9, 118, 151, 276, 47, 117), 47.0
(6, 187, 188, 182, 172, 138, 132, 78, 101), 32.0
(23, 187, 139, 105, 143, 146, 165, 3, 153), 36.0
(8, 174, 126, 115, 95, 201, 216, 58, 160), 39.0
(113, 122, 45, 155, 266, 133, 197, 146, 66), 33.0
(66, 145, 100, 140, 209, 117, 215, 74, 80), 49.0
(38, 149, 134, 171, 207, 175, 180, 139, 86), 36.0
(85, 161, 88, 95, 133, 110, 219, 34, 149), 41.0
(83, 149, 115, 38, 214, 155, 195, 60, 57), 41.0
(1, 84, 62, 89, 188, 178, 220, 107, 62), None
(44, 73, 116, 24, 212, 50, 297, 64, 91), 38.0
(20, 128, 143, 118, 190, 187, 201, 73, 73), None
(3, 169, 189, 88, 134, 143, 219, 116, 121), 43.0
(28, 208, 66, 81, 245, 119, 140, 147, 61), 40.0
(31, 128, 116, 80, 154, 89, 213, 52, 142), 42.0
(62, 198, 55, 99, 168, 141, 256, 52, 110), 39.0
(110, 169, 153, 152, 147, 118, 219, 38, 138), 43.0
(55, 198, 72, 15, 265, 58, 243, 90, 70), 36.0
(96, 81, 15, 79, 169, 133, 285, 16, 40), 40.0
(57, 197, 158, 92, 137, 74, 125, 50, 199), 40.0
(85, 125, 215, 59, 92, 101, 198, 72, 242), 34.0
(34, 162, 236, 126, 141, 79, 240, 145, 145), None
(57, 156, 176, 114, 158, 179, 170, 98, 99), 42.0
(30, 184, 145, 49, 100, 143, 254, 61, 166), 44.0
(5, 150, 250, 134, 89, 91, 197, 18, 112), 35.0
(55, 151, 104, 127, 165, 212, 179, 20, 105), 34.0
(58, 154, 130, 113, 136, 158, 209, 77, 136), None
(44, 179, 230, 0, 116, 60, 222, 95, 178), 42.0
(96, 126, 234, 102, 97, 132, 236, 63, 185), 35.0
(66, 121, 175, 93, 134, 121, 216, 103, 126), None
(20, 161, 145, 58, 162, 98, 276, 127, 166), 52.0
(28, 164, 135, 123, 156, 79, 278, 88, 138), 39.0
(78, 189, 141, 100, 140, 175, 272, 71, 147), 36.0
(44, 177, 82, 95, 240, 116, 243, 77, 98), 38.0
(31, 185, 177, 117, 70, 169, 227, 91, 162), 48.0
(19, 191, 124, 65, 172, 59, 229, 85, 125), 42.0
(45, 179, 182, 161, 161, 95, 221, 54, 194), None
(81, 183, 119, 84, 145, 87, 263, 43, 210), 45.0
(57, 148, 197, 71, 109, 92, 244, 73, 166), 31.0
(32, 139, 106, 99, 150, 80, 186, 103, 147), 34.0
(25, 183, 164, 124, 126, 173, 222, 117, 194), 38.0
(41, 176, 132, 85, 131, 121, 273, 146, 152), 40.0
(14, 173, 94, 81, 140, 147, 257, 99, 181), 44.0
(73, 219, 135, 178, 98, 168, 226, 129, 144), 42.0
(34, 142, 165, 113, 126, 100, 223, 112, 168), 46.0
(4, 170, 160, 99, 110, 65, 216, 58, 200), 38.0
(51, 235, 160, 89, 109, 90, 222, 73, 217), 46.0
(58, 116, 189, 15, 163, 124, 253, 126, 95), 40.0
(87, 225, 176, 157, 65, 158, 238, 70, 165), 37.0
(126, 87, 141, 161, 198, 198, 211, 68, 76), None
(38, 165, 165, 104, 112, 114, 261, 125, 172), None
(1, 168, 169, 90, 66, 124, 206, 97, 199), 39.0
(38, 197, 211, 90, 55, 141, 220, 66, 216), 38.0
(56, 171, 123, 73, 111, 174, 213, 68, 125), 48.0
(89, 197, 195, 162, 52, 177, 232, 98, 189), 39.0
(9, 153, 146, 49, 89, 119, 252, 69, 114), 42.0
(49, 194, 131, 156, 173, 159, 190, 120, 130), 44.0
(44, 103, 140, 158, 143, 153, 177, 113, 148), 34.0
(94, 191, 119, 115, 85, 199, 205, 95, 123), 38.0
(25, 119, 117, 112, 96, 208, 202, 49, 121), 33.0
(21, 202, 121, 111, 67, 113, 207, 65, 209), 46.0
(12, 213, 164, 111, 61, 182, 236, 89, 199), 35.0
(30, 201, 167, 56, 103, 136, 236, 107, 195), 36.0
(85, 182, 79, 168, 97, 207, 206, 85, 123), None
(18, 151, 181, 29, 93, 113, 264, 118, 181), None
(27, 164, 175, 15, 125, 101, 280, 101, 129), None
(19, 167, 137, 130, 105, 191, 208, 64, 165), 43.0
(54, 99, 143, 104, 87, 152, 252, 111, 136), 48.0
(46, 123, 153, 120, 135, 234, 155, 119, 89), 45.0
(44, 112, 141, 133, 122, 143, 207, 121, 94), 45.0
(64, 163, 140, 123, 46, 155, 237, 45, 164), 40.0
(2, 144, 177, 70, 97, 117, 246, 103, 158), 40.0
(23, 159, 158, 168, 98, 168, 190, 109, 191), None
(37, 201, 116, 99, 95, 86, 278, 71, 179), 46.0
(81, 132, 119, 132, 96, 125, 226, 92, 182), None
(57, 147, 114, 135, 88, 158, 233, 95, 157), 46.0
(47, 118, 116, 148, 117, 179, 207, 90, 122), 48.0
(41, 140, 128, 50, 77, 124, 267, 58, 137), 32.0
(30, 135, 158, 128, 78, 158, 291, 151, 166), None
(67, 145, 146, 109, 92, 141, 247, 100, 128), 42.0
(2, 88, 172, 111, 143, 170, 200, 131, 111), None
(40, 186, 110, 124, 103, 156, 249, 125, 108), 42.0
(22, 154, 121, 165, 71, 152, 212, 99, 147), 40.0
(55, 156, 124, 182, 163, 171, 178, 120, 84), 38.0
(23, 144, 153, 144, 74, 153, 219, 82, 161), None
(40, 188, 118, 158, 106, 139, 177, 84, 174), 36.0
(42, 121, 87, 138, 107, 185, 239, 75, 115), 35.0
(59, 158, 101, 174, 121, 150, 180, 51, 131), 36.0
(44, 146, 111, 103, 81, 185, 232, 104, 131), 42.0
(30, 94, 165, 137, 97, 164, 209, 101, 157), 35.0
(54, 143, 128, 98, 178, 158, 222, 93, 103), 36.0
(54, 106, 106, 147, 114, 142, 245, 111, 114), None
(56, 165, 159, 119, 110, 120, 222, 100, 168), 43.0
(74, 112, 100, 149, 132, 160, 196, 83, 136), 34.0
(38, 204, 182, 125, 87, 147, 216, 132, 145), 54.0
(24, 179, 147, 110, 82, 158, 237, 100, 123), 35.0
(73, 158, 141, 147, 116, 141, 183, 61, 143), None
(45, 181, 97, 131, 108, 167, 223, 82, 167), None
(21, 155, 140, 185, 80, 99, 234, 66, 173), 37.0
(63, 144, 116, 201, 128, 177, 172, 77, 129), 38.0
(8, 181, 161, 128, 104, 157, 193, 116, 177), 43.0
(24, 124, 132, 140, 120, 167, 241, 102, 122), 39.0
(67, 161, 115, 141, 160, 141, 163, 129, 139), None
(44, 149, 130, 117, 77, 163, 244, 107, 127), 40.0
(75, 131, 135, 125, 92, 103, 228, 77, 141), 32.0
(29, 200, 140, 150, 111, 151, 158, 92, 189), 43.0
(38, 163, 143, 107, 124, 145, 215, 105, 118), 36.0
(39, 171, 181, 95, 110, 151, 173, 110, 152), None
(71, 212, 171, 69, 95, 83, 230, 113, 194), 33.0
(53, 184, 153, 132, 130, 152, 193, 97, 127), 44.0
(57, 172, 121, 151, 149, 133, 191, 105, 104), 40.0
(24, 200, 157, 81, 97, 170, 225, 144, 112), 34.0
(1, 236, 195, 129, 84, 165, 178, 95, 181), 38.0
(57, 178, 143, 145, 154, 166, 185, 106, 122), 43.0
(33, 170, 183, 91, 120, 165, 191, 111, 168), 44.0
(21, 170, 177, 149, 86, 162, 218, 121, 159), 42.0
(36, 176, 137, 143, 132, 200, 173, 118, 144), 37.0
(7, 167, 135, 103, 110, 156, 228, 126, 152), 50.0
(37, 196, 180, 148, 108, 163, 182, 129, 157), 37.0
(56, 164, 127, 155, 92, 187, 181, 89, 155), None
(61, 119, 144, 118, 67, 185, 203, 61, 147), None
(74, 157, 118, 105, 102, 203, 180, 116, 104), 32.0
(15, 166, 105, 122, 88, 148, 237, 79, 153), 34.0
(49, 205, 132, 109, 129, 168, 223, 104, 151), 39.0
(39, 207, 139, 93, 99, 205, 211, 83, 157), 32.0
(15, 142, 174, 144, 99, 182, 212, 118, 131), 35.0
(29, 231, 132, 121, 135, 147, 222, 114, 160), 42.0
(0, 166, 140, 118, 102, 110, 233, 140, 174), None
(25, 192, 135, 143, 98, 154, 200, 128, 135), None
(4, 195, 150, 115, 131, 149, 206, 94, 143), 34.0
(60, 187, 176, 128, 143, 133, 215, 88, 168), 38.0
(8, 152, 117, 111, 166, 164, 228, 118, 110), 48.0
(24, 180, 114, 150, 191, 195, 186, 114, 112), None
(36, 188, 159, 106, 130, 166, 239, 103, 164), 34.0
(13, 189, 158, 167, 97, 200, 197, 108, 148), 48.0
(48, 196, 127, 96, 157, 119, 222, 117, 141), 46.0
(38, 194, 141, 106, 130, 173, 212, 123, 124), 40.0
(7, 183, 98, 152, 120, 212, 181, 69, 123), 40.0
(39, 155, 110, 123, 170, 136, 254, 125, 157), 41.0
(36, 178, 105, 105, 150, 160, 213, 74, 144), None
(23, 141, 134, 90, 112, 214, 229, 150, 136), 36.0
(71, 166, 92, 116, 165, 143, 242, 71, 107), None
(63, 191, 128, 118, 147, 168, 253, 99, 145), 50.0
(66, 163, 112, 143, 172, 184, 191, 97, 130), 37.0
(14, 208, 173, 124, 100, 182, 194, 113, 155), 40.0
(65, 153, 140, 116, 141, 133, 233, 56, 163), 36.0
(20, 200, 138, 117, 122, 177, 196, 102, 165), 37.0
(34, 192, 134, 131, 100, 145, 202, 91, 132), 44.0
(51, 172, 139, 133, 201, 211, 194, 116, 115), 41.0
(32, 161, 166, 91, 135, 191, 230, 119, 112), 38.0
(64, 197, 140, 155, 112, 148, 227, 76, 153), 36.0
(15, 137, 114, 117, 141, 188, 262, 115, 134), 32.0
(72, 221, 145, 159, 165, 161, 204, 96, 119), 38.0
(73, 147, 103, 132, 123, 160, 283, 87, 160), None
(40, 203, 129, 123, 133, 158, 236, 109, 146), 36.0
(44, 177, 167, 125, 171, 151, 190, 131, 120), 38.0
(37, 159, 144, 94, 118, 162, 207, 89, 129), 36.0
(20, 204, 154, 130, 145, 186, 172, 115, 117), 32.0
(43, 165, 167, 120, 101, 171, 188, 112, 130), 38.0
(14, 154, 141, 94, 180, 161, 229, 122, 95), 31.0
(107, 184, 106, 108, 153, 182, 222, 85, 136), 49.0
(84, 191, 129, 99, 139, 162, 226, 56, 116), 34.0
(27, 174, 158, 146, 110, 184, 169, 104, 146), None
(49, 194, 150, 97, 160, 137, 227, 110, 109), 36.0
(15, 180, 166, 142, 136, 155, 196, 128, 106), 31.0
(24, 175, 156, 119, 99, 144, 222, 122, 138), 46.0
(60, 166, 113, 134, 153, 192, 182, 99, 110), 39.0
