Sampler:TPESampler
(388, 86, 243, 114, 55, 370, 120, 345, 270), None
(306, 199, 96, 48, 286, 174, 292, 376, 41), None
(324, 393, 118, 268, 197, 318, 368, 302, 31), 43.0
(188, 144, 373, 243, 78, 208, 260, 240, 187), None
(93, 306, 328, 361, 115, 76, 205, 31, 204), None
(27, 385, 38, 388, 394, 170, 29, 3, 345), None
(152, 152, 158, 188, 296, 95, 290, 133, 54), None
(49, 328, 224, 58, 241, 0, 180, 324, 62), None
(170, 191, 82, 251, 19, 252, 350, 14, 295), 46.0
(327, 220, 312, 323, 114, 48, 62, 88, 262), None
(247, 12, 36, 170, 17, 265, 381, 182, 397), 44.0
(255, 0, 40, 169, 7, 270, 373, 186, 387), None
(240, 0, 11, 134, 5, 253, 393, 96, 399), None
(139, 57, 107, 256, 170, 398, 322, 214, 322), None
(225, 260, 76, 302, 77, 301, 224, 160, 305), None
(165, 78, 162, 218, 147, 221, 339, 267, 185), None
(104, 124, 2, 3, 39, 145, 149, 47, 356), None
(276, 205, 158, 144, 2, 333, 397, 115, 253), None
(207, 278, 60, 102, 122, 258, 332, 168, 115), None
(104, 48, 128, 204, 398, 119, 275, 56, 304), None
(383, 176, 259, 300, 52, 287, 241, 282, 360), 46.0
(387, 176, 278, 301, 42, 288, 245, 269, 366), None
(357, 241, 252, 335, 74, 234, 340, 214, 342), 45.0
(358, 245, 208, 352, 72, 230, 325, 226, 228), 47.0
(355, 166, 190, 393, 82, 338, 301, 276, 231), 46.0
(362, 128, 207, 389, 103, 348, 309, 286, 142), 57.0
(399, 119, 209, 357, 151, 367, 221, 392, 140), 47.0
(295, 121, 209, 354, 163, 376, 184, 362, 146), 46.0
(357, 100, 184, 375, 209, 379, 145, 320, 111), None
(382, 95, 290, 340, 134, 348, 92, 385, 151), 44.0
(398, 230, 220, 280, 193, 358, 312, 347, 89), 48.0
(341, 234, 233, 399, 195, 354, 306, 339, 88), None
(393, 286, 211, 282, 238, 397, 314, 399, 2), 48.0
(293, 306, 176, 275, 272, 398, 266, 356, 1), 52.0
(312, 343, 135, 274, 284, 396, 278, 353, 15), 56.0
(301, 346, 136, 225, 294, 395, 273, 366, 10), None
(278, 356, 172, 272, 330, 321, 258, 399, 5), None
(320, 286, 142, 234, 258, 395, 279, 309, 29), 40.0
(328, 312, 340, 321, 336, 315, 351, 349, 30), 44.0
(279, 380, 386, 278, 256, 376, 0, 374, 71), None
(371, 299, 185, 293, 228, 331, 254, 296, 11), 50.0
(371, 301, 181, 254, 230, 399, 291, 294, 43), None
(315, 336, 111, 290, 275, 336, 253, 325, 1), None
(341, 263, 237, 321, 216, 361, 226, 254, 88), 40.0
(340, 371, 148, 264, 331, 310, 199, 345, 63), 46.0
(370, 316, 193, 376, 315, 192, 270, 314, 21), 50.0
(300, 397, 192, 375, 312, 158, 272, 307, 25), 48.0
(368, 316, 118, 370, 376, 185, 235, 296, 43), None
(255, 359, 96, 315, 265, 207, 357, 246, 20), None
(335, 321, 156, 241, 356, 135, 290, 329, 51), 52.0
(332, 328, 163, 188, 363, 131, 292, 323, 51), 42.0
(372, 300, 174, 246, 311, 88, 262, 332, 72), 53.0
(4, 341, 152, 242, 309, 74, 267, 357, 75), None
(263, 321, 170, 212, 357, 113, 288, 336, 117), None
(316, 297, 92, 231, 283, 38, 251, 286, 167), 46.0
(223, 271, 125, 193, 310, 86, 211, 316, 56), None
(348, 366, 260, 172, 351, 190, 301, 377, 37), 40.0
(376, 255, 178, 250, 274, 55, 234, 333, 99), None
(288, 209, 70, 295, 251, 13, 201, 298, 129), 44.0
(308, 328, 198, 380, 385, 162, 322, 360, 20), 51.0
(305, 380, 222, 97, 374, 158, 373, 363, 74), None
(330, 301, 135, 339, 344, 103, 328, 378, 14), 36.0
(312, 345, 201, 386, 376, 137, 314, 356, 39), 56.0
(315, 348, 197, 365, 386, 146, 341, 354, 47), None
(291, 283, 159, 386, 368, 128, 315, 334, 65), 50.0
(268, 329, 249, 389, 387, 179, 286, 370, 202), 54.0
(239, 145, 247, 347, 96, 179, 287, 385, 195), None
(265, 37, 271, 311, 396, 142, 301, 372, 218), 42.0
(350, 334, 297, 264, 326, 101, 357, 346, 177), 55.0
(350, 335, 295, 399, 329, 72, 361, 329, 179), None
(283, 370, 228, 330, 321, 103, 381, 345, 161), 57.0
(196, 354, 336, 360, 347, 98, 385, 339, 162), None
(281, 388, 239, 307, 300, 112, 384, 351, 242), 48.0
(361, 370, 358, 265, 383, 129, 365, 387, 207), 54.0
(385, 374, 314, 334, 322, 63, 369, 386, 207), None
(361, 365, 369, 260, 296, 89, 343, 369, 179), None
(345, 397, 356, 390, 342, 117, 333, 384, 214), 45.0
(77, 349, 394, 327, 379, 40, 360, 399, 195), None
(327, 385, 229, 267, 362, 105, 396, 265, 160), 48.0
(268, 337, 295, 347, 389, 170, 350, 370, 133), 58.0
(229, 339, 314, 346, 398, 219, 380, 368, 135), 54.0
(229, 338, 317, 351, 391, 219, 375, 345, 275), 62.0
(268, 363, 293, 366, 383, 168, 351, 344, 283), 52.0
(211, 332, 326, 382, 369, 245, 370, 391, 260), 52.0
(234, 343, 307, 350, 396, 229, 379, 368, 131), 48.0
(249, 374, 260, 359, 388, 199, 347, 349, 150), 54.0
(248, 355, 273, 360, 340, 197, 348, 154, 147), 48.0
(225, 343, 357, 329, 370, 208, 384, 227, 168), 44.0
(217, 83, 318, 346, 178, 271, 395, 379, 330), 56.0
(181, 85, 309, 343, 175, 261, 399, 309, 121), None
(217, 60, 285, 286, 187, 141, 362, 379, 310), 50.0
(274, 115, 325, 389, 132, 298, 390, 363, 383), None
(250, 375, 262, 370, 98, 278, 334, 347, 327), None
(254, 132, 247, 353, 389, 243, 314, 355, 289), 48.0
(204, 25, 300, 376, 360, 208, 323, 321, 102), 44.0
(238, 180, 343, 333, 27, 149, 354, 342, 153), 40.0
(284, 63, 281, 318, 379, 126, 365, 392, 233), None
(155, 76, 320, 344, 399, 215, 345, 353, 136), 38.0
(187, 109, 214, 352, 353, 344, 376, 361, 177), 44.0
(261, 322, 257, 399, 63, 177, 280, 376, 188), 45.0
(271, 163, 265, 365, 207, 382, 309, 315, 275), 47.0
(300, 364, 229, 384, 390, 169, 337, 380, 201), 50.0
(217, 312, 300, 326, 373, 219, 390, 369, 248), 47.0
(230, 335, 286, 371, 391, 187, 377, 343, 138), None
(258, 351, 337, 339, 366, 201, 301, 370, 346), 52.0
(312, 326, 353, 300, 154, 274, 368, 391, 128), 51.0
(245, 389, 218, 360, 324, 227, 356, 351, 154), 52.0
(364, 308, 372, 310, 286, 124, 390, 364, 173), None
(321, 371, 316, 347, 399, 238, 379, 76, 108), 57.0
(321, 293, 204, 31, 397, 328, 399, 108, 109), 44.0
(339, 367, 300, 380, 380, 387, 329, 21, 220), None
(295, 338, 320, 347, 388, 235, 95, 334, 147), 50.0
(378, 378, 272, 394, 352, 152, 318, 182, 163), None
(349, 359, 348, 335, 376, 135, 375, 326, 125), 68.0
(350, 357, 348, 214, 377, 110, 372, 75, 106), None
(354, 399, 330, 320, 335, 136, 345, 326, 119), None
(323, 381, 383, 358, 245, 120, 362, 144, 82), 52.0
(341, 348, 335, 337, 359, 161, 386, 53, 35), 44.0
(198, 330, 313, 371, 373, 368, 379, 358, 95), 59.0
(180, 318, 310, 371, 347, 360, 379, 284, 91), 40.0
(134, 356, 323, 357, 302, 387, 352, 358, 97), None
(305, 331, 360, 275, 371, 254, 371, 199, 185), None
(333, 360, 347, 386, 384, 366, 365, 339, 122), 56.0
(330, 370, 349, 378, 365, 369, 392, 306, 127), 55.0
(336, 360, 333, 381, 361, 354, 392, 300, 121), 48.0
(328, 131, 347, 392, 367, 371, 155, 309, 142), 44.0
(199, 346, 304, 372, 382, 367, 383, 319, 127), 47.0
(320, 389, 26, 332, 318, 370, 399, 338, 113), None
(311, 367, 363, 367, 374, 352, 361, 329, 158), None
(333, 352, 317, 351, 109, 387, 372, 289, 127), 56.0
(345, 339, 320, 352, 139, 388, 357, 262, 94), 38.0
(333, 353, 379, 376, 113, 377, 374, 302, 121), None
(357, 373, 345, 145, 88, 365, 388, 340, 106), 52.0
(299, 360, 315, 340, 110, 339, 367, 290, 144), None
(288, 347, 293, 383, 123, 381, 380, 320, 83), 59.0
(285, 346, 186, 388, 124, 382, 380, 274, 115), None
(309, 95, 292, 380, 120, 391, 394, 279, 61), 38.0
(194, 216, 305, 363, 101, 379, 373, 325, 84), 44.0
(277, 325, 289, 399, 103, 97, 335, 349, 370), None
(288, 341, 315, 327, 91, 395, 353, 235, 331), 50.0
(212, 333, 277, 348, 77, 347, 365, 357, 138), None
(322, 363, 330, 366, 164, 399, 381, 314, 132), 52.0
(328, 383, 366, 383, 219, 374, 383, 308, 127), None
(317, 353, 202, 355, 142, 359, 392, 171, 99), None
(293, 72, 329, 374, 176, 84, 372, 332, 310), 59.0
(296, 52, 296, 335, 181, 76, 341, 334, 308), None
(304, 67, 339, 343, 165, 81, 371, 341, 315), 54.0
(291, 34, 325, 377, 128, 321, 377, 322, 110), None
(310, 75, 53, 393, 156, 308, 399, 293, 299), 60.0
(171, 47, 99, 392, 187, 305, 387, 39, 296), None
(309, 72, 28, 399, 198, 61, 398, 289, 319), 54.0
(315, 371, 342, 384, 176, 291, 388, 300, 328), None
(338, 97, 54, 372, 398, 283, 376, 315, 300), None
(350, 109, 310, 360, 150, 90, 358, 127, 338), 43.0
(282, 73, 83, 315, 108, 265, 364, 346, 79), None
(328, 81, 1, 389, 159, 244, 399, 75, 289), 44.0
(293, 195, 353, 365, 172, 365, 390, 330, 125), None
(367, 337, 316, 350, 186, 343, 350, 254, 276), None
(300, 88, 328, 305, 390, 103, 368, 359, 27), 53.0
(333, 351, 209, 372, 378, 382, 52, 273, 115), None
(344, 90, 303, 323, 264, 69, 380, 375, 314), 53.0
(319, 357, 351, 385, 363, 372, 384, 305, 135), None
(205, 345, 332, 200, 383, 330, 372, 3, 12), None
(358, 366, 192, 375, 355, 360, 356, 292, 154), 52.0
(311, 317, 322, 225, 371, 387, 364, 352, 168), None
(221, 378, 50, 356, 205, 108, 393, 337, 355), None
(325, 157, 167, 394, 391, 314, 381, 325, 146), None
(336, 327, 283, 365, 120, 238, 374, 363, 101), 48.0
(278, 56, 308, 381, 84, 95, 326, 345, 138), None
(346, 361, 337, 345, 341, 379, 344, 316, 128), 54.0
(299, 347, 224, 337, 144, 352, 389, 334, 107), 51.0
(350, 360, 332, 343, 341, 375, 342, 316, 128), 54.0
(308, 66, 341, 355, 168, 81, 368, 343, 322), 49.0
(289, 66, 297, 345, 180, 79, 373, 354, 301), None
(361, 374, 321, 369, 334, 390, 353, 308, 119), None
(272, 77, 344, 333, 160, 114, 363, 338, 339), None
(354, 337, 330, 389, 330, 370, 335, 322, 143), None
(344, 352, 313, 377, 372, 378, 306, 294, 88), 56.0
(335, 351, 308, 377, 378, 365, 299, 282, 92), 48.0
(323, 330, 116, 385, 366, 399, 312, 295, 55), None
(371, 391, 294, 395, 383, 227, 399, 300, 113), None
(346, 361, 313, 360, 347, 377, 318, 285, 87), 44.0
(272, 338, 246, 388, 392, 181, 282, 372, 160), 50.0
(306, 343, 338, 351, 153, 89, 379, 331, 68), 49.0
(229, 353, 316, 369, 399, 224, 294, 365, 135), 56.0
(233, 353, 315, 374, 399, 208, 296, 363, 103), None
(330, 367, 302, 366, 374, 212, 389, 383, 134), 48.0
(214, 345, 322, 381, 386, 387, 175, 353, 150), 47.0
(207, 381, 284, 370, 392, 221, 385, 367, 113), None
(239, 371, 291, 378, 377, 253, 311, 350, 121), None
(192, 324, 308, 74, 360, 195, 276, 375, 169), 56.0
(187, 326, 303, 179, 358, 196, 278, 379, 187), None
(198, 311, 313, 89, 289, 293, 292, 357, 169), 54.0
(228, 7, 319, 48, 367, 228, 267, 369, 176), None
(177, 334, 327, 116, 399, 152, 306, 389, 140), 52.0
(193, 354, 201, 360, 384, 166, 284, 197, 41), None
(316, 341, 308, 147, 368, 359, 303, 377, 263), 50.0
(338, 318, 300, 77, 105, 271, 376, 347, 77), None
(204, 104, 144, 398, 116, 135, 292, 364, 157), 38.0
(218, 350, 350, 256, 133, 190, 275, 327, 19), None
(322, 45, 323, 352, 96, 200, 259, 341, 6), None
(351, 353, 328, 341, 354, 372, 359, 312, 129), 56.0
(39, 358, 311, 328, 353, 381, 362, 297, 124), 42.0
(365, 344, 328, 363, 375, 368, 370, 310, 134), 58.0
(381, 186, 331, 365, 374, 350, 369, 311, 146), 57.0
(365, 345, 329, 363, 377, 337, 369, 311, 135), 44.0
(376, 226, 318, 351, 386, 218, 379, 321, 150), 55.0
(393, 241, 335, 341, 376, 351, 361, 289, 143), None
(385, 333, 214, 360, 391, 362, 373, 314, 133), 50.0
(377, 130, 130, 367, 371, 346, 321, 215, 117), None
(160, 177, 328, 336, 360, 369, 382, 302, 145), 52.0
(357, 324, 317, 355, 385, 324, 367, 330, 165), None
(366, 364, 360, 6, 365, 368, 392, 301, 128), None
(353, 185, 74, 237, 382, 386, 352, 357, 154), 50.0
(285, 167, 349, 376, 372, 354, 386, 292, 97), None
(383, 350, 320, 347, 391, 217, 375, 318, 150), 50.0
(378, 356, 315, 158, 384, 219, 381, 318, 139), 55.0
(342, 369, 340, 388, 351, 392, 393, 310, 106), 51.0
(373, 144, 324, 349, 392, 205, 377, 324, 290), None
(360, 341, 291, 369, 190, 376, 361, 279, 348), 51.0
(297, 206, 305, 321, 359, 122, 349, 398, 306), 57.0
(299, 203, 306, 324, 359, 121, 355, 394, 302), 54.0
(291, 274, 335, 384, 365, 134, 369, 377, 307), 51.0
(305, 334, 306, 333, 375, 101, 355, 340, 322), 46.0
(351, 251, 297, 294, 348, 141, 344, 385, 312), None
(315, 213, 237, 340, 398, 237, 306, 397, 123), None
(264, 203, 318, 354, 385, 231, 369, 306, 133), 48.0
(390, 224, 184, 344, 379, 247, 248, 334, 278), None
(343, 346, 301, 321, 324, 126, 361, 360, 294), None
(284, 357, 311, 77, 380, 384, 383, 373, 140), None
(185, 146, 329, 375, 368, 223, 299, 320, 140), 52.0
(374, 85, 323, 360, 305, 112, 376, 344, 156), 48.0
(358, 341, 312, 330, 389, 145, 366, 352, 146), 50.0
(338, 366, 12, 389, 355, 374, 393, 296, 126), 62.0
(333, 361, 88, 392, 399, 379, 386, 292, 121), 49.0
(397, 226, 9, 383, 361, 394, 394, 265, 130), None
(294, 265, 40, 371, 375, 360, 381, 297, 85), 43.0
(330, 377, 63, 377, 355, 371, 391, 303, 113), None
(345, 351, 196, 399, 351, 93, 328, 367, 178), None
(225, 360, 314, 127, 372, 301, 398, 285, 133), 46.0
(244, 353, 34, 159, 382, 260, 125, 313, 334), 46.0
(324, 369, 344, 389, 362, 372, 3, 306, 123), None
(335, 330, 19, 383, 344, 364, 351, 330, 126), None
(362, 344, 308, 26, 392, 211, 368, 349, 138), 46.0
(313, 185, 334, 353, 369, 379, 385, 322, 117), 45.0
(370, 355, 318, 338, 385, 216, 377, 319, 149), None
(303, 367, 327, 368, 108, 352, 388, 294, 129), 58.0
(302, 365, 327, 364, 112, 359, 384, 292, 130), 48.0
(311, 374, 337, 377, 98, 344, 393, 280, 110), None
(294, 71, 324, 349, 103, 354, 372, 298, 150), 50.0
(350, 121, 297, 370, 118, 105, 360, 363, 94), 36.0
(319, 367, 355, 390, 90, 366, 289, 309, 128), 52.0
(304, 356, 48, 363, 129, 385, 380, 386, 33), None
(327, 385, 346, 380, 109, 374, 398, 287, 0), 49.0
(380, 347, 313, 369, 375, 340, 212, 276, 138), 50.0
(194, 360, 107, 393, 171, 393, 373, 399, 120), None
(279, 338, 208, 356, 392, 173, 386, 334, 104), 55.0
(282, 338, 220, 357, 392, 157, 316, 335, 104), 54.0
(202, 349, 327, 314, 230, 348, 378, 373, 142), 42.0
(295, 376, 319, 344, 200, 333, 368, 326, 160), 48.0
(308, 355, 303, 206, 379, 285, 307, 312, 323), None
(288, 333, 190, 358, 64, 173, 389, 356, 100), 47.0
(212, 62, 331, 332, 361, 236, 378, 383, 311), 46.0
(339, 80, 11, 386, 356, 121, 348, 345, 70), None
(348, 323, 291, 371, 316, 356, 359, 96, 170), None
(300, 361, 310, 107, 399, 226, 274, 295, 136), 50.0
(274, 341, 205, 362, 390, 185, 387, 340, 111), None
(327, 370, 371, 379, 368, 368, 399, 304, 122), None
(279, 348, 212, 346, 178, 171, 298, 334, 98), None
(318, 364, 320, 338, 137, 385, 370, 363, 132), 44.0
(267, 341, 204, 354, 381, 190, 388, 348, 89), 43.0
(128, 385, 336, 367, 124, 380, 284, 375, 49), None
(340, 376, 341, 384, 365, 309, 395, 302, 128), 54.0
(76, 353, 313, 188, 374, 130, 365, 314, 116), 52.0
(174, 22, 354, 394, 351, 366, 374, 284, 282), 45.0
(355, 328, 275, 399, 108, 398, 340, 355, 197), None
(364, 237, 285, 280, 278, 113, 352, 358, 295), None
(312, 94, 306, 376, 384, 204, 383, 327, 143), 55.0
(259, 336, 176, 362, 157, 151, 387, 367, 106), 52.0
(233, 351, 326, 327, 215, 351, 362, 295, 16), None
(308, 93, 20, 374, 337, 199, 376, 25, 148), 43.0
(290, 344, 212, 349, 398, 140, 389, 340, 114), None
(346, 112, 301, 319, 147, 99, 355, 269, 162), None
(299, 317, 220, 339, 391, 374, 311, 72, 79), None
(316, 86, 309, 379, 374, 391, 240, 328, 142), 50.0
(193, 329, 296, 263, 292, 358, 333, 351, 268), 49.0
(218, 75, 304, 387, 94, 374, 324, 325, 61), 44.0
(336, 55, 64, 248, 340, 383, 294, 370, 169), None
(283, 339, 197, 355, 118, 177, 399, 391, 238), 51.0
(386, 173, 320, 347, 385, 215, 263, 149, 303), 52.0
(297, 364, 329, 367, 358, 317, 366, 379, 88), 50.0
(278, 347, 230, 369, 371, 161, 379, 339, 370), 47.0
(327, 135, 337, 385, 83, 370, 372, 287, 128), 48.0
(312, 95, 305, 374, 381, 362, 383, 314, 331), 42.0
(209, 380, 365, 392, 357, 279, 393, 297, 122), 56.0
(229, 381, 324, 392, 347, 264, 391, 296, 122), 52.0
(209, 391, 372, 391, 357, 276, 372, 276, 314), None
(202, 376, 358, 384, 367, 278, 189, 292, 132), 52.0
(212, 370, 346, 336, 101, 245, 360, 304, 116), 48.0
(222, 362, 379, 397, 192, 299, 302, 307, 346), 52.0
(186, 394, 331, 380, 354, 341, 380, 132, 124), None
(238, 355, 319, 390, 164, 251, 394, 163, 24), 54.0
(205, 382, 124, 363, 363, 292, 399, 361, 138), None
(198, 367, 361, 327, 241, 389, 318, 299, 225), 50.0
(320, 358, 158, 373, 376, 399, 281, 258, 111), None
(303, 160, 341, 347, 370, 379, 365, 291, 132), 52.0
(221, 347, 317, 384, 184, 326, 374, 281, 252), None
(334, 372, 330, 340, 109, 128, 347, 349, 41), None
(251, 360, 311, 361, 344, 355, 387, 244, 121), 58.0
(258, 364, 325, 360, 331, 350, 389, 205, 120), 53.0
(245, 357, 311, 353, 342, 356, 383, 247, 121), 44.0
(268, 382, 294, 399, 346, 348, 391, 237, 156), 57.0
(268, 387, 268, 392, 345, 340, 389, 219, 96), None
(259, 379, 387, 396, 352, 348, 399, 243, 159), None
(271, 372, 285, 379, 172, 332, 391, 270, 108), 57.0
(255, 374, 286, 399, 167, 335, 391, 230, 150), None
(270, 395, 295, 372, 173, 331, 399, 248, 319), None
(251, 385, 276, 364, 177, 348, 383, 263, 112), 40.0
(273, 194, 289, 382, 335, 359, 375, 269, 106), 58.0
(267, 293, 278, 384, 334, 355, 377, 263, 105), 50.0
(276, 188, 287, 380, 336, 342, 388, 273, 93), 36.0
(290, 201, 253, 372, 325, 362, 371, 257, 107), 46.0
(274, 65, 291, 362, 184, 49, 380, 270, 99), None
(265, 152, 298, 378, 154, 363, 367, 280, 111), None
(250, 378, 366, 399, 345, 358, 393, 10, 82), None
(288, 214, 285, 389, 349, 346, 383, 286, 305), None
(261, 368, 282, 368, 332, 334, 391, 251, 133), None
(241, 198, 301, 376, 114, 1, 374, 241, 102), None
(271, 189, 293, 381, 317, 70, 383, 270, 156), 62.0
(272, 385, 267, 384, 327, 85, 386, 273, 89), 48.0
(282, 192, 293, 304, 321, 350, 379, 269, 9), None
(268, 182, 279, 342, 318, 61, 360, 237, 155), 52.0
(279, 207, 298, 357, 164, 71, 373, 266, 288), 51.0
(262, 169, 292, 390, 306, 64, 399, 177, 165), 48.0
(291, 365, 287, 381, 335, 367, 356, 222, 75), 38.0
(4, 190, 307, 370, 356, 76, 385, 276, 152), None
(255, 79, 300, 391, 363, 326, 393, 233, 122), None
(272, 247, 44, 367, 129, 355, 227, 254, 142), None
(283, 195, 307, 399, 348, 116, 366, 284, 161), 42.0
(287, 177, 181, 346, 341, 306, 380, 308, 116), 44.0
(274, 379, 137, 379, 203, 284, 393, 278, 183), None
(259, 376, 311, 387, 94, 364, 372, 291, 174), 54.0
(299, 283, 98, 376, 398, 52, 286, 334, 148), None
(368, 306, 81, 325, 342, 339, 84, 388, 154), 42.0
(361, 101, 398, 389, 354, 373, 384, 317, 99), None
(229, 71, 348, 383, 191, 138, 390, 262, 134), 57.0
(294, 51, 3, 380, 198, 141, 328, 273, 31), None
(249, 182, 56, 392, 298, 128, 377, 255, 126), None
(283, 370, 352, 354, 310, 344, 386, 264, 136), None
(237, 323, 29, 363, 103, 93, 253, 265, 145), 42.0
(265, 337, 301, 373, 373, 33, 319, 249, 166), None
(307, 67, 271, 384, 315, 149, 337, 253, 157), 56.0
(305, 44, 272, 399, 323, 154, 345, 259, 387), None
(306, 68, 241, 384, 187, 130, 337, 242, 142), 40.0
(278, 389, 284, 374, 139, 134, 391, 288, 110), None
(253, 371, 348, 392, 173, 123, 371, 282, 118), None
(321, 398, 363, 387, 120, 144, 380, 274, 126), 52.0
(225, 71, 319, 365, 185, 351, 398, 192, 305), 44.0
(298, 360, 344, 399, 195, 359, 364, 344, 210), None
(240, 59, 264, 371, 311, 314, 352, 255, 136), None
(343, 349, 334, 357, 255, 382, 369, 112, 297), None
(367, 139, 356, 379, 363, 369, 360, 302, 81), 40.0
(182, 120, 292, 328, 330, 81, 377, 321, 134), 40.0
(211, 73, 295, 29, 177, 258, 399, 208, 327), 48.0
(288, 22, 194, 391, 385, 68, 385, 346, 114), None
(357, 354, 325, 365, 391, 373, 377, 309, 131), 56.0
(352, 346, 314, 336, 337, 355, 385, 268, 142), 52.0
(296, 61, 280, 315, 322, 138, 344, 244, 153), 43.0
(267, 80, 325, 64, 173, 324, 374, 38, 315), None
(278, 196, 338, 345, 193, 109, 390, 283, 126), 42.0
(228, 218, 377, 380, 209, 236, 392, 60, 107), 46.0
(232, 363, 317, 349, 158, 336, 368, 299, 134), None
(354, 85, 324, 352, 180, 372, 379, 308, 352), None
(271, 356, 305, 358, 107, 121, 356, 323, 146), None
(374, 330, 309, 365, 87, 378, 378, 294, 95), None
(313, 40, 286, 385, 313, 146, 336, 260, 118), None
(222, 65, 273, 374, 398, 345, 387, 235, 341), None
(192, 32, 337, 338, 36, 361, 364, 336, 162), 48.0
(357, 337, 298, 368, 376, 353, 382, 310, 90), 60.0
(286, 337, 149, 362, 73, 352, 383, 272, 106), 50.0
(367, 380, 296, 353, 13, 329, 390, 313, 127), 43.0
(301, 128, 298, 290, 382, 346, 399, 357, 95), 46.0
(246, 203, 290, 390, 364, 336, 392, 303, 285), 56.0
(243, 185, 291, 371, 191, 336, 392, 302, 297), 48.0
(380, 372, 275, 382, 360, 152, 352, 249, 71), 45.0
(249, 208, 302, 393, 369, 321, 399, 303, 288), None
(258, 198, 277, 377, 376, 164, 384, 259, 274), None
(275, 264, 288, 370, 388, 359, 373, 265, 98), None
(264, 317, 167, 357, 343, 88, 372, 279, 156), 46.0
(284, 331, 307, 364, 97, 191, 380, 287, 147), None
(360, 82, 331, 348, 161, 364, 376, 315, 85), 43.0
(387, 172, 314, 363, 147, 351, 385, 397, 335), 49.0
(358, 351, 323, 367, 391, 356, 366, 320, 136), None
(289, 327, 348, 379, 269, 342, 363, 340, 172), 60.0
(254, 209, 344, 384, 348, 339, 360, 328, 285), 54.0
(292, 342, 347, 378, 264, 344, 367, 332, 180), 49.0
(292, 331, 332, 320, 297, 349, 355, 327, 174), 54.0
(274, 388, 353, 393, 269, 330, 386, 294, 115), None
(281, 2, 22, 373, 279, 76, 169, 340, 191), 46.0
(305, 157, 298, 381, 326, 134, 347, 261, 161), 52.0
(294, 52, 256, 332, 334, 146, 357, 254, 155), None
(266, 321, 227, 3, 380, 182, 372, 348, 164), None
(324, 362, 345, 385, 376, 364, 365, 335, 104), None
(247, 201, 188, 387, 367, 337, 391, 315, 285), 45.0
(315, 331, 200, 374, 382, 115, 379, 340, 26), None
(370, 343, 34, 360, 388, 97, 377, 310, 142), None
(399, 309, 219, 374, 281, 57, 383, 355, 58), None
(284, 255, 342, 399, 236, 351, 366, 327, 309), None
(276, 314, 72, 129, 250, 107, 374, 350, 164), 40.0
(298, 235, 290, 355, 320, 345, 361, 271, 152), 48.0
(361, 368, 330, 377, 388, 357, 380, 310, 131), 50.0
(378, 190, 317, 371, 397, 369, 371, 318, 136), None
(260, 205, 283, 391, 369, 332, 393, 332, 264), None
(289, 108, 290, 310, 289, 340, 391, 277, 293), None
(347, 340, 113, 342, 353, 366, 360, 87, 111), None
(164, 320, 306, 386, 363, 323, 387, 302, 171), 51.0
(218, 382, 369, 398, 217, 311, 399, 286, 322), 50.0
(271, 374, 358, 334, 354, 355, 385, 228, 123), 48.0
(350, 165, 335, 340, 179, 360, 379, 320, 316), None
(191, 337, 304, 358, 127, 346, 371, 289, 184), 50.0
(283, 348, 312, 368, 377, 226, 381, 364, 145), 50.0
(255, 361, 10, 381, 302, 335, 390, 296, 300), None
(200, 328, 302, 167, 100, 208, 370, 282, 91), 44.0
(270, 391, 313, 379, 359, 292, 392, 288, 79), None
(301, 356, 298, 368, 399, 86, 378, 361, 139), 55.0
(232, 177, 207, 370, 382, 135, 385, 345, 148), None
(339, 347, 320, 360, 114, 394, 368, 121, 117), None
(367, 372, 339, 391, 346, 354, 349, 298, 125), None
(260, 220, 284, 390, 340, 340, 393, 324, 276), None
(358, 364, 333, 349, 114, 376, 376, 308, 129), None
(311, 73, 271, 273, 310, 119, 343, 247, 158), 60.0
(291, 79, 295, 330, 167, 119, 350, 238, 89), None
(306, 59, 251, 273, 206, 123, 342, 255, 157), None
(282, 74, 276, 365, 326, 108, 139, 245, 147), 36.0
(324, 150, 279, 300, 90, 114, 361, 274, 99), None
(333, 370, 350, 232, 315, 98, 352, 223, 105), None
(244, 191, 263, 383, 305, 332, 385, 243, 302), 53.0
(275, 358, 292, 351, 120, 385, 368, 279, 169), 54.0
(315, 99, 232, 356, 105, 128, 39, 264, 140), None
(309, 72, 264, 218, 322, 138, 357, 252, 158), 48.0
(294, 88, 301, 345, 176, 67, 396, 387, 311), 50.0
(264, 366, 309, 372, 333, 103, 375, 234, 153), 49.0
(303, 68, 271, 381, 320, 129, 338, 248, 175), 42.0
(287, 81, 284, 319, 186, 348, 399, 267, 331), 54.0
(375, 336, 325, 340, 338, 363, 360, 319, 118), 50.0
(281, 53, 317, 359, 172, 349, 384, 394, 89), 46.0
(177, 324, 298, 99, 349, 116, 214, 260, 170), None
(351, 349, 308, 379, 373, 376, 366, 268, 74), 56.0
(362, 357, 327, 367, 391, 368, 375, 310, 132), 50.0
(297, 380, 367, 399, 357, 268, 387, 300, 118), 49.0
(389, 300, 307, 377, 373, 361, 366, 269, 72), 47.0
(329, 341, 287, 349, 79, 381, 376, 288, 108), None
(208, 385, 244, 391, 333, 307, 392, 295, 110), None
(271, 331, 196, 387, 149, 140, 331, 353, 148), None
(187, 321, 296, 190, 366, 73, 382, 333, 165), 46.0
(368, 181, 336, 361, 392, 356, 109, 325, 139), 45.0
(287, 63, 318, 355, 169, 241, 391, 369, 323), 49.0
(278, 309, 302, 377, 347, 41, 344, 378, 160), None
(343, 371, 327, 327, 339, 371, 355, 315, 129), None
(111, 138, 341, 334, 352, 355, 358, 210, 140), None
(265, 339, 294, 370, 378, 183, 372, 188, 181), 50.0
(319, 91, 1, 284, 307, 390, 380, 338, 200), 46.0
(65, 351, 323, 365, 389, 365, 377, 308, 99), None
(313, 117, 282, 222, 260, 120, 367, 346, 149), 52.0
(333, 363, 354, 385, 377, 343, 365, 99, 123), None
(252, 215, 291, 391, 366, 330, 390, 280, 290), 50.0
(301, 270, 209, 376, 197, 159, 399, 342, 109), 54.0
(321, 377, 311, 349, 107, 347, 383, 291, 84), 52.0
(347, 359, 330, 341, 361, 89, 350, 324, 131), 45.0
(311, 343, 187, 381, 226, 123, 383, 355, 153), 48.0
(291, 397, 360, 394, 345, 79, 195, 296, 121), None
(24, 345, 219, 399, 382, 133, 372, 246, 52), 38.0
(295, 333, 284, 249, 299, 385, 386, 139, 146), 55.0
(276, 368, 338, 310, 355, 104, 360, 314, 95), 51.0
(264, 393, 365, 374, 135, 341, 399, 237, 116), 40.0
(336, 352, 315, 358, 125, 359, 370, 283, 137), 54.0
(284, 371, 351, 387, 327, 314, 390, 227, 104), 49.0
(271, 74, 342, 383, 380, 367, 364, 335, 126), 65.0
(270, 70, 335, 368, 370, 352, 376, 334, 363), 49.0
(147, 58, 348, 373, 383, 362, 364, 331, 124), None
(282, 77, 343, 383, 313, 374, 354, 258, 134), None
(272, 84, 302, 366, 374, 352, 379, 339, 113), None
(259, 103, 343, 382, 158, 366, 371, 322, 220), 47.0
(276, 78, 278, 388, 385, 110, 382, 330, 142), None
(266, 88, 293, 375, 63, 94, 346, 346, 94), None
(292, 62, 333, 364, 379, 356, 367, 270, 160), 56.0
(302, 73, 236, 393, 192, 345, 389, 330, 130), 47.0
(282, 192, 324, 377, 328, 368, 360, 340, 81), 46.0
(257, 17, 354, 399, 374, 360, 374, 274, 307), None
(276, 46, 305, 370, 369, 344, 383, 262, 104), None
(385, 173, 287, 360, 393, 374, 67, 250, 150), 50.0
(265, 379, 319, 384, 183, 322, 399, 319, 124), None
(288, 68, 341, 352, 385, 351, 376, 240, 141), 52.0
(298, 287, 297, 376, 363, 64, 351, 306, 115), None
(306, 95, 349, 385, 369, 362, 365, 326, 256), None
(271, 365, 269, 321, 338, 82, 388, 347, 156), 50.0
(288, 56, 312, 363, 143, 338, 382, 277, 101), None
(253, 160, 333, 372, 316, 353, 374, 337, 134), 51.0
(376, 326, 279, 393, 386, 114, 16, 318, 166), None
(261, 229, 301, 381, 212, 370, 361, 260, 88), 50.0
Sampler:BoTorchSampler
(391, 275, 49, 266, 287, 17, 0, 68, 54), None
(370, 330, 20, 13, 169, 204, 23, 271, 217), 42.0
(89, 381, 265, 43, 139, 2, 326, 252, 346), None
(310, 247, 0, 369, 374, 58, 120, 264, 345), None
(354, 286, 208, 307, 348, 197, 297, 166, 253), 52.0
(238, 160, 100, 112, 140, 378, 221, 95, 267), 51.0
(109, 196, 328, 31, 25, 326, 278, 263, 91), 52.0
(73, 276, 172, 245, 39, 1, 71, 7, 222), None
(299, 329, 131, 270, 134, 394, 177, 371, 282), 47.0
(180, 291, 229, 48, 232, 38, 96, 31, 334), None
(374, 273, 59, 244, 316, 55, 146, 115, 97), None
(324, 367, 389, 39, 26, 115, 206, 393, 258), None
(180, 330, 297, 97, 297, 2, 134, 104, 268), None
(388, 269, 4, 332, 23, 147, 358, 336, 43), None
(346, 215, 191, 308, 308, 33, 134, 170, 200), None
(63, 186, 1, 130, 81, 347, 148, 77, 69), None
(333, 307, 353, 336, 115, 334, 143, 128, 254), None
(329, 341, 290, 149, 309, 330, 35, 269, 259), 48.0
(264, 346, 147, 325, 245, 215, 123, 111, 215), None
(365, 110, 177, 87, 326, 153, 35, 133, 384), None
(17, 315, 246, 147, 180, 264, 397, 364, 246), None
(320, 337, 66, 304, 61, 285, 99, 121, 40), None
(323, 165, 334, 250, 6, 380, 254, 379, 14), None
(7, 182, 229, 300, 345, 33, 93, 199, 92), None
(192, 46, 13, 210, 145, 66, 17, 268, 220), None
(310, 348, 375, 275, 127, 313, 31, 352, 396), 56.0
(155, 112, 66, 262, 255, 361, 136, 177, 217), None
(382, 67, 293, 39, 94, 46, 262, 162, 372), None
(315, 237, 184, 386, 305, 266, 364, 307, 358), None
(340, 89, 2, 354, 107, 158, 309, 222, 273), 48.0
(46, 194, 268, 260, 200, 26, 20, 141, 83), None
(16, 177, 6, 276, 386, 360, 41, 288, 137), None
(239, 345, 188, 102, 11, 320, 214, 63, 357), 36.0
(107, 177, 0, 232, 116, 311, 347, 331, 245), None
(255, 57, 221, 176, 118, 10, 123, 129, 154), None
(236, 34, 45, 11, 113, 335, 216, 249, 208), None
(247, 113, 59, 231, 183, 316, 226, 126, 366), None
(41, 182, 129, 21, 238, 378, 380, 68, 396), None
(374, 398, 347, 35, 95, 59, 381, 131, 350), None
(239, 102, 268, 247, 128, 329, 27, 329, 132), None
(65, 367, 248, 184, 176, 154, 169, 131, 53), 49.0
(316, 344, 211, 325, 135, 294, 0, 390, 186), None
(316, 344, 71, 325, 135, 294, 0, 390, 375), 49.0
(316, 345, 329, 324, 134, 293, 0, 389, 99), None
(316, 345, 86, 323, 133, 294, 0, 388, 16), 44.0
(316, 342, 397, 322, 144, 295, 4, 386, 148), None
(316, 342, 397, 322, 144, 295, 4, 386, 375), None
(316, 342, 397, 322, 144, 295, 4, 386, 114), None
(316, 342, 397, 322, 144, 295, 4, 386, 8), None
(316, 342, 397, 322, 144, 295, 4, 386, 193), None
(316, 342, 397, 322, 144, 295, 4, 386, 244), None
(316, 342, 397, 322, 144, 295, 4, 386, 328), None
(316, 342, 397, 322, 144, 295, 4, 386, 236), None
(316, 342, 397, 322, 144, 295, 4, 386, 333), None
(316, 342, 397, 322, 144, 295, 4, 386, 357), None
(316, 342, 397, 323, 144, 294, 4, 386, 169), None
(316, 343, 397, 322, 144, 295, 4, 385, 330), None
(316, 342, 397, 322, 144, 295, 4, 386, 126), None
(316, 342, 397, 322, 144, 295, 4, 386, 251), None
(316, 342, 397, 322, 144, 295, 4, 386, 188), None
(316, 342, 397, 322, 144, 295, 4, 386, 53), None
(316, 342, 397, 322, 144, 295, 4, 386, 318), None
(316, 342, 397, 322, 144, 295, 4, 386, 354), None
(316, 342, 397, 322, 144, 295, 4, 386, 75), None
(316, 342, 397, 322, 144, 295, 4, 386, 247), None
(316, 343, 397, 321, 144, 295, 4, 385, 338), None
(316, 342, 397, 322, 144, 295, 4, 386, 69), None
(316, 342, 397, 322, 144, 295, 4, 386, 30), None
(316, 342, 397, 322, 144, 295, 4, 386, 383), None
(316, 342, 397, 322, 144, 295, 4, 386, 362), None
(316, 342, 397, 322, 144, 295, 4, 386, 208), None
(316, 343, 397, 321, 144, 295, 4, 385, 41), None
(316, 342, 397, 322, 144, 295, 4, 386, 345), None
(316, 343, 397, 321, 144, 295, 4, 385, 329), None
(316, 342, 397, 322, 144, 295, 4, 386, 135), None
(316, 342, 397, 322, 144, 295, 4, 386, 329), None
(316, 342, 397, 322, 144, 295, 4, 386, 288), None
(316, 342, 397, 322, 144, 295, 4, 385, 228), None
(316, 342, 397, 322, 144, 295, 4, 386, 237), None
(316, 343, 397, 322, 144, 295, 4, 385, 364), None
(316, 342, 397, 322, 144, 295, 4, 385, 359), None
(316, 342, 397, 322, 144, 295, 4, 386, 323), None
(316, 342, 397, 322, 144, 295, 4, 386, 200), None
(316, 343, 397, 321, 144, 295, 4, 385, 42), None
(316, 342, 397, 322, 144, 295, 4, 386, 315), None
(316, 342, 397, 322, 144, 295, 4, 386, 109), None
(316, 342, 397, 322, 144, 295, 4, 386, 60), None
(316, 342, 397, 322, 144, 295, 4, 386, 300), None
(316, 343, 397, 322, 144, 295, 4, 385, 97), None
(316, 342, 397, 323, 144, 294, 4, 386, 155), None
(316, 342, 397, 323, 144, 294, 4, 386, 13), None
(316, 342, 397, 322, 144, 295, 4, 386, 87), None
(316, 342, 397, 322, 144, 295, 4, 386, 58), None
(316, 342, 397, 322, 144, 295, 4, 386, 116), None
(316, 342, 397, 322, 144, 295, 4, 386, 176), None
(316, 342, 397, 322, 144, 295, 4, 386, 220), None
(316, 342, 397, 322, 144, 295, 4, 386, 326), None
(316, 342, 397, 322, 144, 295, 4, 386, 22), None
(316, 342, 397, 323, 144, 294, 4, 386, 96), None
(316, 343, 397, 322, 144, 295, 4, 385, 141), None
(316, 342, 397, 323, 144, 294, 4, 386, 117), None
(316, 343, 396, 321, 144, 295, 4, 385, 137), None
(316, 342, 397, 322, 144, 295, 4, 386, 272), None
(316, 342, 397, 322, 144, 295, 4, 386, 130), None
(316, 343, 397, 321, 144, 295, 4, 385, 371), None
(316, 342, 397, 322, 144, 295, 4, 386, 313), None
(316, 342, 397, 322, 144, 295, 4, 386, 280), None
(316, 342, 397, 322, 144, 295, 4, 386, 295), None
(316, 342, 397, 322, 144, 295, 4, 386, 141), None
(316, 342, 397, 322, 144, 295, 4, 386, 260), None
(316, 342, 397, 322, 144, 295, 4, 386, 178), None
(316, 342, 397, 322, 144, 295, 4, 386, 191), None
(316, 342, 397, 322, 144, 295, 4, 386, 93), None
(316, 343, 397, 322, 144, 295, 4, 385, 90), None
(316, 342, 397, 322, 144, 295, 4, 386, 287), None
(316, 342, 397, 322, 144, 295, 4, 386, 270), None
(316, 342, 397, 322, 144, 295, 4, 386, 47), None
(316, 342, 397, 322, 144, 295, 4, 386, 360), None
(149, 125, 233, 75, 116, 356, 268, 205, 127), None
(316, 343, 397, 322, 144, 295, 4, 385, 65), None
(316, 342, 397, 322, 144, 295, 4, 386, 108), None
(316, 343, 397, 321, 144, 295, 4, 385, 399), None
(316, 343, 396, 321, 144, 295, 4, 385, 139), None
(316, 342, 397, 322, 144, 295, 4, 386, 49), None
(316, 342, 397, 322, 144, 295, 4, 386, 118), None
(316, 342, 397, 322, 144, 295, 4, 386, 80), None
(316, 342, 397, 322, 144, 295, 4, 386, 388), None
(316, 342, 397, 322, 144, 295, 4, 386, 34), None
(316, 342, 397, 322, 144, 295, 4, 386, 219), None
(316, 342, 397, 322, 144, 295, 4, 386, 224), None
(316, 342, 397, 322, 144, 295, 4, 386, 102), None
(316, 343, 397, 321, 144, 295, 4, 385, 82), None
(316, 342, 397, 322, 144, 295, 4, 386, 72), None
(316, 342, 397, 322, 144, 295, 4, 386, 85), None
(316, 343, 397, 322, 144, 295, 4, 385, 239), None
(316, 342, 397, 322, 144, 295, 4, 386, 292), None
(316, 342, 397, 322, 144, 295, 4, 386, 302), None
(316, 342, 397, 322, 144, 295, 4, 386, 310), None
(316, 343, 397, 321, 144, 295, 4, 385, 25), None
(316, 343, 396, 321, 144, 295, 4, 385, 246), None
(316, 342, 397, 322, 144, 295, 4, 386, 12), None
(316, 342, 397, 322, 144, 295, 4, 386, 169), None
(316, 343, 397, 322, 144, 295, 4, 385, 231), None
(316, 342, 397, 322, 144, 295, 4, 386, 243), None
(316, 343, 397, 322, 144, 295, 4, 385, 397), None
(316, 342, 397, 322, 144, 295, 4, 386, 104), None
(316, 342, 397, 322, 144, 295, 4, 386, 11), None
(316, 342, 397, 322, 144, 295, 4, 386, 343), None
(316, 342, 397, 322, 144, 295, 4, 386, 283), None
(316, 343, 396, 321, 144, 295, 4, 385, 303), None
(316, 342, 397, 322, 144, 295, 4, 385, 314), None
(316, 343, 397, 321, 144, 295, 4, 385, 59), None
(316, 342, 397, 322, 144, 295, 4, 386, 289), None
(316, 343, 397, 321, 144, 295, 4, 385, 138), None
(316, 342, 397, 322, 144, 295, 4, 386, 273), None
(316, 342, 397, 322, 144, 295, 4, 386, 25), None
(316, 343, 396, 321, 144, 295, 4, 385, 168), None
(316, 342, 397, 322, 144, 295, 4, 385, 277), None
(316, 343, 396, 321, 144, 295, 4, 385, 181), None
(316, 342, 397, 322, 144, 295, 4, 386, 281), None
(316, 342, 397, 322, 144, 295, 4, 386, 325), None
(316, 342, 397, 322, 144, 295, 4, 386, 225), None
(316, 343, 396, 321, 144, 295, 4, 385, 359), None
(316, 342, 397, 322, 144, 295, 4, 386, 92), None
(316, 343, 397, 322, 144, 295, 4, 386, 304), None
(316, 343, 397, 322, 144, 295, 4, 386, 252), None
(316, 343, 396, 321, 144, 295, 4, 385, 90), None
(316, 342, 397, 322, 144, 295, 4, 386, 117), None
(316, 342, 397, 322, 144, 295, 4, 386, 40), None
(316, 342, 397, 322, 144, 295, 4, 386, 184), None
(316, 342, 397, 322, 144, 295, 4, 386, 246), None
(316, 342, 397, 322, 144, 295, 4, 386, 150), None
(316, 342, 397, 323, 144, 294, 4, 386, 303), None
(316, 343, 396, 321, 144, 295, 4, 385, 92), None
(316, 342, 397, 322, 144, 295, 4, 386, 342), None
(316, 342, 397, 322, 144, 295, 4, 386, 110), None
(316, 342, 397, 322, 144, 295, 4, 386, 204), None
(316, 342, 397, 322, 144, 295, 4, 386, 238), None
(316, 343, 397, 322, 144, 295, 4, 385, 112), None
(316, 342, 397, 322, 144, 295, 4, 386, 155), None
(316, 342, 397, 322, 144, 295, 4, 386, 55), None
(316, 342, 397, 322, 144, 295, 4, 386, 279), None
(316, 342, 397, 322, 144, 295, 4, 386, 157), None
(316, 343, 396, 321, 144, 295, 4, 385, 190), None
(316, 343, 397, 322, 144, 295, 4, 385, 177), None
(316, 342, 397, 322, 144, 295, 4, 386, 152), None
(316, 343, 397, 322, 144, 295, 4, 385, 36), None
(316, 343, 397, 322, 144, 295, 4, 385, 50), None
(316, 342, 397, 322, 144, 295, 4, 386, 301), None
(316, 342, 397, 323, 144, 295, 4, 386, 53), None
(316, 342, 397, 322, 144, 295, 4, 385, 64), None
(316, 342, 397, 322, 144, 295, 4, 386, 358), None
(316, 343, 396, 321, 144, 295, 4, 385, 347), None
(316, 343, 396, 321, 144, 295, 4, 385, 398), None
(316, 342, 397, 322, 144, 295, 4, 386, 16), None
(316, 342, 397, 322, 144, 295, 4, 386, 366), None
(316, 342, 397, 322, 144, 295, 4, 386, 168), None
(316, 343, 397, 322, 144, 295, 4, 385, 373), None
(316, 342, 397, 322, 144, 295, 4, 386, 303), None
(316, 342, 397, 322, 144, 295, 4, 386, 136), None
(316, 342, 397, 322, 144, 295, 4, 386, 331), None
(316, 342, 397, 322, 144, 295, 4, 386, 17), None
(316, 342, 397, 322, 144, 295, 4, 386, 317), None
(316, 342, 397, 322, 144, 295, 4, 385, 86), None
(316, 342, 397, 322, 144, 295, 4, 386, 384), None
(316, 342, 397, 322, 144, 295, 4, 386, 240), None
(316, 342, 397, 322, 144, 295, 4, 386, 177), None
(316, 342, 397, 322, 144, 295, 4, 386, 296), None
(316, 343, 397, 322, 144, 295, 4, 385, 99), None
(316, 343, 396, 321, 144, 295, 4, 385, 104), None
(316, 343, 397, 322, 144, 295, 4, 385, 353), None
(316, 342, 397, 322, 144, 295, 4, 386, 399), None
(316, 342, 397, 322, 144, 295, 4, 386, 341), None
(316, 342, 397, 322, 144, 295, 4, 386, 286), None
(316, 343, 397, 321, 144, 295, 4, 385, 38), None
(316, 342, 397, 322, 144, 295, 4, 386, 391), None
(316, 342, 397, 322, 144, 295, 4, 386, 101), None
(316, 342, 397, 322, 144, 295, 4, 386, 190), None
(316, 342, 397, 322, 144, 295, 4, 386, 36), None
(316, 343, 397, 322, 144, 295, 4, 385, 290), None
(316, 342, 397, 322, 144, 295, 4, 386, 293), None
(316, 342, 397, 322, 144, 295, 4, 386, 175), None
(316, 343, 397, 322, 144, 295, 4, 385, 137), None
(316, 343, 397, 322, 144, 295, 4, 385, 314), None
(316, 342, 397, 323, 144, 294, 4, 386, 113), None
(316, 342, 397, 322, 144, 295, 4, 386, 335), None
(316, 342, 397, 322, 144, 295, 4, 386, 31), None
(316, 342, 397, 322, 144, 295, 4, 386, 398), None
(316, 342, 397, 322, 144, 295, 4, 386, 46), None
(316, 342, 397, 322, 144, 295, 4, 386, 84), None
(316, 342, 397, 322, 144, 295, 4, 386, 215), None
(316, 343, 397, 321, 144, 295, 4, 385, 170), None
(316, 342, 397, 322, 144, 295, 4, 386, 369), None
(316, 342, 397, 322, 144, 295, 4, 386, 249), None
(316, 342, 397, 322, 144, 295, 4, 385, 148), None
(316, 343, 397, 322, 144, 295, 4, 385, 47), None
(316, 342, 397, 322, 144, 295, 4, 386, 151), None
(316, 343, 397, 322, 144, 295, 4, 385, 69), None
(316, 343, 397, 322, 144, 295, 4, 385, 388), None
(316, 342, 397, 322, 144, 295, 4, 386, 106), None
(316, 342, 397, 322, 144, 295, 4, 386, 127), None
(316, 342, 397, 322, 144, 295, 4, 386, 146), None
(316, 343, 397, 321, 144, 295, 4, 385, 264), None
(316, 342, 397, 322, 144, 295, 4, 386, 277), None
(316, 342, 397, 322, 144, 295, 4, 386, 232), None
(316, 342, 397, 322, 144, 295, 4, 386, 1), None
(316, 342, 397, 322, 144, 295, 4, 386, 139), None
(316, 342, 397, 322, 144, 295, 4, 386, 162), None
(316, 342, 397, 322, 144, 295, 4, 386, 140), None
(316, 342, 397, 322, 144, 295, 4, 386, 5), None
(316, 342, 397, 322, 144, 295, 4, 385, 1), None
(316, 342, 397, 322, 144, 295, 4, 386, 306), None
(316, 343, 397, 321, 144, 295, 4, 385, 287), None
(316, 342, 397, 322, 144, 295, 4, 386, 376), None
(316, 342, 397, 322, 144, 295, 4, 386, 86), None
(316, 342, 397, 322, 144, 295, 4, 386, 27), None
(316, 342, 397, 322, 144, 295, 4, 386, 374), None
(316, 343, 396, 321, 144, 295, 4, 385, 251), None
(316, 343, 396, 321, 144, 295, 4, 385, 378), None
(316, 342, 397, 322, 144, 295, 4, 386, 368), None
(316, 342, 397, 322, 144, 295, 4, 386, 324), None
(316, 342, 397, 322, 144, 295, 4, 386, 133), None
(316, 342, 397, 322, 144, 295, 4, 386, 266), None
(316, 343, 396, 321, 144, 295, 4, 385, 144), None
(316, 342, 397, 322, 144, 295, 4, 386, 346), None
(316, 342, 397, 322, 144, 295, 4, 386, 29), None
(316, 343, 397, 321, 144, 295, 4, 385, 269), None
(316, 343, 397, 321, 144, 295, 4, 385, 35), None
(316, 342, 397, 322, 144, 295, 4, 386, 365), None
(316, 343, 397, 321, 144, 295, 4, 385, 391), None
(316, 343, 397, 322, 144, 295, 4, 386, 216), None
(316, 342, 397, 322, 144, 295, 4, 386, 347), None
(316, 342, 397, 322, 144, 295, 4, 386, 298), None
(316, 342, 397, 322, 144, 295, 4, 386, 15), None
(316, 342, 397, 322, 144, 295, 4, 386, 121), None
(316, 343, 397, 322, 144, 295, 4, 385, 184), None
(316, 342, 397, 323, 144, 294, 4, 386, 189), None
(316, 342, 397, 322, 144, 295, 4, 386, 203), None
(316, 342, 397, 322, 144, 295, 4, 386, 67), None
(316, 342, 397, 322, 144, 295, 4, 386, 254), None
(316, 342, 397, 322, 144, 295, 4, 386, 144), None
(316, 342, 397, 322, 144, 295, 4, 386, 180), None
(316, 342, 397, 322, 144, 295, 4, 386, 284), None
(316, 342, 397, 322, 144, 295, 4, 386, 120), None
(316, 342, 397, 322, 144, 295, 4, 386, 339), None
(316, 342, 397, 322, 144, 295, 4, 386, 145), None
(316, 342, 397, 322, 144, 295, 4, 386, 356), None
(316, 342, 397, 322, 144, 295, 4, 386, 216), None
(316, 342, 397, 322, 144, 295, 4, 386, 235), None
(316, 342, 397, 322, 144, 295, 4, 386, 248), None
(316, 342, 397, 323, 145, 294, 3, 386, 262), None
(316, 342, 397, 322, 144, 295, 4, 386, 129), None
(316, 342, 397, 322, 144, 295, 4, 386, 4), None
(316, 342, 397, 323, 144, 295, 4, 386, 259), None
(316, 342, 397, 322, 144, 295, 4, 386, 142), None
(316, 342, 397, 322, 144, 295, 4, 386, 294), None
(316, 342, 397, 323, 144, 294, 4, 386, 116), None
(316, 342, 397, 322, 144, 295, 4, 386, 78), None
(316, 342, 397, 322, 144, 295, 4, 386, 79), None
(316, 342, 397, 323, 144, 294, 4, 386, 141), None
(316, 343, 397, 322, 144, 295, 4, 385, 205), None
(316, 342, 397, 322, 144, 295, 4, 386, 241), None
(316, 342, 397, 322, 144, 295, 4, 386, 113), None
(316, 342, 397, 322, 144, 295, 4, 386, 57), None
(316, 342, 397, 322, 144, 295, 4, 386, 207), None
(316, 342, 397, 322, 144, 295, 4, 386, 164), None
(316, 343, 397, 322, 144, 295, 4, 385, 128), None
(316, 342, 397, 322, 144, 295, 4, 386, 320), None
(316, 343, 397, 321, 144, 295, 4, 385, 127), None
(316, 343, 397, 321, 144, 295, 4, 385, 268), None
(316, 342, 397, 322, 144, 295, 4, 386, 189), None
(316, 343, 396, 321, 144, 295, 4, 385, 202), None
(316, 342, 397, 322, 144, 295, 4, 385, 291), None
(316, 342, 397, 322, 144, 295, 4, 386, 386), None
(316, 342, 397, 322, 144, 295, 4, 386, 380), None
(316, 343, 396, 321, 144, 295, 4, 385, 27), None
(316, 342, 397, 322, 144, 295, 4, 386, 267), None
(316, 343, 397, 322, 144, 295, 4, 385, 27), None
(316, 343, 397, 321, 144, 295, 4, 385, 174), None
(316, 343, 397, 321, 144, 295, 4, 385, 96), None
(316, 343, 397, 322, 144, 295, 4, 386, 284), None
(316, 342, 397, 322, 144, 295, 4, 386, 3), None
(316, 342, 397, 322, 144, 295, 4, 386, 218), None
(316, 342, 397, 322, 144, 295, 4, 386, 276), None
(316, 342, 397, 322, 144, 295, 4, 386, 153), None
(149, 125, 234, 75, 116, 356, 268, 205, 127), 44.0
(319, 344, 371, 320, 151, 294, 7, 382, 347), None
(319, 344, 371, 320, 152, 293, 7, 382, 321), None
(319, 344, 371, 320, 151, 294, 7, 382, 22), None
(319, 344, 371, 320, 151, 294, 7, 382, 44), None
(319, 344, 371, 320, 151, 294, 7, 382, 166), None
(319, 344, 371, 320, 151, 294, 7, 382, 227), None
(319, 344, 371, 320, 151, 294, 7, 382, 280), None
(319, 344, 370, 321, 152, 293, 6, 382, 329), None
(319, 344, 371, 320, 151, 294, 7, 382, 13), None
(319, 344, 371, 320, 151, 294, 7, 382, 360), None
(319, 344, 371, 319, 151, 294, 7, 382, 208), None
(319, 344, 371, 320, 151, 294, 7, 382, 186), None
(319, 344, 371, 319, 151, 294, 7, 382, 88), None
(319, 344, 371, 319, 151, 294, 7, 382, 394), None
(319, 344, 371, 320, 151, 294, 7, 382, 364), None
(319, 344, 371, 320, 152, 293, 7, 382, 103), None
(319, 344, 371, 320, 151, 294, 7, 382, 270), None
(319, 344, 371, 320, 151, 294, 7, 382, 149), None
(319, 344, 371, 320, 151, 294, 7, 382, 117), None
(319, 344, 371, 320, 151, 294, 7, 382, 269), None
(319, 344, 371, 320, 151, 294, 7, 382, 292), None
(319, 344, 371, 320, 151, 294, 7, 382, 134), None
(319, 344, 371, 320, 151, 293, 7, 382, 10), None
(319, 344, 371, 320, 151, 294, 7, 382, 340), None
(319, 344, 370, 321, 152, 293, 6, 382, 366), None
(319, 344, 371, 320, 151, 294, 7, 382, 385), None
(319, 344, 371, 320, 151, 294, 7, 382, 256), None
(319, 344, 371, 320, 152, 293, 7, 382, 105), None
(319, 344, 371, 320, 151, 294, 7, 382, 335), None
(319, 344, 371, 320, 151, 294, 7, 382, 374), None
(319, 344, 371, 320, 152, 293, 7, 382, 50), None
(319, 344, 371, 320, 151, 293, 7, 382, 230), None
(319, 344, 371, 320, 151, 294, 7, 382, 120), None
(319, 344, 371, 320, 151, 294, 7, 382, 84), None
(319, 344, 370, 321, 152, 293, 6, 382, 152), None
(319, 344, 371, 320, 152, 293, 7, 382, 0), None
(319, 344, 371, 320, 151, 294, 7, 382, 24), None
(319, 344, 371, 320, 151, 294, 7, 382, 197), None
(319, 344, 371, 320, 151, 294, 7, 382, 352), None
(319, 344, 371, 320, 152, 293, 7, 382, 365), None
(319, 344, 371, 320, 152, 293, 7, 382, 379), None
(319, 344, 371, 320, 151, 294, 7, 382, 154), None
(319, 344, 371, 320, 151, 294, 7, 382, 123), None
(319, 344, 371, 320, 151, 294, 7, 382, 33), None
(319, 344, 371, 320, 151, 294, 7, 382, 274), None
(319, 344, 371, 320, 152, 293, 7, 382, 351), None
(319, 344, 371, 320, 152, 293, 7, 382, 44), None
(319, 344, 371, 320, 152, 293, 7, 382, 350), None
(319, 344, 371, 320, 151, 294, 7, 382, 223), None
(319, 344, 371, 320, 151, 294, 7, 382, 379), None
(319, 344, 371, 320, 151, 294, 7, 382, 391), None
(319, 344, 371, 320, 151, 294, 7, 382, 36), None
(319, 344, 371, 320, 151, 294, 7, 382, 144), None
(319, 344, 371, 320, 151, 294, 7, 382, 193), None
(319, 344, 371, 320, 152, 293, 7, 382, 41), None
(319, 344, 370, 321, 152, 293, 6, 382, 264), None
(319, 344, 371, 320, 151, 294, 7, 382, 399), None
(319, 344, 370, 321, 152, 293, 6, 382, 278), None
(319, 344, 371, 320, 152, 293, 7, 382, 104), None
(319, 344, 371, 320, 151, 294, 7, 382, 394), None
(319, 344, 371, 320, 151, 294, 7, 382, 207), None
(319, 344, 371, 320, 152, 293, 7, 382, 371), None
(319, 344, 371, 320, 151, 294, 7, 382, 235), None
(319, 344, 370, 321, 152, 293, 6, 382, 300), None
(319, 344, 371, 320, 152, 293, 7, 382, 319), None
(319, 344, 370, 321, 152, 293, 6, 382, 279), None
(319, 344, 371, 320, 151, 294, 7, 382, 71), None
(319, 344, 371, 320, 151, 294, 7, 382, 268), None
(319, 344, 371, 320, 151, 294, 7, 382, 214), None
(319, 344, 371, 320, 151, 294, 7, 382, 194), None
(319, 344, 371, 320, 151, 294, 7, 382, 265), None
(319, 344, 370, 321, 152, 293, 6, 382, 65), None
(319, 344, 371, 320, 152, 293, 7, 382, 366), None
(319, 344, 371, 320, 151, 294, 7, 382, 221), None
(319, 344, 371, 320, 151, 294, 7, 382, 11), None
(319, 344, 371, 320, 151, 293, 7, 382, 362), None
(319, 344, 371, 320, 151, 294, 7, 382, 62), None
(319, 344, 371, 320, 151, 294, 7, 382, 41), None
(319, 344, 370, 321, 152, 293, 6, 382, 347), None
(319, 344, 371, 320, 151, 294, 7, 382, 304), None
(319, 344, 371, 320, 151, 294, 7, 382, 336), None
(319, 344, 371, 320, 151, 294, 7, 382, 204), None
(319, 344, 371, 320, 151, 294, 7, 382, 254), None
(319, 344, 371, 320, 151, 294, 7, 382, 72), None
(319, 344, 371, 320, 152, 293, 7, 382, 67), None
(319, 344, 370, 321, 152, 293, 6, 382, 39), None
(319, 344, 371, 320, 151, 294, 7, 382, 31), None
(319, 344, 371, 320, 152, 293, 7, 382, 163), None
(319, 344, 371, 320, 151, 294, 7, 382, 175), None
(319, 344, 371, 320, 152, 293, 7, 382, 111), None
(319, 344, 371, 320, 151, 294, 7, 382, 225), None
(319, 344, 371, 320, 151, 293, 7, 382, 364), None
(319, 344, 370, 321, 152, 293, 6, 382, 357), None
(319, 344, 371, 320, 151, 294, 7, 382, 92), None
(319, 344, 371, 320, 152, 293, 7, 382, 131), None
(319, 344, 371, 320, 151, 294, 7, 382, 29), None
(319, 344, 371, 320, 151, 294, 7, 382, 12), None
Sampler:CmaEsSampler
(68, 223, 340, 57, 174, 377, 304, 292, 377), None
(167, 171, 28, 72, 153, 160, 172, 272, 107), 46.0
(199, 207, 200, 71, 143, 120, 135, 104, 95), 50.0
(26, 152, 80, 118, 137, 89, 224, 271, 155), None
(109, 192, 113, 192, 269, 161, 193, 352, 159), None
(165, 83, 135, 55, 187, 177, 146, 222, 73), None
(162, 300, 187, 192, 300, 261, 109, 173, 194), None
(120, 274, 263, 318, 265, 186, 215, 347, 292), 43.0
(233, 99, 164, 273, 186, 230, 202, 230, 105), None
(182, 227, 225, 290, 239, 239, 102, 237, 227), None
(264, 203, 211, 156, 156, 134, 165, 191, 307), None
(229, 168, 101, 134, 386, 226, 226, 331, 217), None
(204, 292, 372, 147, 169, 201, 249, 323, 184), 48.0
(281, 274, 242, 135, 169, 155, 293, 165, 141), 45.0
(148, 148, 196, 256, 140, 293, 196, 141, 110), None
(138, 285, 237, 163, 297, 279, 104, 202, 268), 48.0
(187, 255, 311, 156, 232, 190, 292, 238, 190), None
(221, 213, 243, 226, 284, 288, 241, 180, 221), None
(262, 279, 243, 148, 291, 205, 262, 96, 193), None
(197, 238, 191, 288, 294, 105, 299, 202, 200), 46.0
(66, 273, 220, 316, 260, 202, 195, 194, 225), 56.0
(106, 284, 164, 264, 196, 182, 290, 242, 271), 50.0
(275, 259, 142, 132, 280, 54, 203, 125, 326), 40.0
(74, 271, 199, 276, 242, 193, 212, 222, 93), 40.0
(100, 253, 130, 282, 198, 158, 161, 234, 171), 51.0
(158, 314, 211, 166, 281, 88, 221, 218, 208), 42.0
(36, 273, 240, 254, 163, 130, 269, 291, 292), 39.0
(120, 217, 242, 162, 159, 228, 177, 258, 135), 44.0
(176, 201, 166, 153, 195, 154, 258, 242, 224), 42.0
(140, 249, 262, 261, 242, 198, 322, 295, 163), 55.0
(184, 281, 191, 237, 257, 98, 181, 223, 191), None
(165, 318, 199, 171, 232, 218, 218, 119, 190), None
(129, 161, 121, 209, 126, 155, 119, 236, 184), 43.0
(94, 216, 197, 197, 300, 105, 183, 214, 130), None
(185, 314, 215, 245, 260, 227, 181, 229, 158), 46.0
(202, 207, 215, 328, 179, 120, 105, 189, 232), None
(197, 249, 348, 236, 162, 175, 275, 206, 235), 48.0
(128, 238, 243, 333, 272, 96, 153, 139, 245), None
(138, 226, 185, 182, 207, 227, 201, 310, 216), 52.0
(48, 203, 167, 223, 241, 151, 216, 294, 177), None
(145, 178, 270, 179, 187, 295, 233, 280, 96), None
(244, 248, 130, 179, 311, 218, 271, 221, 203), 46.0
(127, 219, 236, 286, 260, 174, 229, 286, 135), None
(186, 336, 252, 226, 139, 227, 258, 237, 229), 50.0
(76, 330, 130, 314, 241, 173, 353, 365, 266), 46.0
(64, 142, 272, 142, 204, 136, 315, 251, 240), None
(96, 268, 257, 200, 153, 207, 192, 218, 318), None
(81, 303, 163, 265, 172, 190, 200, 245, 196), 53.0
(155, 210, 218, 298, 260, 143, 295, 234, 19), 56.0
(203, 174, 286, 297, 179, 205, 193, 229, 227), 50.0
(250, 339, 163, 162, 192, 120, 179, 297, 210), 46.0
(231, 231, 287, 215, 205, 341, 310, 312, 149), None
(86, 232, 141, 259, 233, 94, 243, 263, 179), None
(158, 269, 180, 189, 167, 164, 205, 262, 134), 61.0
(182, 279, 130, 236, 84, 219, 233, 177, 253), None
(189, 114, 291, 177, 248, 219, 274, 313, 208), None
(156, 301, 220, 213, 113, 201, 180, 333, 180), None
(208, 163, 210, 222, 238, 193, 287, 331, 217), 43.0
(123, 294, 225, 235, 201, 154, 319, 244, 181), 52.0
(154, 279, 109, 251, 199, 183, 311, 245, 46), None
(192, 303, 229, 235, 163, 150, 304, 254, 65), 38.0
(185, 360, 272, 212, 121, 238, 243, 281, 274), 48.0
(65, 206, 184, 245, 259, 232, 235, 291, 131), None
(122, 239, 188, 261, 73, 208, 152, 233, 177), None
(129, 188, 141, 204, 212, 195, 241, 190, 209), 49.0
(66, 207, 210, 228, 171, 212, 130, 273, 174), 42.0
(97, 376, 207, 143, 219, 217, 265, 174, 124), None
(207, 281, 83, 248, 89, 188, 274, 333, 153), 40.0
(129, 249, 224, 251, 168, 143, 307, 257, 116), 38.0
(96, 287, 167, 205, 284, 136, 280, 248, 111), None
(151, 297, 206, 305, 96, 200, 219, 258, 54), None
(116, 306, 221, 155, 202, 115, 138, 216, 152), None
(201, 259, 154, 272, 181, 184, 231, 178, 33), 40.0
(134, 239, 244, 233, 184, 183, 312, 172, 186), None
(143, 325, 297, 222, 313, 213, 272, 302, 81), 43.0
(153, 205, 95, 337, 122, 150, 169, 194, 87), 53.0
(155, 347, 205, 287, 306, 150, 326, 101, 90), 42.0
(75, 160, 134, 291, 75, 107, 253, 176, 98), None
(64, 242, 134, 278, 142, 192, 264, 148, 127), 43.0
(91, 295, 236, 290, 116, 138, 176, 177, 165), 48.0
(105, 267, 145, 197, 231, 141, 300, 135, 127), 40.0
(131, 198, 228, 319, 131, 135, 187, 208, 150), None
(133, 201, 239, 305, 248, 159, 228, 299, 100), 48.0
(149, 236, 97, 166, 164, 207, 141, 196, 208), None
(127, 248, 155, 169, 196, 128, 230, 296, 132), 54.0
(140, 232, 156, 320, 230, 152, 211, 208, 130), None
(31, 269, 134, 246, 181, 125, 224, 159, 195), 46.0
(199, 148, 113, 210, 245, 226, 185, 307, 132), None
(188, 182, 144, 356, 230, 220, 205, 163, 93), 60.0
(140, 250, 70, 248, 167, 130, 206, 266, 131), 51.0
(118, 226, 140, 301, 76, 105, 131, 158, 244), 52.0
(137, 207, 108, 301, 161, 174, 208, 221, 195), 52.0
(139, 218, 183, 324, 166, 127, 100, 148, 231), 47.0
(164, 201, 93, 244, 216, 190, 205, 195, 77), None
(158, 195, 179, 359, 217, 268, 260, 179, 93), None
(124, 183, 197, 354, 252, 208, 199, 134, 193), 42.0
(151, 264, 189, 295, 216, 212, 246, 269, 174), 51.0
(190, 250, 133, 287, 228, 150, 183, 261, 70), 44.0
(141, 93, 95, 256, 222, 130, 254, 216, 91), None
(160, 233, 168, 220, 261, 155, 208, 206, 200), None
(59, 247, 79, 271, 169, 148, 226, 152, 168), None
(232, 179, 149, 289, 214, 165, 214, 214, 31), None
(165, 216, 151, 300, 222, 112, 198, 236, 52), 48.0
(133, 220, 85, 252, 113, 154, 291, 214, 59), None
(204, 147, 186, 325, 265, 280, 225, 170, 217), 50.0
(175, 92, 189, 352, 221, 172, 163, 236, 264), 40.0
(158, 151, 120, 281, 173, 171, 118, 233, 158), None
(138, 273, 116, 315, 209, 188, 195, 164, 171), 48.0
(175, 277, 175, 265, 179, 105, 215, 283, 176), None
(103, 185, 113, 399, 147, 177, 265, 198, 173), None
(161, 211, 109, 363, 169, 147, 211, 194, 168), None
(97, 242, 238, 264, 213, 174, 182, 206, 145), None
(96, 137, 134, 388, 190, 144, 116, 227, 135), None
(107, 260, 120, 309, 177, 223, 151, 105, 151), None
(128, 277, 143, 232, 177, 228, 177, 270, 157), None
(90, 258, 92, 273, 219, 230, 181, 190, 149), 48.0
(228, 97, 121, 310, 284, 276, 221, 208, 171), None
(161, 243, 195, 311, 189, 101, 178, 234, 203), 54.0
(159, 282, 243, 304, 219, 138, 209, 246, 225), 52.0
(165, 217, 158, 217, 205, 204, 238, 277, 202), None
(99, 240, 213, 240, 143, 67, 124, 232, 142), None
(185, 269, 212, 311, 207, 182, 191, 241, 223), 48.0
(150, 299, 180, 333, 260, 107, 232, 270, 172), None
(167, 271, 218, 321, 191, 210, 181, 219, 161), 46.0
(161, 263, 153, 267, 185, 147, 301, 119, 282), 51.0
(98, 280, 78, 327, 105, 172, 196, 187, 171), None
(194, 231, 169, 347, 244, 146, 213, 255, 149), None
(171, 275, 139, 264, 162, 174, 187, 265, 186), 50.0
(220, 262, 221, 375, 205, 224, 149, 213, 186), 51.0
(211, 294, 167, 355, 192, 74, 142, 208, 309), 56.0
(126, 269, 180, 250, 177, 181, 145, 176, 102), 47.0
(140, 282, 221, 331, 274, 160, 234, 306, 201), 52.0
(123, 313, 142, 291, 156, 172, 148, 214, 164), 51.0
(168, 220, 146, 334, 235, 159, 130, 172, 256), None
(185, 341, 238, 327, 201, 51, 234, 277, 207), 36.0
(224, 228, 195, 325, 266, 124, 238, 226, 240), None
(213, 209, 185, 399, 193, 146, 169, 233, 277), None
(146, 270, 164, 293, 163, 133, 182, 240, 192), 50.0
(217, 296, 276, 380, 140, 136, 198, 197, 268), 46.0
(235, 267, 185, 355, 195, 224, 240, 179, 216), 58.0
(187, 355, 209, 275, 225, 101, 247, 203, 311), 46.0
(168, 208, 181, 343, 176, 118, 145, 147, 194), 48.0
(180, 224, 179, 281, 289, 136, 138, 280, 188), 54.0
(237, 258, 202, 301, 178, 67, 241, 176, 167), 46.0
(123, 312, 150, 297, 267, 119, 159, 132, 276), 42.0
(169, 262, 137, 385, 247, 66, 184, 229, 274), 45.0
(201, 244, 134, 339, 174, 207, 185, 303, 190), 46.0
(103, 241, 172, 363, 218, 147, 239, 221, 156), 54.0
(216, 317, 245, 373, 170, 209, 215, 176, 239), 54.0
(241, 310, 182, 326, 245, 127, 179, 220, 162), 44.0
(245, 234, 118, 380, 196, 153, 149, 184, 192), 46.0
(191, 254, 211, 332, 194, 176, 176, 203, 217), None
(195, 264, 171, 332, 242, 177, 147, 229, 255), None
(220, 251, 231, 265, 238, 192, 175, 193, 272), 55.0
(187, 192, 182, 305, 215, 232, 176, 269, 178), None
(158, 226, 176, 333, 255, 205, 189, 241, 179), None
(169, 243, 194, 294, 261, 209, 222, 278, 205), 38.0
(183, 205, 132, 274, 200, 224, 231, 194, 196), 42.0
(167, 238, 227, 273, 198, 268, 254, 191, 209), 48.0
(256, 244, 148, 300, 165, 159, 158, 189, 208), None
(206, 267, 112, 280, 234, 181, 165, 208, 188), 49.0
(189, 300, 178, 370, 229, 165, 160, 140, 297), 40.0
(118, 245, 156, 387, 170, 206, 221, 198, 227), 44.0
(155, 195, 147, 334, 178, 148, 183, 187, 151), 54.0
(249, 297, 195, 307, 178, 193, 230, 183, 237), 52.0
(154, 273, 201, 321, 260, 248, 191, 226, 270), 46.0
(180, 303, 191, 337, 238, 193, 204, 266, 231), 48.0
(200, 253, 245, 347, 185, 165, 247, 225, 232), None
(233, 349, 179, 360, 187, 224, 209, 192, 287), None
(183, 266, 265, 345, 212, 206, 226, 207, 226), None
(158, 274, 181, 328, 264, 150, 212, 232, 187), None
(222, 262, 181, 311, 311, 186, 90, 184, 191), None
(194, 284, 246, 307, 251, 127, 183, 241, 272), 50.0
(232, 284, 247, 367, 233, 163, 190, 181, 245), None
(161, 280, 279, 237, 257, 223, 228, 243, 242), 52.0
(186, 172, 209, 354, 272, 232, 197, 227, 238), None
(130, 277, 190, 275, 245, 130, 174, 262, 179), None
(180, 288, 201, 265, 248, 202, 198, 226, 329), 53.0
(136, 257, 248, 306, 248, 186, 189, 143, 230), None
(182, 212, 172, 356, 163, 186, 214, 212, 241), None
(217, 250, 167, 340, 248, 192, 248, 270, 248), None
(250, 290, 258, 328, 232, 176, 246, 176, 165), None
(191, 260, 254, 218, 240, 212, 154, 220, 194), 45.0
(137, 319, 208, 300, 125, 199, 207, 270, 277), 52.0
(208, 220, 157, 291, 194, 185, 187, 163, 208), None
(165, 272, 169, 315, 200, 181, 243, 307, 212), 52.0
(208, 256, 184, 322, 213, 154, 245, 178, 240), None
(121, 257, 116, 319, 219, 146, 225, 168, 149), 55.0
(190, 224, 196, 289, 269, 156, 204, 189, 210), 54.0
(225, 227, 174, 335, 173, 227, 212, 143, 223), None
(189, 301, 187, 306, 206, 155, 250, 241, 185), 45.0
(151, 263, 153, 280, 248, 113, 252, 190, 185), None
(175, 277, 128, 309, 215, 123, 190, 255, 233), None
(186, 205, 195, 351, 198, 182, 257, 200, 154), 46.0
(174, 346, 234, 327, 187, 167, 212, 190, 289), 52.0
(181, 262, 180, 298, 201, 193, 219, 181, 180), None
(223, 218, 202, 323, 221, 181, 136, 197, 244), 45.0
(172, 237, 153, 331, 197, 173, 104, 222, 200), 55.0
(251, 266, 220, 376, 212, 118, 151, 193, 306), 48.0
(157, 263, 191, 345, 193, 179, 176, 199, 230), 54.0
(109, 214, 104, 345, 190, 110, 155, 153, 137), None
(150, 217, 137, 323, 217, 197, 152, 205, 161), None
(122, 242, 100, 316, 187, 219, 200, 136, 191), 43.0
(143, 271, 247, 275, 192, 174, 216, 243, 183), 46.0
(128, 221, 96, 313, 222, 164, 223, 159, 99), None
(175, 210, 168, 285, 208, 153, 208, 223, 188), None
(193, 231, 197, 256, 237, 166, 198, 193, 225), None
(141, 311, 135, 306, 226, 141, 181, 226, 181), None
(202, 227, 185, 332, 146, 114, 188, 178, 175), None
(111, 243, 124, 343, 203, 106, 168, 185, 192), None
(176, 230, 174, 326, 255, 150, 222, 202, 140), None
(105, 231, 106, 318, 185, 130, 157, 138, 105), None
(125, 267, 182, 272, 219, 124, 225, 281, 235), 52.0
(161, 243, 151, 305, 211, 219, 214, 134, 186), 43.0
(154, 292, 161, 268, 192, 178, 136, 141, 161), None
(168, 228, 93, 282, 205, 178, 172, 151, 175), 43.0
(175, 215, 158, 336, 173, 131, 191, 167, 138), 48.0
(216, 240, 148, 330, 221, 185, 163, 259, 201), 48.0
(132, 276, 212, 305, 189, 167, 208, 188, 203), 47.0
(177, 240, 99, 303, 158, 185, 172, 178, 143), None
(185, 264, 145, 287, 156, 115, 252, 148, 208), None
(148, 298, 156, 324, 183, 199, 129, 202, 172), 50.0
(187, 228, 154, 320, 163, 142, 177, 245, 223), 48.0
(142, 281, 179, 357, 224, 167, 184, 230, 207), 52.0
(152, 279, 146, 350, 235, 153, 201, 244, 208), 44.0
(157, 259, 172, 285, 203, 175, 189, 196, 213), 50.0
(121, 229, 149, 329, 234, 120, 157, 260, 210), 50.0
(77, 217, 94, 308, 268, 172, 183, 277, 190), None
(173, 261, 229, 272, 163, 234, 195, 226, 274), 53.0
(161, 270, 149, 305, 198, 150, 211, 194, 215), 52.0
(144, 268, 112, 292, 205, 192, 191, 198, 213), 45.0
(131, 280, 239, 291, 254, 152, 196, 209, 235), 56.0
(159, 263, 205, 308, 180, 140, 161, 199, 245), 44.0
(141, 231, 234, 331, 268, 227, 248, 218, 241), 55.0
(123, 265, 224, 343, 247, 175, 177, 187, 275), 44.0
(171, 228, 170, 326, 218, 206, 168, 186, 139), 48.0
(134, 322, 214, 331, 200, 180, 195, 226, 242), 58.0
(153, 253, 239, 295, 205, 166, 209, 219, 217), 48.0
(167, 306, 246, 294, 276, 155, 185, 198, 253), 52.0
(124, 276, 199, 288, 193, 148, 238, 178, 203), 41.0
(120, 282, 238, 306, 204, 150, 166, 165, 252), 50.0
(130, 207, 206, 263, 236, 180, 180, 226, 188), None
(150, 304, 228, 325, 251, 85, 191, 160, 239), 46.0
(94, 275, 263, 257, 265, 179, 225, 212, 256), None
(158, 255, 158, 272, 223, 179, 207, 216, 190), None
(99, 242, 210, 306, 278, 171, 172, 187, 225), None
(154, 290, 258, 264, 200, 221, 240, 259, 291), 42.0
(168, 307, 211, 310, 291, 208, 172, 228, 218), 47.0
(124, 338, 227, 322, 275, 193, 240, 232, 233), None
(136, 295, 251, 333, 157, 217, 211, 231, 265), 52.0
(154, 285, 246, 332, 239, 201, 183, 211, 272), 46.0
(134, 286, 268, 341, 219, 191, 179, 212, 260), 38.0
(135, 320, 232, 336, 261, 178, 229, 173, 229), None
(179, 275, 258, 333, 235, 268, 234, 191, 290), None
(145, 257, 184, 329, 181, 199, 168, 161, 218), 44.0
(182, 303, 226, 371, 285, 217, 230, 180, 217), None
(149, 267, 200, 308, 203, 188, 238, 198, 206), 47.0
(109, 291, 245, 272, 266, 210, 217, 212, 228), 53.0
(138, 278, 172, 349, 214, 181, 186, 193, 183), 51.0
(139, 244, 241, 296, 249, 186, 231, 220, 224), 50.0
(171, 288, 258, 316, 239, 228, 216, 215, 243), 53.0
(133, 292, 277, 272, 255, 217, 235, 217, 235), None
(112, 282, 265, 317, 212, 221, 201, 229, 239), 46.0
(143, 316, 263, 317, 239, 217, 222, 207, 258), 50.0
(123, 275, 259, 288, 229, 200, 200, 252, 252), None
(110, 351, 238, 326, 243, 253, 226, 272, 263), None
(147, 319, 257, 304, 227, 161, 151, 201, 267), 40.0
(162, 243, 195, 282, 250, 209, 232, 197, 229), None
(143, 312, 257, 296, 211, 217, 238, 202, 227), 44.0
(103, 261, 227, 327, 234, 212, 191, 215, 234), None
(144, 327, 249, 271, 224, 296, 230, 215, 285), None
(141, 274, 278, 231, 262, 207, 203, 220, 202), 50.0
(113, 261, 215, 258, 246, 137, 146, 208, 264), None
(153, 294, 188, 283, 224, 172, 216, 213, 245), 44.0
(117, 290, 238, 303, 227, 215, 197, 197, 275), None
(175, 254, 223, 307, 232, 190, 251, 212, 260), None
(87, 281, 221, 309, 265, 220, 221, 199, 163), None
(82, 333, 260, 277, 250, 224, 214, 203, 245), 50.0
(137, 254, 249, 337, 232, 233, 209, 193, 260), None
(128, 269, 220, 293, 185, 201, 227, 236, 251), 42.0
(133, 245, 244, 289, 217, 204, 261, 206, 227), 42.0
(147, 270, 244, 301, 261, 187, 200, 214, 197), 46.0
(130, 277, 298, 309, 270, 268, 244, 196, 222), 44.0
(100, 343, 273, 286, 241, 213, 181, 175, 289), 50.0
(140, 287, 269, 308, 209, 197, 217, 192, 247), 44.0
(104, 257, 215, 290, 225, 191, 210, 212, 218), 56.0
(166, 279, 273, 284, 274, 190, 244, 205, 231), 54.0
(130, 322, 282, 317, 191, 245, 178, 241, 247), 42.0
(79, 321, 279, 243, 257, 221, 210, 203, 259), None
(115, 318, 273, 265, 223, 224, 193, 166, 234), None
(99, 345, 317, 326, 288, 177, 210, 196, 295), None
(148, 289, 300, 248, 272, 221, 244, 228, 235), 52.0
(123, 306, 303, 298, 265, 192, 191, 237, 238), 42.0
(90, 304, 270, 244, 262, 207, 175, 222, 210), 53.0
(171, 342, 265, 319, 256, 182, 188, 223, 275), None
(135, 318, 303, 289, 232, 206, 209, 240, 275), None
(102, 293, 287, 351, 256, 221, 196, 222, 288), None
(133, 343, 341, 276, 256, 269, 224, 188, 275), None
(130, 311, 237, 307, 263, 210, 228, 169, 223), 44.0
(127, 254, 215, 290, 276, 186, 224, 222, 221), 43.0
(119, 263, 197, 301, 189, 136, 192, 202, 166), 52.0
(109, 295, 232, 347, 224, 200, 218, 197, 259), None
(114, 321, 266, 277, 206, 196, 218, 189, 266), None
(144, 270, 254, 348, 253, 220, 228, 179, 203), 45.0
(159, 284, 227, 297, 203, 177, 221, 211, 233), None
(87, 283, 236, 255, 275, 183, 188, 217, 215), None
(154, 309, 223, 289, 219, 197, 203, 211, 241), 44.0
(132, 282, 260, 271, 246, 183, 208, 234, 197), 48.0
(149, 230, 230, 230, 241, 212, 188, 221, 215), None
(134, 256, 255, 290, 244, 169, 196, 218, 230), None
(149, 279, 268, 342, 245, 197, 246, 187, 242), 49.0
(114, 264, 261, 287, 238, 173, 244, 215, 205), None
(123, 297, 271, 245, 244, 177, 211, 204, 200), 47.0
(162, 276, 247, 265, 231, 165, 216, 180, 229), 50.0
(155, 238, 222, 343, 250, 172, 199, 207, 219), 46.0
(155, 273, 249, 251, 270, 198, 197, 258, 231), None
(134, 235, 188, 323, 241, 198, 208, 220, 183), 49.0
(132, 282, 194, 320, 215, 130, 209, 177, 229), 52.0
(135, 298, 199, 277, 260, 176, 205, 234, 181), 48.0
(112, 285, 194, 323, 186, 131, 226, 198, 197), 44.0
(152, 317, 258, 325, 226, 196, 230, 201, 258), None
(136, 241, 189, 333, 175, 165, 185, 235, 183), 50.0
(125, 277, 263, 336, 221, 192, 228, 207, 245), 43.0
(130, 245, 201, 340, 214, 176, 196, 213, 240), 42.0
(151, 273, 204, 319, 238, 180, 212, 196, 201), 42.0
(142, 281, 189, 303, 210, 133, 187, 219, 225), 50.0
(125, 287, 237, 308, 240, 140, 201, 182, 190), 46.0
(164, 265, 218, 330, 216, 204, 221, 194, 236), 48.0
(125, 318, 187, 341, 186, 155, 183, 225, 230), 48.0
(165, 256, 237, 326, 242, 150, 207, 180, 220), None
(169, 261, 186, 347, 217, 168, 195, 226, 208), 56.0
(177, 266, 235, 283, 209, 170, 232, 226, 241), None
(129, 237, 151, 316, 225, 149, 195, 189, 194), 47.0
(92, 277, 215, 285, 269, 187, 210, 211, 224), 50.0
(149, 288, 202, 315, 210, 108, 191, 205, 232), None
(149, 262, 183, 323, 215, 105, 234, 167, 260), 50.0
(143, 330, 231, 332, 206, 136, 198, 202, 253), 56.0
(167, 221, 224, 350, 254, 171, 219, 199, 231), 45.0
(154, 243, 184, 335, 181, 166, 189, 217, 177), 52.0
(121, 278, 184, 301, 210, 116, 194, 217, 223), 54.0
(103, 269, 201, 272, 191, 143, 190, 220, 227), 54.0
(144, 291, 219, 302, 236, 142, 167, 243, 281), 48.0
(142, 270, 199, 279, 230, 153, 177, 237, 200), 48.0
(158, 251, 184, 332, 192, 116, 207, 248, 192), None
(105, 278, 175, 349, 214, 125, 183, 216, 190), 48.0
(160, 280, 198, 337, 166, 160, 190, 223, 270), None
(121, 277, 222, 289, 216, 152, 186, 184, 206), 46.0
(110, 293, 202, 287, 214, 109, 174, 236, 231), None
(181, 237, 197, 309, 233, 154, 203, 197, 179), None
(139, 297, 181, 343, 195, 167, 199, 245, 227), 46.0
(102, 277, 208, 285, 224, 157, 160, 217, 219), 42.0
(130, 277, 169, 308, 201, 116, 192, 205, 239), 52.0
(144, 331, 219, 309, 256, 207, 218, 219, 243), None
(124, 314, 207, 306, 238, 139, 192, 216, 250), 52.0
(137, 281, 208, 336, 222, 159, 197, 223, 207), 46.0
(111, 282, 198, 317, 245, 137, 189, 220, 260), None
(119, 330, 317, 267, 307, 203, 228, 201, 297), 46.0
(134, 281, 180, 317, 192, 152, 200, 239, 217), 52.0
(140, 280, 204, 307, 212, 131, 191, 218, 231), 38.0
(153, 348, 239, 300, 247, 181, 211, 200, 287), 48.0
(108, 283, 170, 324, 234, 131, 163, 236, 232), None
(135, 299, 176, 304, 204, 116, 167, 224, 229), 48.0
(91, 275, 186, 298, 215, 128, 194, 216, 265), 51.0
(127, 287, 192, 330, 225, 132, 202, 233, 276), None
(129, 291, 210, 309, 246, 103, 221, 229, 298), 50.0
(124, 254, 206, 320, 206, 100, 199, 221, 262), None
(96, 247, 199, 284, 217, 106, 176, 205, 201), None
(101, 261, 193, 278, 246, 94, 172, 237, 261), None
(134, 312, 134, 331, 211, 97, 145, 240, 238), None
(154, 292, 177, 306, 220, 157, 190, 234, 216), 55.0
(135, 272, 164, 297, 203, 113, 200, 253, 238), None
(112, 269, 192, 299, 221, 122, 188, 220, 239), 38.0
(134, 308, 158, 280, 235, 157, 172, 247, 269), 48.0
(120, 314, 187, 314, 237, 130, 192, 198, 275), None
(144, 312, 227, 280, 215, 130, 179, 217, 230), 58.0
(101, 296, 184, 329, 184, 119, 182, 200, 262), None
(121, 342, 262, 247, 211, 124, 195, 217, 253), 40.0
(179, 272, 255, 294, 243, 134, 192, 200, 219), None
(135, 289, 163, 311, 231, 116, 157, 215, 181), 57.0
(143, 287, 247, 253, 262, 158, 219, 222, 228), 48.0
(146, 310, 238, 282, 224, 176, 203, 215, 262), 47.0
(131, 273, 188, 290, 200, 136, 181, 219, 201), 34.0
(125, 302, 158, 305, 202, 119, 167, 215, 231), 48.0
(96, 302, 207, 312, 198, 107, 183, 234, 294), None
(106, 308, 201, 290, 214, 161, 198, 241, 228), 44.0
(132, 285, 168, 276, 199, 143, 157, 217, 239), 52.0
(146, 279, 175, 299, 191, 133, 164, 242, 242), None
(152, 287, 200, 267, 197, 116, 191, 243, 195), 46.0
(149, 249, 185, 284, 191, 146, 189, 205, 252), 52.0
(171, 230, 165, 273, 219, 141, 146, 236, 200), 47.0
(139, 285, 163, 283, 204, 123, 173, 232, 207), None
(162, 275, 159, 329, 185, 110, 178, 203, 266), None
(131, 251, 166, 293, 215, 85, 141, 189, 177), 50.0
(146, 274, 178, 276, 229, 104, 182, 210, 227), 52.0
(148, 297, 202, 308, 268, 156, 199, 201, 248), 46.0
(128, 286, 165, 260, 230, 146, 142, 205, 225), 55.0
(132, 284, 196, 282, 235, 123, 159, 192, 204), 42.0
(148, 276, 192, 278, 211, 128, 191, 201, 190), None
(134, 281, 131, 306, 206, 141, 168, 215, 190), 44.0
(125, 259, 152, 254, 227, 140, 163, 208, 150), 50.0
(98, 304, 188, 296, 201, 128, 176, 219, 233), None
(131, 286, 155, 297, 229, 102, 147, 227, 243), 44.0
(136, 271, 179, 284, 216, 119, 160, 219, 243), 52.0
(131, 255, 199, 247, 251, 136, 148, 211, 231), None
(162, 296, 150, 290, 216, 119, 120, 231, 225), 43.0
(124, 306, 132, 306, 204, 124, 141, 221, 193), None
(137, 304, 162, 291, 246, 124, 170, 178, 209), 52.0
(126, 281, 199, 246, 204, 140, 147, 240, 234), 52.0
(119, 279, 166, 292, 209, 112, 152, 210, 191), 47.0
(184, 291, 188, 314, 203, 149, 174, 189, 233), None
(158, 263, 170, 264, 245, 123, 182, 165, 212), 51.0
(130, 263, 179, 285, 273, 152, 141, 197, 201), 48.0
(160, 290, 180, 250, 253, 95, 178, 206, 261), 47.0
(103, 261, 163, 246, 231, 83, 146, 188, 217), 54.0
(128, 313, 172, 314, 230, 93, 167, 230, 212), None
(125, 247, 171, 238, 253, 120, 169, 206, 175), 47.0
(179, 277, 214, 304, 218, 159, 187, 217, 209), 56.0
(141, 255, 159, 308, 218, 100, 159, 207, 206), None
(137, 284, 213, 278, 272, 125, 153, 232, 229), None
(140, 291, 225, 278, 238, 182, 191, 198, 221), 46.0
(183, 284, 192, 280, 224, 115, 167, 204, 208), None
(181, 259, 197, 295, 225, 155, 207, 215, 206), 50.0
(145, 287, 185, 292, 230, 136, 190, 211, 227), 44.0
(149, 275, 181, 295, 214, 125, 161, 197, 208), 62.0
(159, 306, 214, 273, 236, 158, 189, 204, 230), 49.0
(141, 290, 194, 281, 241, 169, 165, 195, 246), 48.0
(157, 275, 202, 253, 229, 142, 184, 185, 225), 44.0
(99, 313, 202, 265, 238, 123, 172, 209, 221), None
(162, 257, 178, 292, 193, 115, 165, 215, 221), None
(148, 296, 187, 270, 221, 164, 168, 180, 210), 40.0
(136, 294, 191, 300, 239, 139, 147, 189, 196), 48.0
(134, 276, 170, 261, 240, 63, 148, 203, 215), 44.0
(153, 239, 181, 310, 227, 99, 152, 191, 193), None
(180, 256, 172, 287, 186, 133, 172, 201, 178), None
(176, 279, 194, 264, 207, 113, 183, 201, 239), None
(153, 273, 166, 309, 213, 139, 164, 202, 194), 50.0
(157, 273, 189, 300, 227, 140, 192, 191, 230), 44.0
(161, 277, 204, 270, 211, 155, 182, 225, 199), 46.0
(171, 310, 184, 325, 217, 150, 186, 216, 213), 51.0
(136, 290, 198, 295, 242, 156, 186, 210, 248), 44.0
(165, 290, 203, 325, 192, 135, 162, 188, 245), 48.0
(159, 298, 204, 312, 241, 132, 186, 198, 237), 54.0
(110, 282, 176, 293, 208, 125, 178, 198, 191), None
(172, 271, 190, 305, 209, 143, 176, 220, 215), 46.0
(151, 300, 178, 290, 210, 142, 178, 212, 232), None
(176, 233, 198, 280, 219, 163, 175, 197, 217), None
(163, 278, 173, 279, 217, 120, 164, 210, 190), 42.0
(154, 267, 167, 329, 208, 120, 180, 203, 177), 54.0
(149, 299, 192, 302, 224, 128, 186, 231, 232), None
(172, 272, 188, 336, 231, 148, 197, 212, 212), None
(146, 284, 183, 330, 225, 134, 177, 208, 241), 46.0
(144, 289, 208, 319, 201, 137, 171, 204, 208), None
(160, 285, 173, 337, 208, 116, 185, 215, 219), 51.0
(141, 288, 170, 330, 205, 118, 162, 182, 211), 46.0
(136, 313, 203, 319, 217, 131, 195, 188, 236), 48.0
(152, 301, 186, 333, 221, 136, 185, 198, 216), 45.0
(139, 299, 182, 348, 218, 130, 191, 221, 189), 50.0
(140, 275, 188, 324, 242, 101, 184, 197, 206), 55.0
(163, 307, 182, 348, 232, 124, 187, 191, 210), None
(152, 267, 143, 324, 199, 111, 156, 185, 196), None
(180, 314, 222, 339, 237, 144, 196, 200, 227), 44.0
(166, 302, 183, 319, 233, 121, 160, 201, 208), None
(172, 284, 147, 308, 225, 115, 151, 203, 210), None
(142, 310, 196, 318, 222, 129, 181, 199, 246), 42.0
(164, 297, 164, 313, 198, 129, 176, 211, 205), None
(148, 282, 216, 304, 226, 144, 180, 199, 218), 45.0
(137, 311, 190, 321, 200, 102, 212, 202, 210), 45.0
(152, 311, 170, 306, 218, 102, 170, 186, 245), None
(151, 281, 191, 347, 204, 117, 207, 199, 236), 46.0
(155, 295, 181, 344, 231, 118, 184, 228, 226), 50.0
(154, 277, 195, 300, 237, 133, 181, 209, 206), 52.0
(158, 296, 178, 318, 230, 102, 184, 211, 200), 52.0
(141, 284, 178, 313, 207, 106, 176, 215, 204), 50.0
(153, 282, 192, 316, 231, 105, 205, 193, 219), 60.0
(153, 280, 157, 314, 222, 110, 175, 208, 209), None
(140, 287, 150, 328, 197, 103, 171, 203, 191), 54.0
(150, 293, 200, 328, 263, 133, 199, 196, 210), 36.0
(147, 290, 197, 331, 216, 106, 189, 196, 204), 46.0
(162, 315, 196, 316, 218, 117, 177, 205, 236), 40.0
(171, 276, 183, 381, 203, 103, 212, 205, 193), 50.0
(160, 292, 201, 310, 232, 135, 229, 205, 214), None
(133, 266, 179, 311, 234, 94, 170, 195, 197), 51.0
(154, 267, 154, 338, 198, 126, 174, 217, 163), None
(171, 274, 178, 317, 211, 114, 181, 184, 209), None
(153, 285, 170, 324, 214, 137, 189, 212, 197), 51.0
(149, 286, 188, 319, 248, 99, 227, 203, 170), None
(152, 286, 184, 322, 198, 113, 194, 190, 198), None
(158, 290, 179, 329, 235, 117, 184, 191, 207), 50.0
(168, 262, 170, 329, 225, 103, 201, 192, 208), 53.0
(133, 276, 171, 326, 230, 125, 207, 192, 218), 53.0
(131, 294, 177, 341, 218, 73, 180, 180, 239), None
(155, 262, 141, 356, 174, 94, 188, 203, 205), 46.0
(146, 282, 147, 336, 216, 98, 189, 223, 200), None
(160, 287, 190, 342, 228, 101, 191, 206, 204), 46.0
(156, 279, 148, 334, 207, 104, 182, 195, 163), 46.0
(133, 286, 200, 334, 215, 121, 216, 191, 206), 47.0
(147, 276, 169, 348, 217, 138, 203, 183, 212), 44.0
(163, 262, 161, 344, 220, 109, 181, 185, 186), 50.0
(142, 275, 179, 300, 232, 102, 186, 187, 219), None
(172, 255, 148, 378, 214, 68, 196, 178, 180), None
