Sampler:BoTorchSampler
(204, 375, 365, 17, 361, 69, 341, 325, 349), 42.55555555555556
(289, 312, 25, 241, 370, 133, 195, 272, 366), 40.333333333333336
(265, 348, 77, 213, 399, 304, 19, 388, 17), 39.44444444444444
(131, 191, 80, 279, 4, 348, 11, 307, 115), 37.333333333333336
(28, 25, 349, 167, 222, 148, 274, 278, 289), 39.77777777777778
(249, 33, 138, 156, 302, 377, 358, 125, 53), 35.888888888888886
(225, 118, 326, 64, 92, 120, 195, 11, 35), 37.333333333333336
(189, 337, 93, 294, 153, 8, 213, 307, 64), 35.44444444444444
(101, 121, 293, 136, 197, 3, 12, 107, 155), 33.77777777777778
(75, 218, 51, 361, 234, 15, 69, 399, 229), 39.111111111111114
(126, 149, 267, 148, 171, 5, 29, 102, 111), 44.44444444444444
(203, 365, 62, 323, 90, 38, 264, 329, 8), 36.888888888888886
(170, 203, 118, 335, 236, 0, 248, 290, 22), 39.77777777777778
(213, 74, 68, 245, 67, 0, 161, 337, 107), 37.77777777777778
(136, 126, 122, 227, 354, 286, 203, 300, 314), 40.44444444444444
(290, 264, 209, 206, 191, 186, 101, 239, 234), 36.111111111111114
(250, 352, 122, 259, 101, 98, 170, 298, 122), None
(243, 55, 35, 391, 386, 129, 84, 121, 80), 40.888888888888886
(143, 288, 82, 147, 399, 327, 383, 122, 223), 43.333333333333336
(239, 337, 116, 263, 104, 86, 172, 306, 116), None
(207, 283, 215, 351, 94, 127, 349, 56, 285), 40.888888888888886
(238, 333, 111, 259, 105, 87, 164, 316, 109), 45.333333333333336
(195, 174, 67, 285, 310, 109, 286, 46, 314), 42.44444444444444
(235, 95, 229, 127, 16, 155, 205, 307, 11), 37.333333333333336
(164, 303, 227, 7, 226, 83, 201, 110, 44), 41.44444444444444
(196, 231, 294, 313, 262, 96, 318, 385, 291), 47.333333333333336
(342, 162, 154, 300, 277, 185, 137, 240, 18), 38.111111111111114
(261, 59, 333, 340, 66, 247, 24, 253, 233), 35.0
(215, 309, 7, 242, 164, 150, 322, 180, 61), 35.888888888888886
(270, 112, 280, 275, 96, 247, 33, 242, 213), 38.55555555555556
(229, 4, 354, 382, 16, 248, 8, 265, 219), 34.44444444444444
(252, 7, 391, 387, 38, 240, 0, 246, 253), 35.111111111111114
(226, 35, 337, 221, 11, 292, 0, 293, 248), 33.333333333333336
(218, 7, 354, 293, 0, 275, 0, 288, 239), None
(218, 7, 355, 294, 0, 275, 0, 288, 239), None
(218, 7, 354, 294, 0, 275, 0, 288, 239), None
(219, 7, 354, 293, 0, 275, 0, 288, 239), None
(93, 109, 302, 133, 203, 3, 6, 110, 171), 39.44444444444444
Sampler:TPESampler
(96, 170, 79, 28, 109, 292, 88, 262, 370), 43.77777777777778
(326, 84, 180, 377, 285, 243, 134, 253, 340), 42.0
(204, 107, 386, 162, 290, 232, 379, 142, 370), 40.22222222222222
(27, 375, 126, 220, 157, 360, 264, 263, 379), 41.55555555555556
(52, 181, 177, 328, 122, 201, 167, 123, 371), 39.888888888888886
(338, 380, 46, 74, 307, 36, 209, 210, 314), 38.22222222222222
(55, 58, 315, 27, 219, 44, 3, 10, 313), 37.44444444444444
(321, 260, 249, 243, 138, 291, 128, 151, 294), 37.55555555555556
(334, 124, 286, 127, 39, 128, 91, 252, 54), 40.888888888888886
(384, 133, 123, 160, 131, 280, 181, 148, 125), 44.22222222222222
(154, 4, 383, 8, 234, 20, 3, 27, 228), 45.44444444444444
(226, 281, 287, 252, 211, 129, 6, 354, 251), 38.888888888888886
(265, 265, 280, 285, 20, 393, 60, 1, 273), None
(128, 267, 236, 87, 189, 122, 261, 65, 156), 39.666666666666664
(2, 22, 340, 219, 375, 80, 46, 78, 299), 39.55555555555556
(270, 225, 232, 301, 79, 312, 123, 361, 186), 43.44444444444444
(79, 324, 328, 390, 239, 154, 366, 93, 214), 45.111111111111114
(181, 223, 234, 171, 178, 333, 238, 196, 283), 38.22222222222222
(397, 52, 344, 104, 77, 187, 312, 319, 82), 37.666666666666664
(267, 67, 302, 47, 372, 65, 44, 48, 1), 47.333333333333336
(127, 315, 220, 261, 250, 0, 145, 185, 326), 36.111111111111114
(115, 317, 213, 264, 251, 8, 143, 182, 323), 39.55555555555556
(64, 333, 144, 333, 315, 67, 95, 111, 338), None
(154, 231, 256, 196, 153, 45, 199, 161, 255), 43.44444444444444
(29, 289, 195, 248, 208, 81, 115, 221, 290), 36.77777777777778
(30, 355, 2, 314, 211, 1, 34, 312, 240), 34.666666666666664
(4, 352, 7, 347, 258, 5, 60, 312, 184), 39.888888888888886
(34, 301, 80, 289, 338, 81, 103, 308, 245), 37.111111111111114
(113, 396, 4, 311, 186, 100, 152, 397, 208), 40.77777777777778
(86, 349, 52, 364, 269, 0, 67, 231, 350), 39.666666666666664
(33, 297, 160, 263, 343, 36, 220, 285, 396), 40.77777777777778
(28, 302, 89, 285, 333, 100, 112, 295, 245), 37.888888888888886
(84, 354, 84, 228, 281, 162, 102, 218, 269), None
(31, 305, 41, 288, 222, 86, 33, 354, 234), 37.77777777777778
(137, 339, 204, 192, 354, 61, 76, 251, 140), 38.666666666666664
(58, 240, 110, 316, 395, 22, 162, 333, 173), 38.333333333333336
(100, 195, 189, 366, 306, 223, 27, 183, 269), 36.333333333333336
(104, 191, 167, 363, 293, 250, 27, 176, 354), 37.77777777777778
(193, 162, 189, 349, 162, 220, 179, 279, 324), None
(70, 370, 144, 393, 203, 256, 83, 230, 301), 37.55555555555556
(47, 202, 210, 328, 306, 183, 23, 122, 275), 35.666666666666664
(48, 166, 214, 328, 311, 199, 29, 126, 276), 39.77777777777778
(10, 202, 260, 371, 279, 162, 14, 190, 218), 37.55555555555556
(46, 142, 177, 239, 245, 229, 48, 166, 291), 35.111111111111114
(97, 139, 179, 270, 301, 273, 47, 132, 263), 40.22222222222222
(155, 88, 106, 231, 240, 220, 17, 162, 311), 43.22222222222222
(51, 111, 222, 349, 263, 236, 58, 103, 370), 36.666666666666664
(133, 200, 142, 307, 323, 177, 75, 204, 335), 37.888888888888886
(226, 151, 272, 214, 235, 272, 3, 143, 228), None
(74, 246, 164, 327, 293, 300, 37, 161, 288), 41.111111111111114
Sampler:CmaEsSampler
(358, 196, 320, 59, 115, 136, 155, 237, 260), 38.77777777777778
(252, 174, 126, 224, 215, 217, 244, 246, 149), 27.88888888888889
(141, 276, 92, 248, 211, 188, 280, 242, 203), 42.333333333333336
(251, 242, 201, 179, 166, 342, 142, 244, 252), 47.55555555555556
(371, 304, 271, 205, 199, 136, 306, 135, 106), 37.111111111111114
(223, 214, 74, 227, 152, 281, 224, 111, 266), 40.666666666666664
(170, 135, 162, 297, 146, 152, 141, 189, 106), 32.44444444444444
(269, 282, 229, 194, 227, 263, 89, 110, 246), 41.77777777777778
(293, 107, 150, 169, 78, 230, 142, 261, 321), 39.55555555555556
(121, 235, 273, 230, 202, 73, 243, 216, 257), 36.44444444444444
(169, 235, 138, 175, 200, 193, 206, 233, 207), 30.22222222222222
(202, 186, 120, 305, 151, 194, 252, 166, 168), 42.0
(281, 145, 88, 202, 139, 237, 212, 153, 105), 37.22222222222222
(231, 43, 165, 215, 205, 213, 342, 351, 115), 37.77777777777778
(302, 224, 88, 164, 241, 229, 264, 312, 163), 41.77777777777778
(278, 215, 144, 245, 242, 162, 184, 259, 276), 36.55555555555556
(137, 258, 271, 276, 216, 185, 200, 157, 203), 36.44444444444444
(293, 263, 171, 129, 206, 174, 160, 196, 137), 31.444444444444443
(254, 200, 159, 234, 274, 150, 264, 215, 95), 43.111111111111114
(196, 251, 307, 236, 167, 144, 211, 219, 10), 36.55555555555556
(165, 196, 134, 194, 194, 305, 363, 239, 121), None
(219, 154, 94, 152, 187, 189, 273, 197, 174), 46.44444444444444
(331, 321, 140, 187, 197, 145, 239, 187, 95), None
(316, 162, 190, 156, 259, 118, 253, 230, 106), 42.44444444444444
(231, 171, 192, 152, 263, 154, 205, 256, 189), 40.22222222222222
(202, 219, 229, 203, 264, 162, 147, 259, 94), 34.666666666666664
(263, 280, 222, 178, 149, 62, 157, 153, 307), 37.22222222222222
(282, 233, 184, 180, 263, 167, 150, 169, 140), 40.333333333333336
(139, 168, 203, 209, 242, 102, 284, 194, 185), 45.44444444444444
(213, 285, 103, 276, 229, 168, 176, 225, 131), 32.888888888888886
(179, 253, 280, 191, 218, 171, 145, 177, 198), 41.888888888888886
(206, 345, 209, 205, 257, 197, 204, 172, 209), None
(259, 266, 166, 103, 235, 245, 270, 135, 152), 31.77777777777778
(209, 296, 240, 155, 188, 154, 195, 98, 211), 43.22222222222222
(235, 233, 97, 142, 265, 157, 240, 231, 91), 35.111111111111114
(113, 267, 191, 183, 282, 194, 229, 252, 142), 40.22222222222222
(266, 226, 127, 101, 274, 246, 119, 250, 118), 40.0
(280, 288, 188, 149, 118, 167, 158, 176, 211), 34.666666666666664
(277, 309, 149, 169, 179, 245, 266, 155, 125), 35.0
(260, 384, 146, 142, 328, 157, 265, 137, 115), 38.333333333333336
(204, 276, 108, 179, 253, 233, 168, 140, 51), 40.0
(174, 202, 115, 138, 149, 234, 272, 263, 150), 39.77777777777778
(213, 314, 213, 211, 235, 211, 254, 152, 115), None
(133, 240, 139, 258, 213, 253, 215, 190, 45), 41.333333333333336
(198, 207, 241, 224, 228, 200, 216, 171, 174), 29.88888888888889
(235, 240, 169, 203, 150, 120, 218, 123, 172), 39.44444444444444
(306, 283, 195, 144, 179, 214, 287, 167, 193), 36.22222222222222
(270, 235, 113, 138, 220, 148, 249, 218, 193), 41.77777777777778
(167, 216, 237, 80, 240, 199, 264, 202, 172), 35.77777777777778
(213, 294, 196, 176, 114, 202, 216, 167, 171), 47.333333333333336
