Sampler:TPESampler
(40, 57, 7, 11, 35, 69, 39, 22, 51), 19.0
(63, 85, 18, 69, 11, 37, 45, 91, 56), 18.0
(91, 50, 21, 70, 0, 22, 59, 97, 98), 14.0
(49, 69, 27, 49, 52, 89, 39, 30, 31), None
(87, 64, 19, 48, 29, 76, 11, 66, 43), 16.0
(71, 16, 2, 31, 69, 58, 58, 46, 45), None
(61, 93, 39, 38, 73, 60, 23, 90, 74), 20.0
(35, 93, 15, 69, 3, 94, 92, 20, 29), 16.0
(4, 48, 38, 85, 0, 21, 54, 81, 58), 18.0
(69, 88, 31, 88, 85, 67, 77, 46, 56), None
(19, 20, 72, 8, 94, 3, 4, 2, 85), 17.0
(43, 38, 61, 1, 40, 46, 25, 64, 75), 20.0
(27, 31, 63, 30, 61, 43, 22, 64, 76), 17.0
(55, 3, 95, 0, 71, 50, 22, 75, 9), 15.0
(81, 36, 50, 27, 38, 33, 23, 62, 76), 18.0
(47, 77, 49, 21, 22, 53, 29, 88, 71), 17.0
(17, 99, 78, 37, 49, 82, 2, 76, 97), 19.0
(58, 39, 51, 99, 76, 62, 15, 53, 68), 17.0
(78, 21, 64, 16, 49, 25, 34, 99, 87), 18.0
(40, 74, 90, 41, 60, 3, 67, 84, 65), 18.0
(1, 46, 41, 60, 93, 41, 10, 55, 82), None
(39, 56, 9, 2, 36, 72, 43, 30, 35), 16.0
(28, 57, 59, 13, 38, 61, 31, 4, 10), 16.0
(20, 97, 72, 38, 49, 84, 1, 74, 97), None
(9, 99, 83, 57, 60, 79, 0, 71, 91), 16.0
(45, 31, 3, 8, 20, 68, 33, 37, 62), 19.0
(57, 61, 39, 21, 31, 47, 50, 21, 19), None
(31, 4, 29, 8, 82, 99, 18, 18, 76), None
(98, 82, 58, 22, 44, 55, 39, 10, 47), 21.0
(69, 82, 56, 22, 43, 56, 40, 13, 48), None
(97, 78, 44, 16, 24, 31, 26, 36, 52), 16.0
(61, 89, 66, 6, 41, 66, 45, 13, 38), None
(40, 68, 70, 25, 16, 46, 36, 9, 23), 14.0
(97, 84, 79, 13, 55, 38, 49, 91, 61), 19.0
(52, 44, 56, 45, 30, 53, 38, 28, 52), None
(86, 72, 13, 36, 10, 75, 65, 59, 41), 18.0
(76, 54, 24, 31, 44, 61, 12, 43, 70), 18.0
(66, 66, 35, 56, 67, 71, 27, 0, 48), None
(46, 88, 46, 0, 33, 55, 18, 94, 29), None
(51, 93, 21, 16, 56, 88, 57, 36, 80), 16.0
(33, 52, 34, 5, 28, 14, 50, 23, 56), 20.0
(93, 83, 79, 13, 54, 13, 49, 90, 61), None
(35, 41, 30, 4, 26, 12, 41, 23, 55), None
(23, 31, 0, 10, 15, 64, 65, 8, 44), 17.0
(34, 62, 34, 19, 44, 26, 54, 17, 56), None
(46, 24, 6, 4, 19, 69, 34, 38, 65), 20.0
(13, 10, 56, 4, 6, 16, 25, 27, 72), 17.0
(43, 25, 16, 25, 26, 50, 31, 42, 66), None
(63, 13, 24, 30, 19, 35, 86, 49, 74), 19.0
(29, 27, 51, 4, 11, 58, 19, 66, 88), 16.0
(51, 53, 44, 0, 65, 0, 44, 80, 81), None
(25, 49, 10, 11, 36, 71, 37, 33, 64), 19.0
(37, 36, 6, 8, 34, 78, 29, 25, 58), 20.0
(36, 35, 5, 17, 29, 76, 8, 23, 59), 17.0
(42, 20, 61, 7, 47, 83, 29, 14, 67), 17.0
(54, 37, 12, 12, 40, 42, 22, 24, 53), None
(32, 42, 19, 50, 33, 91, 33, 41, 79), None
(37, 26, 8, 74, 23, 76, 29, 32, 48), 20.0
(85, 16, 68, 5, 98, 60, 14, 86, 69), 19.0
(38, 94, 8, 76, 17, 79, 35, 33, 47), 18.0
(49, 25, 4, 85, 12, 87, 48, 26, 41), 18.0
(44, 33, 6, 69, 23, 75, 29, 47, 57), 21.0
(44, 28, 7, 78, 23, 73, 28, 50, 58), None
(48, 34, 0, 65, 26, 67, 39, 39, 36), None
(31, 24, 15, 73, 21, 75, 22, 33, 50), 17.0
(37, 21, 26, 91, 76, 64, 31, 31, 45), None
(23, 33, 17, 66, 33, 79, 41, 44, 63), None
(74, 7, 11, 35, 29, 69, 46, 48, 55), 16.0
(60, 17, 5, 80, 7, 80, 24, 7, 58), None
(56, 0, 2, 51, 85, 92, 52, 54, 52), None
(41, 78, 36, 62, 14, 86, 60, 18, 41), None
(45, 40, 53, 43, 36, 46, 19, 39, 72), 16.0
(33, 31, 60, 2, 40, 55, 32, 60, 60), None
(38, 39, 48, 70, 46, 63, 28, 29, 75), 20.0
(82, 45, 40, 84, 46, 65, 35, 29, 66), 17.0
(28, 29, 48, 74, 51, 59, 26, 68, 84), 14.0
(38, 23, 42, 70, 18, 69, 29, 26, 4), 15.0
(47, 91, 20, 66, 24, 51, 43, 15, 54), 17.0
(54, 39, 32, 55, 57, 63, 7, 21, 77), 19.0
(40, 47, 13, 72, 27, 72, 15, 10, 47), None
(43, 36, 64, 27, 38, 77, 21, 45, 92), 18.0
(35, 43, 47, 9, 42, 74, 26, 4, 76), 18.0
(30, 52, 53, 1, 31, 56, 30, 38, 73), None
(26, 37, 7, 80, 46, 7, 34, 57, 69), None
(90, 32, 58, 92, 22, 29, 24, 34, 64), 17.0
(41, 29, 44, 14, 34, 19, 17, 52, 50), 17.0
(50, 58, 51, 7, 50, 66, 36, 79, 74), None
(46, 96, 37, 20, 39, 70, 38, 30, 57), 18.0
(38, 39, 72, 59, 28, 82, 27, 98, 62), 20.0
(38, 81, 74, 59, 52, 97, 28, 99, 62), 18.0
(16, 86, 74, 54, 20, 82, 20, 97, 68), None
(34, 37, 84, 63, 27, 84, 24, 85, 78), None
(43, 50, 67, 69, 31, 77, 32, 92, 70), 17.0
(36, 73, 62, 10, 37, 62, 28, 95, 83), None
(33, 26, 95, 68, 44, 53, 33, 25, 61), None
(39, 39, 2, 33, 29, 81, 41, 20, 65), None
(52, 34, 54, 2, 25, 38, 17, 36, 45), 17.0
(48, 42, 9, 39, 35, 57, 26, 89, 57), None
(45, 22, 14, 5, 14, 85, 97, 40, 54), None
(40, 18, 88, 76, 32, 47, 37, 28, 86), 16.0
(30, 30, 65, 60, 47, 68, 23, 82, 49), None
(54, 40, 31, 54, 62, 63, 12, 21, 76), None
(58, 38, 31, 56, 75, 61, 7, 17, 78), 16.0
(36, 45, 6, 18, 41, 72, 46, 11, 59), 15.0
(42, 62, 3, 15, 22, 77, 30, 24, 51), 17.0
(69, 34, 33, 52, 68, 59, 6, 73, 71), 19.0
(48, 27, 99, 24, 19, 89, 21, 22, 81), 18.0
(99, 86, 69, 12, 73, 39, 56, 93, 63), 20.0
(22, 86, 69, 45, 72, 48, 57, 95, 63), 19.0
(95, 91, 72, 3, 80, 45, 62, 31, 67), 20.0
(99, 90, 72, 3, 80, 43, 72, 47, 56), None
(94, 96, 74, 6, 89, 44, 59, 93, 67), 20.0
(94, 95, 78, 5, 84, 44, 60, 93, 65), None
(94, 92, 58, 7, 89, 36, 62, 31, 67), 18.0
(97, 81, 71, 11, 88, 45, 52, 88, 60), None
(89, 98, 66, 8, 78, 39, 69, 32, 67), 18.0
(93, 76, 81, 1, 94, 49, 64, 35, 74), 18.0
(96, 89, 78, 12, 74, 41, 55, 98, 71), 17.0
(87, 87, 74, 72, 71, 52, 55, 91, 63), None
(98, 91, 76, 9, 81, 33, 58, 96, 75), 18.0
(89, 99, 69, 0, 91, 42, 27, 63, 68), 17.0
(95, 84, 72, 3, 83, 74, 52, 27, 61), 19.0
(99, 94, 28, 6, 87, 55, 30, 88, 55), None
(91, 32, 10, 4, 27, 40, 63, 42, 53), 13.0
(92, 13, 63, 14, 24, 79, 67, 93, 42), 17.0
(38, 70, 76, 48, 79, 50, 61, 77, 59), 18.0
(96, 88, 56, 64, 28, 66, 50, 86, 70), 18.0
(83, 97, 49, 75, 96, 26, 33, 51, 62), 17.0
(44, 94, 45, 10, 16, 9, 24, 29, 47), 21.0
(78, 93, 43, 9, 18, 15, 56, 30, 46), 16.0
(45, 47, 39, 67, 15, 5, 25, 37, 37), None
(41, 96, 46, 71, 22, 3, 22, 29, 48), None
(43, 35, 0, 6, 43, 8, 28, 34, 39), None
(33, 91, 45, 28, 9, 70, 31, 25, 33), None
(37, 94, 41, 11, 48, 21, 35, 32, 51), 17.0
(66, 41, 60, 16, 65, 11, 48, 27, 73), 20.0
(74, 43, 54, 21, 65, 11, 48, 27, 72), 19.0
(63, 19, 62, 15, 66, 14, 53, 97, 66), None
(50, 41, 67, 18, 69, 8, 59, 99, 43), 14.0
(65, 83, 52, 12, 77, 18, 42, 6, 79), 14.0
(46, 25, 49, 7, 72, 54, 45, 23, 74), 15.0
(39, 38, 8, 3, 74, 12, 24, 29, 69), 19.0
(35, 29, 57, 23, 20, 1, 39, 0, 72), 17.0
(44, 36, 70, 10, 54, 82, 26, 69, 64), 20.0
(44, 33, 59, 9, 61, 78, 26, 56, 65), 17.0
(41, 36, 74, 16, 57, 82, 27, 68, 58), 20.0
(41, 89, 73, 5, 58, 80, 28, 94, 57), 16.0
(31, 31, 76, 79, 16, 75, 20, 60, 49), None
(39, 36, 5, 58, 54, 82, 78, 64, 53), 21.0
(37, 36, 4, 83, 53, 83, 32, 71, 54), None
(39, 23, 2, 59, 45, 89, 76, 67, 52), 18.0
(42, 41, 70, 16, 55, 10, 88, 71, 59), 16.0
(46, 35, 81, 13, 63, 45, 23, 64, 56), 19.0
(35, 38, 5, 11, 51, 82, 77, 83, 63), 15.0
(40, 39, 11, 62, 59, 73, 82, 26, 47), 20.0
(48, 43, 12, 58, 59, 85, 80, 62, 44), 18.0
(99, 40, 37, 63, 54, 76, 86, 90, 46), 17.0
(32, 45, 7, 61, 56, 73, 48, 26, 50), 16.0
(40, 33, 10, 74, 63, 78, 83, 19, 53), 19.0
(43, 30, 42, 1, 49, 68, 91, 58, 47), 19.0
(96, 37, 65, 19, 30, 81, 26, 65, 60), None
(43, 39, 70, 69, 58, 57, 30, 68, 67), 18.0
(69, 92, 60, 64, 17, 60, 34, 28, 49), None
(39, 96, 75, 66, 61, 47, 70, 32, 70), None
(60, 85, 64, 0, 52, 87, 50, 44, 76), 20.0
(28, 80, 68, 0, 24, 83, 50, 45, 64), 18.0
(60, 34, 64, 8, 53, 85, 80, 48, 58), 17.0
(52, 27, 23, 57, 56, 80, 29, 35, 55), 18.0
(37, 85, 66, 3, 50, 88, 81, 69, 77), 19.0
(45, 42, 61, 7, 39, 87, 54, 43, 61), None
(93, 36, 7, 10, 59, 91, 57, 40, 58), 15.0
(60, 89, 9, 17, 13, 71, 52, 24, 51), 17.0
(57, 87, 5, 13, 52, 75, 25, 38, 44), 17.0
(41, 93, 72, 5, 21, 82, 73, 92, 63), 22.0
(34, 39, 71, 4, 25, 73, 78, 30, 64), 14.0
(41, 93, 72, 70, 64, 82, 74, 92, 67), 17.0
(47, 91, 68, 2, 21, 17, 65, 53, 75), 18.0
(44, 99, 74, 6, 41, 78, 27, 76, 62), 20.0
(37, 36, 1, 53, 55, 86, 73, 27, 56), 18.0
(43, 97, 77, 6, 70, 78, 31, 77, 62), None
(44, 99, 74, 10, 23, 81, 27, 73, 61), 19.0
(50, 96, 81, 8, 41, 77, 28, 66, 65), 16.0
(41, 59, 64, 76, 19, 6, 46, 22, 58), 17.0
(40, 33, 55, 0, 43, 84, 84, 49, 82), None
(47, 99, 3, 5, 35, 9, 37, 15, 63), 18.0
(66, 94, 69, 2, 67, 79, 23, 70, 40), 16.0
(97, 66, 73, 14, 47, 24, 59, 46, 60), 18.0
(35, 85, 79, 5, 44, 44, 21, 61, 54), None
(39, 41, 47, 62, 53, 94, 17, 95, 22), 15.0
(37, 49, 17, 46, 99, 74, 29, 75, 73), 16.0
(42, 37, 12, 72, 26, 64, 32, 81, 48), 18.0
(63, 87, 71, 9, 82, 76, 67, 90, 69), 16.0
(44, 95, 6, 3, 37, 52, 25, 87, 79), 19.0
(41, 38, 75, 6, 33, 80, 27, 31, 66), 17.0
(38, 97, 73, 7, 49, 83, 30, 25, 57), 19.0
(72, 44, 67, 3, 45, 50, 83, 34, 68), 19.0
(6, 79, 62, 0, 28, 42, 75, 29, 62), None
(46, 31, 8, 4, 41, 78, 24, 97, 52), 17.0
(49, 35, 70, 12, 21, 48, 44, 36, 64), 16.0
(99, 82, 59, 7, 57, 13, 78, 63, 60), 15.0
(95, 90, 4, 11, 86, 75, 49, 26, 76), 17.0
(44, 40, 72, 67, 16, 71, 27, 28, 46), 17.0
(39, 37, 76, 9, 91, 81, 35, 66, 65), 22.0
(36, 42, 35, 42, 90, 67, 36, 92, 72), None
(39, 92, 75, 16, 94, 59, 55, 94, 77), None
(41, 35, 79, 2, 92, 80, 71, 72, 65), 18.0
(80, 76, 50, 9, 51, 62, 62, 68, 74), None
(45, 37, 77, 6, 18, 86, 51, 65, 62), 18.0
(32, 28, 10, 14, 60, 82, 34, 33, 67), 17.0
(34, 94, 6, 11, 96, 77, 33, 31, 70), 18.0
(39, 93, 73, 60, 73, 5, 40, 97, 65), None
(42, 39, 40, 32, 23, 84, 25, 66, 50), 16.0
(37, 33, 74, 4, 31, 80, 22, 42, 80), None
(42, 37, 69, 8, 39, 46, 29, 28, 59), 18.0
(40, 39, 71, 9, 54, 82, 31, 69, 63), 16.0
(97, 35, 66, 50, 20, 40, 24, 23, 72), 18.0
(35, 41, 62, 39, 88, 11, 57, 12, 55), 17.0
(44, 98, 77, 26, 47, 89, 27, 44, 76), None
(47, 23, 52, 35, 57, 73, 29, 84, 47), None
(38, 20, 45, 69, 75, 84, 19, 25, 57), 17.0
(55, 51, 57, 19, 80, 34, 35, 99, 69), 17.0
(40, 32, 75, 5, 24, 76, 26, 89, 61), 17.0
(43, 95, 3, 2, 43, 79, 23, 78, 66), None
(67, 55, 70, 57, 77, 81, 28, 64, 59), 20.0
(45, 54, 68, 56, 77, 81, 31, 62, 59), 17.0
(66, 54, 71, 57, 71, 79, 47, 59, 53), None
(36, 89, 73, 54, 79, 83, 28, 64, 63), 16.0
(94, 47, 70, 61, 84, 29, 38, 67, 60), 20.0
(92, 46, 64, 61, 84, 30, 39, 67, 57), 17.0
(59, 52, 69, 63, 82, 32, 25, 66, 60), 20.0
(63, 56, 72, 65, 82, 32, 37, 65, 60), None
(94, 38, 60, 59, 86, 28, 43, 71, 62), 16.0
(90, 52, 68, 63, 81, 21, 81, 67, 59), None
(96, 51, 69, 58, 85, 37, 26, 69, 56), None
(95, 48, 70, 62, 78, 35, 32, 74, 64), 18.0
(41, 48, 66, 61, 52, 43, 25, 65, 62), 15.0
(60, 55, 75, 65, 76, 86, 27, 92, 60), None
(71, 44, 72, 7, 89, 45, 29, 62, 67), 21.0
(67, 45, 72, 74, 90, 40, 30, 62, 65), 18.0
(58, 43, 7, 7, 87, 24, 33, 46, 68), None
(88, 40, 76, 4, 88, 49, 53, 55, 12), None
(74, 44, 74, 10, 90, 47, 30, 64, 66), None
(69, 37, 71, 5, 45, 46, 28, 61, 45), None
(71, 92, 69, 12, 79, 81, 22, 67, 58), 16.0
(67, 25, 71, 77, 83, 28, 41, 94, 61), 18.0
(65, 41, 5, 60, 21, 77, 24, 63, 55), 14.0
(62, 36, 67, 0, 92, 42, 28, 66, 64), 17.0
(38, 39, 63, 58, 18, 10, 29, 3, 48), 18.0
(99, 47, 47, 22, 84, 46, 60, 29, 75), None
(43, 96, 38, 6, 93, 44, 86, 51, 71), 16.0
(85, 53, 9, 71, 68, 15, 36, 21, 43), 18.0
(61, 50, 49, 99, 26, 7, 34, 27, 51), 18.0
(71, 83, 77, 8, 55, 69, 26, 31, 73), 18.0
(64, 58, 66, 9, 37, 73, 21, 96, 61), 17.0
(40, 43, 70, 68, 41, 38, 38, 69, 58), None
(98, 85, 43, 64, 73, 76, 31, 90, 67), 18.0
(59, 46, 8, 15, 49, 57, 24, 64, 49), None
(94, 90, 73, 29, 81, 85, 79, 24, 54), 17.0
(53, 34, 69, 55, 75, 82, 50, 39, 64), 16.0
(33, 49, 73, 12, 22, 78, 28, 33, 63), None
(38, 41, 79, 8, 29, 80, 58, 71, 59), 18.0
(46, 38, 75, 3, 14, 75, 27, 59, 46), None
(56, 35, 14, 73, 59, 71, 25, 27, 69), 18.0
(48, 99, 11, 2, 35, 19, 23, 68, 56), 21.0
(97, 97, 1, 17, 27, 17, 20, 68, 55), None
(51, 99, 6, 6, 34, 12, 55, 70, 52), None
(50, 97, 72, 10, 32, 14, 22, 66, 57), 17.0
(48, 22, 11, 1, 38, 9, 24, 63, 78), 18.0
(44, 94, 4, 3, 36, 44, 22, 93, 66), None
(91, 16, 58, 0, 77, 51, 45, 49, 74), 16.0
(69, 71, 12, 66, 56, 55, 32, 30, 56), None
(36, 36, 8, 59, 52, 84, 82, 47, 60), None
(76, 39, 67, 62, 25, 19, 48, 26, 53), 14.0
(64, 92, 70, 48, 89, 65, 63, 41, 58), 14.0
(96, 88, 68, 13, 20, 60, 35, 37, 61), 16.0
(48, 95, 26, 4, 42, 36, 30, 87, 76), 14.0
(61, 94, 29, 6, 16, 33, 26, 96, 63), 17.0
(46, 42, 61, 60, 39, 78, 29, 67, 56), 20.0
(47, 45, 64, 56, 30, 82, 29, 68, 56), None
(42, 99, 75, 59, 34, 78, 26, 73, 59), None
(67, 42, 62, 61, 39, 78, 85, 23, 50), 14.0
(46, 31, 60, 10, 86, 87, 33, 66, 54), 14.0
(93, 51, 72, 8, 96, 23, 42, 69, 57), 17.0
(41, 43, 10, 64, 54, 74, 76, 8, 48), 17.0
(39, 39, 6, 68, 50, 11, 66, 67, 68), None
(30, 99, 55, 57, 83, 81, 89, 17, 56), 18.0
(44, 37, 15, 53, 39, 79, 29, 64, 54), 16.0
(37, 41, 65, 71, 23, 92, 69, 29, 66), 18.0
(34, 34, 4, 2, 61, 39, 51, 31, 51), None
(43, 68, 70, 4, 12, 48, 39, 60, 62), 17.0
(39, 47, 46, 62, 36, 76, 98, 61, 77), 18.0
(50, 44, 9, 13, 58, 72, 61, 35, 65), 18.0
(41, 28, 22, 7, 48, 13, 37, 44, 44), None
(59, 87, 35, 58, 80, 75, 33, 19, 60), 18.0
(36, 33, 74, 5, 65, 84, 53, 76, 64), 17.0
(0, 40, 61, 2, 40, 20, 31, 58, 47), None
(48, 36, 60, 11, 42, 79, 27, 66, 58), 17.0
(46, 38, 7, 14, 92, 29, 35, 28, 99), 18.0
(99, 26, 77, 8, 17, 15, 57, 26, 52), None
(42, 41, 58, 1, 19, 77, 30, 64, 59), 19.0
(40, 37, 48, 20, 2, 53, 95, 5, 73), 20.0
(38, 91, 44, 20, 28, 54, 93, 13, 72), 18.0
(44, 84, 3, 4, 6, 27, 74, 63, 62), 15.0
(49, 53, 51, 51, 46, 75, 23, 80, 81), None
(45, 61, 49, 18, 2, 81, 90, 71, 70), 16.0
(62, 81, 67, 24, 71, 84, 18, 70, 61), 17.0
(56, 75, 39, 70, 56, 87, 25, 62, 79), None
(40, 35, 47, 6, 33, 50, 28, 99, 50), None
(95, 95, 53, 37, 78, 54, 31, 91, 67), None
(34, 32, 41, 23, 8, 53, 99, 4, 71), 18.0
(39, 38, 51, 17, 0, 56, 94, 33, 74), 16.0
(53, 93, 82, 1, 88, 3, 24, 68, 46), 21.0
(53, 97, 86, 15, 88, 6, 72, 1, 42), 17.0
(47, 90, 63, 0, 42, 16, 23, 53, 55), 19.0
(42, 12, 85, 3, 91, 46, 20, 24, 45), 17.0
(37, 48, 82, 61, 45, 31, 95, 65, 49), 15.0
(51, 93, 81, 2, 94, 8, 25, 68, 46), 18.0
(58, 92, 33, 1, 83, 3, 24, 72, 60), 18.0
(42, 89, 71, 0, 85, 4, 22, 70, 62), 14.0
(58, 86, 87, 9, 82, 2, 26, 74, 58), None
(55, 33, 20, 5, 51, 83, 21, 65, 63), 16.0
(32, 42, 55, 19, 89, 42, 64, 10, 52), None
(41, 37, 92, 3, 37, 80, 68, 6, 73), None
(45, 97, 78, 63, 86, 63, 27, 69, 65), None
(97, 96, 73, 60, 87, 83, 24, 67, 65), 16.0
(81, 40, 49, 55, 91, 52, 59, 56, 44), 13.0
(35, 46, 12, 11, 10, 12, 34, 30, 68), None
(39, 35, 44, 73, 22, 61, 29, 6, 48), 17.0
(43, 99, 70, 65, 44, 1, 27, 67, 93), 16.0
(94, 57, 68, 7, 63, 43, 77, 61, 57), None
(69, 35, 66, 10, 53, 89, 50, 22, 60), 18.0
(54, 92, 74, 57, 75, 0, 80, 85, 63), 18.0
(92, 94, 83, 60, 80, 25, 25, 90, 66), None
(73, 65, 6, 5, 19, 73, 47, 26, 54), None
(46, 24, 0, 75, 3, 58, 32, 68, 56), 17.0
(50, 50, 69, 67, 48, 70, 29, 66, 53), None
(48, 29, 10, 82, 15, 79, 31, 48, 58), None
(99, 88, 71, 2, 46, 85, 20, 72, 62), 17.0
(61, 90, 69, 0, 31, 82, 23, 62, 60), 18.0
(45, 78, 90, 8, 59, 76, 40, 68, 47), 15.0
(40, 44, 17, 21, 85, 37, 60, 32, 1), 19.0
(90, 3, 77, 5, 55, 48, 44, 41, 70), 19.0
(76, 40, 73, 12, 57, 45, 56, 51, 67), 19.0
(96, 20, 8, 7, 54, 9, 46, 64, 41), 17.0
(43, 95, 79, 6, 88, 78, 34, 45, 46), 15.0
(38, 37, 45, 10, 26, 81, 27, 94, 49), 18.0
(44, 39, 61, 3, 41, 68, 26, 25, 77), 16.0
(36, 97, 76, 79, 24, 80, 54, 28, 64), 19.0
(36, 30, 75, 8, 21, 87, 52, 96, 68), 18.0
(52, 50, 3, 77, 3, 77, 29, 38, 57), None
(47, 99, 6, 67, 94, 58, 96, 20, 75), 17.0
(67, 43, 64, 2, 35, 48, 63, 64, 71), None
(67, 94, 57, 0, 68, 49, 92, 92, 74), None
(42, 32, 67, 4, 43, 35, 32, 35, 55), None
(44, 52, 71, 13, 38, 80, 36, 69, 59), 17.0
(31, 84, 73, 6, 51, 6, 84, 24, 64), None
(84, 96, 5, 9, 28, 72, 49, 30, 43), 18.0
(49, 17, 2, 72, 83, 82, 38, 9, 61), 18.0
(46, 54, 65, 70, 23, 31, 29, 75, 57), 17.0
(41, 92, 57, 4, 40, 45, 88, 3, 72), 17.0
(78, 49, 48, 5, 89, 18, 40, 58, 69), 16.0
(97, 97, 72, 64, 36, 93, 16, 66, 51), None
(93, 95, 75, 2, 87, 41, 82, 70, 53), 20.0
(94, 93, 13, 16, 90, 10, 82, 33, 50), 16.0
(65, 86, 69, 11, 30, 40, 78, 28, 46), 19.0
(33, 26, 10, 8, 19, 74, 42, 31, 65), 19.0
(26, 34, 8, 89, 61, 70, 55, 82, 68), 19.0
(37, 95, 80, 2, 25, 66, 80, 28, 53), None
(70, 73, 75, 59, 87, 22, 83, 69, 59), None
(40, 37, 59, 0, 6, 85, 25, 63, 79), 19.0
(38, 38, 24, 6, 49, 13, 27, 98, 66), None
(60, 86, 37, 56, 76, 83, 23, 43, 62), 17.0
(35, 22, 4, 60, 84, 74, 30, 48, 47), 16.0
(88, 97, 78, 3, 86, 43, 32, 72, 55), 18.0
(92, 91, 76, 4, 91, 40, 74, 36, 52), None
(99, 89, 73, 14, 17, 86, 58, 16, 44), 14.0
(43, 46, 7, 11, 66, 77, 82, 70, 54), 18.0
(39, 42, 51, 62, 32, 15, 36, 66, 58), 19.0
(41, 35, 10, 7, 21, 4, 27, 26, 67), 16.0
(57, 99, 75, 69, 89, 8, 25, 73, 49), 19.0
(29, 39, 72, 9, 97, 81, 28, 78, 63), 18.0
(39, 36, 54, 2, 92, 96, 87, 0, 76), 19.0
(44, 44, 62, 55, 53, 78, 30, 71, 56), None
(62, 83, 47, 21, 45, 63, 22, 68, 84), 18.0
(35, 52, 5, 62, 27, 78, 33, 39, 61), 17.0
(94, 94, 73, 40, 80, 44, 19, 65, 78), None
(11, 95, 77, 34, 85, 41, 23, 63, 82), 18.0
(97, 45, 43, 25, 69, 52, 62, 93, 71), 17.0
(41, 38, 80, 94, 13, 47, 70, 60, 49), 18.0
(91, 93, 70, 30, 83, 45, 21, 65, 60), 20.0
(38, 91, 14, 15, 58, 75, 53, 29, 28), 18.0
(91, 92, 70, 1, 82, 38, 20, 65, 60), None
(48, 30, 68, 64, 35, 80, 14, 67, 58), 19.0
(45, 40, 65, 20, 83, 91, 66, 67, 64), 18.0
(53, 56, 72, 0, 22, 34, 25, 5, 62), 18.0
(95, 97, 84, 4, 87, 44, 26, 12, 52), 16.0
(51, 42, 50, 31, 85, 11, 85, 70, 54), None
(97, 95, 40, 52, 77, 61, 37, 88, 66), 17.0
(87, 46, 68, 36, 61, 26, 19, 65, 56), 16.0
(43, 99, 76, 7, 47, 89, 3, 95, 51), 20.0
(38, 81, 8, 12, 54, 83, 28, 22, 45), 18.0
(64, 99, 2, 6, 48, 88, 9, 99, 51), None
(35, 34, 71, 17, 23, 83, 31, 33, 56), 15.0
(33, 48, 46, 75, 33, 80, 35, 68, 54), None
(47, 32, 74, 57, 31, 18, 29, 54, 58), 18.0
(65, 93, 66, 27, 79, 91, 11, 94, 59), 20.0
(68, 27, 69, 65, 17, 73, 33, 45, 64), 19.0
(64, 99, 64, 24, 47, 91, 1, 60, 57), None
(42, 88, 63, 17, 51, 90, 10, 96, 73), 18.0
(93, 96, 79, 3, 90, 51, 31, 75, 53), 19.0
(45, 35, 74, 5, 38, 50, 72, 62, 55), 20.0
(71, 23, 71, 10, 56, 85, 39, 42, 62), None
(49, 42, 53, 59, 38, 53, 28, 57, 55), None
(89, 90, 71, 9, 89, 41, 60, 29, 14), None
(92, 93, 76, 27, 57, 98, 14, 94, 48), 21.0
(66, 92, 77, 27, 58, 98, 13, 91, 48), 17.0
(40, 44, 59, 72, 43, 99, 29, 62, 48), 13.0
(95, 40, 5, 19, 25, 68, 34, 95, 68), None
(92, 10, 82, 30, 87, 45, 76, 97, 66), 17.0
(37, 55, 55, 58, 40, 21, 31, 64, 49), None
(46, 59, 48, 22, 40, 7, 16, 66, 51), 20.0
(99, 33, 11, 13, 62, 76, 42, 93, 44), 18.0
(46, 57, 27, 67, 42, 2, 13, 67, 50), None
(90, 93, 31, 30, 35, 6, 17, 89, 53), 23.0
(95, 5, 31, 43, 35, 96, 17, 91, 64), 18.0
(89, 94, 0, 25, 28, 32, 18, 97, 53), 19.0
(63, 90, 74, 54, 33, 4, 15, 86, 46), 19.0
(86, 97, 19, 62, 59, 7, 23, 72, 42), 18.0
(93, 48, 25, 23, 30, 5, 12, 88, 56), 21.0
(92, 89, 60, 28, 94, 5, 14, 89, 70), None
(90, 91, 29, 33, 32, 2, 12, 93, 60), 15.0
(97, 50, 31, 23, 30, 3, 7, 89, 56), 19.0
(49, 47, 27, 26, 35, 9, 9, 7, 39), None
(91, 93, 22, 30, 35, 48, 11, 92, 52), 17.0
(93, 93, 24, 30, 26, 8, 17, 87, 52), None
(87, 94, 76, 28, 56, 5, 13, 90, 50), 18.0
(90, 52, 34, 25, 29, 37, 19, 83, 59), 20.0
(97, 47, 33, 21, 33, 6, 47, 19, 57), None
(90, 69, 7, 23, 17, 37, 15, 84, 51), 17.0
(94, 45, 16, 28, 72, 10, 1, 95, 54), 19.0
(82, 52, 31, 22, 30, 0, 73, 51, 56), 14.0
(43, 97, 77, 31, 81, 89, 12, 70, 60), 18.0
(92, 95, 70, 2, 83, 43, 21, 92, 62), None
(44, 98, 79, 6, 37, 29, 5, 62, 54), 16.0
(85, 99, 77, 26, 46, 87, 3, 80, 47), 16.0
(48, 24, 11, 32, 39, 4, 16, 94, 51), 14.0
(55, 93, 36, 28, 24, 6, 11, 49, 46), 18.0
(99, 88, 26, 3, 31, 3, 37, 9, 62), None
(3, 86, 2, 4, 28, 94, 45, 88, 61), 18.0
(96, 21, 5, 46, 20, 70, 79, 34, 53), 19.0
(51, 49, 35, 24, 27, 56, 18, 2, 76), 17.0
(31, 91, 7, 19, 22, 9, 14, 95, 49), 20.0
(46, 47, 73, 58, 93, 82, 26, 90, 90), None
(40, 61, 39, 25, 38, 7, 16, 86, 45), 15.0
(36, 29, 49, 26, 36, 95, 7, 46, 49), None
(43, 14, 19, 17, 52, 14, 91, 13, 58), None
(41, 37, 68, 22, 53, 11, 24, 15, 60), 19.0
(37, 50, 89, 60, 33, 75, 85, 38, 48), 18.0
(40, 37, 9, 81, 56, 79, 32, 47, 42), 15.0
(33, 43, 8, 63, 26, 72, 35, 41, 56), 19.0
(53, 77, 5, 61, 29, 77, 30, 44, 53), None
(28, 64, 45, 24, 21, 8, 15, 98, 52), 19.0
(77, 54, 75, 57, 24, 24, 82, 76, 46), None
(93, 95, 81, 29, 91, 98, 9, 94, 50), 16.0
(45, 33, 75, 21, 34, 50, 72, 59, 54), 17.0
(47, 99, 99, 5, 37, 93, 11, 97, 87), None
(19, 51, 32, 26, 79, 34, 14, 95, 58), 17.0
(46, 34, 74, 29, 40, 5, 17, 70, 55), 18.0
(42, 97, 47, 21, 44, 90, 10, 26, 52), 18.0
(43, 98, 42, 20, 42, 7, 5, 11, 51), None
(96, 91, 66, 7, 79, 46, 18, 61, 55), 20.0
(58, 49, 66, 8, 16, 79, 21, 64, 58), None
(89, 90, 37, 18, 55, 12, 57, 91, 68), 18.0
(50, 58, 79, 6, 37, 50, 69, 56, 55), None
(86, 31, 34, 11, 32, 84, 20, 83, 57), 17.0
(40, 25, 9, 39, 18, 56, 24, 87, 48), 16.0
(73, 40, 3, 49, 12, 74, 26, 63, 45), 17.0
(95, 93, 52, 5, 6, 96, 67, 91, 51), 18.0
(97, 96, 67, 8, 88, 2, 65, 92, 66), 16.0
(65, 94, 64, 27, 82, 88, 38, 95, 60), 17.0
(89, 36, 30, 10, 28, 66, 61, 32, 71), 16.0
(38, 53, 25, 23, 29, 83, 12, 68, 58), 18.0
(92, 96, 83, 74, 40, 47, 75, 66, 53), 20.0
(42, 19, 85, 78, 54, 77, 75, 67, 47), 16.0
(31, 88, 34, 18, 21, 9, 14, 89, 64), 16.0
(90, 92, 29, 16, 19, 9, 18, 94, 49), None
(46, 59, 72, 8, 35, 81, 16, 60, 55), 17.0
(91, 93, 75, 27, 86, 38, 20, 99, 64), 18.0
(48, 93, 72, 23, 39, 50, 9, 94, 65), 17.0
(45, 90, 77, 6, 38, 53, 7, 92, 68), 17.0
(44, 39, 14, 32, 4, 92, 70, 99, 50), 18.0
(99, 88, 69, 29, 83, 52, 16, 64, 60), 19.0
(80, 45, 22, 65, 10, 80, 27, 74, 44), None
(32, 90, 4, 15, 23, 65, 56, 31, 67), 18.0
(95, 92, 70, 4, 37, 47, 59, 61, 56), 18.0
(51, 95, 47, 25, 34, 45, 62, 89, 57), 17.0
(48, 26, 7, 4, 37, 1, 12, 92, 54), 15.0
(42, 37, 11, 8, 60, 85, 17, 23, 48), 14.0
(93, 38, 83, 74, 96, 5, 54, 31, 70), 16.0
(45, 28, 51, 34, 41, 16, 22, 63, 55), 19.0
Sampler:BoTorchSampler
(17, 42, 46, 63, 17, 59, 50, 33, 15), None
(90, 2, 70, 34, 16, 5, 50, 50, 45), None
(1, 93, 95, 90, 22, 29, 77, 51, 40), 16.0
(29, 7, 19, 6, 31, 30, 7, 31, 36), None
(13, 44, 77, 15, 80, 47, 14, 60, 61), 17.0
(87, 84, 33, 52, 40, 33, 27, 0, 98), None
(55, 28, 2, 99, 32, 78, 68, 77, 59), 16.0
(70, 69, 9, 96, 82, 44, 33, 32, 48), 18.0
(91, 49, 83, 47, 9, 59, 87, 72, 71), 17.0
(27, 67, 34, 49, 91, 20, 86, 36, 39), 17.0
(1, 25, 17, 78, 42, 41, 43, 81, 92), 17.0
(15, 34, 27, 31, 49, 96, 70, 76, 58), 18.0
(84, 99, 93, 88, 58, 18, 84, 57, 75), None
(52, 90, 2, 0, 34, 83, 99, 49, 92), 22.0
(99, 7, 70, 73, 77, 67, 9, 80, 31), 12.0
(45, 81, 6, 3, 37, 86, 94, 53, 87), 18.0
(64, 92, 0, 0, 29, 78, 55, 42, 94), None
(64, 28, 0, 0, 29, 78, 83, 42, 66), None
(63, 84, 0, 0, 29, 78, 32, 42, 31), None
(63, 88, 0, 0, 29, 78, 30, 43, 70), None
(63, 89, 0, 0, 29, 78, 12, 43, 85), None
(63, 51, 0, 0, 29, 78, 2, 43, 20), None
(64, 25, 0, 0, 29, 78, 84, 42, 61), None
(64, 33, 0, 0, 29, 78, 28, 42, 37), None
(64, 68, 0, 0, 29, 78, 52, 42, 14), None
(65, 33, 0, 0, 29, 78, 71, 42, 2), None
(63, 46, 0, 0, 29, 78, 64, 43, 20), None
(64, 27, 0, 0, 29, 78, 27, 42, 23), None
(64, 73, 0, 0, 29, 78, 78, 42, 7), None
(64, 77, 0, 0, 29, 78, 83, 42, 70), None
(64, 32, 0, 0, 29, 78, 73, 42, 93), None
(64, 36, 0, 0, 29, 78, 73, 42, 18), None
(64, 85, 0, 0, 29, 78, 59, 42, 19), None
(64, 91, 0, 0, 29, 78, 78, 42, 20), None
(63, 72, 0, 0, 29, 78, 61, 43, 77), None
(64, 10, 0, 0, 29, 78, 35, 42, 56), None
(63, 82, 0, 0, 29, 78, 23, 43, 62), None
(63, 35, 0, 0, 29, 78, 28, 42, 38), None
(63, 12, 0, 0, 29, 78, 25, 42, 37), None
(64, 11, 0, 0, 29, 78, 54, 42, 72), None
(64, 0, 0, 0, 29, 78, 57, 42, 69), None
(63, 40, 0, 0, 29, 78, 51, 43, 62), None
(64, 92, 0, 0, 29, 78, 8, 42, 29), None
(64, 38, 0, 0, 29, 78, 31, 42, 80), None
(63, 55, 0, 0, 29, 78, 38, 43, 6), None
(64, 25, 0, 0, 29, 78, 38, 42, 10), None
(64, 19, 0, 0, 29, 78, 34, 42, 7), None
(65, 84, 0, 0, 29, 77, 40, 42, 32), None
(64, 78, 0, 0, 29, 78, 20, 42, 41), None
(64, 46, 0, 0, 29, 78, 79, 42, 21), None
(63, 58, 0, 0, 29, 78, 44, 43, 41), None
(64, 30, 0, 0, 29, 78, 51, 42, 24), None
(63, 53, 0, 0, 29, 78, 15, 42, 15), None
(64, 19, 0, 0, 29, 78, 53, 42, 43), None
(63, 28, 0, 0, 29, 78, 13, 43, 23), None
(64, 31, 0, 0, 29, 78, 19, 42, 48), None
(64, 90, 0, 0, 29, 78, 46, 42, 59), None
(64, 0, 0, 0, 29, 78, 52, 42, 14), None
(64, 46, 0, 0, 29, 78, 20, 42, 28), None
(64, 68, 0, 0, 29, 78, 23, 42, 55), None
(63, 55, 0, 0, 29, 78, 95, 43, 50), None
(63, 98, 0, 0, 29, 78, 58, 42, 10), None
(63, 55, 0, 0, 29, 78, 56, 42, 58), None
(64, 42, 0, 0, 29, 78, 18, 42, 97), None
(63, 84, 0, 0, 29, 78, 24, 43, 90), None
(63, 47, 0, 0, 29, 78, 89, 42, 33), None
(63, 18, 0, 0, 29, 78, 45, 43, 93), None
(64, 74, 0, 0, 29, 78, 34, 42, 23), None
(63, 52, 0, 0, 29, 78, 48, 42, 20), None
(63, 23, 0, 0, 29, 78, 69, 42, 38), None
(63, 92, 0, 0, 29, 78, 80, 43, 0), None
(63, 45, 0, 0, 29, 78, 30, 42, 32), None
(64, 52, 0, 0, 29, 78, 50, 42, 57), None
(63, 99, 0, 0, 29, 78, 35, 42, 13), None
(63, 64, 0, 0, 29, 78, 4, 42, 16), None
(64, 7, 0, 0, 29, 78, 77, 42, 9), None
(63, 85, 0, 0, 29, 78, 79, 43, 69), None
(65, 28, 0, 0, 29, 77, 23, 42, 87), None
(63, 7, 0, 0, 29, 78, 31, 42, 87), None
(63, 55, 0, 0, 29, 78, 88, 43, 34), None
(64, 85, 0, 0, 29, 78, 58, 42, 27), None
(63, 22, 0, 0, 29, 78, 25, 42, 37), None
(64, 51, 0, 0, 29, 78, 39, 42, 23), None
(64, 39, 0, 0, 29, 78, 30, 42, 86), None
(64, 13, 0, 0, 29, 78, 15, 42, 31), None
(64, 61, 0, 0, 29, 78, 29, 42, 18), None
(64, 49, 0, 0, 29, 78, 38, 42, 92), None
(63, 40, 0, 0, 29, 78, 82, 42, 61), None
(64, 96, 0, 0, 29, 78, 18, 42, 70), None
(64, 35, 0, 0, 29, 78, 65, 42, 87), None
(64, 72, 0, 0, 29, 78, 20, 42, 57), None
(64, 51, 0, 0, 29, 78, 91, 42, 89), None
(64, 74, 0, 0, 29, 78, 59, 42, 2), None
(64, 17, 0, 0, 29, 78, 61, 42, 86), None
(63, 13, 0, 0, 29, 78, 60, 42, 30), None
(63, 77, 0, 0, 29, 78, 10, 42, 13), None
(64, 35, 0, 0, 29, 78, 5, 42, 8), None
(64, 10, 0, 0, 29, 78, 72, 42, 83), None
(64, 15, 0, 0, 29, 78, 94, 42, 74), None
(64, 18, 0, 0, 29, 78, 36, 42, 72), None
(64, 37, 0, 0, 29, 78, 54, 42, 56), None
(64, 16, 0, 0, 29, 78, 60, 42, 42), None
(64, 21, 0, 0, 29, 78, 1, 42, 91), None
(64, 54, 0, 0, 29, 78, 54, 42, 73), None
(64, 12, 0, 0, 29, 78, 40, 42, 13), None
(63, 69, 0, 0, 29, 78, 66, 42, 15), None
(64, 88, 0, 0, 29, 78, 60, 42, 56), None
(64, 12, 0, 0, 29, 78, 64, 42, 99), None
(64, 76, 0, 0, 29, 78, 29, 42, 52), None
(63, 34, 0, 0, 29, 78, 71, 42, 43), None
(63, 23, 0, 0, 29, 78, 6, 43, 87), None
(64, 70, 0, 0, 29, 78, 27, 42, 53), None
(64, 18, 0, 0, 29, 78, 39, 42, 54), None
(64, 51, 0, 0, 29, 78, 65, 42, 42), None
(63, 56, 0, 0, 29, 78, 65, 43, 67), None
(64, 53, 0, 0, 29, 78, 94, 42, 71), None
(63, 69, 0, 0, 29, 78, 67, 43, 53), None
(64, 21, 0, 0, 29, 78, 6, 42, 89), None
(63, 94, 0, 0, 29, 78, 28, 42, 40), None
(64, 63, 0, 0, 29, 78, 60, 42, 54), None
(63, 77, 0, 0, 29, 78, 89, 43, 9), None
(63, 66, 0, 0, 29, 78, 46, 42, 60), None
(65, 68, 0, 0, 29, 78, 73, 42, 15), None
(64, 44, 0, 0, 29, 78, 35, 42, 17), None
(64, 80, 0, 0, 29, 78, 49, 42, 48), None
(64, 85, 0, 0, 29, 78, 54, 42, 88), None
(63, 99, 0, 0, 29, 78, 92, 43, 91), None
(63, 31, 0, 0, 29, 78, 42, 42, 25), None
(64, 61, 0, 0, 29, 78, 51, 42, 89), None
(63, 25, 0, 0, 29, 78, 86, 42, 30), None
(64, 45, 0, 0, 29, 78, 83, 42, 5), None
(64, 2, 0, 0, 29, 78, 53, 42, 69), None
(63, 74, 0, 0, 29, 78, 55, 42, 71), None
(63, 4, 0, 0, 29, 78, 91, 42, 58), None
(64, 4, 0, 0, 29, 78, 76, 42, 66), None
(63, 98, 0, 0, 29, 78, 50, 42, 3), None
(64, 1, 0, 0, 29, 78, 96, 42, 23), None
(64, 96, 0, 0, 29, 78, 53, 42, 73), None
(63, 20, 0, 0, 29, 78, 49, 42, 56), None
(63, 96, 0, 0, 29, 78, 73, 43, 76), None
(64, 42, 0, 0, 29, 78, 81, 42, 45), None
(64, 74, 0, 0, 29, 78, 78, 42, 47), None
(64, 13, 0, 0, 29, 78, 94, 42, 46), None
(64, 54, 0, 0, 29, 78, 93, 42, 22), None
(64, 79, 0, 0, 29, 78, 44, 42, 16), None
(63, 39, 0, 0, 29, 78, 4, 42, 14), None
(63, 46, 0, 0, 29, 78, 47, 43, 41), None
(64, 26, 0, 0, 29, 78, 99, 42, 52), None
(64, 77, 0, 0, 29, 78, 10, 42, 60), None
(63, 18, 0, 0, 29, 78, 18, 42, 94), None
(63, 93, 0, 0, 29, 78, 60, 43, 3), None
(63, 40, 0, 0, 29, 78, 24, 43, 88), None
(63, 0, 0, 0, 29, 78, 49, 42, 8), None
(63, 2, 0, 0, 29, 78, 13, 42, 59), None
(63, 90, 0, 0, 29, 78, 78, 43, 67), None
(64, 22, 0, 0, 29, 78, 47, 42, 83), None
(64, 5, 0, 0, 29, 78, 57, 42, 12), None
(63, 61, 0, 0, 29, 78, 87, 42, 73), None
(63, 44, 0, 0, 29, 78, 8, 43, 8), None
(64, 76, 0, 0, 29, 78, 5, 42, 90), None
(64, 30, 0, 0, 29, 78, 43, 42, 15), None
(64, 84, 0, 0, 29, 78, 66, 42, 95), None
(63, 93, 0, 0, 29, 78, 27, 42, 12), None
(64, 60, 0, 0, 29, 78, 51, 42, 93), None
(64, 49, 0, 0, 29, 78, 45, 42, 6), None
(63, 39, 0, 0, 29, 78, 44, 42, 20), None
(63, 30, 0, 0, 29, 78, 37, 42, 30), None
(63, 94, 0, 0, 29, 78, 13, 43, 18), None
(64, 64, 0, 0, 29, 78, 42, 42, 19), None
(64, 26, 0, 0, 29, 78, 86, 42, 51), None
(63, 58, 0, 0, 29, 78, 65, 42, 12), None
(64, 44, 0, 0, 29, 78, 76, 42, 56), None
(63, 58, 0, 0, 29, 78, 51, 42, 14), None
(64, 70, 0, 0, 29, 78, 38, 42, 91), None
(64, 63, 0, 0, 29, 78, 69, 42, 11), None
(64, 42, 0, 0, 29, 78, 47, 42, 55), None
(64, 80, 0, 0, 29, 78, 63, 42, 82), None
(63, 56, 0, 0, 29, 78, 24, 42, 81), None
(63, 75, 0, 0, 29, 78, 48, 42, 13), None
(63, 36, 0, 0, 29, 78, 4, 42, 45), None
(64, 64, 0, 0, 29, 78, 40, 42, 99), None
(64, 46, 0, 0, 29, 78, 37, 42, 73), None
(64, 39, 0, 0, 29, 78, 60, 42, 56), None
(64, 62, 0, 0, 29, 78, 99, 42, 97), None
(63, 18, 0, 0, 29, 78, 54, 42, 51), None
(63, 93, 0, 0, 29, 78, 19, 42, 94), None
(64, 38, 0, 0, 29, 78, 76, 42, 64), None
(64, 94, 0, 0, 29, 78, 26, 42, 57), None
(63, 83, 0, 0, 29, 78, 23, 43, 71), None
(63, 79, 0, 0, 29, 78, 37, 42, 41), None
(64, 72, 0, 0, 29, 78, 85, 42, 39), None
(63, 63, 0, 0, 29, 78, 56, 42, 82), None
(64, 26, 0, 0, 29, 78, 15, 42, 3), None
(64, 60, 0, 0, 29, 78, 33, 42, 69), None
(64, 83, 0, 0, 29, 78, 16, 42, 11), None
(64, 88, 0, 0, 29, 78, 57, 42, 68), None
(64, 9, 0, 0, 29, 78, 5, 42, 23), None
(63, 74, 0, 0, 29, 78, 21, 43, 20), None
(63, 67, 0, 0, 29, 78, 28, 42, 28), None
(64, 87, 0, 0, 29, 78, 97, 42, 13), None
(64, 47, 0, 0, 29, 78, 79, 42, 68), None
(64, 93, 0, 0, 29, 78, 56, 42, 78), None
(64, 70, 0, 0, 29, 78, 19, 42, 80), None
(64, 19, 0, 0, 29, 78, 29, 42, 74), None
(64, 68, 0, 0, 29, 78, 86, 42, 9), None
(64, 19, 0, 0, 29, 78, 89, 42, 4), None
(64, 53, 0, 0, 29, 78, 24, 42, 57), None
(64, 83, 0, 0, 29, 78, 7, 42, 63), None
(63, 14, 0, 0, 29, 78, 72, 43, 60), None
(64, 81, 0, 0, 29, 78, 83, 42, 34), None
(63, 92, 0, 0, 29, 78, 67, 43, 51), None
(64, 29, 0, 0, 29, 78, 75, 42, 95), None
(63, 65, 0, 0, 29, 78, 96, 42, 98), None
(64, 9, 0, 0, 29, 78, 64, 42, 85), None
(64, 80, 0, 0, 29, 78, 23, 42, 80), None
(63, 77, 0, 0, 29, 78, 12, 42, 74), None
(63, 23, 0, 0, 29, 78, 28, 43, 25), None
(63, 53, 0, 0, 29, 78, 65, 42, 67), None
(64, 87, 0, 0, 29, 78, 28, 42, 29), None
(63, 99, 0, 0, 29, 78, 17, 43, 7), None
(64, 42, 0, 0, 29, 78, 33, 42, 59), None
(65, 37, 0, 0, 29, 78, 34, 42, 86), None
(64, 15, 0, 0, 29, 78, 86, 42, 35), None
(63, 42, 0, 0, 29, 78, 40, 43, 21), None
(64, 19, 0, 0, 29, 78, 46, 42, 27), None
(63, 82, 0, 0, 29, 78, 94, 42, 75), None
(63, 77, 0, 0, 29, 78, 39, 43, 8), None
(64, 98, 0, 0, 29, 78, 81, 42, 84), None
(63, 69, 0, 0, 29, 78, 98, 43, 47), None
(64, 50, 0, 0, 29, 78, 60, 42, 33), None
(63, 49, 0, 0, 29, 78, 25, 43, 82), None
(64, 69, 0, 0, 29, 78, 66, 42, 86), None
(63, 83, 0, 0, 29, 78, 33, 43, 93), None
(64, 18, 0, 0, 29, 78, 67, 42, 65), None
(64, 0, 0, 0, 29, 78, 42, 42, 22), None
(64, 37, 0, 0, 29, 78, 81, 42, 86), None
(63, 5, 0, 0, 29, 78, 26, 42, 11), None
(63, 12, 0, 0, 29, 78, 59, 43, 83), None
(64, 73, 0, 0, 29, 78, 26, 42, 5), None
(63, 93, 0, 0, 29, 78, 7, 43, 50), None
(64, 16, 0, 0, 29, 78, 78, 42, 57), None
(64, 88, 0, 0, 29, 78, 71, 42, 9), None
(64, 1, 0, 0, 29, 78, 22, 42, 33), None
(64, 53, 0, 0, 29, 78, 87, 42, 83), None
(63, 64, 0, 0, 29, 78, 12, 42, 74), None
(64, 34, 0, 0, 29, 78, 66, 42, 58), None
(64, 40, 0, 0, 29, 78, 54, 42, 87), None
(64, 53, 0, 0, 29, 78, 22, 42, 61), None
(64, 64, 0, 0, 29, 78, 75, 42, 53), None
(63, 84, 0, 0, 29, 78, 12, 43, 7), None
(63, 82, 0, 0, 29, 78, 77, 42, 96), None
(64, 19, 0, 0, 29, 78, 21, 42, 21), None
(64, 13, 0, 0, 29, 78, 11, 42, 76), None
(63, 11, 0, 0, 29, 78, 34, 42, 44), None
(64, 92, 0, 0, 29, 78, 43, 42, 77), None
(64, 63, 0, 0, 29, 78, 98, 42, 22), None
(64, 71, 0, 0, 29, 78, 67, 42, 19), None
(64, 64, 0, 0, 29, 78, 24, 42, 4), None
(63, 14, 0, 0, 29, 78, 4, 43, 62), None
(63, 74, 0, 0, 29, 78, 47, 42, 69), None
(64, 89, 0, 0, 29, 78, 53, 42, 16), None
(64, 37, 0, 0, 29, 78, 23, 42, 97), None
(63, 37, 0, 0, 29, 78, 76, 42, 47), None
(63, 87, 0, 0, 29, 78, 40, 43, 91), None
(64, 46, 0, 0, 29, 78, 9, 42, 86), None
(64, 19, 0, 0, 29, 78, 16, 42, 80), None
(63, 93, 0, 0, 29, 78, 29, 42, 73), None
(63, 54, 0, 0, 29, 78, 89, 43, 10), None
(63, 42, 0, 0, 29, 78, 49, 43, 18), None
(64, 88, 0, 0, 29, 78, 97, 42, 86), None
(64, 72, 0, 0, 29, 78, 46, 42, 67), None
(64, 63, 0, 0, 29, 78, 54, 42, 34), None
(63, 95, 0, 0, 29, 78, 1, 43, 76), None
(64, 92, 0, 0, 29, 78, 81, 42, 89), None
(63, 70, 0, 0, 29, 78, 57, 43, 67), None
(64, 95, 0, 0, 29, 78, 36, 42, 25), None
(64, 32, 0, 0, 29, 78, 75, 42, 14), None
(64, 1, 0, 0, 29, 78, 65, 42, 64), None
(63, 59, 0, 0, 29, 78, 25, 42, 63), None
(64, 11, 0, 0, 29, 78, 34, 42, 26), None
(63, 57, 0, 0, 29, 78, 72, 42, 59), None
(63, 8, 0, 0, 29, 78, 22, 42, 78), None
(63, 6, 0, 0, 29, 78, 33, 42, 40), None
(64, 74, 0, 0, 29, 78, 19, 42, 25), None
(64, 3, 0, 0, 29, 78, 42, 42, 88), None
(63, 30, 0, 0, 29, 78, 57, 42, 96), None
(64, 86, 0, 0, 29, 78, 31, 42, 71), None
(64, 73, 0, 0, 29, 78, 34, 42, 86), None
(64, 10, 0, 0, 29, 78, 32, 42, 88), None
(64, 22, 0, 0, 29, 78, 71, 42, 36), None
(64, 5, 0, 0, 29, 78, 14, 42, 97), None
(64, 37, 0, 0, 29, 78, 97, 42, 69), None
(63, 38, 0, 0, 29, 78, 63, 42, 78), None
(63, 24, 0, 0, 29, 78, 12, 43, 59), None
(64, 97, 0, 0, 29, 78, 44, 42, 43), None
(64, 96, 0, 0, 29, 78, 50, 42, 75), None
(63, 22, 0, 0, 29, 78, 55, 42, 30), None
(64, 93, 0, 0, 29, 78, 48, 42, 82), None
(64, 39, 0, 0, 29, 78, 88, 42, 76), None
(63, 84, 0, 0, 29, 78, 77, 42, 13), None
(64, 76, 0, 0, 29, 78, 36, 42, 11), None
(64, 3, 0, 0, 29, 78, 49, 42, 78), None
(64, 10, 0, 0, 29, 78, 98, 42, 8), None
(63, 75, 0, 0, 29, 78, 98, 42, 31), None
(63, 27, 0, 0, 29, 78, 82, 42, 85), None
(64, 76, 0, 0, 29, 78, 30, 42, 70), None
(63, 73, 0, 0, 29, 78, 83, 43, 28), None
(64, 34, 0, 0, 29, 78, 21, 42, 72), None
(64, 85, 0, 0, 29, 78, 24, 42, 83), None
(64, 8, 0, 0, 29, 78, 46, 42, 38), None
(64, 98, 0, 0, 29, 78, 75, 42, 26), None
(63, 5, 0, 0, 29, 78, 27, 43, 77), None
(63, 31, 0, 0, 29, 78, 77, 42, 30), None
(64, 9, 0, 0, 29, 78, 62, 42, 35), None
(64, 60, 0, 0, 29, 78, 63, 42, 44), None
(63, 67, 0, 0, 29, 78, 14, 43, 6), None
(64, 4, 0, 0, 29, 78, 81, 42, 44), None
(64, 95, 0, 0, 29, 78, 33, 42, 54), None
(65, 50, 0, 0, 29, 77, 20, 42, 14), None
(63, 81, 0, 0, 29, 78, 48, 42, 69), None
(64, 53, 0, 0, 29, 78, 80, 42, 12), None
(63, 84, 0, 0, 29, 78, 78, 42, 45), None
(64, 78, 0, 0, 29, 78, 6, 42, 97), None
(64, 89, 0, 0, 29, 78, 54, 42, 57), None
(64, 58, 0, 0, 29, 78, 97, 42, 80), None
(63, 8, 0, 0, 29, 78, 42, 42, 5), None
(64, 78, 0, 0, 29, 78, 22, 42, 7), None
(63, 17, 0, 0, 29, 78, 76, 43, 92), None
(64, 54, 0, 0, 29, 78, 4, 42, 10), None
(64, 45, 0, 0, 29, 78, 28, 42, 69), None
(63, 95, 0, 0, 29, 78, 23, 42, 7), None
(63, 84, 0, 0, 29, 78, 15, 42, 73), None
(64, 17, 0, 0, 29, 78, 79, 42, 12), None
(64, 7, 0, 0, 29, 78, 22, 42, 39), None
(63, 49, 0, 0, 29, 78, 61, 42, 8), None
(63, 3, 0, 0, 29, 78, 77, 42, 12), None
(64, 66, 0, 0, 29, 78, 70, 42, 66), None
(64, 29, 0, 0, 29, 78, 72, 42, 57), None
(65, 52, 0, 0, 29, 78, 25, 42, 5), None
(64, 21, 0, 0, 29, 78, 33, 42, 65), None
(63, 21, 0, 0, 29, 78, 31, 43, 46), None
(64, 8, 0, 0, 29, 78, 91, 42, 37), None
(65, 8, 0, 0, 29, 78, 90, 42, 97), None
(64, 18, 0, 0, 29, 78, 2, 42, 83), None
(64, 65, 0, 0, 29, 78, 9, 42, 70), None
(63, 47, 0, 0, 29, 78, 28, 43, 68), None
(63, 13, 0, 0, 29, 78, 50, 43, 11), None
(64, 90, 0, 0, 29, 78, 55, 42, 12), None
(63, 70, 0, 0, 29, 78, 35, 42, 2), None
(64, 46, 0, 0, 29, 78, 5, 42, 17), None
(64, 93, 0, 0, 29, 78, 79, 42, 29), None
(63, 23, 0, 0, 29, 78, 93, 43, 60), None
(63, 88, 0, 0, 29, 78, 46, 42, 12), None
(64, 67, 0, 0, 29, 78, 34, 42, 28), None
(64, 30, 0, 0, 29, 78, 23, 42, 74), None
(64, 93, 0, 0, 29, 78, 55, 42, 26), None
(64, 73, 0, 0, 29, 78, 76, 42, 38), None
(64, 25, 0, 0, 29, 78, 26, 42, 14), None
(64, 45, 0, 0, 29, 78, 46, 42, 91), None
(64, 0, 0, 0, 29, 78, 54, 42, 54), None
(63, 88, 0, 0, 29, 78, 86, 42, 98), None
(64, 62, 0, 0, 29, 78, 61, 42, 90), None
(63, 45, 0, 0, 29, 78, 72, 42, 82), None
(63, 65, 0, 0, 29, 78, 21, 42, 41), None
(63, 5, 0, 0, 29, 78, 64, 42, 28), None
(63, 12, 0, 0, 29, 78, 31, 42, 40), None
(63, 58, 0, 0, 29, 78, 49, 42, 87), None
(64, 82, 0, 0, 29, 78, 55, 42, 29), None
(63, 47, 0, 0, 29, 78, 44, 43, 50), None
(63, 94, 0, 0, 29, 78, 47, 43, 56), None
(64, 73, 0, 0, 29, 78, 80, 42, 25), None
(64, 44, 0, 0, 29, 78, 26, 42, 40), None
(63, 80, 0, 0, 29, 78, 69, 42, 51), None
(63, 47, 0, 0, 29, 78, 16, 42, 2), None
(64, 84, 0, 0, 29, 78, 31, 42, 84), None
(63, 88, 0, 0, 29, 78, 67, 42, 18), None
(63, 31, 0, 0, 29, 78, 93, 42, 81), None
(64, 31, 0, 0, 29, 78, 86, 42, 38), None
(64, 68, 0, 0, 29, 78, 34, 42, 97), None
(64, 98, 0, 0, 29, 78, 1, 42, 38), None
(64, 51, 0, 0, 29, 78, 95, 42, 35), None
(64, 70, 0, 0, 29, 78, 86, 42, 6), None
(63, 43, 0, 0, 29, 78, 16, 42, 41), None
(63, 67, 0, 0, 29, 78, 82, 42, 28), None
(63, 30, 0, 0, 29, 78, 78, 43, 70), None
(63, 94, 0, 0, 29, 78, 13, 42, 15), None
(63, 48, 0, 0, 29, 78, 52, 42, 35), None
(63, 56, 0, 0, 29, 78, 74, 42, 62), None
(63, 23, 0, 0, 29, 78, 24, 42, 81), None
(64, 84, 0, 0, 29, 78, 18, 42, 25), None
(64, 45, 0, 0, 29, 78, 45, 42, 50), None
(63, 35, 0, 0, 29, 78, 88, 43, 1), None
(64, 81, 0, 0, 29, 78, 30, 42, 32), None
(64, 27, 0, 0, 29, 78, 53, 42, 8), None
(63, 26, 0, 0, 29, 78, 60, 42, 86), None
(64, 25, 0, 0, 29, 78, 93, 42, 50), None
(64, 23, 0, 0, 29, 78, 45, 42, 42), None
(64, 7, 0, 0, 29, 78, 8, 42, 14), None
(63, 32, 0, 0, 29, 78, 19, 42, 83), None
(64, 72, 0, 0, 29, 78, 33, 42, 96), None
(64, 64, 0, 0, 29, 78, 89, 42, 42), None
(63, 70, 0, 0, 29, 78, 93, 42, 68), None
(64, 75, 0, 0, 29, 78, 97, 42, 8), None
(63, 90, 0, 0, 29, 78, 90, 42, 47), None
(63, 47, 0, 0, 29, 78, 25, 42, 56), None
(64, 68, 0, 0, 29, 78, 29, 42, 91), None
(63, 22, 0, 0, 29, 78, 76, 42, 46), None
(64, 90, 0, 0, 29, 78, 67, 42, 78), None
(64, 26, 0, 0, 29, 78, 98, 42, 60), None
(64, 86, 0, 0, 29, 78, 49, 42, 9), None
(63, 62, 0, 0, 29, 78, 22, 43, 99), None
(64, 65, 0, 0, 29, 78, 14, 42, 88), None
(63, 70, 0, 0, 29, 78, 30, 42, 22), None
(64, 71, 0, 0, 29, 78, 73, 42, 9), None
(64, 30, 0, 0, 29, 78, 48, 42, 2), None
(63, 58, 0, 0, 29, 78, 13, 43, 16), None
(63, 71, 0, 0, 29, 78, 44, 43, 61), None
(64, 45, 0, 0, 29, 78, 29, 42, 71), None
(63, 67, 0, 0, 29, 78, 61, 42, 52), None
(64, 87, 0, 0, 29, 78, 28, 42, 30), None
(64, 75, 0, 0, 29, 78, 76, 42, 2), None
(63, 34, 0, 0, 29, 78, 66, 43, 74), None
(64, 29, 0, 0, 29, 78, 39, 42, 80), None
(64, 5, 0, 0, 29, 78, 93, 42, 66), None
(64, 33, 0, 0, 29, 78, 66, 42, 63), None
(63, 35, 0, 0, 29, 78, 55, 43, 31), None
(64, 45, 0, 0, 29, 78, 74, 42, 63), None
(63, 48, 0, 0, 29, 78, 28, 42, 39), None
(64, 22, 0, 0, 29, 78, 15, 42, 91), None
(63, 36, 0, 0, 29, 78, 94, 42, 72), None
(64, 9, 0, 0, 29, 78, 37, 42, 63), None
(64, 95, 0, 0, 29, 78, 43, 42, 65), None
(64, 61, 0, 0, 29, 78, 28, 42, 65), None
(63, 45, 0, 0, 29, 78, 37, 42, 29), None
(64, 39, 0, 0, 29, 78, 18, 42, 39), None
(63, 12, 0, 0, 29, 78, 29, 42, 35), None
(64, 82, 0, 0, 29, 78, 22, 42, 61), None
(64, 71, 0, 0, 29, 78, 57, 42, 61), None
(64, 24, 0, 0, 29, 78, 94, 42, 57), None
(64, 11, 0, 0, 29, 78, 49, 42, 38), None
(63, 54, 0, 0, 29, 78, 84, 42, 88), None
(64, 24, 0, 0, 29, 78, 37, 42, 34), None
(63, 66, 0, 0, 29, 78, 96, 42, 97), None
(64, 13, 0, 0, 29, 78, 36, 42, 31), None
(64, 46, 0, 0, 29, 78, 4, 42, 3), None
(64, 49, 0, 0, 29, 78, 23, 42, 94), None
(63, 23, 0, 0, 29, 78, 56, 43, 74), None
(64, 78, 0, 0, 29, 78, 24, 42, 39), None
(63, 63, 0, 0, 29, 78, 48, 43, 93), None
(63, 35, 0, 0, 29, 78, 4, 42, 49), None
(64, 6, 0, 0, 29, 78, 23, 42, 83), None
(63, 29, 0, 0, 29, 78, 33, 43, 12), None
(64, 25, 0, 0, 29, 78, 79, 42, 89), None
(64, 67, 0, 0, 29, 78, 32, 42, 35), None
(63, 65, 0, 0, 29, 78, 90, 42, 67), None
(64, 58, 0, 0, 29, 78, 27, 42, 66), None
(63, 82, 0, 0, 29, 78, 35, 42, 68), None
(63, 16, 0, 0, 29, 78, 80, 42, 2), None
(64, 48, 0, 0, 29, 78, 53, 42, 81), None
(64, 53, 0, 0, 29, 78, 45, 42, 5), None
(64, 36, 0, 0, 29, 78, 60, 42, 38), None
(63, 39, 0, 0, 29, 78, 57, 42, 27), None
(64, 60, 0, 0, 29, 78, 19, 42, 83), None
(63, 77, 0, 0, 29, 78, 16, 42, 29), None
(63, 87, 0, 0, 29, 78, 41, 42, 0), None
(64, 33, 0, 0, 29, 78, 8, 42, 87), None
(63, 62, 0, 0, 29, 78, 28, 43, 75), None
(64, 39, 0, 0, 29, 78, 46, 42, 36), None
(64, 44, 0, 0, 29, 78, 62, 42, 36), None
(63, 12, 0, 0, 29, 78, 32, 43, 39), None
(63, 14, 0, 0, 29, 78, 51, 42, 55), None
(64, 29, 0, 0, 29, 78, 60, 42, 86), None
(63, 93, 0, 0, 29, 78, 60, 42, 20), None
(63, 77, 0, 0, 29, 78, 89, 42, 40), None
(63, 49, 0, 0, 29, 78, 63, 42, 16), None
(63, 88, 0, 0, 29, 78, 97, 43, 92), None
(64, 73, 0, 0, 29, 78, 19, 42, 85), None
(63, 79, 0, 0, 29, 78, 75, 42, 63), None
(64, 30, 0, 0, 29, 78, 76, 42, 18), None
(64, 46, 0, 0, 29, 78, 89, 42, 30), None
(64, 85, 0, 0, 29, 78, 15, 42, 56), None
(64, 50, 0, 0, 29, 78, 8, 42, 81), None
(64, 88, 0, 0, 29, 78, 44, 42, 83), None
(63, 56, 0, 0, 29, 78, 71, 42, 88), None
(63, 12, 0, 0, 29, 78, 17, 43, 23), None
(64, 78, 0, 0, 29, 78, 0, 42, 1), None
(64, 20, 0, 0, 29, 78, 91, 42, 83), None
(64, 3, 0, 0, 29, 78, 96, 42, 47), None
(64, 95, 0, 0, 29, 78, 33, 42, 18), None
(64, 89, 0, 0, 29, 78, 59, 42, 54), None
(64, 0, 0, 0, 29, 78, 60, 42, 53), None
(64, 73, 0, 0, 29, 78, 48, 42, 44), None
(64, 77, 0, 0, 29, 78, 56, 42, 29), None
(63, 25, 0, 0, 29, 78, 90, 43, 60), None
(63, 3, 0, 0, 29, 78, 86, 42, 6), None
(63, 91, 0, 0, 29, 78, 29, 42, 22), None
(63, 41, 0, 0, 29, 78, 14, 42, 45), None
(63, 98, 0, 0, 29, 78, 51, 42, 25), None
(63, 7, 0, 0, 29, 78, 83, 42, 17), None
(64, 61, 0, 0, 29, 78, 87, 42, 7), None
Sampler:CmaEsSampler
(37, 8, 29, 71, 52, 53, 44, 85, 8), None
(98, 17, 64, 33, 39, 39, 89, 66, 85), None
(6, 9, 34, 56, 99, 84, 98, 82, 73), 18.0
(46, 46, 40, 39, 26, 70, 67, 62, 17), None
(21, 70, 49, 61, 69, 5, 49, 29, 48), None
(58, 46, 54, 59, 38, 38, 40, 64, 70), None
(62, 33, 32, 69, 54, 40, 38, 69, 67), None
(56, 40, 51, 63, 35, 41, 33, 50, 44), 18.0
(60, 66, 32, 51, 46, 47, 63, 56, 67), 16.0
(45, 57, 68, 66, 39, 79, 68, 37, 54), None
(46, 61, 66, 45, 89, 24, 50, 49, 70), 18.0
(69, 51, 47, 32, 64, 51, 52, 30, 70), None
(39, 61, 59, 29, 50, 64, 51, 52, 44), 13.0
(61, 35, 43, 51, 47, 60, 68, 62, 23), 20.0
(46, 50, 44, 37, 48, 73, 29, 41, 31), 21.0
(45, 27, 53, 59, 31, 61, 46, 68, 43), 15.0
(50, 64, 55, 70, 14, 61, 28, 59, 22), 20.0
(62, 55, 53, 57, 24, 58, 70, 35, 36), 20.0
(25, 55, 62, 40, 24, 38, 10, 33, 41), 19.0
(62, 60, 26, 34, 46, 68, 56, 57, 42), 16.0
(81, 43, 47, 54, 41, 61, 16, 31, 39), 18.0
(36, 59, 24, 39, 52, 59, 28, 63, 26), None
(62, 57, 52, 67, 31, 64, 45, 40, 24), 20.0
(76, 41, 53, 47, 9, 68, 61, 57, 34), 15.0
(64, 49, 64, 26, 46, 77, 41, 63, 36), None
(47, 46, 57, 56, 55, 28, 63, 57, 33), None
(60, 29, 43, 48, 70, 88, 31, 48, 30), None
(77, 38, 34, 63, 36, 89, 34, 55, 43), None
(46, 42, 45, 30, 43, 68, 47, 38, 32), 16.0
(61, 71, 53, 70, 39, 59, 12, 75, 17), 15.0
(63, 52, 61, 43, 47, 62, 67, 65, 11), 20.0
(57, 51, 39, 49, 74, 59, 14, 60, 18), 18.0
(44, 23, 38, 31, 59, 57, 80, 63, 37), 18.0
(92, 23, 40, 29, 25, 70, 28, 40, 45), None
(50, 45, 50, 56, 18, 89, 53, 40, 9), None
(70, 37, 66, 41, 28, 68, 39, 39, 15), None
(43, 52, 52, 54, 68, 62, 26, 67, 19), None
(53, 68, 51, 68, 0, 43, 56, 62, 49), None
(47, 53, 53, 19, 36, 82, 39, 28, 33), None
(33, 40, 14, 28, 47, 72, 32, 59, 31), 16.0
(86, 22, 57, 28, 31, 66, 56, 51, 5), 20.0
(46, 63, 64, 89, 57, 55, 68, 43, 13), 16.0
(74, 58, 46, 84, 60, 69, 73, 46, 56), None
(97, 55, 76, 63, 47, 94, 41, 46, 7), 21.0
(58, 60, 38, 67, 32, 47, 13, 38, 14), None
(67, 41, 46, 44, 26, 76, 61, 77, 10), 18.0
(59, 72, 53, 24, 45, 58, 62, 26, 10), 19.0
(39, 41, 60, 49, 61, 61, 48, 70, 39), None
(75, 35, 64, 34, 58, 72, 33, 46, 1), 18.0
(67, 33, 55, 74, 38, 65, 28, 73, 5), 18.0
(72, 60, 74, 60, 48, 78, 34, 65, 22), None
(40, 37, 55, 65, 28, 57, 59, 50, 0), 19.0
(61, 26, 50, 86, 63, 53, 34, 43, 49), 16.0
(54, 55, 58, 65, 55, 49, 24, 47, 31), None
(71, 53, 70, 70, 37, 47, 35, 47, 23), None
(48, 41, 43, 72, 38, 82, 45, 47, 25), 20.0
(93, 67, 64, 32, 48, 85, 67, 17, 25), None
(87, 43, 54, 55, 45, 87, 38, 42, 13), None
(76, 14, 59, 29, 43, 77, 66, 50, 14), None
(72, 33, 56, 63, 29, 91, 34, 87, 15), 17.0
(96, 58, 73, 57, 59, 66, 66, 19, 19), None
(76, 43, 39, 44, 27, 79, 82, 37, 16), 18.0
(96, 55, 79, 60, 54, 89, 67, 45, 30), 15.0
(76, 45, 75, 55, 54, 87, 42, 55, 0), None
(95, 48, 56, 38, 33, 87, 45, 59, 17), 20.0
(82, 44, 48, 62, 52, 66, 45, 37, 30), 16.0
(74, 46, 87, 45, 48, 90, 22, 52, 38), 18.0
(83, 53, 57, 69, 17, 66, 52, 58, 24), 19.0
(83, 47, 65, 57, 45, 77, 46, 41, 27), 18.0
(68, 20, 39, 77, 25, 92, 50, 19, 14), 19.0
(67, 30, 40, 44, 21, 82, 25, 21, 20), None
(87, 48, 68, 40, 41, 73, 32, 48, 18), None
(89, 51, 59, 45, 16, 79, 64, 68, 37), 18.0
(84, 28, 62, 70, 43, 77, 39, 46, 34), 21.0
(98, 37, 46, 29, 31, 79, 56, 62, 35), 20.0
(82, 35, 46, 76, 21, 56, 43, 43, 31), None
(84, 49, 50, 46, 57, 66, 59, 45, 24), 14.0
(87, 74, 33, 40, 13, 92, 69, 67, 26), 16.0
(84, 46, 56, 66, 58, 86, 42, 65, 6), 18.0
(91, 19, 64, 53, 27, 58, 35, 52, 42), 19.0
(71, 39, 47, 66, 44, 65, 63, 65, 45), None
(84, 62, 34, 52, 45, 75, 63, 52, 28), None
(85, 34, 59, 14, 3, 70, 58, 48, 4), 19.0
(65, 73, 58, 56, 19, 71, 78, 35, 16), 17.0
(79, 46, 76, 53, 20, 77, 32, 35, 30), 19.0
(71, 24, 70, 38, 54, 91, 48, 38, 16), None
(75, 49, 34, 53, 23, 66, 73, 38, 9), 14.0
(78, 40, 46, 50, 48, 67, 36, 73, 30), 15.0
(61, 41, 37, 22, 30, 46, 41, 70, 58), None
(79, 33, 68, 43, 52, 53, 56, 56, 75), None
(82, 12, 36, 55, 35, 62, 64, 30, 62), None
(87, 40, 71, 51, 47, 64, 56, 72, 46), 18.0
(84, 63, 59, 51, 45, 76, 35, 36, 23), 20.0
(95, 46, 49, 40, 12, 55, 47, 45, 23), 20.0
(80, 28, 50, 35, 44, 86, 36, 69, 49), 17.0
(76, 43, 64, 58, 37, 59, 37, 55, 16), None
(66, 41, 49, 38, 58, 68, 31, 40, 57), 18.0
(93, 21, 74, 55, 39, 92, 33, 50, 33), None
(87, 33, 44, 42, 38, 84, 33, 19, 36), None
(66, 19, 65, 45, 40, 34, 77, 58, 40), None
(78, 37, 70, 68, 32, 51, 62, 42, 29), 18.0
(77, 12, 66, 48, 41, 80, 51, 45, 27), 21.0
(93, 33, 69, 58, 44, 72, 34, 49, 21), 18.0
(74, 7, 74, 38, 18, 51, 50, 61, 32), None
(83, 42, 60, 45, 47, 77, 23, 42, 33), None
(91, 37, 60, 65, 12, 88, 36, 50, 13), 15.0
(90, 29, 93, 39, 49, 63, 40, 58, 28), 16.0
(95, 44, 64, 46, 33, 39, 43, 40, 15), 16.0
(55, 44, 72, 62, 53, 81, 39, 46, 40), 16.0
(91, 40, 65, 73, 52, 68, 44, 24, 24), None
(70, 41, 49, 44, 42, 80, 42, 40, 22), None
(82, 33, 64, 46, 50, 65, 23, 36, 13), 19.0
(85, 47, 72, 88, 53, 81, 37, 37, 35), None
(84, 52, 56, 25, 10, 56, 45, 50, 16), None
(50, 36, 47, 56, 38, 77, 60, 20, 20), None
(82, 47, 71, 44, 34, 70, 54, 47, 54), None
(85, 46, 68, 73, 70, 64, 39, 52, 13), 19.0
(73, 46, 68, 59, 54, 87, 51, 32, 30), 18.0
(91, 11, 50, 40, 39, 68, 50, 34, 23), None
(58, 36, 37, 43, 48, 64, 34, 28, 50), 20.0
(70, 54, 60, 55, 21, 56, 38, 45, 28), 16.0
(92, 40, 63, 56, 34, 79, 60, 48, 43), 18.0
(75, 58, 89, 23, 42, 70, 54, 40, 25), 17.0
(65, 34, 48, 47, 41, 49, 21, 33, 30), 14.0
(98, 50, 36, 59, 46, 61, 29, 40, 42), 17.0
(63, 38, 46, 69, 45, 53, 41, 33, 23), 17.0
(76, 34, 48, 38, 52, 77, 28, 35, 32), 16.0
(31, 42, 47, 56, 54, 71, 37, 29, 33), 17.0
(58, 33, 44, 41, 48, 48, 43, 44, 21), None
(62, 40, 60, 49, 31, 60, 30, 24, 52), None
(68, 41, 74, 61, 54, 84, 50, 60, 27), 17.0
(50, 36, 36, 66, 48, 69, 35, 33, 33), None
(51, 57, 45, 53, 47, 53, 38, 28, 24), None
(93, 47, 76, 35, 31, 70, 39, 26, 43), 17.0
(87, 49, 46, 38, 53, 49, 48, 51, 34), None
(70, 18, 43, 48, 48, 64, 19, 44, 20), None
(90, 36, 69, 44, 71, 44, 15, 32, 31), None
(71, 36, 44, 41, 49, 71, 23, 44, 5), None
(84, 42, 51, 44, 50, 75, 14, 24, 29), 18.0
(68, 30, 46, 44, 77, 98, 20, 30, 49), None
(71, 45, 30, 36, 63, 54, 39, 44, 29), 20.0
(64, 37, 43, 48, 61, 70, 33, 34, 31), 19.0
(61, 35, 39, 45, 58, 74, 53, 44, 38), 20.0
(60, 49, 37, 34, 65, 46, 29, 51, 58), 19.0
(57, 35, 20, 36, 72, 67, 22, 41, 37), 17.0
(53, 43, 34, 38, 48, 67, 34, 50, 37), None
(68, 14, 21, 33, 70, 63, 29, 29, 46), None
(62, 46, 30, 68, 63, 53, 21, 50, 22), 19.0
(83, 22, 46, 45, 49, 55, 18, 43, 30), 17.0
(88, 36, 31, 43, 40, 63, 57, 49, 27), 18.0
(60, 29, 48, 21, 69, 62, 26, 38, 43), 19.0
(85, 75, 49, 40, 55, 56, 70, 67, 20), 17.0
(54, 35, 31, 68, 57, 55, 33, 27, 33), None
(79, 58, 24, 60, 75, 64, 25, 19, 39), 18.0
(97, 40, 60, 46, 58, 84, 29, 58, 25), None
(77, 58, 45, 35, 46, 75, 16, 47, 27), 15.0
(50, 39, 42, 47, 48, 46, 53, 23, 41), 14.0
(50, 24, 32, 44, 73, 42, 25, 47, 62), 20.0
(68, 28, 53, 53, 71, 42, 26, 56, 57), None
(67, 27, 53, 49, 39, 71, 59, 46, 61), 18.0
(55, 33, 48, 36, 62, 44, 53, 51, 38), 18.0
(61, 40, 30, 16, 60, 77, 44, 50, 51), None
(71, 24, 51, 29, 58, 40, 41, 52, 23), 19.0
(68, 46, 29, 32, 63, 62, 16, 46, 54), None
(39, 34, 57, 34, 59, 63, 52, 54, 51), None
(53, 45, 39, 51, 67, 90, 39, 51, 34), None
(77, 10, 28, 63, 60, 64, 26, 30, 41), 17.0
(59, 35, 26, 52, 71, 30, 45, 49, 61), 21.0
(46, 35, 36, 45, 50, 46, 28, 30, 47), None
(56, 43, 42, 36, 49, 59, 46, 48, 41), 17.0
(24, 38, 53, 37, 60, 57, 43, 36, 59), 15.0
(69, 36, 54, 33, 62, 51, 32, 41, 38), 16.0
(86, 10, 38, 37, 44, 67, 32, 42, 53), 20.0
(65, 32, 41, 61, 76, 43, 33, 51, 72), 17.0
(68, 11, 49, 43, 48, 71, 61, 46, 57), 15.0
(39, 19, 47, 31, 66, 40, 48, 50, 40), None
(70, 32, 38, 56, 39, 54, 58, 49, 51), 14.0
(65, 33, 51, 50, 75, 47, 7, 35, 37), 14.0
(87, 22, 51, 63, 61, 78, 43, 50, 24), 17.0
(73, 48, 55, 46, 66, 38, 37, 45, 53), 20.0
(78, 26, 29, 49, 67, 38, 19, 46, 52), 18.0
(65, 1, 42, 55, 58, 49, 57, 43, 52), 17.0
(48, 26, 14, 45, 90, 23, 37, 56, 82), 19.0
(45, 40, 24, 41, 57, 44, 23, 47, 59), 14.0
(86, 14, 44, 26, 64, 37, 29, 59, 65), 19.0
(76, 38, 28, 75, 74, 54, 14, 55, 39), 20.0
(67, 17, 41, 40, 59, 56, 14, 29, 88), 18.0
(92, 20, 33, 46, 53, 73, 20, 36, 73), None
(86, 46, 17, 41, 51, 69, 33, 46, 67), None
(92, 14, 61, 25, 58, 38, 27, 61, 64), None
(92, 45, 41, 26, 76, 32, 7, 49, 54), 17.0
(69, 24, 29, 36, 64, 34, 49, 43, 57), 20.0
(67, 23, 56, 48, 73, 59, 41, 41, 38), None
(78, 9, 30, 68, 74, 39, 54, 41, 68), None
(69, 25, 47, 25, 65, 62, 46, 44, 67), None
(74, 22, 40, 33, 51, 59, 27, 33, 66), None
(72, 26, 40, 58, 67, 37, 37, 65, 34), None
(57, 32, 24, 29, 56, 68, 30, 44, 70), 17.0
(63, 28, 53, 51, 55, 57, 39, 55, 54), None
(80, 14, 18, 49, 65, 52, 33, 20, 80), None
(72, 25, 28, 56, 45, 61, 39, 50, 57), 15.0
(67, 27, 43, 45, 59, 58, 18, 46, 41), 18.0
(72, 54, 43, 59, 57, 52, 23, 59, 83), None
(66, 35, 19, 26, 61, 48, 37, 55, 71), 18.0
(97, 25, 37, 62, 55, 47, 38, 55, 23), None
(99, 23, 28, 43, 65, 62, 12, 27, 32), 15.0
(77, 30, 45, 57, 82, 16, 18, 57, 72), None
(40, 45, 28, 63, 70, 47, 37, 47, 62), None
(69, 16, 35, 70, 72, 56, 2, 28, 60), 16.0
(65, 29, 19, 54, 78, 38, 21, 53, 74), 18.0
(90, 23, 32, 64, 75, 55, 31, 56, 50), 18.0
(60, 30, 56, 33, 55, 32, 42, 56, 55), None
(60, 39, 37, 53, 73, 61, 26, 48, 46), 13.0
(60, 25, 27, 49, 84, 41, 16, 56, 69), 17.0
(73, 19, 30, 58, 45, 25, 27, 69, 72), 23.0
(73, 55, 25, 44, 63, 44, 18, 44, 59), None
(58, 31, 12, 53, 81, 36, 25, 31, 58), None
(65, 38, 23, 32, 58, 19, 14, 50, 78), 16.0
(65, 11, 48, 69, 74, 61, 36, 59, 45), 17.0
(87, 21, 3, 49, 65, 63, 36, 58, 59), 15.0
(97, 10, 29, 74, 64, 44, 29, 48, 70), None
(86, 28, 20, 43, 60, 64, 17, 62, 60), None
(64, 42, 18, 57, 48, 71, 50, 44, 34), 16.0
(72, 34, 24, 61, 77, 57, 29, 59, 60), 16.0
(69, 36, 22, 54, 74, 50, 32, 38, 72), 18.0
(76, 11, 35, 62, 40, 51, 34, 49, 50), 14.0
(56, 31, 19, 82, 91, 26, 20, 73, 83), 17.0
(62, 42, 67, 56, 52, 25, 19, 38, 85), 18.0
(75, 4, 25, 54, 74, 41, 32, 64, 34), 16.0
(40, 21, 5, 71, 94, 10, 30, 69, 60), 12.0
(54, 22, 15, 55, 65, 24, 50, 65, 73), None
(58, 36, 54, 59, 55, 59, 41, 63, 54), None
(71, 0, 22, 47, 60, 63, 34, 78, 50), 14.0
(71, 29, 18, 60, 66, 53, 27, 61, 86), 18.0
(65, 20, 10, 66, 80, 60, 22, 42, 62), 17.0
(66, 16, 34, 75, 67, 26, 29, 40, 85), 18.0
(88, 44, 30, 53, 56, 43, 48, 34, 66), 19.0
(60, 45, 31, 35, 86, 43, 23, 39, 59), 16.0
(72, 30, 38, 64, 46, 43, 39, 35, 71), 19.0
(78, 37, 34, 60, 76, 50, 13, 48, 68), 18.0
(44, 38, 65, 43, 47, 53, 37, 28, 81), 18.0
(86, 17, 60, 44, 54, 36, 37, 85, 70), 19.0
(59, 34, 44, 57, 69, 20, 15, 45, 91), 17.0
(48, 23, 34, 67, 68, 61, 33, 37, 78), 18.0
(81, 49, 26, 30, 72, 28, 52, 35, 76), 19.0
(82, 38, 54, 61, 19, 60, 56, 45, 40), 17.0
(94, 22, 21, 64, 74, 12, 40, 62, 74), None
(55, 25, 39, 40, 70, 31, 29, 46, 90), 18.0
(98, 18, 47, 60, 58, 38, 39, 52, 64), 20.0
(89, 33, 18, 49, 59, 53, 49, 49, 44), None
(80, 18, 27, 68, 54, 27, 41, 55, 76), None
(77, 17, 37, 51, 59, 35, 47, 44, 86), 20.0
(93, 18, 34, 44, 37, 56, 53, 47, 61), 18.0
(81, 28, 30, 53, 50, 27, 37, 38, 67), 16.0
(67, 22, 49, 59, 47, 15, 53, 60, 82), 16.0
(72, 34, 47, 23, 47, 49, 52, 14, 48), None
(84, 36, 36, 50, 42, 43, 44, 48, 83), None
(73, 48, 41, 87, 52, 37, 44, 33, 79), 19.0
(84, 39, 55, 72, 33, 60, 39, 44, 48), None
(78, 15, 44, 59, 32, 28, 52, 46, 74), 14.0
(99, 34, 43, 63, 58, 50, 32, 62, 59), 15.0
(60, 10, 42, 35, 68, 32, 41, 48, 54), 19.0
(98, 38, 46, 63, 38, 30, 44, 38, 86), None
(85, 31, 46, 56, 53, 47, 37, 48, 68), 20.0
(90, 44, 53, 59, 73, 38, 62, 48, 79), 17.0
(93, 3, 46, 44, 51, 37, 54, 47, 84), 18.0
(70, 15, 29, 68, 72, 55, 44, 55, 92), None
(94, 15, 55, 69, 67, 15, 53, 55, 43), None
(64, 30, 31, 63, 68, 45, 32, 10, 91), 15.0
(78, 29, 72, 55, 58, 39, 48, 54, 84), 18.0
(91, 14, 29, 31, 37, 6, 78, 52, 93), 17.0
(81, 32, 13, 44, 64, 16, 61, 56, 75), 17.0
(80, 39, 66, 53, 53, 41, 36, 57, 64), None
(70, 10, 25, 48, 52, 5, 38, 47, 95), 18.0
(95, 14, 41, 44, 72, 28, 35, 31, 80), 19.0
(89, 20, 42, 40, 42, 52, 43, 24, 71), None
(86, 24, 52, 56, 58, 28, 39, 54, 75), 14.0
(74, 17, 37, 24, 63, 16, 49, 58, 93), 17.0
(51, 11, 36, 51, 69, 20, 35, 50, 75), None
(79, 34, 52, 51, 61, 41, 36, 54, 71), 19.0
(62, 9, 36, 53, 44, 29, 29, 57, 83), None
(58, 21, 49, 39, 55, 50, 44, 52, 69), 19.0
(79, 21, 59, 61, 56, 32, 35, 55, 89), 17.0
(74, 18, 70, 37, 58, 43, 44, 45, 71), 17.0
(95, 16, 56, 40, 50, 56, 59, 38, 48), None
(81, 16, 44, 36, 51, 43, 40, 38, 72), 18.0
(69, 21, 42, 35, 66, 40, 48, 39, 62), 18.0
(70, 24, 52, 51, 70, 59, 52, 35, 67), None
(87, 17, 52, 51, 57, 38, 39, 56, 67), 20.0
(89, 11, 37, 35, 67, 47, 31, 32, 70), 16.0
(80, 0, 42, 63, 48, 33, 38, 46, 92), 18.0
(80, 32, 27, 50, 66, 31, 28, 58, 85), 17.0
(87, 31, 48, 43, 62, 45, 29, 30, 60), 18.0
(90, 5, 40, 44, 47, 31, 26, 65, 67), 16.0
(90, 26, 30, 43, 63, 32, 32, 55, 76), None
(84, 4, 31, 62, 43, 41, 36, 47, 73), 21.0
(81, 5, 38, 36, 70, 41, 41, 30, 80), None
(88, 28, 40, 51, 74, 48, 38, 37, 68), 19.0
(88, 17, 41, 43, 68, 43, 32, 59, 88), None
(89, 16, 47, 42, 46, 35, 37, 54, 68), 21.0
(77, 27, 43, 37, 55, 30, 46, 40, 74), 17.0
(90, 47, 78, 47, 56, 68, 47, 37, 69), None
(96, 24, 52, 49, 74, 41, 34, 63, 71), 22.0
(90, 14, 41, 42, 64, 40, 32, 46, 79), 18.0
(97, 6, 56, 43, 69, 30, 33, 72, 76), 18.0
(80, 27, 45, 45, 60, 38, 32, 55, 67), None
(97, 16, 41, 61, 48, 35, 36, 64, 55), 18.0
(98, 32, 56, 40, 56, 41, 36, 52, 79), None
(91, 6, 54, 44, 61, 34, 34, 54, 66), None
(80, 15, 34, 63, 71, 33, 34, 64, 71), None
(77, 18, 31, 56, 64, 37, 19, 53, 81), 19.0
(98, 17, 39, 54, 58, 39, 38, 59, 86), None
(82, 10, 46, 50, 61, 39, 31, 56, 74), 16.0
(82, 15, 43, 46, 66, 35, 33, 78, 52), 17.0
(75, 16, 29, 48, 68, 41, 26, 75, 72), None
(92, 17, 30, 55, 59, 36, 41, 56, 90), 17.0
(93, 10, 39, 53, 64, 31, 39, 64, 61), None
(99, 21, 35, 44, 54, 45, 14, 47, 58), 15.0
(87, 6, 47, 33, 52, 44, 39, 44, 68), None
(78, 0, 33, 49, 79, 21, 26, 63, 84), 18.0
(99, 28, 34, 61, 56, 52, 48, 48, 62), None
(77, 24, 37, 49, 63, 37, 47, 75, 55), None
(98, 21, 37, 43, 59, 47, 37, 58, 74), None
(73, 21, 59, 47, 67, 27, 26, 55, 79), 17.0
(92, 7, 30, 56, 74, 36, 46, 49, 77), 15.0
(85, 26, 30, 46, 67, 26, 26, 56, 97), None
(72, 24, 33, 65, 66, 42, 24, 48, 55), None
(80, 6, 43, 65, 70, 29, 20, 56, 87), 19.0
(75, 15, 30, 61, 74, 34, 22, 64, 80), 16.0
(74, 13, 40, 46, 77, 30, 24, 59, 80), 19.0
(67, 2, 27, 59, 50, 28, 26, 56, 75), 20.0
(87, 23, 23, 46, 61, 47, 22, 44, 85), None
(79, 14, 36, 57, 68, 33, 20, 50, 77), 20.0
(92, 11, 20, 43, 75, 39, 36, 64, 74), 17.0
(93, 24, 50, 44, 54, 34, 20, 51, 93), None
(84, 14, 26, 59, 68, 19, 13, 57, 83), 19.0
(88, 21, 34, 51, 67, 49, 27, 68, 66), 16.0
(80, 13, 41, 46, 83, 27, 24, 49, 98), 17.0
(75, 21, 32, 71, 62, 45, 27, 45, 57), None
(72, 2, 36, 54, 64, 28, 27, 61, 86), 22.0
(65, 13, 25, 54, 45, 36, 18, 50, 75), 19.0
(82, 2, 35, 65, 59, 40, 23, 47, 67), 17.0
(65, 16, 18, 67, 51, 22, 25, 46, 77), 18.0
(76, 14, 44, 67, 59, 39, 16, 48, 71), 18.0
(83, 13, 36, 55, 50, 32, 31, 59, 63), 17.0
(66, 11, 30, 53, 66, 35, 17, 56, 88), None
(62, 3, 38, 54, 60, 23, 32, 59, 67), 16.0
(67, 3, 43, 64, 52, 43, 20, 45, 61), None
(74, 3, 19, 58, 59, 17, 25, 63, 87), 17.0
(61, 0, 38, 70, 48, 33, 8, 66, 83), 16.0
(80, 21, 43, 55, 44, 41, 24, 59, 70), 19.0
(84, 15, 16, 65, 46, 21, 20, 44, 98), 16.0
(88, 19, 28, 59, 56, 38, 37, 51, 61), 18.0
(72, 9, 29, 54, 56, 27, 17, 54, 67), None
(82, 9, 44, 64, 60, 42, 23, 59, 74), 18.0
(77, 7, 27, 47, 53, 25, 26, 42, 92), 16.0
(67, 3, 27, 58, 64, 19, 20, 55, 78), 20.0
(65, 13, 23, 72, 58, 27, 10, 58, 84), None
(89, 13, 46, 68, 56, 50, 29, 57, 59), 14.0
(64, 6, 40, 56, 55, 34, 31, 73, 72), 19.0
(54, 2, 30, 77, 46, 21, 31, 59, 77), None
(67, 7, 32, 47, 46, 36, 33, 63, 79), 20.0
(70, 19, 41, 55, 47, 40, 20, 57, 73), 18.0
(82, 7, 38, 45, 49, 32, 39, 57, 74), 16.0
(68, 11, 27, 82, 53, 25, 37, 60, 76), 14.0
(62, 1, 32, 67, 55, 21, 13, 55, 84), None
(68, 20, 27, 51, 70, 18, 17, 53, 82), 17.0
(71, 7, 46, 48, 61, 35, 21, 67, 71), None
(56, 0, 21, 63, 53, 20, 32, 68, 70), 16.0
(69, 8, 40, 53, 62, 27, 41, 77, 64), 19.0
(66, 16, 23, 69, 50, 34, 29, 60, 81), 17.0
(69, 9, 41, 64, 53, 22, 27, 57, 77), 18.0
(59, 7, 45, 41, 52, 27, 35, 67, 73), 18.0
(88, 1, 23, 65, 57, 25, 21, 63, 80), 14.0
(72, 10, 36, 45, 53, 9, 48, 63, 65), 19.0
(62, 11, 39, 43, 62, 24, 36, 57, 62), None
(67, 8, 33, 59, 45, 17, 36, 59, 79), None
(64, 8, 43, 51, 60, 37, 38, 62, 51), None
(71, 20, 39, 61, 66, 24, 26, 64, 78), 16.0
(64, 14, 31, 53, 52, 25, 35, 74, 50), 15.0
(72, 23, 41, 61, 39, 14, 40, 73, 58), 19.0
(73, 1, 50, 43, 61, 15, 41, 74, 78), 19.0
(69, 19, 35, 50, 62, 27, 37, 54, 69), None
(53, 19, 39, 65, 57, 18, 41, 58, 76), 20.0
(61, 14, 40, 59, 44, 34, 33, 52, 62), 19.0
(63, 1, 39, 56, 49, 13, 49, 77, 73), None
(67, 3, 24, 51, 69, 14, 32, 62, 84), 20.0
(62, 10, 53, 53, 63, 14, 34, 70, 69), None
(68, 13, 48, 73, 41, 29, 40, 57, 52), 19.0
(64, 10, 32, 46, 56, 22, 40, 61, 76), 17.0
(71, 5, 44, 68, 42, 27, 40, 62, 77), 18.0
(76, 21, 43, 35, 56, 24, 46, 54, 77), 22.0
(87, 15, 48, 44, 58, 26, 27, 69, 72), 18.0
(81, 13, 49, 59, 60, 23, 29, 62, 85), 16.0
(76, 41, 39, 49, 59, 18, 44, 64, 64), None
(70, 23, 36, 46, 52, 30, 42, 61, 67), 20.0
(74, 20, 41, 38, 58, 9, 45, 54, 73), 19.0
(57, 19, 50, 58, 62, 19, 61, 62, 74), None
(71, 14, 41, 50, 65, 7, 38, 61, 85), 16.0
(74, 8, 36, 52, 55, 18, 40, 65, 57), 21.0
(60, 17, 30, 50, 48, 17, 30, 59, 81), None
(55, 12, 45, 56, 59, 16, 46, 57, 68), 20.0
(73, 24, 41, 58, 59, 13, 61, 61, 62), None
(70, 21, 33, 65, 40, 25, 24, 47, 79), 17.0
(54, 29, 35, 71, 51, 17, 47, 63, 80), 20.0
(69, 24, 42, 40, 60, 19, 56, 61, 58), 16.0
(63, 34, 50, 49, 67, 40, 46, 65, 57), 16.0
(58, 16, 49, 46, 43, 35, 44, 62, 68), 15.0
(52, 7, 29, 54, 61, 1, 47, 69, 62), 16.0
(76, 10, 37, 58, 53, 32, 42, 66, 67), 19.0
(57, 7, 31, 58, 59, 35, 18, 66, 58), None
(71, 13, 38, 58, 51, 24, 53, 65, 65), None
(63, 14, 40, 59, 70, 17, 42, 75, 41), 17.0
(80, 6, 25, 63, 61, 18, 40, 59, 64), 18.0
(75, 28, 33, 56, 55, 28, 47, 59, 63), None
(76, 14, 33, 49, 65, 15, 31, 61, 71), 14.0
(79, 17, 39, 44, 50, 32, 27, 45, 72), 18.0
(73, 11, 45, 41, 49, 20, 42, 74, 58), 16.0
(76, 25, 37, 52, 51, 20, 41, 70, 74), 18.0
(82, 11, 32, 42, 64, 24, 45, 65, 79), 16.0
(75, 16, 21, 75, 57, 29, 29, 56, 68), None
(82, 10, 42, 54, 43, 42, 41, 61, 67), None
(85, 17, 35, 57, 57, 36, 41, 71, 71), None
(79, 21, 34, 66, 50, 38, 39, 55, 47), 20.0
(71, 11, 39, 53, 57, 35, 48, 68, 62), 20.0
(56, 19, 26, 65, 51, 11, 43, 61, 82), 20.0
(66, 17, 31, 71, 58, 28, 33, 55, 62), 16.0
(92, 15, 22, 50, 48, 31, 25, 59, 52), 16.0
(89, 12, 36, 57, 47, 34, 43, 60, 63), 16.0
(90, 28, 37, 66, 67, 36, 30, 66, 60), None
(93, 3, 41, 43, 49, 33, 49, 76, 69), None
(81, 5, 38, 53, 50, 27, 38, 73, 70), None
(68, 0, 26, 64, 54, 32, 48, 76, 59), 19.0
(68, 19, 18, 56, 63, 31, 38, 55, 89), 17.0
(76, 8, 39, 58, 63, 27, 29, 68, 75), 14.0
(68, 8, 31, 64, 59, 34, 51, 61, 45), 19.0
(91, 11, 33, 60, 55, 36, 38, 58, 55), None
(76, 15, 23, 67, 65, 33, 39, 58, 52), 19.0
(77, 18, 31, 56, 49, 25, 38, 68, 66), 15.0
(62, 23, 30, 71, 54, 22, 39, 71, 47), None
(73, 22, 37, 63, 57, 46, 54, 54, 65), None
(69, 23, 37, 65, 50, 36, 51, 61, 39), 16.0
(64, 20, 39, 55, 37, 27, 55, 54, 53), None
(82, 23, 34, 68, 55, 33, 51, 67, 51), None
(82, 12, 26, 68, 54, 28, 47, 63, 52), 18.0
(59, 10, 21, 59, 57, 26, 39, 59, 83), None
(76, 10, 30, 62, 40, 34, 35, 60, 68), 17.0
(74, 20, 33, 57, 67, 35, 35, 63, 72), None
(77, 13, 32, 59, 39, 36, 44, 67, 57), 18.0
(75, 16, 32, 63, 55, 42, 40, 59, 49), 18.0
(79, 4, 29, 69, 40, 34, 39, 67, 65), 16.0
(76, 3, 30, 54, 55, 20, 50, 57, 81), 17.0
(82, 13, 30, 62, 61, 55, 35, 62, 43), None
(76, 12, 33, 60, 57, 26, 53, 61, 44), 18.0
(70, 7, 26, 60, 54, 26, 42, 75, 64), None
(65, 22, 25, 58, 71, 12, 47, 67, 75), 18.0
(75, 1, 28, 54, 46, 41, 64, 68, 43), 20.0
(76, 22, 31, 61, 59, 44, 45, 52, 55), 17.0
(72, 12, 29, 60, 46, 43, 47, 69, 51), 18.0
(79, 19, 37, 55, 56, 49, 47, 65, 50), 16.0
(83, 4, 33, 69, 61, 42, 49, 72, 70), 18.0
(78, 18, 32, 63, 54, 26, 37, 73, 46), 20.0
(66, 20, 19, 64, 55, 27, 57, 61, 42), 17.0
(62, 12, 22, 63, 54, 33, 37, 68, 51), 16.0
(81, 5, 29, 54, 42, 36, 58, 70, 40), 16.0
(64, 10, 39, 66, 51, 34, 58, 66, 43), None
(75, 3, 23, 70, 46, 38, 53, 72, 32), 19.0
(75, 14, 26, 52, 55, 28, 64, 64, 48), None
(73, 28, 19, 52, 52, 25, 60, 72, 59), None
(88, 22, 42, 53, 49, 44, 46, 70, 14), 14.0
(74, 10, 20, 50, 53, 39, 56, 66, 53), None
(63, 26, 34, 49, 47, 21, 49, 49, 54), None
(80, 19, 31, 51, 47, 32, 56, 73, 53), 20.0
(78, 23, 24, 68, 49, 43, 51, 64, 42), 16.0
(53, 12, 25, 58, 45, 15, 51, 72, 36), 20.0
(85, 13, 13, 55, 56, 27, 53, 54, 39), None
(64, 9, 25, 47, 58, 17, 55, 84, 35), 15.0
(55, 18, 38, 58, 52, 32, 58, 65, 31), None
(71, 0, 22, 57, 58, 39, 62, 71, 50), None
(80, 17, 23, 68, 63, 34, 49, 69, 51), 17.0
(71, 9, 26, 57, 60, 29, 51, 72, 63), 16.0
(79, 21, 31, 45, 57, 28, 39, 58, 68), 18.0
(60, 14, 32, 50, 48, 20, 52, 59, 38), 16.0
(72, 20, 27, 61, 50, 25, 62, 68, 45), 19.0
(67, 29, 27, 56, 45, 30, 63, 81, 42), 19.0
(64, 10, 31, 61, 40, 31, 56, 68, 47), None
(65, 0, 16, 48, 47, 33, 41, 71, 80), 17.0
(82, 9, 24, 57, 40, 28, 66, 80, 27), 20.0
(67, 12, 12, 59, 53, 17, 50, 72, 43), None
(77, 12, 29, 39, 44, 28, 50, 65, 71), 18.0
(72, 19, 18, 74, 55, 39, 23, 59, 37), 18.0
(81, 13, 33, 57, 45, 24, 57, 73, 41), None
(67, 14, 26, 46, 48, 23, 50, 73, 45), 18.0
(72, 12, 18, 43, 42, 32, 49, 74, 59), 15.0
(75, 8, 23, 70, 32, 39, 51, 75, 29), None
(73, 2, 24, 57, 46, 28, 54, 73, 32), None
(69, 16, 27, 45, 56, 16, 44, 63, 62), None
(79, 19, 36, 47, 38, 23, 47, 62, 37), None
(73, 16, 28, 65, 50, 40, 56, 69, 30), 18.0
(76, 10, 13, 69, 46, 37, 52, 75, 28), 24.0
