Sampler:TPESampler
(292, 372, 55), 80.0
(9, 271, 86), 54.0
(49, 386, 311), 56.0
(57, 15, 382), 54.0
(79, 138, 196), 96.0
(25, 19, 21), 54.0
(268, 345, 134), 86.0
(190, 372, 95), 52.0
(48, 97, 97), None
(394, 14, 283), 54.0
(153, 165, 221), 76.0
(270, 251, 163), 61.0
(144, 147, 178), 40.0
(268, 286, 239), 48.0
(349, 96, 143), 50.0
(116, 219, 132), 94.0
(115, 214, 278), 68.0
(109, 114, 210), 56.0
(209, 189, 359), 72.0
(94, 227, 8), 72.0
(210, 62, 125), 98.0
(192, 68, 135), 68.0
(157, 59, 182), 81.0
(219, 138, 247), 57.0
(92, 188, 64), 64.0
(134, 72, 118), 88.0
(85, 308, 164), 72.0
(231, 135, 196), 82.0
(174, 50, 42), 92.0
(310, 230, 64), 54.0
(69, 171, 114), 60.0
(176, 42, 36), 88.0
(233, 42, 55), 62.0
(169, 106, 73), 50.0
(121, 47, 34), 74.0
(39, 73, 154), 104.0
(25, 83, 152), 80.0
(20, 134, 114), 60.0
(44, 115, 190), 50.0
(72, 164, 231), 54.0
(61, 4, 88), 96.0
(9, 26, 88), 78.0
(72, 18, 120), 59.0
(39, 2, 164), 92.0
(1, 0, 88), 89.0
(60, 85, 132), 88.0
(30, 31, 101), 68.0
(108, 260, 151), 62.0
(133, 82, 258), 62.0
(52, 290, 217), 68.0
(88, 124, 170), 68.0
(36, 2, 201), 91.0
(58, 33, 149), 82.0
(14, 12, 128), 88.0
(39, 208, 104), 52.0
(255, 62, 157), 62.0
(183, 50, 5), 90.0
(203, 152, 76), 80.0
(105, 231, 177), 58.0
(79, 180, 143), 60.0
(150, 92, 325), 82.0
(166, 70, 45), 80.0
(98, 13, 184), 90.0
(120, 33, 20), 93.0
(121, 26, 168), 80.0
(144, 55, 26), 94.0
(135, 102, 21), 86.0
(398, 62, 19), 54.0
(127, 33, 76), 86.0
(148, 53, 56), 102.0
(192, 76, 58), 93.0
(146, 54, 27), 88.0
(160, 245, 0), 108.0
(164, 243, 1), 74.0
(223, 249, 99), 56.0
(142, 216, 57), 60.0
(157, 197, 48), 96.0
(156, 198, 396), 88.0
(182, 277, 48), 56.0
(210, 325, 35), 76.0
(65, 393, 109), 56.0
(102, 264, 126), 80.0
(114, 121, 13), 82.0
(78, 157, 68), 90.0
(143, 225, 88), 100.0
(159, 217, 85), 93.0
(240, 235, 94), 48.0
(288, 196, 51), 52.0
(373, 366, 39), 64.0
(178, 179, 85), 70.0
(195, 90, 29), 86.0
(140, 239, 121), 50.0
(128, 256, 144), 62.0
(152, 219, 207), 64.0
(90, 206, 64), 76.0
(207, 43, 6), 96.0
(208, 43, 137), 58.0
(215, 63, 12), 88.0
(46, 225, 110), 76.0
(227, 75, 28), 66.0
(243, 109, 83), 88.0
(187, 141, 8), 70.0
(167, 55, 72), 94.0
(171, 42, 14), 72.0
(199, 23, 71), 60.0
(164, 51, 45), 88.0
(134, 10, 92), 96.0
(173, 10, 78), 92.0
(110, 4, 91), 58.0
(137, 23, 58), 98.0
(29, 20, 59), 38.0
(136, 32, 101), 84.0
(143, 16, 0), 95.0
(127, 13, 0), 85.0
(151, 38, 41), 74.0
(156, 24, 231), 58.0
(131, 11, 16), 77.0
(17, 6, 53), 75.0
(97, 0, 107), 79.0
(60, 22, 267), 98.0
(80, 68, 258), 60.0
(70, 18, 299), 92.0
(51, 27, 329), 52.0
(55, 41, 5), 81.0
(143, 37, 360), 54.0
(121, 17, 190), 66.0
(203, 46, 269), 72.0
(61, 249, 94), 58.0
(160, 31, 65), 102.0
(177, 29, 59), 92.0
(38, 269, 78), 59.0
(148, 20, 31), 76.0
(155, 80, 65), 84.0
(188, 62, 118), 56.0
(164, 49, 218), 60.0
(134, 36, 160), 78.0
(218, 10, 174), 74.0
(183, 29, 24), 90.0
(116, 57, 39), 73.0
(2, 292, 89), 52.0
(139, 100, 50), 50.0
(147, 70, 24), 94.0
(127, 227, 124), 66.0
(161, 49, 8), 74.0
(148, 67, 20), 86.0
(141, 206, 0), 84.0
(195, 58, 71), 100.0
(193, 16, 81), 76.0
(213, 87, 99), 74.0
(45, 0, 68), 90.0
(170, 171, 65), 68.0
(237, 71, 48), 92.0
(106, 194, 145), 62.0
(87, 221, 112), 98.0
(79, 245, 111), 66.0
(87, 40, 75), 74.0
(57, 24, 132), 86.0
(63, 236, 93), 66.0
(74, 129, 86), 40.0
(206, 222, 100), 76.0
(247, 30, 58), 50.0
(330, 60, 73), 50.0
(169, 53, 81), 58.0
(158, 209, 74), 62.0
(176, 11, 115), 96.0
(182, 11, 138), 82.0
(200, 20, 112), 91.0
(34, 35, 104), 86.0
(176, 8, 116), 98.0
(179, 9, 127), 78.0
(193, 0, 120), 61.0
(161, 18, 107), 54.0
(173, 7, 115), 78.0
(156, 257, 294), 80.0
(224, 29, 232), 48.0
(187, 46, 98), 70.0
(151, 25, 91), 80.0
(69, 13, 136), 92.0
(142, 188, 203), 62.0
(165, 231, 10), 54.0
(50, 37, 62), 38.0
(149, 76, 35), 62.0
(126, 7, 16), 96.0
(134, 6, 16), 84.0
(122, 20, 152), 93.0
(24, 0, 246), 109.0
(12, 0, 285), 91.0
(24, 12, 282), 98.0
(27, 25, 279), 56.0
(31, 13, 271), 80.0
(18, 7, 249), 54.0
(25, 6, 256), 78.0
(42, 16, 287), 52.0
(176, 145, 297), 56.0
(22, 0, 271), 85.0
(95, 42, 265), 64.0
(85, 25, 49), 87.0
(9, 12, 190), 64.0
(202, 240, 86), 86.0
(65, 57, 242), 60.0
(51, 36, 55), 82.0
(136, 19, 307), 58.0
(127, 8, 7), 98.0
(129, 9, 8), 83.0
(111, 7, 66), 92.0
(122, 214, 124), 66.0
(212, 30, 17), 73.0
(157, 0, 115), 68.0
(39, 155, 213), 96.0
(37, 166, 215), 52.0
(46, 19, 226), 58.0
(56, 152, 182), 80.0
(31, 180, 239), 62.0
(41, 200, 104), 92.0
(141, 13, 210), 64.0
(149, 24, 1), 85.0
(163, 46, 76), 78.0
(193, 8, 197), 70.0
(21, 16, 262), 90.0
(132, 222, 43), 64.0
(78, 124, 95), 84.0
(146, 31, 1), 102.0
(155, 32, 7), 94.0
(170, 24, 0), 85.0
(139, 53, 9), 90.0
(148, 43, 22), 86.0
(122, 5, 12), 96.0
(125, 6, 16), 94.0
(116, 0, 12), 94.0
(103, 15, 23), 102.0
(105, 279, 26), 64.0
(115, 16, 32), 80.0
(90, 34, 13), 90.0
(101, 24, 4), 89.0
(127, 66, 250), 88.0
(134, 13, 276), 80.0
(137, 8, 23), 62.0
(67, 111, 65), 84.0
(85, 19, 0), 83.0
(144, 1, 15), 101.0
(145, 6, 13), 100.0
(144, 1, 32), 94.0
(152, 252, 21), 62.0
(131, 0, 13), 80.0
(151, 16, 56), 80.0
(141, 28, 9), 76.0
(160, 7, 18), 58.0
(121, 8, 4), 90.0
(144, 12, 39), 94.0
(219, 20, 13), 58.0
(160, 12, 29), 66.0
(174, 6, 6), None
(205, 23, 17), 84.0
(154, 33, 110), 72.0
(74, 228, 169), 86.0
(35, 185, 45), 92.0
(103, 0, 158), 73.0
(128, 12, 82), 58.0
(0, 212, 289), 62.0
(136, 5, 68), 71.0
(12, 237, 55), 96.0
(164, 39, 89), 68.0
(6, 243, 72), 88.0
(23, 51, 10), 80.0
(198, 59, 129), 82.0
(147, 80, 59), 80.0
(182, 19, 26), 58.0
(109, 29, 18), 82.0
(15, 233, 119), 114.0
(26, 228, 2), 71.0
(32, 246, 113), 58.0
(16, 235, 55), 76.0
(23, 228, 52), 58.0
(141, 221, 98), 66.0
(119, 264, 123), 54.0
(93, 135, 129), 80.0
(211, 42, 120), 60.0
(133, 17, 106), 92.0
(170, 204, 140), 94.0
(229, 67, 227), 52.0
(48, 27, 99), 62.0
(154, 7, 36), 78.0
(43, 49, 11), 58.0
(59, 3, 80), 76.0
(127, 16, 237), 68.0
(83, 35, 88), 44.0
(9, 246, 46), 90.0
(187, 357, 21), 74.0
(120, 8, 279), 64.0
(147, 214, 0), 91.0
(165, 59, 64), 74.0
(72, 20, 255), 58.0
(12, 251, 51), 68.0
(98, 95, 31), 82.0
(30, 0, 207), 77.0
(137, 27, 112), 66.0
(156, 40, 71), 60.0
(112, 235, 191), 58.0
(20, 232, 14), 60.0
(40, 15, 118), 66.0
(177, 148, 135), 98.0
(186, 170, 151), 69.0
(20, 237, 139), 84.0
(144, 153, 132), 90.0
(179, 23, 125), 76.0
(61, 138, 319), 56.0
(194, 164, 179), 79.0
(12, 88, 144), 80.0
(7, 242, 134), 56.0
(173, 116, 125), 76.0
(208, 12, 0), 60.0
(217, 219, 9), 100.0
(222, 227, 10), 68.0
(153, 196, 105), 92.0
(136, 156, 23), 82.0
(204, 320, 8), 59.0
(164, 221, 117), 58.0
(66, 161, 263), 94.0
(177, 213, 120), 60.0
(3, 258, 63), 98.0
(4, 251, 67), 58.0
(217, 255, 18), 98.0
(389, 221, 271), 66.0
(215, 270, 41), 64.0
(221, 258, 30), 52.0
(194, 257, 21), 76.0
(235, 265, 77), 56.0
(215, 49, 18), 101.0
(227, 279, 15), 55.0
(214, 63, 20), 72.0
(215, 55, 5), 86.0
(248, 242, 29), 62.0
(227, 48, 292), 56.0
(161, 70, 59), 54.0
(199, 258, 63), 75.0
(151, 250, 39), 86.0
(32, 75, 282), 68.0
(220, 31, 352), 50.0
(16, 273, 84), 56.0
(205, 51, 9), 88.0
(286, 38, 26), 52.0
(144, 20, 93), 78.0
(3, 207, 307), 52.0
(234, 0, 16), 74.0
(38, 219, 1), 80.0
(15, 245, 68), 62.0
(26, 104, 10), 100.0
(20, 65, 7), 84.0
(28, 97, 0), 52.0
(167, 62, 23), 96.0
(206, 54, 11), 92.0
(0, 78, 131), 62.0
(156, 234, 17), 96.0
(27, 83, 34), 74.0
(143, 42, 10), 94.0
(218, 108, 25), 84.0
(11, 33, 0), 61.0
(344, 26, 144), 48.0
(190, 226, 15), 70.0
(23, 264, 36), 68.0
(210, 46, 8), 68.0
(150, 70, 46), 74.0
(199, 14, 275), 90.0
(170, 21, 75), 58.0
(227, 253, 20), 58.0
(162, 56, 110), 58.0
(183, 236, 7), 48.0
(144, 34, 135), 76.0
(135, 27, 160), 100.0
(132, 34, 161), 86.0
(135, 44, 154), 75.0
(147, 28, 164), 72.0
(154, 23, 146), 78.0
(17, 12, 124), 82.0
(128, 214, 58), 86.0
(142, 61, 140), 80.0
(139, 241, 174), 85.0
(27, 18, 28), 44.0
(158, 126, 18), 94.0
(0, 8, 133), 92.0
(10, 49, 152), 80.0
(213, 225, 8), 48.0
(149, 40, 116), 62.0
(161, 28, 50), 94.0
(36, 384, 17), 84.0
(51, 15, 72), 75.0
(131, 22, 301), 72.0
(115, 0, 26), 84.0
(174, 257, 106), 80.0
(139, 88, 61), 48.0
(181, 232, 127), 58.0
(240, 36, 7), 68.0
(21, 9, 0), 101.0
(30, 9, 2), 71.0
(193, 247, 38), 62.0
(7, 25, 1), 82.0
(20, 206, 14), 72.0
(124, 73, 6), 84.0
(16, 9, 13), 71.0
(220, 0, 23), None
(32, 19, 268), 48.0
(23, 284, 1), 98.0
(167, 264, 0), 79.0
(209, 218, 83), 56.0
(10, 102, 1), 84.0
(149, 9, 247), 70.0
(38, 29, 284), 54.0
(44, 20, 13), 84.0
(22, 311, 9), 50.0
(28, 295, 21), 54.0
(107, 292, 8), 66.0
(17, 297, 0), 60.0
(23, 277, 67), 60.0
(10, 300, 33), 96.0
(15, 36, 18), 85.0
(158, 285, 10), 48.0
(38, 13, 16), 85.0
(137, 228, 0), 59.0
(223, 57, 118), 62.0
(90, 15, 58), 88.0
(201, 271, 27), 52.0
(230, 64, 46), 56.0
(30, 192, 163), 52.0
(177, 50, 74), 98.0
(187, 56, 316), 60.0
(4, 45, 72), 86.0
(21, 29, 53), 64.0
(130, 6, 9), 84.0
(174, 53, 96), 90.0
(140, 46, 81), 92.0
(149, 0, 67), 85.0
(13, 117, 75), 100.0
(0, 242, 85), 67.0
(16, 25, 185), 90.0
(50, 339, 64), 58.0
(154, 116, 103), 80.0
(9, 105, 19), 86.0
(28, 213, 73), 92.0
(216, 96, 154), 70.0
(166, 12, 71), 98.0
(124, 235, 89), 72.0
(140, 140, 50), None
(179, 129, 84), 50.0
(173, 80, 76), 78.0
(167, 68, 76), 76.0
(158, 8, 65), 92.0
(157, 40, 58), 92.0
(169, 14, 74), 72.0
(316, 76, 147), 54.0
(148, 34, 81), 60.0
(133, 252, 37), 86.0
(168, 117, 26), 76.0
(80, 223, 68), 88.0
(165, 23, 95), 88.0
(186, 36, 80), 80.0
(7, 282, 221), 76.0
(13, 132, 12), 101.0
(23, 113, 258), 70.0
(13, 128, 395), 60.0
(37, 123, 14), 82.0
(17, 263, 8), 58.0
(32, 305, 29), 64.0
(21, 327, 196), 52.0
(58, 49, 17), 92.0
(5, 108, 0), 94.0
(13, 151, 169), 71.0
(27, 218, 21), 60.0
(23, 131, 8), 94.0
(192, 58, 109), 72.0
(163, 61, 101), 102.0
(96, 90, 96), None
(154, 200, 0), 65.0
(6, 61, 61), None
(18, 233, 87), 70.0
(35, 51, 8), 42.0
(1, 72, 43), 68.0
(12, 53, 32), 72.0
(147, 40, 16), 84.0
(27, 209, 330), 46.0
(255, 6, 287), 50.0
(46, 147, 99), 86.0
(142, 0, 10), 89.0
(12, 257, 272), 82.0
(155, 114, 23), 80.0
(160, 63, 106), 106.0
(158, 137, 114), 86.0
(165, 66, 17), 82.0
(159, 134, 105), 79.0
(147, 64, 8), 94.0
(160, 86, 93), 98.0
(146, 246, 32), 94.0
(149, 121, 23), 78.0
(165, 47, 87), 76.0
(18, 69, 53), 82.0
(234, 99, 11), 114.0
(257, 97, 93), 90.0
(242, 105, 15), 72.0
(237, 82, 8), 74.0
(250, 95, 99), 66.0
(267, 30, 73), 56.0
Sampler:BoTorchSampler
(247, 12, 200), 60.0
(80, 214, 380), 52.0
(157, 28, 1), 56.0
(370, 225, 250), 64.0
(23, 321, 25), 94.0
(298, 370, 280), 52.0
(103, 45, 304), 90.0
(266, 332, 118), 62.0
(280, 340, 168), 82.0
(267, 89, 49), 80.0
(0, 370, 0), None
(0, 368, 0), None
(0, 369, 0), None
(0, 374, 0), None
(0, 371, 0), None
(0, 372, 0), None
(0, 367, 0), None
(0, 373, 0), None
(0, 286, 0), None
Sampler:CmaEsSampler
(24, 231, 98), 56.0
(139, 178, 317), 50.0
(183, 111, 234), 52.0
(139, 75, 282), 54.0
(191, 177, 197), 64.0
(160, 129, 280), 88.0
(196, 184, 181), 80.0
(123, 203, 170), 58.0
(177, 142, 217), 54.0
(224, 40, 294), 56.0
(271, 163, 179), 64.0
(198, 102, 169), 48.0
(136, 86, 208), 52.0
(190, 167, 202), 72.0
(197, 173, 265), 70.0
(255, 78, 233), 64.0
(293, 169, 185), 58.0
(134, 144, 162), 94.0
(125, 233, 206), 54.0
(258, 143, 241), 56.0
(247, 186, 179), 50.0
(113, 128, 260), 70.0
(188, 149, 263), 81.0
(123, 159, 259), 59.0
(132, 133, 214), 71.0
(144, 216, 122), 80.0
(114, 144, 123), 80.0
(113, 85, 198), 88.0
(124, 102, 115), 92.0
(127, 34, 189), 56.0
(118, 103, 227), 54.0
(131, 180, 238), 56.0
(7, 25, 49), 94.0
(44, 125, 256), 56.0
(116, 201, 160), 70.0
(206, 162, 170), 70.0
(169, 106, 206), 58.0
(149, 51, 190), 66.0
(115, 177, 176), 80.0
(118, 170, 163), 54.0
(175, 168, 87), 64.0
(140, 66, 148), 76.0
(39, 133, 117), 92.0
(132, 59, 169), 96.0
(113, 104, 34), 74.0
(99, 196, 146), 65.0
(64, 302, 179), 48.0
(109, 187, 222), 66.0
(86, 77, 156), 86.0
(153, 167, 160), 74.0
(104, 125, 177), 80.0
(160, 113, 185), 90.0
(181, 194, 193), 42.0
(202, 118, 187), 56.0
(99, 7, 174), 104.0
(163, 1, 237), 52.0
(86, 62, 116), 64.0
(219, 101, 292), 60.0
(123, 37, 212), 72.0
(133, 136, 138), 97.0
(37, 94, 105), 86.0
(81, 54, 213), 62.0
(117, 87, 76), 92.0
(52, 37, 227), 56.0
(151, 181, 138), 56.0
(43, 177, 80), 70.0
(130, 148, 65), 66.0
(173, 137, 129), 72.0
(28, 120, 54), 72.0
(11, 68, 105), 76.0
(121, 68, 120), 76.0
(41, 43, 127), 86.0
(27, 17, 97), 94.0
(89, 45, 156), 54.0
(81, 55, 152), 78.0
(58, 47, 94), 86.0
(35, 140, 156), 90.0
(90, 83, 118), 38.0
(77, 26, 157), 94.0
(25, 36, 174), 88.0
(37, 126, 48), 96.0
(71, 32, 218), 106.0
(8, 36, 142), 74.0
(0, 65, 85), 93.0
(148, 122, 187), 68.0
(74, 61, 169), 50.0
(76, 90, 181), 52.0
(106, 57, 184), 68.0
(48, 105, 205), 98.0
(131, 86, 212), 90.0
(88, 53, 140), 64.0
(102, 15, 149), 64.0
(77, 113, 236), 78.0
(125, 78, 186), 64.0
(13, 72, 114), 94.0
(106, 89, 159), 72.0
(84, 60, 233), 58.0
(113, 89, 203), 100.0
(115, 207, 146), 52.0
(164, 70, 258), 62.0
(115, 109, 254), 86.0
(122, 45, 230), 60.0
(137, 177, 194), 84.0
(31, 133, 128), 82.0
(78, 118, 249), 60.0
(89, 99, 198), 100.0
(77, 65, 163), 76.0
(72, 96, 244), 60.0
(94, 150, 235), 66.0
(99, 162, 235), 55.0
(79, 125, 211), 62.0
(122, 105, 270), 60.0
(133, 146, 298), 60.0
(146, 98, 255), 60.0
(18, 129, 195), 80.0
(104, 89, 237), 64.0
(59, 71, 169), 78.0
(116, 117, 240), 63.0
(144, 86, 259), 64.0
(133, 98, 220), 70.0
(68, 122, 227), 60.0
(40, 82, 211), 60.0
(86, 111, 221), 96.0
(63, 107, 186), 96.0
(70, 124, 180), 88.0
(70, 126, 204), 98.0
(3, 130, 164), 72.0
(35, 80, 155), 94.0
(52, 166, 216), 52.0
(62, 142, 228), 72.0
(40, 118, 156), 84.0
(6, 100, 174), 86.0
(30, 140, 185), 86.0
(65, 155, 207), 68.0
(14, 54, 132), 80.0
(24, 126, 199), 78.0
(38, 120, 215), 74.0
(27, 47, 139), 84.0
(12, 66, 145), 94.0
(71, 117, 166), 88.0
(62, 145, 183), 72.0
(35, 84, 158), 96.0
(58, 84, 170), 60.0
(18, 81, 127), 72.0
(58, 40, 66), 60.0
(84, 99, 209), 50.0
(37, 61, 129), 56.0
(27, 67, 134), 92.0
(79, 66, 174), 96.0
(55, 89, 150), 58.0
(33, 63, 132), 96.0
(3, 66, 192), 88.0
(32, 40, 100), 93.0
(21, 53, 96), 52.0
(56, 51, 151), 70.0
(27, 102, 182), 92.0
(44, 33, 188), 62.0
(58, 111, 165), 84.0
(106, 65, 145), 76.0
(46, 57, 110), 56.0
(37, 68, 137), 76.0
(77, 59, 139), 90.0
(29, 29, 132), None
(69, 93, 175), 94.0
(44, 73, 163), 92.0
(20, 104, 187), 92.0
(70, 128, 203), 96.0
(122, 116, 206), 64.0
(29, 87, 161), 88.0
(40, 116, 193), 64.0
(70, 79, 170), 64.0
(76, 153, 220), 86.0
(65, 111, 191), 72.0
(105, 115, 206), 62.0
(78, 113, 216), 80.0
(102, 188, 220), 58.0
(54, 84, 175), 90.0
(58, 118, 190), 68.0
(64, 118, 189), 54.0
(37, 100, 187), 66.0
(35, 90, 144), 66.0
(127, 114, 201), 84.0
(24, 118, 193), 74.0
(66, 100, 196), 70.0
(60, 99, 165), 94.0
(102, 133, 226), 64.0
(54, 88, 178), 94.0
(122, 113, 205), 74.0
(136, 140, 231), 52.0
(55, 108, 184), 70.0
(87, 96, 178), 94.0
(60, 77, 150), 58.0
(43, 100, 172), 72.0
(41, 97, 199), 78.0
(49, 97, 162), 66.0
(100, 124, 187), 92.0
(53, 84, 156), 96.0
(62, 83, 186), 111.0
(64, 97, 188), 62.0
(51, 84, 187), 64.0
(81, 90, 184), 100.0
(94, 91, 181), 50.0
(65, 92, 186), 80.0
(32, 89, 160), 64.0
(86, 79, 188), 60.0
(76, 83, 179), 92.0
(64, 77, 176), 94.0
(68, 80, 178), 54.0
(95, 93, 196), 84.0
(59, 97, 172), 90.0
(70, 88, 202), 100.0
(105, 100, 200), 108.0
(104, 88, 172), 88.0
(90, 84, 208), 62.0
(111, 120, 231), 52.0
(113, 130, 224), 76.0
(59, 82, 183), 80.0
(121, 99, 219), 62.0
(85, 79, 205), 66.0
(86, 84, 194), 76.0
(103, 103, 208), None
(93, 90, 183), 76.0
(39, 71, 182), 60.0
(55, 91, 165), 82.0
(81, 76, 168), 60.0
(112, 100, 178), 52.0
(63, 80, 183), 78.0
(90, 108, 186), 98.0
(22, 83, 158), 82.0
(68, 90, 182), 94.0
(66, 81, 184), 82.0
(43, 83, 174), 74.0
(80, 101, 200), 71.0
(53, 86, 178), 96.0
(66, 96, 174), 92.0
(68, 106, 179), 98.0
(45, 88, 174), 84.0
(33, 88, 162), 72.0
(92, 89, 183), 94.0
(61, 98, 175), 88.0
(56, 87, 175), 96.0
(78, 104, 186), 62.0
(63, 96, 182), 92.0
(66, 102, 167), 74.0
(95, 103, 199), 64.0
(61, 81, 176), 76.0
(91, 86, 191), 64.0
(80, 99, 173), 85.0
(62, 98, 178), 86.0
(81, 81, 179), None
(62, 98, 180), 74.0
(67, 93, 175), 94.0
(74, 104, 182), 98.0
(83, 97, 183), 76.0
(63, 91, 179), 58.0
(71, 97, 181), 54.0
(56, 100, 177), 80.0
(73, 94, 178), 105.0
(79, 94, 176), 82.0
(64, 99, 185), 74.0
(66, 110, 186), 86.0
(63, 82, 169), 75.0
(78, 96, 186), 80.0
(71, 97, 183), 66.0
(74, 95, 178), 101.0
(74, 99, 180), 56.0
(77, 106, 186), 78.0
(67, 95, 176), 92.0
(76, 97, 184), 68.0
(72, 103, 180), 98.0
(73, 94, 175), 95.0
(68, 90, 177), 79.0
(66, 96, 172), 66.0
(79, 99, 184), 71.0
(79, 98, 180), 72.0
(71, 96, 178), 94.0
(72, 103, 184), 90.0
(67, 93, 174), 86.0
(69, 102, 180), 94.0
(70, 97, 180), 52.0
(69, 96, 175), 88.0
(70, 94, 174), 92.0
(65, 103, 180), 104.0
(67, 98, 176), 90.0
(70, 97, 175), 88.0
(64, 95, 175), 94.0
(74, 97, 177), 90.0
(66, 105, 177), 94.0
(67, 101, 177), 58.0
(63, 101, 177), 66.0
(70, 100, 178), 54.0
(63, 95, 175), 94.0
(61, 108, 179), 58.0
(63, 94, 173), 74.0
(63, 105, 177), 92.0
(66, 104, 182), 100.0
(64, 100, 179), 62.0
(58, 97, 176), 97.0
(59, 105, 178), 83.0
(65, 106, 183), 78.0
(64, 96, 174), 90.0
(64, 113, 184), 92.0
(65, 101, 177), 70.0
(53, 102, 176), 76.0
(57, 88, 172), 74.0
(60, 101, 178), 80.0
(57, 97, 176), 88.0
(59, 101, 176), 95.0
(54, 100, 175), 76.0
(69, 108, 184), 90.0
(63, 100, 180), 88.0
(59, 106, 179), 93.0
(55, 107, 180), 72.0
(59, 102, 181), 68.0
(68, 95, 175), 96.0
(61, 103, 178), 74.0
(57, 105, 178), 94.0
(68, 92, 172), 72.0
(63, 104, 179), 96.0
(63, 98, 177), 86.0
(67, 96, 174), 90.0
(62, 96, 174), 78.0
(68, 99, 176), 69.0
(62, 104, 178), 94.0
(66, 93, 173), 82.0
(64, 101, 179), 64.0
(68, 103, 179), 58.0
(65, 100, 179), 58.0
(67, 101, 179), 54.0
(66, 99, 177), 89.0
(60, 101, 177), 78.0
(65, 99, 177), 89.0
(64, 99, 176), 97.0
(64, 103, 177), 92.0
(62, 102, 177), 86.0
(65, 102, 176), 84.0
(65, 98, 176), 94.0
(64, 101, 177), 72.0
(65, 102, 177), 72.0
(61, 98, 174), 96.0
(66, 99, 176), 111.0
(65, 96, 174), 96.0
(65, 97, 174), 92.0
(64, 100, 175), 76.0
(64, 101, 176), 92.0
(63, 102, 176), 94.0
(64, 100, 176), 74.0
(61, 100, 175), 74.0
(66, 97, 175), 78.0
(66, 94, 173), 82.0
(63, 101, 176), 76.0
(64, 92, 171), 64.0
(67, 95, 174), 86.0
(66, 95, 173), 74.0
(62, 98, 174), 98.0
(64, 98, 175), 78.0
(64, 97, 173), 78.0
(67, 97, 176), 94.0
(65, 94, 173), 78.0
(65, 97, 175), 80.0
(65, 98, 175), 80.0
(62, 97, 174), 90.0
(61, 100, 177), 84.0
(63, 97, 175), 76.0
(63, 98, 174), 98.0
(63, 96, 174), 90.0
(67, 98, 175), 84.0
(63, 97, 174), 90.0
(60, 98, 173), 86.0
(62, 100, 174), 78.0
(62, 99, 174), 99.0
(64, 97, 175), 80.0
(63, 95, 173), 76.0
(63, 99, 175), 79.0
(61, 98, 173), 86.0
(63, 98, 175), 80.0
(61, 101, 175), 82.0
(60, 99, 173), 87.0
(60, 98, 174), 94.0
(60, 100, 175), 75.0
(61, 99, 173), 89.0
(62, 99, 175), 77.0
(62, 97, 173), 74.0
(62, 98, 175), 82.0
(64, 97, 174), 92.0
(61, 100, 174), 86.0
(64, 98, 174), 100.0
(62, 98, 173), 84.0
(62, 100, 175), 74.0
(63, 99, 174), 97.0
(65, 98, 174), 100.0
(67, 97, 174), 90.0
(66, 98, 175), 82.0
(63, 97, 173), 78.0
(61, 99, 174), 91.0
Sampler:TPESampler
(28, 163, 56), 70.0
(42, 245, 148), 80.0
(330, 266, 325), 98.0
(262, 214, 48), 54.0
(263, 358, 209), 52.0
(240, 142, 159), 52.0
(28, 104, 124), 92.0
(252, 279, 21), 64.0
(44, 261, 66), 94.0
(57, 56, 329), 84.0
(386, 399, 369), 37.0
(139, 305, 278), 64.0
(377, 311, 257), 88.0
(136, 220, 388), 50.0
(328, 265, 94), 52.0
(153, 337, 210), 62.0
(94, 8, 284), 58.0
(338, 187, 0), 81.0
(181, 133, 329), 50.0
(94, 245, 243), 68.0
(306, 359, 85), 52.0
(6, 86, 132), 104.0
(1, 88, 174), 71.0
(86, 17, 102), 52.0
(2, 188, 63), 86.0
(219, 285, 132), 56.0
(69, 58, 181), 58.0
(117, 243, 337), 52.0
(185, 161, 109), 74.0
(293, 308, 56), 66.0
(23, 171, 236), 74.0
(31, 108, 122), 58.0
(46, 108, 139), 74.0
(18, 51, 73), 92.0
(77, 42, 30), 40.0
(47, 220, 155), 64.0
(10, 75, 68), 82.0
(111, 34, 81), 80.0
(59, 138, 26), 87.0
(223, 244, 176), 61.0
(28, 272, 46), 60.0
(21, 94, 124), 84.0
(48, 58, 111), 60.0
(366, 123, 197), 50.0
(29, 26, 151), 84.0
(271, 72, 78), 60.0
(12, 210, 38), 68.0
(61, 1, 4), 80.0
(158, 331, 311), 82.0
(109, 291, 199), 46.0
(38, 256, 398), 62.0
(383, 320, 274), 98.0
(362, 351, 271), 86.0
(388, 387, 363), 60.0
(398, 231, 94), 72.0
(307, 47, 358), 48.0
(363, 321, 225), 106.0
(350, 323, 294), 76.0
(330, 292, 228), 68.0
(371, 378, 301), 38.0
(355, 319, 259), 83.0
(342, 345, 210), 70.0
(386, 262, 223), 102.0
(377, 257, 226), 54.0
(393, 305, 251), 77.0
(308, 364, 278), 62.0
(378, 278, 343), 96.0
(378, 276, 347), 82.0
(330, 296, 316), 94.0
(355, 264, 376), 86.0
(324, 300, 315), 82.0
(279, 234, 321), 85.0
(337, 281, 347), 50.0
(320, 315, 294), 82.0
(382, 297, 263), 92.0
(398, 327, 186), 60.0
(251, 341, 329), 68.0
(345, 192, 222), 52.0
(363, 266, 339), 88.0
(292, 209, 304), 58.0
(370, 230, 378), 58.0
(2, 253, 237), 60.0
(13, 290, 167), 64.0
(383, 311, 265), 78.0
(359, 155, 246), 55.0
(338, 281, 145), 62.0
(214, 175, 214), None
(383, 299, 275), 85.0
(36, 271, 53), 84.0
(388, 334, 192), 68.0
(372, 247, 93), 58.0
(313, 304, 286), 70.0
(350, 96, 256), 78.0
(399, 294, 323), 77.0
(15, 111, 64), 84.0
(69, 86, 14), 66.0
(22, 22, 73), None
(375, 321, 288), 56.0
(162, 68, 240), 72.0
(388, 287, 356), 88.0
(49, 125, 83), 86.0
(6, 265, 165), 76.0
(133, 81, 117), 70.0
(330, 276, 133), 82.0
(365, 48, 338), 48.0
(33, 350, 219), 75.0
(293, 314, 102), 92.0
(291, 313, 100), 72.0
(349, 330, 39), 70.0
(188, 364, 204), 70.0
(315, 63, 307), 48.0
(21, 237, 230), 62.0
(299, 294, 108), 60.0
(379, 256, 124), 51.0
(357, 308, 94), 84.0
(392, 282, 72), 52.0
(339, 318, 297), 80.0
(241, 297, 59), 48.0
(277, 273, 268), 82.0
(368, 260, 332), 88.0
(53, 30, 313), 78.0
(377, 326, 250), 56.0
(389, 287, 359), 90.0
(391, 221, 356), 63.0
(383, 286, 347), 104.0
(360, 306, 346), 82.0
(382, 338, 141), 63.0
(368, 39, 369), 62.0
(399, 250, 319), 78.0
(17, 269, 89), 54.0
(351, 300, 387), 85.0
(41, 288, 325), 92.0
(80, 281, 323), 74.0
(38, 9, 330), 54.0
(28, 314, 105), 48.0
(64, 286, 343), 92.0
(41, 104, 116), 80.0
(56, 289, 345), 66.0
(46, 263, 339), 52.0
(10, 146, 134), 74.0
(99, 275, 307), 70.0
(63, 300, 348), 98.0
(71, 303, 351), 50.0
(30, 295, 330), 66.0
(61, 324, 365), 74.0
(0, 313, 49), 48.0
(24, 283, 340), 85.0
(374, 239, 322), 78.0
(64, 307, 376), 54.0
(41, 266, 353), 64.0
(383, 289, 285), 98.0
(383, 289, 279), 63.0
(362, 279, 261), 82.0
(332, 298, 75), 94.0
(317, 319, 76), 110.0
(329, 299, 183), 60.0
(323, 322, 78), 56.0
(345, 332, 231), 68.0
(335, 274, 293), 84.0
(313, 314, 66), 52.0
(322, 307, 74), 56.0
(298, 347, 82), 54.0
(88, 340, 65), 92.0
(89, 331, 59), 54.0
(373, 294, 336), 86.0
(384, 300, 100), 95.0
(391, 49, 97), 60.0
(353, 303, 36), 52.0
(384, 299, 284), 92.0
(331, 288, 313), 105.0
(341, 357, 52), 44.0
(332, 283, 326), 90.0
(323, 319, 85), 50.0
(368, 339, 302), 48.0
(384, 293, 314), 75.0
(393, 271, 284), 85.0
(317, 257, 110), 70.0
(361, 311, 243), 82.0
(74, 279, 66), 92.0
(397, 290, 274), 92.0
(206, 285, 344), 110.0
(226, 283, 339), 72.0
(304, 303, 345), 78.0
(381, 272, 75), 60.0
(173, 317, 267), 74.0
(209, 297, 213), 80.0
(146, 263, 312), 58.0
(373, 249, 253), 66.0
(385, 294, 293), 46.0
(132, 325, 46), 54.0
(121, 284, 333), 82.0
(85, 303, 62), 104.0
(310, 306, 319), 60.0
(99, 290, 61), 54.0
(396, 276, 65), 56.0
(399, 300, 280), 73.0
(72, 280, 304), 64.0
(76, 267, 353), 56.0
(378, 310, 89), 50.0
(85, 287, 69), 76.0
(53, 300, 359), 48.0
(19, 321, 104), 52.0
(388, 312, 272), 96.0
(332, 311, 76), 75.0
(286, 339, 55), 59.0
(392, 288, 269), 65.0
(110, 300, 291), 50.0
(376, 328, 83), 54.0
(384, 316, 195), 94.0
(366, 85, 149), 58.0
(387, 318, 192), 66.0
(258, 306, 163), 56.0
(383, 295, 344), 99.0
(371, 277, 327), 94.0
(369, 276, 345), 80.0
(356, 294, 332), 104.0
(348, 297, 330), 54.0
(357, 177, 335), 80.0
(377, 199, 174), 90.0
(367, 292, 317), 60.0
(343, 310, 330), 84.0
(382, 304, 364), 86.0
(378, 286, 350), 86.0
(388, 271, 341), 88.0
(6, 258, 351), 60.0
(359, 290, 318), 116.0
(360, 293, 321), 113.0
(350, 294, 299), 84.0
(363, 280, 322), 80.0
(357, 315, 324), 80.0
(370, 281, 309), 76.0
(336, 292, 336), None
(375, 304, 326), 63.0
(357, 293, 308), 100.0
(365, 296, 311), 46.0
(357, 271, 318), 102.0
(354, 266, 304), 80.0
(359, 323, 317), 99.0
(361, 328, 316), 52.0
(351, 288, 313), 100.0
(354, 320, 203), 92.0
(345, 289, 315), 54.0
(356, 278, 309), 90.0
(384, 312, 319), 56.0
(345, 288, 332), 64.0
(361, 306, 300), 96.0
(360, 304, 299), 78.0
(340, 295, 305), 86.0
(365, 265, 296), 94.0
(351, 302, 288), 54.0
(371, 282, 319), 62.0
(362, 271, 296), 46.0
(362, 262, 303), 80.0
(388, 315, 312), 49.0
(349, 290, 337), 64.0
(376, 306, 344), 86.0
(371, 277, 329), 92.0
(379, 321, 224), 96.0
(377, 323, 215), 94.0
(388, 324, 236), 95.0
(356, 333, 322), 62.0
(200, 326, 235), 66.0
(378, 308, 207), 60.0
(393, 321, 223), 98.0
(235, 330, 216), 99.0
(228, 340, 223), 69.0
(186, 330, 230), 58.0
(251, 334, 219), 74.0
(206, 318, 220), 70.0
(166, 346, 246), 78.0
(394, 285, 309), 62.0
(194, 310, 356), 96.0
(269, 297, 358), 96.0
(194, 312, 371), 88.0
(235, 324, 359), 87.0
(353, 320, 229), 58.0
(267, 295, 211), 66.0
(393, 285, 347), 94.0
(152, 306, 227), 62.0
(245, 300, 352), 98.0
(244, 272, 338), 72.0
(214, 293, 364), 76.0
(341, 285, 348), 102.0
(341, 289, 349), 82.0
(340, 280, 344), None
(338, 298, 333), 104.0
(334, 300, 330), 40.0
(345, 287, 322), 90.0
(327, 297, 335), 96.0
(328, 283, 327), 94.0
(320, 292, 338), 74.0
(346, 270, 316), 54.0
(336, 303, 351), 54.0
(351, 285, 333), 99.0
(354, 277, 342), 74.0
(351, 282, 327), 76.0
(340, 288, 315), 66.0
(232, 249, 330), 48.0
(344, 297, 352), 70.0
(217, 272, 323), 70.0
(368, 129, 204), 64.0
(357, 287, 335), 98.0
(123, 334, 338), 56.0
(333, 260, 24), 64.0
(350, 286, 335), 86.0
(179, 277, 319), 86.0
(360, 292, 333), 86.0
(258, 159, 309), 86.0
(326, 307, 312), 68.0
(356, 300, 343), 86.0
(366, 285, 323), 80.0
(345, 269, 329), 74.0
(355, 278, 341), 72.0
(361, 295, 351), 74.0
(399, 314, 211), 92.0
(340, 289, 323), 96.0
(349, 327, 7), 52.0
(369, 355, 314), 80.0
(224, 303, 365), 98.0
(250, 306, 381), 94.0
(335, 296, 364), 92.0
(315, 281, 305), 82.0
(360, 218, 335), 60.0
(221, 300, 367), 82.0
(370, 315, 240), 76.0
(230, 272, 156), 58.0
(198, 334, 346), 98.0
(349, 147, 351), 74.0
(210, 301, 358), 58.0
(375, 320, 35), 44.0
(237, 115, 373), 90.0
(371, 343, 193), 68.0
(329, 293, 318), 78.0
(240, 370, 392), 52.0
(356, 288, 256), 110.0
(338, 312, 220), 52.0
(100, 228, 248), 70.0
(364, 289, 280), 86.0
(349, 285, 257), 94.0
(342, 256, 264), 74.0
(204, 335, 330), 64.0
(280, 265, 214), 80.0
(355, 278, 321), 72.0
(359, 207, 231), 85.0
(140, 274, 306), 70.0
(322, 282, 199), 74.0
(344, 327, 344), None
(170, 291, 347), 64.0
(220, 306, 375), 74.0
(370, 296, 272), 66.0
(333, 346, 341), 84.0
(303, 183, 355), 94.0
(355, 306, 126), 56.0
(391, 318, 239), 100.0
(352, 298, 333), 86.0
(381, 169, 247), 99.0
(366, 246, 240), 80.0
(387, 394, 246), 106.0
(383, 167, 248), 78.0
(381, 75, 257), 52.0
(389, 395, 239), 95.0
(380, 256, 250), 60.0
(362, 377, 238), 86.0
(392, 379, 261), 61.0
(375, 264, 229), 56.0
(399, 282, 253), 95.0
(179, 11, 225), 46.0
(387, 134, 244), 50.0
(371, 288, 290), 86.0
(346, 393, 44), 56.0
(361, 56, 237), 52.0
(351, 363, 231), 74.0
(159, 196, 244), 58.0
(393, 311, 234), 92.0
(366, 295, 216), 94.0
(373, 280, 310), 60.0
(385, 312, 242), 82.0
(357, 387, 328), 80.0
(337, 303, 316), 94.0
(351, 290, 323), 78.0
(379, 274, 339), 77.0
(329, 269, 325), 72.0
(395, 319, 218), 91.0
(318, 241, 310), 40.0
(388, 321, 222), 96.0
(344, 35, 207), 68.0
(337, 272, 321), 80.0
(366, 353, 184), 94.0
(361, 282, 337), 86.0
(382, 311, 252), 102.0
(379, 310, 252), 90.0
(372, 291, 243), 80.0
(376, 299, 264), 100.0
(381, 117, 260), 54.0
(376, 296, 248), 76.0
(385, 93, 254), 54.0
(364, 306, 300), 92.0
(357, 300, 263), 78.0
(369, 314, 250), 68.0
(376, 290, 268), 103.0
(376, 207, 276), 52.0
(399, 287, 232), 88.0
(349, 292, 269), 80.0
(373, 303, 257), 86.0
(390, 281, 263), 98.0
(366, 316, 249), 72.0
(354, 276, 267), 88.0
(344, 330, 315), 40.0
(377, 295, 257), 92.0
(365, 287, 255), 86.0
(358, 296, 17), 74.0
(385, 283, 239), 92.0
(374, 304, 244), 98.0
(388, 276, 230), 67.0
(360, 288, 55), 60.0
(351, 311, 301), 84.0
(382, 298, 269), 71.0
(367, 293, 328), 80.0
(340, 263, 252), 82.0
(388, 229, 233), 60.0
(378, 285, 262), 56.0
(190, 275, 243), 56.0
(328, 305, 224), 84.0
(128, 324, 138), 52.0
(373, 299, 277), 83.0
(399, 291, 336), 82.0
(365, 310, 307), 80.0
(388, 303, 257), 89.0
(371, 317, 321), 52.0
(346, 373, 236), 98.0
(354, 103, 209), 90.0
(381, 150, 242), 60.0
(359, 325, 314), 83.0
(392, 295, 296), 74.0
(367, 317, 288), 86.0
(109, 280, 344), 86.0
(336, 286, 330), 92.0
(382, 399, 250), 71.0
(355, 269, 312), 108.0
(347, 268, 303), 80.0
(353, 267, 312), 84.0
(335, 253, 319), 86.0
(376, 272, 267), 82.0
(363, 277, 219), 74.0
(346, 177, 62), 50.0
(353, 260, 334), 72.0
(393, 292, 358), 81.0
(342, 282, 313), 86.0
(363, 283, 305), 92.0
(360, 329, 293), 88.0
(313, 311, 319), 80.0
(372, 301, 311), 80.0
(370, 0, 349), 61.0
(327, 272, 170), 54.0
(350, 267, 326), 102.0
(342, 253, 327), 102.0
(342, 257, 324), 74.0
(332, 252, 324), 86.0
(338, 261, 325), 68.0
(346, 267, 45), 68.0
(352, 239, 282), 76.0
(150, 247, 331), 60.0
(141, 265, 306), 76.0
(326, 257, 328), 52.0
(339, 271, 119), 92.0
(357, 275, 315), 82.0
(320, 264, 340), 88.0
(346, 250, 147), 64.0
(355, 277, 70), 76.0
(81, 288, 318), 54.0
(349, 266, 299), 96.0
(338, 280, 329), 40.0
(362, 291, 0), 66.0
(330, 258, 337), 92.0
(367, 271, 309), 106.0
(356, 272, 307), 76.0
(369, 261, 274), 98.0
(94, 270, 311), 64.0
(373, 236, 288), 80.0
(363, 276, 319), 77.0
(374, 251, 54), 72.0
(380, 283, 327), 76.0
(345, 266, 342), 86.0
(367, 245, 257), 74.0
(116, 280, 298), 56.0
(361, 288, 297), 76.0
(390, 300, 265), 92.0
(50, 304, 335), 46.0
(334, 261, 320), 90.0
(380, 295, 352), 76.0
(352, 276, 304), 92.0
(399, 285, 330), 76.0
(32, 270, 315), 72.0
(370, 308, 80), 78.0
(343, 279, 310), 44.0
(385, 290, 342), 92.0
(354, 256, 322), 82.0
(359, 19, 307), 61.0
(367, 301, 238), 66.0
(349, 187, 279), 62.0
Sampler:BoTorchSampler
(210, 130, 26), 82.0
(117, 98, 24), 78.0
(312, 228, 189), 62.0
(344, 160, 391), 102.0
(231, 380, 387), 82.0
(176, 140, 131), 44.0
(376, 145, 102), 92.0
(198, 65, 140), 68.0
(170, 47, 117), 54.0
(293, 323, 56), 58.0
(252, 80, 283), 64.0
(108, 216, 391), 58.0
(372, 207, 59), 56.0
(45, 205, 324), 50.0
(318, 204, 170), 56.0
(239, 202, 369), 68.0
(349, 148, 109), 52.0
(71, 212, 140), 56.0
(179, 206, 336), 52.0
(113, 194, 134), 96.0
(338, 358, 74), 74.0
(96, 300, 18), 70.0
(85, 101, 70), 84.0
(180, 47, 144), 76.0
(46, 331, 16), 54.0
(396, 276, 183), 64.0
(212, 367, 31), 50.0
(103, 237, 166), 84.0
(256, 308, 251), 62.0
(387, 86, 374), 57.0
(104, 47, 25), 74.0
(251, 321, 285), 98.0
(91, 380, 319), 56.0
(237, 85, 65), 72.0
(322, 135, 47), 56.0
(169, 105, 124), 68.0
(232, 205, 131), 48.0
(92, 270, 3), 52.0
(100, 44, 320), 83.0
(224, 291, 26), 58.0
(46, 280, 93), 94.0
(324, 249, 191), 86.0
(313, 343, 392), 69.0
(10, 341, 121), 66.0
(57, 288, 71), 44.0
(87, 310, 336), 48.0
(370, 162, 192), 54.0
(201, 229, 44), 74.0
(164, 294, 244), 92.0
(353, 216, 29), 66.0
(92, 132, 211), 98.0
(109, 52, 87), 52.0
(224, 97, 16), 62.0
(236, 319, 350), 89.0
(13, 131, 196), 74.0
(53, 188, 60), 66.0
(108, 32, 35), 100.0
(254, 336, 296), 92.0
(123, 237, 268), 58.0
(272, 25, 196), 58.0
(65, 89, 120), 100.0
(320, 174, 224), 46.0
(25, 27, 83), 100.0
(0, 0, 123), None
(0, 0, 118), None
(322, 327, 109), 52.0
(340, 34, 60), 60.0
(32, 56, 79), 84.0
(0, 0, 146), None
(0, 0, 143), None
(0, 0, 156), None
(325, 80, 345), 79.0
(351, 342, 60), 88.0
(0, 0, 173), None
(8, 0, 144), 83.0
(57, 377, 26), 60.0
(283, 335, 211), 62.0
(107, 167, 187), 88.0
(216, 206, 249), 72.0
(76, 338, 254), 80.0
(179, 21, 382), 44.0
(0, 0, 35), None
(0, 0, 37), None
(112, 77, 341), 68.0
(272, 62, 379), 90.0
(62, 0, 180), 90.0
(0, 0, 15), None
(0, 0, 46), None
(0, 0, 36), None
(0, 0, 23), None
(240, 247, 377), 60.0
(49, 0, 142), 91.0
(371, 294, 36), 62.0
(68, 45, 260), 100.0
(64, 0, 222), 70.0
(376, 14, 322), 46.0
(72, 41, 319), 54.0
(0, 0, 26), None
(289, 295, 165), 60.0
(0, 0, 56), None
(115, 48, 284), 56.0
(348, 137, 383), 64.0
(167, 392, 310), 88.0
(50, 204, 4), 92.0
(0, 0, 20), None
(14, 316, 349), 56.0
(0, 0, 6), None
(0, 0, 21), None
(12, 313, 212), 42.0
(5, 0, 16), 62.0
(317, 308, 268), 78.0
(124, 256, 250), 58.0
(76, 233, 191), 62.0
(191, 65, 213), 96.0
(362, 69, 50), 67.0
(284, 196, 206), 50.0
(379, 25, 302), 52.0
(176, 152, 291), 56.0
(10, 233, 97), 92.0
(216, 295, 364), 90.0
(0, 80, 124), 90.0
(68, 72, 52), 81.0
(241, 35, 264), 64.0
(98, 329, 104), 48.0
(266, 112, 213), 56.0
(25, 23, 184), 122.0
(53, 280, 166), 74.0
(308, 311, 356), 72.0
(74, 200, 271), 52.0
(95, 346, 205), 54.0
(292, 58, 356), 102.0
(163, 46, 125), 80.0
(57, 292, 73), 82.0
(193, 295, 85), 70.0
(187, 126, 39), 66.0
(342, 387, 321), 93.0
(23, 143, 228), 68.0
(100, 113, 368), 46.0
(211, 205, 114), 56.0
(116, 39, 156), 94.0
(51, 0, 285), 85.0
(40, 237, 113), 60.0
(346, 344, 143), 100.0
(196, 45, 146), 64.0
(167, 207, 366), 74.0
(49, 354, 224), 56.0
(390, 376, 103), 55.0
(143, 391, 101), 71.0
(357, 383, 67), 51.0
(333, 137, 347), 96.0
(230, 115, 19), 94.0
(101, 210, 292), 74.0
(391, 215, 17), 48.0
(371, 73, 23), 46.0
(127, 200, 77), 62.0
(108, 121, 336), 60.0
(245, 222, 140), 100.0
(307, 12, 47), 58.0
(319, 268, 135), 71.0
(242, 353, 225), 74.0
(102, 159, 70), 48.0
(260, 368, 242), 94.0
(4, 205, 105), 92.0
(365, 286, 335), 80.0
(202, 155, 221), 56.0
(129, 103, 69), 80.0
(91, 242, 92), 74.0
(79, 38, 375), 63.0
(314, 208, 270), 84.0
(42, 326, 68), 84.0
(370, 157, 46), 54.0
(116, 260, 365), 54.0
(136, 21, 82), 94.0
(370, 180, 323), 100.0
(160, 291, 215), 64.0
(98, 20, 166), 92.0
(313, 289, 167), 76.0
(171, 133, 56), 120.0
(134, 83, 1), 102.0
(87, 240, 185), 74.0
(182, 70, 13), 70.0
(250, 4, 68), 58.0
(19, 331, 340), 50.0
(244, 272, 23), 52.0
(6, 216, 28), 65.0
(79, 1, 368), 44.0
(20, 269, 267), 78.0
(61, 179, 393), 50.0
(371, 200, 253), 64.0
(141, 24, 25), 101.0
(103, 90, 320), 80.0
(105, 35, 383), 54.0
(136, 152, 225), 70.0
(306, 14, 357), 50.0
(365, 369, 51), 48.0
(62, 94, 231), 56.0
(362, 304, 261), 92.0
(121, 245, 141), 102.0
(280, 4, 63), 82.0
(291, 372, 269), 94.0
(307, 273, 103), 60.0
(300, 189, 266), 68.0
(231, 238, 276), 74.0
(151, 193, 280), 62.0
(4, 282, 249), 68.0
(246, 162, 209), 68.0
(50, 267, 55), 52.0
(82, 30, 135), 90.0
(123, 153, 107), 92.0
(385, 223, 208), 70.0
(45, 157, 384), 48.0
(6, 11, 262), 97.0
(180, 384, 47), 74.0
(54, 64, 341), 60.0
(226, 302, 276), 80.0
(230, 96, 46), 58.0
(382, 27, 187), 56.0
(288, 126, 257), 50.0
(131, 258, 257), 103.0
(225, 46, 208), 52.0
(155, 332, 237), 96.0
(351, 149, 103), 58.0
(248, 275, 210), 62.0
(206, 124, 220), 80.0
(254, 147, 32), 54.0
(358, 176, 204), 50.0
(135, 119, 146), 85.0
(147, 157, 246), 46.0
(231, 305, 240), 72.0
(316, 295, 322), 80.0
(166, 15, 100), 92.0
(55, 18, 216), 80.0
(399, 372, 113), 75.0
(189, 13, 190), 56.0
(195, 358, 290), 86.0
(238, 87, 169), 72.0
(379, 108, 4), 90.0
(323, 332, 118), 60.0
(73, 301, 101), 78.0
(65, 14, 80), 72.0
(211, 393, 372), 81.0
(240, 393, 166), 62.0
(5, 242, 200), 94.0
(351, 390, 182), 97.0
(153, 157, 133), 58.0
(184, 312, 391), 72.0
(37, 395, 63), 46.0
(315, 242, 258), 70.0
(193, 196, 75), 70.0
(237, 269, 18), 56.0
(207, 220, 393), 64.0
(154, 224, 93), 52.0
(216, 278, 37), 50.0
(353, 304, 88), 50.0
(59, 77, 134), 82.0
(325, 276, 244), 90.0
(89, 82, 280), 96.0
(265, 299, 150), 56.0
(166, 181, 359), 62.0
(98, 321, 93), 58.0
(272, 4, 274), 56.0
(84, 173, 25), 92.0
(309, 371, 68), 72.0
(275, 93, 204), 48.0
(205, 82, 31), 94.0
(125, 73, 171), 66.0
(297, 294, 270), 102.0
(94, 277, 322), 52.0
(302, 192, 278), 60.0
(104, 370, 347), 94.0
(363, 315, 87), 48.0
(134, 209, 176), 56.0
(16, 322, 336), 46.0
(326, 344, 319), 68.0
(210, 65, 252), 96.0
(258, 304, 181), 64.0
(252, 247, 305), 72.0
(393, 90, 220), 50.0
(383, 109, 163), 64.0
(281, 160, 309), 88.0
(339, 301, 53), 48.0
(319, 120, 59), 51.0
(343, 76, 42), 52.0
(230, 175, 67), 58.0
(378, 143, 341), 80.0
(357, 357, 176), None
(232, 393, 307), 79.0
(91, 273, 192), 66.0
(3, 346, 110), 78.0
(63, 286, 367), 70.0
(179, 200, 172), 62.0
(44, 32, 114), 98.0
(351, 393, 87), 51.0
(264, 317, 291), 64.0
(379, 130, 106), 58.0
(114, 73, 129), 78.0
(336, 327, 392), 90.0
(65, 121, 144), 84.0
(94, 74, 14), 98.0
(245, 62, 127), 100.0
(357, 284, 113), 52.0
(154, 41, 334), 48.0
(291, 335, 349), 60.0
(283, 360, 73), 59.0
(256, 189, 85), 78.0
(59, 122, 8), 66.0
(27, 40, 33), 72.0
(44, 71, 249), 52.0
(385, 326, 384), 79.0
(34, 220, 54), 88.0
(70, 70, 171), None
(353, 17, 286), 56.0
(37, 184, 287), 60.0
(383, 331, 372), 80.0
(38, 42, 358), 50.0
(182, 203, 311), 81.0
(224, 270, 357), 62.0
(182, 143, 265), 104.0
(385, 43, 346), 69.0
(57, 339, 175), 54.0
(109, 1, 170), 70.0
(157, 163, 58), 80.0
(44, 242, 209), 60.0
(241, 133, 191), 66.0
(233, 261, 340), 83.0
(124, 272, 270), 82.0
(11, 10, 157), 93.0
(261, 301, 344), 112.0
(70, 366, 281), 64.0
(300, 71, 376), 50.0
(32, 232, 351), 50.0
(207, 139, 248), 56.0
(176, 139, 339), 80.0
(156, 46, 74), 92.0
(10, 396, 110), 86.0
(72, 98, 322), 56.0
(187, 181, 118), 58.0
(208, 167, 225), 62.0
(1, 57, 56), 64.0
(319, 12, 386), 58.0
(342, 361, 4), 84.0
(39, 9, 388), 54.0
(157, 155, 91), 74.0
(32, 327, 184), 66.0
(159, 84, 124), 82.0
(38, 234, 332), 50.0
(22, 258, 161), 54.0
(14, 5, 284), 66.0
(218, 184, 23), 54.0
(171, 115, 122), 54.0
(31, 154, 15), 94.0
(58, 294, 263), 54.0
(31, 146, 241), 92.0
(371, 180, 323), 98.0
(328, 175, 295), 88.0
(162, 133, 34), 74.0
(75, 345, 384), 87.0
(112, 219, 355), 90.0
(288, 342, 63), 80.0
(386, 86, 38), 50.0
(136, 91, 306), 52.0
(382, 267, 51), 85.0
(72, 397, 280), 51.0
(198, 314, 266), 98.0
(347, 271, 50), 62.0
(48, 127, 182), 82.0
(386, 265, 249), 74.0
(155, 211, 301), 78.0
(151, 306, 252), 56.0
(298, 183, 392), 82.0
(24, 91, 205), 90.0
(352, 60, 296), 64.0
(352, 75, 108), 54.0
(201, 132, 282), 68.0
(280, 184, 233), 58.0
(285, 177, 220), 62.0
(324, 116, 130), 56.0
(157, 148, 153), 94.0
(313, 246, 25), 54.0
(160, 346, 289), 84.0
(11, 239, 30), 96.0
(111, 39, 309), 56.0
(168, 304, 230), 66.0
(106, 271, 119), 54.0
(276, 65, 360), 50.0
(254, 93, 264), 46.0
(306, 368, 81), 80.0
(315, 354, 131), 88.0
(277, 395, 4), 60.0
(88, 207, 195), 50.0
(200, 20, 82), 86.0
(367, 280, 59), 60.0
(107, 177, 287), 44.0
(146, 39, 337), 54.0
(189, 261, 137), 56.0
(290, 250, 389), 98.0
(392, 219, 273), 74.0
(351, 82, 219), 54.0
(72, 389, 245), 60.0
(273, 288, 181), 98.0
(143, 251, 377), 86.0
(117, 26, 244), 62.0
(182, 389, 72), 54.0
(227, 259, 103), 56.0
(275, 48, 328), 48.0
(179, 25, 184), 58.0
(66, 20, 242), 90.0
(338, 278, 31), 52.0
(97, 27, 349), 52.0
(392, 115, 204), 48.0
(6, 55, 364), 56.0
(142, 272, 368), 62.0
(184, 61, 278), 56.0
(177, 263, 325), 68.0
(265, 312, 132), 52.0
(100, 244, 399), 60.0
(0, 98, 290), 54.0
(132, 212, 161), 52.0
(122, 271, 56), 54.0
(56, 155, 233), 98.0
(224, 246, 214), 86.0
(228, 349, 255), 66.0
(364, 177, 250), 68.0
(177, 68, 252), 56.0
(130, 337, 390), 56.0
(110, 130, 77), 63.0
(259, 114, 140), 54.0
(45, 336, 124), 58.0
(290, 92, 148), 64.0
(117, 205, 310), 58.0
(86, 349, 16), 48.0
(76, 199, 14), 104.0
(66, 338, 368), 50.0
(126, 84, 22), 92.0
(90, 130, 100), 72.0
(286, 274, 208), 56.0
(83, 34, 347), 54.0
(206, 366, 202), 80.0
(377, 84, 251), 92.0
(178, 304, 12), 52.0
(95, 214, 294), 38.0
(179, 7, 283), 48.0
(212, 202, 275), 60.0
(87, 160, 313), 52.0
(380, 372, 317), 46.0
(7, 328, 382), 91.0
(353, 244, 62), 62.0
(217, 257, 215), 62.0
(378, 206, 65), 56.0
(188, 229, 223), 48.0
(159, 249, 196), 76.0
(2, 195, 380), 58.0
(275, 312, 176), 96.0
(135, 394, 34), 50.0
(19, 274, 10), 90.0
(200, 130, 12), 80.0
(158, 345, 161), 48.0
(150, 158, 296), 74.0
(102, 210, 64), 62.0
(54, 106, 72), 86.0
(384, 385, 167), 96.0
(18, 259, 309), 69.0
(97, 340, 204), 56.0
(50, 30, 297), 96.0
(349, 24, 30), 52.0
(63, 357, 255), 64.0
(7, 230, 382), 66.0
(316, 256, 199), 49.0
(232, 51, 390), 56.0
(184, 184, 150), None
(357, 36, 383), 48.0
(294, 121, 120), 88.0
(374, 144, 79), 53.0
(41, 173, 255), 70.0
(76, 365, 360), 52.0
(123, 233, 156), 58.0
(202, 275, 98), 48.0
(99, 234, 364), 66.0
(351, 272, 359), 85.0
(12, 46, 60), 80.0
(4, 252, 248), 48.0
(94, 333, 392), 71.0
(292, 229, 273), 58.0
(250, 380, 239), 60.0
(108, 43, 104), 92.0
(266, 193, 333), 60.0
(177, 136, 274), 87.0
(123, 203, 108), 94.0
(48, 196, 277), 74.0
(78, 263, 268), 58.0
(174, 63, 357), 56.0
(250, 61, 331), 68.0
(266, 51, 14), 54.0
(228, 354, 332), 90.0
(267, 351, 207), 98.0
(384, 1, 361), 80.0
(104, 88, 234), 66.0
(299, 0, 107), 68.0
(78, 159, 259), 58.0
(129, 264, 60), 80.0
Sampler:CmaEsSampler
(202, 292, 178), 62.0
(231, 206, 134), 60.0
(126, 276, 220), 54.0
(190, 266, 201), 58.0
(137, 277, 221), 46.0
(262, 263, 189), 69.0
(188, 186, 104), 66.0
(100, 196, 155), 60.0
(224, 261, 108), 86.0
(233, 225, 89), 44.0
(170, 294, 77), 62.0
(205, 240, 182), 80.0
(295, 266, 131), 54.0
(347, 134, 183), 46.0
(197, 219, 100), 63.0
(199, 257, 146), 72.0
(202, 292, 143), 90.0
(228, 287, 146), 62.0
(198, 133, 189), 64.0
(217, 291, 110), 54.0
(359, 357, 159), 102.0
(211, 251, 16), 66.0
(336, 353, 195), 82.0
(324, 335, 31), 46.0
(278, 318, 156), 84.0
(337, 376, 110), 74.0
(225, 325, 155), 54.0
(317, 286, 81), 54.0
(378, 340, 135), 60.0
(381, 299, 122), 60.0
(379, 354, 123), 54.0
(259, 304, 205), 60.0
(281, 357, 183), 94.0
(267, 221, 129), 62.0
(260, 345, 168), 66.0
(256, 287, 190), 60.0
(207, 355, 215), 54.0
(326, 310, 158), 74.0
(296, 290, 273), 72.0
(297, 370, 166), 62.0
(254, 294, 246), 72.0
(246, 252, 109), 46.0
(288, 295, 161), 74.0
(358, 316, 203), 76.0
(368, 332, 234), 92.0
(358, 386, 148), 58.0
(366, 350, 173), 76.0
(343, 354, 179), 66.0
(389, 307, 251), 74.0
(317, 301, 106), 54.0
(328, 281, 248), 64.0
(333, 245, 190), 58.0
(289, 368, 235), 86.0
(300, 208, 175), 80.0
(317, 338, 178), 84.0
(338, 312, 175), 80.0
(220, 282, 153), 60.0
(331, 376, 223), 68.0
(199, 353, 279), 98.0
(219, 352, 143), 56.0
(224, 286, 156), 56.0
(308, 360, 194), 64.0
(355, 303, 267), 64.0
(318, 324, 248), 62.0
(222, 368, 274), 88.0
(130, 292, 322), 52.0
(175, 361, 295), 66.0
(124, 381, 283), 85.0
(247, 332, 313), 89.0
(165, 250, 198), 64.0
(237, 304, 259), 75.0
(299, 356, 283), 94.0
(344, 289, 204), 82.0
(277, 288, 321), 56.0
(321, 360, 318), 86.0
(168, 330, 273), 52.0
(295, 249, 306), 54.0
(332, 218, 178), 94.0
(398, 321, 270), 73.0
(181, 392, 255), 56.0
(327, 301, 220), 90.0
(304, 251, 333), 68.0
(181, 304, 357), 66.0
(230, 306, 293), 52.0
(105, 333, 291), 78.0
(247, 385, 286), 92.0
(271, 303, 277), 42.0
(272, 302, 239), 54.0
(318, 310, 239), 86.0
(252, 220, 150), 52.0
(249, 204, 243), 94.0
(284, 330, 239), 72.0
(251, 257, 265), 54.0
(298, 305, 262), 58.0
(310, 321, 294), 56.0
(344, 153, 201), 54.0
(231, 319, 296), 94.0
(187, 297, 228), 70.0
(175, 251, 212), 70.0
(157, 335, 309), 94.0
(232, 302, 264), 86.0
(225, 360, 270), 90.0
(196, 257, 286), 96.0
(218, 305, 192), 68.0
(196, 232, 290), 72.0
(230, 239, 249), 62.0
(226, 374, 249), 74.0
(192, 247, 350), 50.0
(184, 244, 275), 84.0
(79, 306, 250), 84.0
(200, 345, 266), 70.0
(102, 275, 288), 60.0
(159, 261, 300), 68.0
(84, 308, 222), 88.0
(115, 335, 336), 100.0
(105, 225, 300), 80.0
(136, 287, 270), 88.0
(193, 290, 247), 54.0
(164, 280, 250), 70.0
(122, 280, 274), 70.0
(145, 282, 259), 56.0
(5, 284, 286), 82.0
(120, 302, 354), 96.0
(107, 281, 303), 98.0
(149, 275, 273), 56.0
(154, 311, 298), 84.0
(83, 278, 309), 54.0
(169, 248, 266), 64.0
(112, 362, 318), 50.0
(200, 322, 293), 88.0
(146, 311, 384), 67.0
(48, 283, 343), 54.0
(183, 220, 315), 90.0
(110, 343, 325), 56.0
(267, 281, 290), 74.0
(68, 317, 255), 68.0
(133, 256, 342), 60.0
(157, 327, 294), 100.0
(300, 194, 330), 60.0
(219, 166, 269), 52.0
(255, 175, 301), 62.0
(124, 302, 247), 80.0
(156, 322, 258), 68.0
(153, 336, 270), 78.0
(186, 304, 282), 92.0
(111, 357, 249), 78.0
(251, 355, 317), 92.0
(247, 294, 307), 84.0
(186, 379, 267), 66.0
(188, 335, 334), 60.0
(222, 281, 306), 98.0
(159, 329, 252), 92.0
(272, 275, 354), 82.0
(249, 318, 268), 54.0
(251, 269, 269), None
(277, 343, 263), 96.0
(235, 303, 297), 84.0
(208, 262, 268), 60.0
(215, 284, 262), 72.0
(236, 283, 270), 46.0
(238, 286, 296), 96.0
(242, 271, 258), 42.0
(155, 265, 261), 70.0
(307, 296, 290), 66.0
(264, 321, 355), 80.0
(262, 316, 260), 84.0
(279, 332, 298), 80.0
(207, 339, 321), 72.0
(235, 288, 306), 74.0
(297, 322, 291), 36.0
(214, 359, 297), 102.0
(280, 321, 236), 78.0
(276, 324, 311), 54.0
(207, 292, 321), 68.0
(310, 298, 296), 86.0
(245, 326, 300), 92.0
(234, 308, 289), 90.0
(224, 272, 246), 90.0
(242, 312, 261), 76.0
(198, 383, 283), 86.0
(312, 369, 312), None
(212, 365, 308), 82.0
(293, 296, 319), 102.0
(184, 358, 291), 66.0
(192, 307, 294), 60.0
(289, 329, 286), 76.0
(347, 302, 321), 72.0
(251, 300, 273), 44.0
(265, 338, 333), 90.0
(279, 309, 324), 40.0
(260, 310, 254), 74.0
(170, 300, 289), 54.0
(269, 380, 299), 74.0
(249, 356, 334), 94.0
(200, 332, 295), 66.0
(283, 294, 341), 84.0
(271, 394, 303), 84.0
(280, 286, 267), 68.0
(294, 287, 322), 72.0
(247, 358, 333), 94.0
(288, 321, 320), 94.0
(253, 370, 361), 96.0
(319, 317, 322), 74.0
(215, 327, 268), 76.0
(325, 358, 336), 86.0
(322, 330, 361), 94.0
(276, 339, 360), 87.0
(217, 352, 371), 97.0
(265, 388, 352), 96.0
(280, 350, 352), 58.0
(279, 346, 340), 52.0
(193, 371, 349), 88.0
(253, 366, 357), 100.0
(266, 396, 386), 112.0
(211, 372, 262), 70.0
(244, 362, 377), 102.0
(298, 352, 300), 46.0
(236, 378, 327), 92.0
(277, 376, 348), 88.0
(228, 330, 346), 62.0
(255, 343, 350), 72.0
(191, 351, 346), 64.0
(232, 387, 383), 90.0
(275, 359, 347), 73.0
(272, 378, 345), 84.0
(240, 388, 386), 89.0
(270, 366, 342), 88.0
(244, 365, 334), 86.0
(283, 331, 341), 80.0
(264, 300, 333), 98.0
(292, 343, 383), 88.0
(266, 380, 352), 96.0
(267, 339, 357), 102.0
(254, 394, 343), 98.0
(293, 341, 350), 86.0
(309, 301, 361), 120.0
(208, 337, 339), 80.0
(262, 348, 352), 84.0
(229, 303, 303), None
(247, 346, 377), 96.0
(253, 327, 344), 96.0
(278, 334, 304), 90.0
(209, 392, 390), 61.0
(289, 300, 321), 102.0
(339, 206, 292), 70.0
(326, 338, 348), 73.0
(278, 320, 375), 60.0
(300, 244, 360), 94.0
(281, 346, 335), 78.0
(292, 237, 305), 80.0
(317, 254, 280), 86.0
(291, 352, 315), 80.0
(296, 318, 369), 98.0
(254, 389, 361), 86.0
(304, 239, 352), 84.0
(311, 215, 298), 88.0
(342, 245, 291), 86.0
(277, 356, 365), 96.0
(293, 256, 325), 88.0
(291, 271, 336), 68.0
(343, 174, 353), 74.0
(317, 296, 334), 76.0
(338, 263, 343), 90.0
(232, 366, 379), 91.0
(311, 304, 335), 48.0
(250, 340, 364), 88.0
(302, 303, 337), 72.0
(302, 298, 336), 74.0
(291, 317, 375), 96.0
(376, 215, 320), 84.0
(266, 397, 388), 78.0
(317, 327, 353), 82.0
(280, 346, 361), 94.0
(242, 303, 346), 98.0
(267, 372, 394), 104.0
(276, 332, 348), 92.0
(273, 344, 360), 86.0
(261, 360, 379), 94.0
(302, 345, 360), None
(273, 360, 367), 96.0
(269, 365, 399), 68.0
(268, 319, 366), 80.0
(274, 327, 341), 86.0
(272, 332, 378), 92.0
(251, 297, 335), 88.0
(331, 317, 355), 110.0
(259, 379, 375), 99.0
(272, 356, 361), 84.0
(281, 311, 353), 68.0
(259, 344, 342), 56.0
(302, 356, 349), 44.0
(285, 344, 379), 84.0
(317, 312, 362), 44.0
(330, 282, 328), 72.0
(319, 312, 350), 78.0
(265, 362, 375), 74.0
(302, 328, 358), 38.0
(251, 363, 363), None
(340, 322, 356), 64.0
(259, 376, 378), 102.0
(280, 381, 389), 92.0
(280, 342, 363), 76.0
(289, 359, 384), 61.0
(252, 367, 391), 72.0
(297, 302, 333), 62.0
(280, 363, 362), None
(255, 374, 369), 88.0
(292, 346, 358), 82.0
(279, 391, 387), 81.0
(298, 371, 385), 58.0
(251, 391, 393), 90.0
(273, 383, 386), 96.0
(286, 341, 372), 86.0
(314, 353, 386), 96.0
(251, 383, 389), 80.0
(276, 394, 384), 94.0
(291, 364, 370), 82.0
(264, 396, 392), 77.0
(252, 386, 383), 102.0
(298, 376, 380), 74.0
(252, 379, 398), 84.0
(326, 346, 372), 82.0
(241, 381, 391), 84.0
(292, 377, 390), 86.0
(269, 395, 371), 92.0
(264, 374, 374), None
(256, 397, 392), 100.0
(235, 383, 386), 85.0
(273, 382, 386), 100.0
(260, 376, 373), 48.0
(257, 394, 377), 96.0
(245, 398, 398), None
(267, 389, 393), 79.0
(259, 398, 377), 79.0
(230, 399, 379), 84.0
(239, 396, 381), 71.0
(290, 362, 380), 90.0
(283, 364, 372), 86.0
(264, 396, 379), 79.0
(274, 368, 370), 92.0
(274, 382, 385), 95.0
(281, 377, 391), 51.0
(295, 342, 363), 82.0
(284, 382, 384), 88.0
(286, 372, 370), 98.0
(278, 391, 383), 59.0
(270, 399, 388), 65.0
(290, 381, 378), 60.0
(262, 374, 374), None
(265, 375, 379), 92.0
(285, 377, 376), 83.0
(279, 367, 376), 96.0
(267, 353, 363), 90.0
(271, 370, 374), 80.0
(272, 358, 367), 86.0
(270, 372, 379), 90.0
(274, 361, 373), 92.0
(250, 380, 376), 64.0
(291, 326, 355), 64.0
(270, 355, 375), 80.0
(268, 372, 376), 102.0
(267, 358, 374), 102.0
(261, 367, 379), 68.0
(292, 352, 374), 92.0
(272, 358, 369), 84.0
(265, 366, 375), 96.0
(262, 379, 383), 88.0
(251, 374, 375), 78.0
(269, 365, 378), 68.0
(263, 362, 369), 82.0
(261, 359, 375), 66.0
(282, 336, 361), 94.0
(265, 371, 378), 90.0
(263, 376, 378), 76.0
(296, 336, 354), 100.0
(303, 329, 358), 36.0
(266, 360, 368), 98.0
(268, 376, 378), 92.0
(272, 363, 373), 96.0
(291, 325, 357), 62.0
(280, 347, 365), 106.0
(284, 322, 347), 98.0
(296, 345, 359), 69.0
(293, 341, 363), 98.0
(291, 334, 351), 76.0
(278, 352, 367), 84.0
(296, 318, 351), 80.0
(283, 335, 359), 79.0
(284, 359, 364), 96.0
(296, 337, 347), 80.0
(284, 347, 351), 96.0
(293, 320, 355), 90.0
(289, 340, 361), 93.0
(272, 363, 372), 88.0
(287, 318, 349), 100.0
(275, 350, 356), 86.0
(304, 305, 343), 105.0
(322, 280, 334), 94.0
(295, 323, 356), 92.0
(277, 328, 355), 90.0
(292, 307, 342), 86.0
(268, 342, 349), 62.0
(299, 326, 354), 92.0
(299, 327, 353), 88.0
(342, 255, 308), 64.0
(293, 320, 335), 80.0
(344, 271, 325), 98.0
(317, 278, 337), 82.0
(296, 298, 332), 86.0
(375, 226, 315), 92.0
(334, 336, 347), 74.0
(314, 315, 345), 64.0
(325, 298, 332), 74.0
(369, 260, 319), 52.0
(390, 219, 314), 106.0
(311, 333, 358), 108.0
(300, 341, 345), 102.0
(319, 330, 352), 90.0
(338, 315, 351), 88.0
(374, 266, 329), 88.0
(274, 371, 379), 101.0
(289, 308, 345), 68.0
(366, 237, 326), 104.0
(324, 309, 338), 38.0
(346, 248, 318), 72.0
(314, 311, 346), 40.0
(319, 280, 341), 80.0
(345, 270, 333), 46.0
(323, 325, 357), 52.0
(340, 275, 327), 74.0
(342, 247, 322), 78.0
(283, 363, 371), 94.0
(295, 327, 361), 62.0
(343, 250, 325), 99.0
(323, 293, 336), 86.0
(292, 317, 354), 90.0
(336, 289, 340), 56.0
(319, 309, 352), 102.0
(346, 285, 345), 96.0
(288, 290, 338), 70.0
(364, 224, 315), 94.0
(299, 282, 327), 42.0
(310, 321, 356), 44.0
(290, 334, 363), 50.0
(329, 281, 342), 98.0
(340, 294, 352), 82.0
(314, 313, 351), 68.0
(350, 273, 344), 92.0
(322, 301, 354), 80.0
(394, 240, 324), 92.0
(329, 284, 343), 80.0
(317, 292, 353), 82.0
(346, 277, 346), None
(333, 272, 338), 84.0
(363, 240, 318), 78.0
(343, 266, 337), 92.0
(330, 275, 341), 62.0
(314, 297, 351), 88.0
(333, 287, 342), 76.0
(333, 270, 332), 96.0
(336, 270, 345), 50.0
(345, 260, 316), 82.0
(368, 249, 331), 72.0
(315, 295, 347), 94.0
(302, 333, 364), 96.0
(332, 292, 349), 80.0
(286, 334, 358), 90.0
(298, 315, 356), 85.0
(316, 279, 336), 72.0
(349, 258, 336), 96.0
(347, 279, 340), 50.0
(293, 327, 355), 98.0
(314, 290, 345), 48.0
(268, 345, 367), 76.0
(311, 304, 350), 84.0
(320, 284, 338), 82.0
(338, 280, 347), 48.0
(330, 270, 332), 72.0
(270, 360, 372), 76.0
(319, 303, 343), 74.0
(341, 274, 341), None
(332, 273, 342), 94.0
(320, 297, 349), 50.0
(307, 310, 349), 96.0
(291, 320, 359), 62.0
(295, 304, 346), 100.0
(315, 287, 343), 72.0
(290, 330, 365), 86.0
(309, 295, 344), 50.0
(288, 312, 349), 92.0
(289, 318, 354), 104.0
(297, 303, 344), 93.0
(327, 272, 335), 70.0
(295, 300, 344), 96.0
(321, 257, 322), 66.0
(283, 336, 366), 94.0
(278, 322, 351), 52.0
(293, 319, 357), 102.0
(315, 300, 347), 70.0
(309, 294, 345), 52.0
