Sampler:TPESampler
(5, 49, 48), None
(3, 88, 52), None
(67, 63, 40), 24.0
(45, 30, 26), 32.0
(31, 11, 78), 28.0
(48, 81, 54), 30.0
(70, 83, 85), 38.0
(55, 54, 17), 30.0
(17, 44, 36), 32.0
(79, 73, 73), None
(99, 65, 5), None
(29, 4, 73), None
(33, 12, 93), 30.0
(71, 27, 65), 28.0
(62, 28, 35), 32.0
(87, 63, 97), None
(36, 96, 64), None
(21, 41, 81), 32.0
(72, 31, 64), 28.0
(91, 59, 38), 31.0
(58, 16, 13), 46.0
(69, 16, 61), 30.0
(42, 38, 45), 26.0
(43, 3, 43), None
(25, 39, 20), 20.0
(16, 40, 25), 27.0
(23, 70, 20), 37.0
(41, 50, 3), None
(58, 34, 30), 22.0
(53, 55, 29), 32.0
(9, 48, 12), 44.0
(62, 35, 45), 24.0
(63, 23, 51), 28.0
(82, 33, 27), 26.0
(0, 47, 31), 33.0
(50, 36, 41), 28.0
(62, 19, 54), 33.0
(79, 51, 48), 26.0
(66, 76, 19), 27.0
(58, 24, 32), 42.0
(75, 44, 25), 28.0
(48, 37, 44), 38.0
(84, 34, 25), 28.0
(77, 55, 48), 30.0
(38, 41, 58), 26.0
(27, 61, 36), 36.0
(54, 68, 40), 24.0
(53, 68, 39), 28.0
(58, 80, 9), 30.0
(65, 85, 33), 30.0
(47, 92, 21), 24.0
(49, 99, 21), None
(55, 89, 40), 29.0
(68, 75, 15), 26.0
(73, 89, 55), 36.0
(59, 28, 35), 30.0
(46, 59, 7), None
(32, 92, 29), 24.0
(33, 93, 21), 25.0
(29, 79, 17), 39.0
(13, 66, 29), 24.0
(12, 64, 28), 28.0
(21, 93, 30), 36.0
(6, 84, 23), None
(12, 31, 44), 26.0
(37, 45, 34), 29.0
(25, 41, 11), 38.0
(17, 66, 37), 32.0
(19, 52, 41), 30.0
(55, 71, 46), 44.0
(12, 56, 51), 30.0
(46, 86, 30), 24.0
(42, 99, 28), None
(45, 93, 17), 34.0
(34, 87, 24), 28.0
(52, 96, 32), None
(60, 73, 37), 26.0
(39, 23, 23), None
(29, 78, 29), None
(64, 83, 18), 32.0
(61, 35, 41), 24.0
(67, 34, 42), 36.0
(56, 39, 31), 30.0
(61, 44, 46), 30.0
(70, 26, 38), 32.0
(50, 68, 27), 26.0
(24, 35, 33), 38.0
(3, 31, 14), None
(52, 0, 49), 25.0
(65, 61, 39), 28.0
(46, 86, 21), 24.0
(47, 91, 22), 26.0
(56, 86, 26), 22.0
(45, 96, 0), None
(57, 82, 35), 28.0
(61, 90, 26), 24.0
(53, 90, 26), 34.0
(61, 92, 20), 24.0
(62, 97, 10), None
(40, 37, 21), 28.0
(15, 47, 30), 34.0
(50, 85, 15), 22.0
(51, 87, 19), 24.0
(55, 86, 25), 24.0
(50, 77, 16), 26.0
(43, 81, 12), 29.0
(58, 29, 73), 27.0
(48, 84, 89), 37.0
(51, 92, 18), 25.0
(53, 88, 8), 28.0
(56, 88, 13), 36.0
(59, 94, 25), 22.0
(64, 32, 23), 25.0
(59, 94, 19), 29.0
(54, 80, 26), 32.0
(63, 90, 20), 32.0
(60, 86, 15), 26.0
(31, 94, 23), 26.0
(69, 43, 28), 26.0
(56, 97, 25), None
(47, 75, 31), 24.0
(67, 91, 29), 26.0
(48, 69, 34), 30.0
(62, 86, 19), 30.0
(55, 84, 22), 30.0
(21, 75, 25), 26.0
(52, 82, 14), 26.0
(7, 88, 30), None
(35, 75, 32), 26.0
(44, 85, 24), 30.0
(61, 95, 42), 28.0
(58, 92, 16), 28.0
(97, 99, 21), None
(51, 87, 20), 25.0
(54, 72, 27), 41.0
(73, 36, 27), 32.0
(65, 66, 36), 32.0
(46, 78, 31), 28.0
(27, 90, 17), 34.0
(49, 57, 33), 26.0
(43, 39, 54), 28.0
(0, 33, 24), 32.0
(57, 86, 45), 26.0
(41, 53, 40), 31.0
(59, 82, 29), 25.0
(54, 89, 18), 30.0
(61, 93, 27), 24.0
(56, 41, 37), 28.0
(63, 95, 26), 24.0
(67, 95, 43), 26.0
(37, 85, 22), 24.0
(37, 80, 22), 28.0
(59, 84, 19), 23.0
(59, 90, 20), 24.0
(14, 92, 16), 25.0
(60, 27, 50), 26.0
(63, 93, 28), 29.0
(49, 30, 47), 30.0
(57, 96, 68), None
(65, 37, 31), 28.0
(59, 98, 26), None
(61, 88, 23), 28.0
(51, 83, 24), 24.0
(47, 83, 26), 28.0
(52, 84, 19), 28.0
(50, 85, 24), 26.0
(46, 87, 29), 30.0
(40, 90, 32), 40.0
(55, 90, 26), 30.0
(63, 94, 21), 30.0
(58, 86, 12), 28.0
(30, 91, 19), 26.0
(54, 62, 34), 24.0
(53, 81, 21), 26.0
(61, 93, 34), 30.0
(57, 60, 39), 30.0
(26, 88, 15), 32.0
(33, 95, 23), 26.0
(59, 35, 17), 34.0
(10, 98, 27), None
(50, 64, 58), 22.0
(50, 69, 60), 24.0
(64, 65, 29), 40.0
(54, 70, 60), 28.0
(23, 32, 22), 29.0
(69, 63, 53), 28.0
(45, 67, 25), 34.0
(51, 83, 56), 24.0
(49, 79, 56), 34.0
(51, 84, 61), 42.0
(55, 62, 62), None
(48, 74, 35), 22.0
(48, 73, 67), 38.0
(43, 57, 41), 18.0
(53, 59, 37), 32.0
(37, 64, 35), 26.0
(44, 73, 42), 28.0
(48, 39, 58), 36.0
(50, 66, 62), 28.0
(57, 77, 17), 36.0
(42, 72, 32), 22.0
(41, 57, 33), 34.0
(19, 68, 31), 29.0
(39, 71, 28), 29.0
(42, 72, 30), 24.0
(46, 76, 32), 24.0
(44, 88, 30), 31.0
(59, 50, 38), 28.0
(45, 70, 28), 30.0
(63, 63, 44), None
(47, 33, 41), 30.0
(56, 91, 25), 28.0
(52, 65, 35), 24.0
(61, 96, 47), None
(42, 68, 36), 30.0
(47, 74, 27), 32.0
(48, 9, 20), 36.0
(60, 86, 40), 34.0
(42, 76, 32), 28.0
(38, 82, 23), 26.0
(50, 75, 56), 32.0
(52, 84, 18), 27.0
(62, 94, 25), 28.0
(31, 88, 20), 38.0
(46, 71, 43), 30.0
(66, 35, 59), 26.0
(52, 64, 36), 27.0
(58, 67, 39), 32.0
(44, 78, 31), 32.0
(50, 61, 35), 28.0
(55, 65, 34), 33.0
(35, 92, 33), 24.0
(62, 92, 27), 26.0
(60, 90, 23), 30.0
(35, 62, 33), 32.0
(46, 72, 30), 26.0
(65, 86, 22), 32.0
(53, 58, 35), 30.0
(40, 89, 24), 34.0
(57, 37, 45), 32.0
(49, 68, 65), 39.0
(60, 93, 20), 30.0
(43, 69, 29), 29.0
(51, 83, 63), 34.0
(43, 72, 27), 30.0
(54, 82, 59), 32.0
(46, 80, 30), 22.0
(55, 80, 56), 26.0
(47, 86, 41), 24.0
(48, 87, 15), 32.0
(42, 77, 31), 29.0
(50, 54, 29), 24.0
(3, 53, 26), None
(45, 84, 24), 26.0
(31, 90, 25), 28.0
(37, 81, 33), 26.0
(58, 84, 28), 26.0
(56, 34, 38), 30.0
(51, 66, 32), 30.0
(45, 74, 34), 26.0
(49, 74, 38), 37.0
(63, 79, 48), 32.0
(47, 77, 18), 25.0
(39, 80, 96), None
(61, 88, 27), 26.0
(59, 47, 22), 32.0
(41, 71, 30), 36.0
(61, 90, 41), 28.0
(33, 55, 29), 26.0
(27, 92, 28), 26.0
(47, 74, 41), 28.0
(35, 95, 20), 26.0
(44, 76, 32), 33.0
(47, 94, 51), 28.0
(53, 66, 57), 30.0
(52, 32, 33), 29.0
(49, 51, 44), 26.0
(45, 97, 37), None
(9, 85, 18), 30.0
(19, 86, 53), 27.0
(41, 92, 31), 22.0
(41, 70, 31), 22.0
(40, 60, 31), 30.0
(43, 68, 29), 25.0
(38, 70, 39), 29.0
(41, 21, 72), 26.0
(29, 88, 34), 29.0
(45, 30, 36), 26.0
(51, 70, 21), 22.0
(50, 69, 32), 30.0
(54, 70, 35), 23.0
(54, 87, 13), 31.0
(47, 48, 31), 34.0
(54, 69, 59), 31.0
(49, 83, 29), 24.0
(56, 91, 26), 22.0
(57, 90, 25), 32.0
(57, 92, 27), 24.0
(52, 67, 23), 28.0
(56, 92, 21), 28.0
(56, 70, 19), 28.0
(52, 37, 42), 28.0
(24, 54, 32), 29.0
(50, 81, 16), 28.0
(44, 73, 33), 29.0
(49, 89, 25), 26.0
(54, 64, 61), 28.0
(46, 70, 37), 35.0
(54, 86, 22), 40.0
(37, 66, 35), 26.0
(53, 62, 55), 35.0
(58, 72, 30), 24.0
(34, 43, 29), 34.0
(15, 56, 79), 33.0
(39, 82, 26), 28.0
(57, 91, 33), 28.0
(59, 88, 20), 27.0
(51, 85, 14), 28.0
(46, 74, 65), 39.0
(42, 68, 35), 36.0
(49, 82, 29), 29.0
(43, 72, 10), 32.0
(41, 76, 31), 26.0
(55, 79, 85), 28.0
(55, 64, 36), 41.0
(51, 69, 27), 26.0
(48, 71, 25), 30.0
(22, 52, 24), 28.0
(52, 58, 28), 26.0
(44, 75, 18), 26.0
(48, 94, 16), 30.0
(60, 85, 22), 26.0
(46, 96, 39), None
(47, 94, 21), 26.0
(56, 60, 24), 30.0
(57, 89, 27), 26.0
(39, 72, 30), 26.0
(62, 92, 25), 30.0
(43, 72, 40), 26.0
(41, 78, 34), 34.0
(58, 69, 58), None
(17, 66, 22), 26.0
(53, 25, 31), 27.0
(40, 65, 34), 22.0
(60, 87, 18), 24.0
(89, 75, 34), 26.0
(41, 67, 33), 34.0
(38, 99, 27), None
(39, 64, 29), 26.0
(56, 46, 28), 30.0
(35, 67, 37), 30.0
(65, 50, 31), 26.0
(40, 97, 23), None
(51, 39, 63), 28.0
(49, 35, 38), 40.0
(55, 62, 60), 38.0
(45, 65, 32), 24.0
(44, 65, 35), 26.0
(82, 84, 16), 26.0
(51, 83, 33), 28.0
(59, 92, 27), 24.0
(7, 89, 26), None
(58, 94, 28), 26.0
(66, 70, 19), 26.0
(47, 74, 46), 28.0
(43, 86, 30), 35.0
(61, 90, 29), 28.0
(48, 55, 31), 24.0
(45, 83, 31), 28.0
(58, 71, 22), 22.0
(60, 73, 25), 24.0
(0, 34, 21), 31.0
(59, 31, 23), 28.0
(36, 71, 33), 30.0
(11, 76, 17), 26.0
(53, 69, 54), 30.0
(55, 67, 23), 34.0
(63, 91, 20), 30.0
(40, 70, 6), None
(49, 80, 29), 22.0
(64, 63, 36), 27.0
(45, 42, 27), 30.0
(44, 78, 29), 29.0
(50, 78, 13), 32.0
(57, 81, 24), 26.0
(27, 71, 30), 24.0
(59, 98, 27), None
(27, 70, 25), 30.0
(53, 68, 17), 26.0
(49, 79, 57), 35.0
(42, 73, 20), 28.0
(57, 61, 34), 30.0
(60, 29, 15), 32.0
(53, 65, 35), 28.0
(55, 91, 36), 31.0
(42, 73, 29), 26.0
(38, 68, 32), 30.0
(32, 76, 32), None
(62, 87, 18), 28.0
(55, 88, 22), 40.0
(62, 96, 26), None
(57, 40, 44), 18.0
(37, 41, 19), 26.0
(46, 74, 50), 24.0
(48, 77, 31), 26.0
(39, 94, 24), 26.0
(52, 81, 42), 32.0
(50, 45, 44), 34.0
(58, 80, 27), 30.0
(55, 85, 21), 32.0
(51, 70, 58), 30.0
(47, 40, 31), 34.0
(50, 55, 34), 26.0
(56, 37, 40), 26.0
(54, 57, 14), 26.0
(60, 39, 43), 30.0
(53, 44, 71), 41.0
(13, 53, 29), 28.0
(44, 63, 33), 27.0
(3, 67, 25), None
(98, 33, 45), None
(57, 83, 38), 27.0
(58, 39, 47), 28.0
(18, 71, 49), 25.0
(54, 82, 22), 26.0
(51, 80, 61), 34.0
(56, 75, 26), 28.0
(48, 81, 23), 28.0
(27, 73, 30), 26.0
(41, 65, 36), 24.0
(47, 77, 36), 34.0
(24, 87, 28), 28.0
(46, 75, 11), 28.0
(43, 71, 66), 28.0
(45, 62, 52), 27.0
(49, 48, 28), 32.0
(58, 74, 32), 26.0
(59, 36, 42), 30.0
(61, 35, 40), 28.0
(51, 94, 21), 30.0
(41, 72, 34), 32.0
(46, 79, 51), 25.0
(49, 52, 19), 28.0
(53, 18, 25), 31.0
(58, 66, 49), 40.0
(36, 97, 22), None
(57, 68, 28), 30.0
(31, 92, 37), 22.0
(56, 69, 37), 31.0
(20, 96, 32), None
(48, 85, 39), 36.0
(30, 9, 16), 26.0
(35, 92, 18), 32.0
(32, 59, 38), 36.0
(68, 90, 20), 24.0
(36, 89, 35), 34.0
(41, 92, 39), 24.0
(54, 86, 18), 30.0
(44, 93, 33), 29.0
(26, 89, 31), 28.0
(46, 83, 23), 26.0
(38, 73, 23), 26.0
(52, 70, 37), 27.0
(56, 81, 29), 32.0
(32, 93, 36), 22.0
(30, 91, 56), 24.0
(32, 87, 35), 26.0
(34, 90, 36), 26.0
(40, 99, 69), None
(30, 92, 34), 30.0
(24, 58, 76), 26.0
(39, 28, 37), 31.0
(26, 69, 64), 24.0
(53, 61, 41), 32.0
(94, 71, 58), 35.0
(22, 94, 26), 22.0
(22, 94, 37), 24.0
(28, 37, 40), 38.0
(25, 67, 39), 34.0
(18, 96, 26), None
(22, 95, 26), 26.0
(20, 89, 42), 27.0
(21, 50, 30), 30.0
(43, 92, 33), 22.0
(60, 96, 34), None
(42, 92, 38), 28.0
(23, 93, 35), 26.0
(43, 94, 32), 30.0
(44, 76, 33), 45.0
(51, 42, 36), 36.0
(43, 93, 33), 22.0
(42, 97, 34), None
(39, 94, 32), 26.0
(40, 93, 35), 24.0
(42, 91, 30), 28.0
(43, 95, 33), 24.0
(45, 91, 31), 28.0
(28, 97, 37), None
(24, 94, 34), 32.0
(38, 89, 32), 26.0
(44, 93, 28), 34.0
(33, 91, 0), 22.0
(32, 92, 25), 28.0
(28, 95, 30), 26.0
(34, 90, 37), 26.0
(40, 99, 35), None
(31, 93, 4), None
(29, 91, 9), 28.0
(33, 90, 28), 28.0
(43, 88, 3), None
(34, 94, 0), 26.0
(46, 96, 8), None
(37, 88, 3), None
(37, 91, 31), 24.0
(16, 26, 27), 26.0
(48, 97, 92), None
(41, 93, 0), 27.0
(44, 84, 24), 35.0
(29, 45, 33), 30.0
(39, 91, 5), None
(49, 95, 30), 26.0
(32, 93, 35), 28.0
(45, 89, 44), 34.0
(47, 73, 39), 34.0
(36, 41, 33), 38.0
(75, 85, 24), 32.0
(25, 79, 28), 36.0
(42, 87, 22), 28.0
(54, 95, 38), 28.0
(51, 92, 31), 24.0
(40, 89, 27), 26.0
(55, 71, 34), 30.0
(20, 69, 36), 32.0
(50, 97, 30), None
(22, 31, 32), 31.0
(47, 0, 29), 32.0
(43, 75, 36), 26.0
(58, 90, 25), 30.0
(34, 93, 33), 24.0
(53, 68, 46), 34.0
(30, 91, 39), 24.0
(40, 95, 6), None
(45, 77, 29), 30.0
(49, 38, 32), 34.0
(59, 84, 12), 24.0
(56, 71, 27), 26.0
(52, 73, 35), 24.0
(37, 65, 37), None
(41, 87, 21), 28.0
(45, 43, 24), 30.0
(48, 93, 31), 26.0
(43, 80, 20), 28.0
(61, 89, 26), 30.0
(25, 96, 41), None
(86, 23, 34), 31.0
(55, 91, 2), 26.0
(52, 69, 29), 27.0
(58, 86, 25), 24.0
(33, 99, 33), None
(39, 82, 23), 26.0
(43, 34, 20), 25.0
(50, 14, 30), 41.0
(47, 88, 28), 30.0
(54, 94, 37), 30.0
(36, 60, 22), 34.0
(45, 78, 43), 30.0
(41, 90, 17), 26.0
(49, 74, 32), 26.0
(63, 85, 26), 24.0
(59, 92, 24), 26.0
(57, 40, 28), 28.0
(46, 66, 40), 31.0
(30, 47, 14), 34.0
(52, 71, 83), 28.0
(23, 83, 8), 28.0
(38, 88, 30), 24.0
(43, 97, 21), None
(56, 5, 38), None
(48, 67, 36), 28.0
(54, 32, 34), 25.0
(41, 95, 26), 24.0
(51, 72, 32), 30.0
(44, 93, 35), 30.0
(46, 64, 30), 28.0
(31, 77, 32), 34.0
(27, 69, 28), 37.0
(35, 80, 24), 32.0
(55, 92, 34), 26.0
(61, 90, 19), 30.0
(60, 84, 22), 30.0
(42, 57, 27), 30.0
(58, 95, 15), 30.0
(50, 73, 47), 28.0
(38, 29, 36), 32.0
(19, 63, 38), 28.0
(53, 75, 31), 43.0
(44, 87, 25), 28.0
(40, 82, 23), 30.0
(48, 98, 34), None
(33, 91, 29), 26.0
(46, 93, 19), 32.0
(62, 86, 42), 32.0
(52, 70, 31), 32.0
(57, 38, 27), 36.0
(50, 36, 33), 38.0
(21, 75, 39), 26.0
(41, 89, 44), 27.0
(28, 79, 11), 26.0
(56, 68, 35), 25.0
(60, 95, 21), 29.0
(48, 59, 29), 29.0
(26, 72, 40), 26.0
(44, 66, 37), 26.0
(53, 49, 31), 28.0
(64, 91, 24), 23.0
(38, 93, 26), 26.0
(46, 70, 33), 28.0
(55, 43, 29), 32.0
(36, 92, 24), 26.0
(59, 89, 17), 24.0
(43, 81, 27), 32.0
(51, 96, 35), None
(40, 85, 21), 32.0
(64, 91, 25), 25.0
(49, 94, 32), 24.0
(58, 78, 28), 26.0
(68, 90, 26), 32.0
(42, 33, 30), 36.0
(24, 74, 38), 24.0
(67, 93, 27), 23.0
(45, 86, 19), 30.0
(31, 67, 36), 26.0
(54, 71, 33), 30.0
(66, 95, 23), 27.0
(47, 76, 41), 24.0
(29, 88, 30), 25.0
(76, 97, 28), None
(42, 92, 26), 26.0
(56, 63, 34), 24.0
(80, 83, 20), 36.0
(34, 90, 23), 32.0
(40, 93, 30), 25.0
(50, 68, 36), 32.0
(45, 91, 25), 30.0
(73, 99, 45), None
(47, 73, 33), 28.0
(61, 40, 16), 34.0
(38, 94, 31), 22.0
(37, 98, 31), None
(38, 93, 29), 32.0
(35, 96, 31), None
(39, 97, 32), None
(32, 95, 2), 30.0
(35, 94, 75), 26.0
(39, 46, 29), 34.0
(42, 95, 32), 28.0
(37, 94, 28), 28.0
(40, 89, 30), 24.0
(43, 35, 53), 29.0
(33, 61, 34), 36.0
(36, 93, 32), 22.0
(35, 55, 69), 30.0
(33, 97, 38), None
(38, 92, 28), 28.0
(40, 95, 48), 28.0
(37, 93, 33), 24.0
(36, 91, 35), 26.0
(34, 96, 31), None
(36, 88, 33), 32.0
(32, 94, 7), None
(41, 77, 30), 30.0
(38, 97, 36), None
(42, 90, 27), 26.0
(31, 37, 41), 38.0
(39, 51, 32), 30.0
(44, 64, 28), 28.0
(40, 57, 30), 28.0
(44, 89, 26), 30.0
(35, 92, 34), 30.0
(46, 87, 10), 26.0
(41, 93, 31), 24.0
(42, 41, 29), 24.0
(38, 76, 27), 36.0
(30, 90, 39), 24.0
(48, 32, 32), None
(34, 95, 36), 22.0
(21, 98, 39), None
(38, 99, 35), None
(36, 74, 33), 22.0
(45, 76, 42), 26.0
(32, 96, 37), None
(36, 92, 31), 22.0
(33, 92, 45), 24.0
(36, 95, 37), 28.0
(29, 95, 35), 28.0
(39, 94, 30), 26.0
(40, 98, 26), None
(35, 74, 34), 22.0
(32, 60, 39), 28.0
(35, 78, 0), 32.0
(34, 44, 50), 24.0
(36, 90, 32), 24.0
(34, 92, 31), 28.0
(36, 73, 32), 22.0
(36, 70, 29), 35.0
(17, 72, 34), 30.0
(32, 93, 37), 22.0
(30, 27, 38), 36.0
(32, 73, 37), 24.0
(33, 79, 40), 26.0
(34, 88, 44), 31.0
(38, 74, 31), 28.0
(38, 75, 34), 24.0
(26, 69, 13), 36.0
(36, 75, 36), None
(34, 72, 35), 30.0
(31, 96, 41), None
(35, 91, 23), 26.0
(49, 80, 33), 28.0
(37, 99, 33), None
(36, 74, 32), 24.0
(27, 71, 25), 30.0
(30, 77, 28), 26.0
(28, 93, 37), 30.0
(34, 39, 31), 18.0
(34, 40, 35), 36.0
(32, 39, 37), 24.0
(57, 42, 22), 24.0
(22, 38, 30), 30.0
(34, 36, 28), 38.0
(33, 35, 42), 38.0
(30, 37, 33), 24.0
(32, 40, 88), 31.0
(31, 43, 36), 32.0
(36, 34, 31), 20.0
(37, 41, 29), 35.0
(37, 31, 31), None
(29, 33, 35), 28.0
(34, 32, 97), None
(28, 37, 38), None
(59, 35, 27), 30.0
(36, 75, 34), 22.0
(42, 65, 30), 35.0
(37, 72, 34), 26.0
(35, 29, 33), 28.0
(35, 34, 36), 26.0
(37, 74, 31), 26.0
(34, 34, 34), None
(32, 29, 39), 41.0
(33, 45, 31), 40.0
(39, 95, 32), 22.0
(39, 97, 33), None
(39, 75, 33), 26.0
(36, 38, 28), 32.0
(31, 42, 40), 32.0
(33, 91, 38), 26.0
(30, 53, 44), 25.0
(41, 21, 32), 31.0
(37, 72, 35), 32.0
(50, 78, 5), None
(33, 76, 36), 26.0
(33, 36, 40), 36.0
(36, 74, 34), 25.0
(36, 39, 32), 30.0
(40, 30, 30), None
(47, 79, 25), 32.0
(38, 70, 30), 28.0
(42, 34, 29), 26.0
(40, 38, 47), 34.0
(39, 48, 35), 34.0
(38, 31, 28), 40.0
(35, 76, 37), 26.0
(40, 94, 32), 30.0
(35, 70, 30), 24.0
(42, 89, 26), 30.0
(25, 81, 31), 26.0
(18, 97, 37), None
(29, 25, 40), 24.0
(37, 67, 35), 30.0
(37, 92, 9), 32.0
(35, 96, 43), None
(57, 37, 24), 38.0
(34, 40, 27), 26.0
(37, 73, 31), 26.0
(38, 76, 49), 27.0
(14, 95, 29), 28.0
(62, 94, 26), 24.0
(34, 73, 34), None
(41, 33, 34), 43.0
(44, 78, 99), None
(56, 44, 23), 28.0
(23, 88, 28), 26.0
(40, 93, 29), 26.0
(31, 93, 32), 26.0
(31, 94, 52), 31.0
(31, 89, 38), 24.0
(37, 75, 32), 26.0
(52, 85, 23), 30.0
(54, 59, 19), 28.0
(27, 78, 20), 26.0
(33, 97, 34), None
(60, 36, 28), 34.0
(43, 68, 35), 32.0
(44, 35, 29), 32.0
(39, 72, 32), 26.0
(32, 96, 42), None
(46, 67, 67), None
(52, 64, 21), 32.0
(33, 86, 36), 26.0
(32, 99, 38), None
(41, 61, 46), 24.0
(35, 77, 33), 28.0
(35, 95, 31), 26.0
(29, 93, 36), 30.0
(36, 71, 22), 28.0
(38, 31, 31), None
(35, 54, 36), 28.0
(92, 41, 39), 24.0
(37, 56, 33), 26.0
(59, 63, 17), 24.0
(50, 82, 12), 29.0
(39, 65, 30), 28.0
(39, 96, 33), None
(28, 38, 40), 36.0
(57, 82, 26), 24.0
(39, 74, 35), 24.0
(33, 91, 37), 26.0
(55, 33, 2), 35.0
(49, 79, 41), 23.0
(45, 69, 33), 37.0
(43, 66, 55), 41.0
(25, 46, 30), 36.0
(41, 72, 31), 22.0
(20, 71, 29), 26.0
(36, 51, 36), None
(43, 27, 26), 29.0
(35, 99, 35), None
(39, 40, 31), 28.0
(38, 95, 33), 28.0
(53, 73, 18), 24.0
(36, 77, 33), 30.0
(41, 90, 28), 24.0
(33, 75, 35), 24.0
(42, 91, 24), 30.0
(37, 68, 30), 26.0
(36, 98, 15), None
(40, 36, 27), 29.0
(61, 77, 25), 30.0
(30, 42, 38), 32.0
(34, 60, 38), 30.0
(57, 62, 39), 34.0
(31, 93, 63), 40.0
(41, 95, 31), 28.0
(38, 92, 32), 26.0
(35, 48, 43), 34.0
(32, 91, 33), 28.0
(38, 93, 34), 26.0
(39, 91, 34), 30.0
(47, 74, 34), 28.0
(37, 97, 33), None
(62, 94, 29), 28.0
(46, 80, 31), 24.0
(42, 88, 28), 24.0
(46, 38, 27), 29.0
(44, 70, 22), 36.0
(42, 35, 31), 32.0
(44, 33, 29), 27.0
(35, 87, 13), 32.0
(44, 39, 31), 24.0
(48, 58, 49), 30.0
(59, 91, 25), 28.0
(36, 84, 32), 22.0
(41, 90, 30), 37.0
(24, 73, 36), 28.0
(51, 94, 35), 26.0
(55, 78, 21), 30.0
(53, 70, 24), 28.0
(23, 32, 41), 38.0
(21, 88, 15), 30.0
(39, 96, 28), None
(45, 75, 30), 26.0
(19, 68, 27), 36.0
(48, 86, 7), None
(34, 80, 34), None
(43, 83, 33), 34.0
(57, 44, 38), 30.0
(40, 66, 70), 28.0
(27, 93, 38), 28.0
(29, 89, 41), 23.0
(46, 42, 46), None
(33, 29, 80), 26.0
(36, 71, 31), 26.0
(41, 73, 4), None
(31, 74, 36), 28.0
(60, 77, 43), 30.0
(58, 71, 20), 20.0
(44, 68, 19), 31.0
(48, 64, 18), 27.0
(39, 97, 20), None
(62, 81, 32), 32.0
(30, 94, 39), 26.0
(70, 37, 33), 26.0
(59, 85, 16), 29.0
(43, 84, 11), 32.0
(28, 92, 35), 31.0
(39, 96, 29), None
(33, 94, 23), 24.0
(25, 87, 36), 30.0
(56, 83, 18), 28.0
(33, 36, 36), None
(31, 97, 37), None
(55, 75, 21), 24.0
(15, 71, 20), 28.0
(61, 82, 21), 24.0
(32, 71, 39), 26.0
(38, 99, 32), None
(34, 76, 37), 28.0
(41, 72, 29), 26.0
(58, 69, 22), 27.0
(50, 73, 74), 40.0
(38, 90, 34), 26.0
(40, 69, 24), 34.0
(64, 57, 25), 26.0
(63, 66, 30), 30.0
(42, 69, 16), 32.0
(29, 95, 40), 26.0
(52, 74, 25), 28.0
(35, 66, 32), 28.0
(34, 90, 35), 32.0
(35, 84, 34), 22.0
(47, 68, 17), 24.0
(31, 86, 18), 26.0
(36, 35, 34), 26.0
(38, 31, 30), 32.0
(36, 84, 33), 22.0
(37, 83, 66), 34.0
(26, 86, 51), 24.0
(54, 4, 10), None
(34, 92, 43), 28.0
(58, 73, 33), 24.0
(38, 76, 31), 26.0
(32, 93, 0), 29.0
(56, 71, 22), 26.0
(58, 88, 23), 26.0
(29, 16, 29), None
(29, 95, 38), 32.0
(40, 72, 31), 32.0
(37, 80, 28), 36.0
(30, 72, 14), 32.0
(37, 97, 32), None
(39, 89, 34), 26.0
(35, 95, 36), 24.0
(36, 40, 20), 34.0
(45, 83, 26), 33.0
(44, 86, 27), 28.0
(61, 90, 34), 28.0
(54, 82, 48), 30.0
(10, 80, 29), 25.0
(42, 87, 20), 31.0
(40, 92, 31), 34.0
(57, 85, 23), 24.0
(33, 34, 54), 25.0
(19, 38, 27), 35.0
(35, 84, 32), 26.0
(37, 74, 33), 26.0
(33, 93, 28), 24.0
(32, 40, 45), 34.0
(51, 70, 15), 30.0
(34, 49, 41), 24.0
(40, 67, 30), 24.0
(42, 87, 37), 24.0
(53, 63, 12), 26.0
(31, 55, 43), 45.0
(35, 81, 34), 32.0
(23, 58, 37), 40.0
(58, 90, 93), 27.0
(21, 30, 32), 28.0
(37, 88, 18), 27.0
(60, 46, 25), 30.0
(31, 78, 40), 26.0
(38, 52, 35), 34.0
(34, 88, 36), 26.0
(40, 43, 32), 32.0
(59, 85, 26), 26.0
(37, 94, 46), 34.0
(45, 88, 5), None
(56, 33, 21), 37.0
(50, 85, 61), 43.0
(57, 28, 19), 40.0
(33, 97, 39), None
(36, 83, 31), 22.0
(36, 82, 32), 24.0
(39, 85, 30), 28.0
(32, 95, 38), 22.0
(27, 69, 8), 32.0
(26, 99, 38), None
(32, 91, 36), 24.0
(35, 76, 35), None
(63, 78, 27), 28.0
(40, 61, 33), 26.0
(36, 38, 33), 34.0
(39, 11, 29), 39.0
(47, 80, 36), 34.0
(17, 89, 77), 27.0
(37, 37, 31), None
(33, 75, 41), 26.0
(37, 24, 34), 32.0
(43, 89, 57), 26.0
(29, 80, 41), 24.0
(30, 83, 39), 24.0
(32, 80, 38), 26.0
(35, 62, 30), 28.0
(34, 78, 37), 28.0
(53, 64, 25), 26.0
(38, 72, 32), 26.0
(30, 69, 42), 28.0
(23, 87, 35), 32.0
(41, 85, 29), 28.0
(46, 83, 40), 26.0
(45, 35, 28), 26.0
(55, 70, 17), 30.0
(43, 41, 35), 26.0
(35, 91, 33), 24.0
(38, 97, 19), None
(34, 88, 39), 26.0
(34, 95, 26), 30.0
(39, 77, 28), 35.0
(41, 95, 30), 29.0
(36, 74, 35), 26.0
(51, 84, 13), 28.0
(37, 86, 44), 28.0
(51, 65, 34), 26.0
(32, 91, 37), 24.0
(31, 70, 39), 26.0
(65, 75, 2), 28.0
(59, 72, 23), 22.0
(35, 82, 29), 32.0
(36, 97, 33), None
(50, 67, 24), 34.0
(39, 81, 31), 24.0
(54, 90, 24), 26.0
(36, 44, 31), 30.0
(50, 20, 37), 32.0
(21, 70, 6), None
(58, 72, 16), 28.0
(43, 82, 25), 32.0
(47, 83, 28), 30.0
(39, 84, 31), 26.0
(63, 99, 43), None
(60, 72, 21), 28.0
(33, 33, 52), None
(42, 74, 34), 24.0
(38, 96, 26), None
(95, 96, 47), None
(32, 78, 40), 30.0
(37, 79, 30), 26.0
(7, 77, 35), None
(32, 73, 41), 36.0
(61, 62, 23), 28.0
(46, 77, 36), 22.0
(40, 67, 33), 32.0
(47, 95, 38), 34.0
(30, 94, 37), 26.0
(43, 81, 30), 24.0
(44, 84, 32), 24.0
(57, 84, 26), 26.0
(87, 94, 28), 34.0
(34, 76, 35), 23.0
(35, 89, 31), 34.0
(42, 91, 31), 36.0
(33, 75, 44), 31.0
(60, 42, 27), 30.0
(28, 75, 39), 29.0
(49, 53, 36), 30.0
(40, 73, 29), 28.0
(34, 47, 89), 24.0
(54, 36, 16), 28.0
(78, 98, 38), None
(47, 81, 29), 27.0
(57, 88, 21), 28.0
(54, 70, 22), 26.0
(28, 93, 38), 24.0
(61, 81, 19), 26.0
(25, 83, 35), 30.0
(44, 71, 23), 26.0
(30, 51, 41), 28.0
(55, 85, 34), 30.0
(48, 92, 3), None
(51, 31, 10), 34.0
(27, 77, 36), 32.0
(33, 93, 36), 24.0
(37, 90, 34), 26.0
(52, 86, 60), 35.0
(31, 59, 42), 30.0
(36, 74, 48), 22.0
(36, 55, 35), 26.0
(28, 93, 40), 26.0
(52, 86, 17), 26.0
(34, 34, 37), None
(20, 57, 39), 29.0
(49, 84, 27), 25.0
(38, 96, 33), None
(33, 80, 37), 26.0
(46, 39, 27), 29.0
(25, 92, 33), 28.0
(56, 72, 26), 24.0
(55, 68, 23), 32.0
(41, 71, 34), 32.0
(57, 78, 15), 26.0
(35, 98, 32), None
(59, 93, 50), 31.0
(32, 73, 49), 24.0
(34, 96, 33), None
(45, 77, 50), 28.0
(39, 76, 30), 28.0
(41, 79, 28), 26.0
(28, 95, 36), 26.0
(35, 94, 32), 24.0
(16, 99, 63), None
(43, 75, 47), 22.0
(59, 69, 47), 26.0
(42, 73, 42), None
(22, 78, 47), 30.0
(34, 80, 35), 34.0
(48, 78, 39), 37.0
(41, 74, 53), 32.0
(65, 71, 45), 28.0
(23, 39, 26), 40.0
(37, 87, 72), 30.0
(63, 74, 23), 29.0
(31, 82, 33), 25.0
(40, 90, 29), 26.0
(38, 94, 30), 24.0
(46, 72, 37), 40.0
(44, 76, 47), 28.0
(44, 80, 44), None
(41, 56, 32), 35.0
(61, 78, 46), 30.0
(59, 35, 50), 28.0
(45, 89, 34), 40.0
(44, 75, 42), 25.0
(58, 70, 24), 30.0
(39, 7, 18), None
(43, 97, 45), None
(39, 95, 31), 26.0
(36, 49, 33), 42.0
(38, 74, 35), 22.0
(38, 75, 45), 26.0
(43, 74, 51), 27.0
(66, 30, 53), 30.0
(36, 46, 12), 30.0
(53, 87, 25), 30.0
(25, 91, 9), 28.0
(58, 38, 29), 30.0
(48, 68, 49), 34.0
(31, 91, 43), 28.0
(55, 90, 19), 34.0
(48, 74, 45), 28.0
(64, 42, 47), 28.0
(20, 77, 26), 26.0
(34, 83, 24), 28.0
(36, 75, 49), 20.0
(35, 75, 50), 22.0
(39, 75, 52), 28.0
(32, 73, 50), 34.0
(40, 70, 18), 24.0
(37, 76, 31), 24.0
(49, 68, 20), 27.0
(56, 71, 49), 34.0
(37, 72, 22), 26.0
(48, 79, 50), 27.0
(46, 79, 46), None
(36, 71, 35), 30.0
(42, 76, 47), 26.0
(43, 77, 38), 24.0
(40, 97, 42), None
(84, 41, 28), 26.0
(42, 97, 47), None
(60, 69, 51), 30.0
(30, 76, 44), 32.0
(38, 77, 45), 30.0
(62, 86, 21), 28.0
(5, 66, 48), None
(34, 72, 49), 28.0
(26, 40, 47), 34.0
(45, 78, 54), 32.0
(58, 72, 49), 29.0
(43, 69, 46), 38.0
(38, 62, 54), 36.0
(35, 74, 51), 28.0
(36, 78, 47), 36.0
(35, 22, 40), 40.0
(39, 93, 45), 34.0
(54, 82, 14), 30.0
(23, 95, 44), 28.0
(62, 73, 20), 32.0
(40, 79, 29), 25.0
(45, 89, 43), 27.0
(33, 61, 56), 30.0
(35, 84, 55), 24.0
(41, 58, 49), 30.0
(47, 64, 52), 30.0
(13, 65, 20), 30.0
(37, 80, 34), 26.0
(34, 87, 68), 26.0
(36, 95, 41), 24.0
(46, 75, 53), 24.0
(29, 91, 32), 26.0
(18, 72, 49), 23.0
(22, 74, 52), 32.0
(32, 60, 42), 28.0
(32, 77, 44), 39.0
(47, 26, 58), 28.0
(72, 91, 34), 34.0
(43, 37, 30), 32.0
(39, 71, 21), 26.0
(51, 70, 46), 22.0
(37, 75, 51), 28.0
(39, 76, 23), 26.0
(51, 73, 47), 26.0
(49, 43, 45), 30.0
(34, 80, 26), 34.0
(44, 89, 43), 32.0
(29, 82, 40), 24.0
(33, 79, 54), 26.0
(33, 94, 31), 27.0
(56, 69, 24), 28.0
(18, 85, 66), 28.0
(51, 81, 48), 26.0
(36, 40, 32), 30.0
(39, 45, 30), 22.0
(42, 39, 22), 26.0
(42, 77, 46), 26.0
(46, 74, 39), 28.0
(34, 80, 18), 34.0
(44, 68, 48), 28.0
(35, 98, 28), None
(41, 54, 32), 31.0
(30, 92, 37), 22.0
(28, 86, 38), 24.0
(27, 93, 39), 26.0
(39, 82, 35), 32.0
(50, 66, 47), 26.0
(40, 67, 48), 26.0
(57, 84, 14), 26.0
(52, 70, 50), 32.0
(50, 71, 56), 27.0
(38, 92, 31), 26.0
(54, 45, 49), 32.0
(45, 90, 52), 28.0
(37, 89, 32), 28.0
(33, 92, 28), 26.0
(37, 83, 29), 25.0
(54, 67, 19), 29.0
(42, 73, 57), 24.0
(36, 75, 46), 26.0
(35, 18, 53), 32.0
(28, 43, 41), 22.0
(29, 84, 41), 26.0
(39, 76, 35), 28.0
(31, 41, 83), 24.0
(33, 96, 37), None
(52, 87, 60), 34.0
(39, 1, 51), 24.0
(31, 91, 38), 24.0
(34, 48, 44), 24.0
(32, 88, 60), 26.0
(38, 68, 45), 34.0
(16, 81, 27), 30.0
(41, 44, 64), 31.0
(42, 47, 48), 34.0
(29, 71, 6), None
(56, 86, 16), 30.0
(89, 46, 35), 40.0
(26, 43, 42), 26.0
(20, 72, 52), 32.0
(36, 38, 56), 26.0
(23, 36, 36), None
(31, 41, 31), None
(31, 43, 30), 40.0
(30, 39, 42), 34.0
(33, 45, 43), 30.0
(59, 42, 40), 28.0
(24, 70, 19), 32.0
(53, 65, 48), 29.0
(34, 40, 44), 26.0
(35, 41, 45), 24.0
(36, 87, 34), 26.0
(60, 73, 49), 28.0
(24, 39, 44), 23.0
(34, 94, 33), 23.0
(31, 50, 39), 28.0
(41, 42, 27), 30.0
(26, 45, 27), 30.0
(37, 94, 0), 24.0
(48, 78, 25), 34.0
(34, 70, 36), 28.0
(29, 98, 38), None
(66, 39, 43), 24.0
(40, 73, 48), 30.0
(27, 85, 27), None
(40, 44, 25), 30.0
(29, 39, 39), None
(42, 49, 28), 34.0
(41, 50, 33), 44.0
(25, 83, 26), 25.0
(47, 77, 47), None
(56, 45, 21), 40.0
(39, 47, 29), 36.0
(55, 70, 50), 30.0
(36, 69, 31), 30.0
(28, 44, 40), 20.0
(45, 41, 29), 20.0
(25, 42, 39), 36.0
(45, 39, 42), 26.0
(28, 42, 41), 28.0
(38, 44, 31), 24.0
(25, 43, 29), 30.0
(37, 41, 28), 38.0
(48, 47, 37), 33.0
(35, 37, 3), None
(50, 41, 44), 30.0
(26, 35, 40), 29.0
(22, 45, 24), 29.0
(58, 45, 25), 28.0
(27, 43, 7), None
(28, 42, 40), 28.0
(52, 40, 42), 30.0
(49, 45, 28), 36.0
(27, 43, 40), 32.0
(30, 38, 37), 30.0
(23, 40, 51), 32.0
(58, 36, 24), 47.0
(30, 37, 38), 30.0
(44, 38, 34), 26.0
(44, 39, 17), 30.0
(45, 73, 43), 24.0
(63, 37, 37), None
(28, 42, 16), 38.0
(26, 40, 40), None
(54, 47, 59), 31.0
(26, 47, 42), 32.0
(25, 43, 41), 28.0
(29, 76, 38), 34.0
(23, 62, 36), 28.0
(39, 39, 30), None
(28, 44, 41), 20.0
(60, 46, 28), 36.0
(32, 45, 40), 34.0
(33, 42, 36), 36.0
(25, 41, 41), None
(28, 50, 38), 32.0
(62, 41, 45), 28.0
(27, 48, 44), 30.0
(30, 40, 43), 33.0
(49, 45, 21), 22.0
(30, 48, 10), 34.0
(34, 44, 18), 28.0
(47, 41, 28), 30.0
(27, 45, 45), None
(39, 53, 33), 22.0
(21, 92, 25), 28.0
(28, 44, 43), 26.0
(43, 47, 34), 32.0
(24, 37, 33), 36.0
(35, 75, 35), None
(26, 46, 37), 30.0
(32, 35, 32), None
(30, 49, 19), 35.0
(31, 44, 30), 34.0
(53, 38, 47), 36.0
(38, 49, 33), 30.0
(61, 46, 20), 28.0
(25, 40, 13), 38.0
(28, 41, 43), 20.0
(41, 42, 11), 28.0
(31, 41, 45), 32.0
(29, 43, 40), 26.0
(28, 43, 42), 22.0
(27, 39, 14), 46.0
(33, 51, 42), 36.0
(25, 41, 44), 30.0
(27, 43, 44), 32.0
(29, 40, 46), 30.0
(27, 42, 43), 22.0
(26, 46, 42), 26.0
(24, 37, 41), 34.0
(24, 53, 41), 29.0
(45, 39, 44), 34.0
(30, 52, 39), 27.0
(57, 41, 46), 34.0
(27, 38, 45), 28.0
(27, 40, 40), None
(28, 40, 42), 28.0
(53, 44, 17), 42.0
(60, 37, 22), 26.0
(43, 61, 39), 30.0
(33, 37, 43), 28.0
(39, 44, 46), 34.0
(23, 41, 42), 28.0
(49, 41, 45), 22.0
(29, 46, 45), 35.0
(25, 42, 43), 30.0
(46, 35, 2), 46.0
(21, 44, 21), None
(30, 41, 44), 28.0
(29, 39, 41), 31.0
(41, 38, 46), 30.0
(30, 55, 43), 40.0
(26, 46, 46), None
(36, 32, 33), 26.0
(22, 48, 62), 22.0
(23, 49, 71), 28.0
(27, 46, 42), 32.0
(48, 46, 47), 34.0
(80, 35, 12), 28.0
(24, 45, 39), 28.0
(62, 50, 23), 22.0
(27, 42, 44), 24.0
(21, 43, 46), 28.0
(43, 39, 27), 36.0
(26, 43, 20), 31.0
(26, 48, 43), 38.0
(31, 41, 41), None
(31, 44, 48), 24.0
(28, 34, 39), 42.0
(32, 36, 30), 36.0
(29, 41, 45), 20.0
(23, 50, 45), 30.0
(29, 44, 41), 20.0
(29, 44, 45), 32.0
(26, 39, 44), 28.0
(30, 39, 43), 25.0
(29, 43, 48), 29.0
(24, 47, 43), 32.0
(25, 48, 42), 38.0
(99, 43, 43), None
(26, 42, 46), 26.0
(26, 44, 20), 32.0
(24, 40, 48), 28.0
(20, 49, 49), None
(29, 47, 46), 32.0
(27, 49, 44), 38.0
(29, 41, 46), 30.0
(50, 45, 21), 36.0
(50, 38, 45), 24.0
(26, 41, 44), 28.0
(23, 42, 79), 28.0
(30, 40, 50), 25.0
(31, 37, 40), 34.0
(2, 46, 41), 28.0
(22, 39, 41), 32.0
(29, 44, 47), 33.0
(70, 52, 39), 21.0
(22, 48, 44), 26.0
(69, 51, 48), 27.0
(72, 41, 43), 26.0
(27, 43, 42), 22.0
(25, 40, 45), 26.0
(27, 46, 47), 28.0
(80, 51, 40), 34.0
(67, 56, 45), 43.0
(69, 49, 41), 24.0
(30, 37, 39), 30.0
(84, 45, 16), 26.0
(69, 48, 65), 33.0
(83, 42, 43), 23.0
(78, 53, 47), 26.0
(32, 39, 40), 28.0
(28, 41, 51), 29.0
(64, 47, 49), 36.0
(74, 54, 42), 24.0
Sampler:BoTorchSampler
(54, 84, 39), 34.0
(56, 15, 24), 30.0
(87, 20, 8), 25.0
(38, 78, 93), 36.0
(7, 47, 28), None
(98, 99, 29), None
(43, 88, 82), 28.0
(44, 55, 17), 28.0
(24, 38, 95), 24.0
(75, 19, 13), 26.0
(15, 30, 60), 38.0
(73, 52, 66), 26.0
(50, 41, 41), None
(50, 41, 22), 28.0
(24, 23, 60), 43.0
(47, 44, 48), 40.0
(15, 17, 99), None
(16, 17, 29), 39.0
(15, 18, 97), None
(15, 18, 16), 29.0
(17, 16, 32), 35.0
(19, 14, 43), 30.0
(18, 19, 97), None
(18, 19, 96), None
(80, 72, 73), 40.0
(64, 32, 8), 28.0
(20, 28, 97), None
(20, 27, 97), None
(98, 29, 14), None
(21, 31, 52), 36.0
(20, 29, 97), None
(97, 30, 14), None
Sampler:CmaEsSampler
(44, 63, 9), 30.0
(46, 32, 34), 30.0
(53, 42, 43), 25.0
(98, 37, 63), None
(53, 72, 51), 26.0
(44, 35, 66), 28.0
(25, 73, 25), None
(44, 35, 48), 32.0
(38, 29, 77), 28.0
(35, 36, 49), 40.0
(47, 52, 66), 27.0
(62, 44, 60), 28.0
(31, 49, 38), 30.0
(59, 38, 59), None
(56, 69, 51), 32.0
(54, 38, 64), 26.0
(33, 62, 39), 28.0
(58, 39, 43), 27.0
(56, 49, 49), None
(49, 34, 74), 26.0
(53, 48, 35), 26.0
(55, 35, 53), 28.0
(63, 46, 47), 32.0
(40, 45, 55), 22.0
(47, 56, 72), 45.0
(49, 36, 66), 26.0
(64, 52, 45), 26.0
(37, 36, 49), 32.0
(29, 51, 46), 26.0
(39, 50, 65), 28.0
(46, 35, 45), 26.0
(61, 42, 48), 26.0
(29, 47, 53), 30.0
(55, 41, 57), 30.0
(52, 46, 51), 34.0
(65, 38, 40), 30.0
(48, 38, 67), 28.0
(56, 42, 59), 34.0
(47, 45, 53), 34.0
(45, 50, 40), 30.0
(48, 58, 37), 30.0
(40, 43, 66), 36.0
(62, 39, 70), 32.0
(40, 46, 63), 30.0
(31, 43, 38), 26.0
(65, 33, 46), 25.0
(28, 53, 52), 24.0
(33, 40, 43), 24.0
(35, 55, 42), 24.0
(37, 34, 55), 29.0
(49, 35, 51), 32.0
(56, 53, 43), 24.0
(45, 40, 54), 30.0
(44, 47, 44), None
(28, 47, 58), 30.0
(31, 37, 44), 26.0
(23, 46, 37), 33.0
(32, 53, 39), 26.0
(39, 42, 40), 28.0
(46, 49, 33), 38.0
(21, 49, 36), 28.0
(48, 37, 72), 27.0
(36, 58, 37), 34.0
(54, 48, 47), 33.0
(34, 39, 67), 33.0
(45, 38, 61), 30.0
(50, 25, 50), None
(33, 33, 34), None
(24, 38, 38), None
(46, 32, 74), 24.0
(26, 51, 36), 30.0
(37, 40, 46), 30.0
(30, 33, 77), 34.0
(61, 34, 67), 34.0
(65, 38, 77), 30.0
(29, 48, 52), 31.0
(32, 40, 62), 23.0
(28, 34, 66), 28.0
(37, 38, 77), 32.0
(52, 28, 77), 24.0
(32, 32, 61), None
(26, 30, 83), 26.0
(29, 38, 61), 35.0
(38, 50, 53), 30.0
(38, 46, 52), 36.0
(44, 37, 72), 34.0
(26, 41, 49), 34.0
(44, 27, 89), 28.0
(39, 34, 68), 35.0
(47, 20, 87), 24.0
(54, 43, 84), 32.0
(47, 22, 79), 28.0
(39, 26, 79), 30.0
(45, 37, 68), 34.0
(55, 15, 87), 30.0
(23, 48, 58), 35.0
(42, 26, 66), 24.0
(46, 23, 70), 34.0
(28, 48, 63), 32.0
(40, 41, 62), 33.0
(40, 22, 72), 33.0
(48, 14, 90), 26.0
(37, 26, 71), 30.0
(48, 23, 68), 30.0
(24, 37, 50), 34.0
(51, 23, 77), 32.0
(34, 34, 61), None
(50, 28, 58), 30.0
(47, 8, 85), 23.0
(36, 7, 92), None
(49, 24, 77), 26.0
(45, 20, 62), 30.0
(43, 17, 61), 41.0
(51, 9, 96), None
(47, 33, 59), 32.0
(46, 25, 84), 28.0
(45, 18, 64), 30.0
(42, 26, 77), 26.0
(47, 17, 80), 30.0
(41, 17, 76), 26.0
(53, 42, 73), 28.0
(44, 36, 67), 30.0
(48, 27, 66), 25.0
(47, 21, 81), 24.0
(43, 21, 75), 31.0
(49, 28, 65), 35.0
(46, 26, 76), 32.0
(47, 25, 79), 32.0
(37, 25, 73), 22.0
(38, 25, 68), 36.0
(45, 16, 78), 28.0
(48, 15, 77), 32.0
(42, 22, 74), 26.0
(44, 14, 96), None
(43, 14, 83), 28.0
(50, 9, 88), 22.0
(41, 24, 82), 26.0
(39, 16, 76), 33.0
(48, 32, 63), 24.0
(52, 7, 76), None
(44, 19, 79), 31.0
(43, 15, 79), 28.0
(44, 18, 78), 32.0
(47, 21, 71), 28.0
(52, 19, 81), 29.0
(45, 23, 78), 46.0
(50, 20, 77), 26.0
(55, 18, 73), 36.0
(42, 16, 78), 28.0
(52, 19, 80), 29.0
(44, 21, 77), 40.0
(48, 18, 76), 32.0
(43, 15, 74), 30.0
(48, 22, 69), 30.0
(49, 19, 81), 27.0
(49, 20, 78), 23.0
(41, 25, 75), 24.0
(48, 22, 77), 26.0
(45, 18, 85), 29.0
(50, 21, 78), 26.0
(50, 15, 83), 26.0
(48, 21, 83), 24.0
(46, 20, 78), 34.0
(46, 25, 73), 27.0
(40, 22, 78), 34.0
(43, 23, 72), 30.0
(51, 21, 75), 26.0
(44, 20, 73), 26.0
(50, 24, 64), 22.0
(49, 24, 70), 30.0
(48, 15, 81), 26.0
(46, 20, 83), 26.0
(51, 16, 77), 28.0
(50, 18, 83), 28.0
(44, 31, 63), 28.0
(49, 18, 70), 29.0
(48, 22, 74), 26.0
(46, 27, 65), 40.0
(46, 23, 65), 26.0
(53, 18, 68), 26.0
(47, 17, 77), 24.0
(48, 20, 71), 24.0
(44, 20, 79), 30.0
(46, 22, 76), 24.0
(46, 13, 82), 26.0
(47, 20, 77), 24.0
(50, 12, 86), 27.0
(47, 16, 77), 26.0
(53, 21, 74), 32.0
(43, 25, 73), 28.0
(45, 24, 74), 28.0
(51, 22, 75), 28.0
(48, 22, 73), 24.0
(48, 25, 73), 22.0
(50, 25, 72), 26.0
(49, 27, 70), 32.0
(48, 21, 78), 24.0
(48, 18, 78), 23.0
(47, 24, 75), 24.0
(44, 22, 72), 32.0
(47, 25, 72), 26.0
(48, 20, 79), 24.0
(47, 20, 81), 24.0
(53, 15, 77), 28.0
(46, 22, 73), 26.0
(48, 21, 72), 24.0
(48, 18, 83), 24.0
(45, 22, 74), 26.0
(47, 23, 78), 28.0
(47, 22, 76), 26.0
(49, 17, 84), 27.0
(49, 16, 86), 33.0
(47, 19, 80), 29.0
(49, 25, 77), 28.0
(50, 20, 76), 26.0
(49, 20, 77), 26.0
(47, 19, 82), 26.0
(49, 22, 77), 24.0
(50, 21, 75), 28.0
(50, 20, 78), 24.0
(48, 21, 75), 30.0
(50, 21, 77), 22.0
(49, 21, 76), 26.0
(51, 21, 80), 22.0
(49, 22, 75), 26.0
(50, 21, 79), 24.0
(49, 19, 76), 35.0
(48, 21, 79), 24.0
(53, 23, 78), 26.0
(49, 23, 78), 28.0
(48, 22, 76), 26.0
(51, 19, 77), 28.0
(49, 22, 74), 26.0
(50, 24, 76), 26.0
(49, 23, 73), 22.0
(52, 23, 75), 28.0
(50, 21, 76), 28.0
(51, 24, 72), 30.0
(48, 23, 70), 28.0
(48, 23, 73), 22.0
(49, 22, 73), 24.0
(47, 24, 71), 28.0
(48, 24, 71), 30.0
(50, 23, 74), 24.0
(46, 21, 76), 24.0
(51, 22, 74), 30.0
(47, 22, 73), 26.0
(50, 24, 74), 24.0
(49, 21, 75), 28.0
(48, 20, 78), 24.0
(49, 23, 74), 24.0
(49, 24, 73), 22.0
(49, 24, 71), 30.0
(48, 24, 72), 28.0
(49, 24, 75), 24.0
(49, 22, 76), 26.0
(48, 23, 74), 24.0
(48, 26, 70), 34.0
(49, 23, 72), 22.0
(48, 23, 72), 22.0
(48, 21, 74), 26.0
(48, 23, 75), 26.0
(50, 23, 72), 34.0
(49, 25, 71), 30.0
(47, 23, 72), 24.0
(48, 24, 73), 22.0
(48, 24, 70), 30.0
(48, 22, 75), 26.0
(50, 24, 73), 24.0
(49, 23, 71), 28.0
(50, 23, 73), 28.0
(49, 22, 72), 22.0
