Sampler:BoTorchSampler
(333, 313, 332, 0, 2, 138, 0, 306, 157), None
(190, 166, 77, 35, 153, 129, 169, 104, 260), None
(133, 377, 261, 240, 68, 244, 159, 159, 34), None
(124, 300, 323, 280, 43, 224, 36, 360, 8), None
(136, 294, 333, 89, 199, 15, 392, 130, 236), 31.444444444444443
(319, 72, 379, 47, 331, 295, 35, 16, 264), None
(380, 21, 145, 71, 342, 28, 50, 72, 47), None
(383, 351, 255, 342, 5, 63, 30, 341, 31), None
(225, 142, 254, 202, 119, 26, 324, 91, 142), None
(328, 366, 197, 78, 339, 10, 248, 141, 223), None
(322, 47, 233, 212, 326, 301, 73, 383, 122), None
(348, 35, 5, 26, 113, 349, 142, 346, 162), None
(220, 103, 257, 375, 326, 361, 329, 229, 270), 39.44444444444444
(137, 42, 163, 162, 96, 78, 173, 105, 337), None
(150, 124, 288, 208, 8, 240, 12, 241, 324), None
(318, 71, 166, 128, 87, 65, 225, 61, 360), 44.44444444444444
(161, 312, 131, 366, 134, 205, 221, 122, 282), 38.666666666666664
(283, 68, 149, 53, 306, 43, 143, 337, 170), None
(123, 245, 98, 208, 383, 322, 316, 50, 315), None
(260, 78, 348, 249, 214, 380, 389, 336, 95), None
(298, 328, 392, 317, 121, 241, 381, 367, 378), 40.44444444444444
(263, 83, 381, 229, 131, 312, 38, 199, 274), 37.22222222222222
(208, 198, 304, 14, 234, 367, 98, 92, 19), None
(348, 80, 261, 161, 243, 41, 241, 374, 241), None
(216, 84, 122, 69, 84, 101, 388, 191, 372), None
(174, 29, 300, 111, 44, 9, 89, 87, 44), None
(287, 143, 257, 234, 39, 148, 57, 313, 173), None
(105, 387, 251, 76, 265, 90, 128, 189, 291), 35.44444444444444
(96, 68, 354, 130, 247, 79, 218, 160, 59), None
(285, 294, 317, 301, 96, 100, 275, 23, 221), None
(73, 103, 361, 269, 200, 160, 162, 261, 381), 35.22222222222222
(305, 25, 45, 153, 240, 206, 376, 171, 91), None
(390, 169, 186, 79, 380, 171, 164, 345, 169), None
(18, 207, 157, 212, 3, 124, 173, 171, 161), None
(287, 313, 323, 333, 386, 76, 16, 76, 136), None
(82, 270, 108, 73, 235, 269, 98, 86, 41), None
(249, 19, 245, 244, 117, 249, 341, 348, 4), None
(112, 228, 146, 306, 184, 263, 160, 382, 350), 35.77777777777778
(265, 214, 83, 223, 220, 127, 128, 108, 211), 45.0
(296, 152, 103, 189, 168, 104, 160, 84, 266), 40.55555555555556
(269, 234, 52, 248, 249, 139, 105, 105, 171), None
(269, 234, 53, 248, 249, 139, 105, 105, 172), None
Sampler:TPESampler
(233, 327, 55, 336, 19, 374, 374, 53, 88), None
(28, 387, 231, 20, 347, 22, 226, 105, 35), None
(276, 103, 306, 293, 130, 99, 300, 15, 369), None
(252, 238, 341, 105, 228, 150, 315, 123, 21), 38.111111111111114
(373, 182, 108, 252, 154, 143, 113, 24, 43), None
(273, 342, 240, 220, 10, 212, 131, 121, 351), None
(7, 3, 356, 353, 164, 292, 193, 25, 272), None
(120, 112, 324, 177, 123, 177, 152, 16, 217), None
(245, 377, 256, 119, 351, 9, 44, 209, 86), None
(294, 285, 70, 271, 363, 119, 342, 222, 278), 38.666666666666664
(395, 267, 141, 161, 269, 279, 276, 343, 280), 41.111111111111114
(395, 258, 141, 164, 267, 261, 396, 348, 269), 34.888888888888886
(351, 288, 12, 396, 388, 353, 272, 342, 292), 45.0
(336, 184, 152, 388, 293, 387, 256, 399, 177), None
(167, 300, 2, 60, 399, 321, 279, 295, 317), 38.77777777777778
(335, 225, 9, 118, 303, 333, 207, 280, 186), None
(348, 157, 182, 222, 238, 240, 344, 383, 391), 43.111111111111114
(180, 135, 391, 313, 86, 221, 347, 395, 398), 43.888888888888886
(170, 35, 390, 394, 52, 77, 1, 278, 330), None
(76, 122, 279, 318, 80, 348, 347, 327, 398), None
(193, 59, 196, 362, 190, 216, 245, 242, 224), None
(322, 147, 196, 230, 223, 241, 334, 399, 399), None
(356, 152, 396, 298, 95, 301, 399, 368, 315), 45.888888888888886
(150, 214, 376, 302, 88, 304, 358, 361, 321), 42.111111111111114
(103, 78, 300, 362, 99, 349, 376, 174, 355), None
(302, 152, 399, 283, 47, 262, 306, 307, 244), None
(219, 188, 339, 330, 54, 395, 398, 365, 312), 47.666666666666664
(225, 180, 349, 398, 45, 399, 382, 248, 163), None
(367, 247, 276, 337, 190, 359, 395, 320, 301), None
(219, 324, 57, 334, 1, 373, 318, 366, 243), None
(305, 203, 80, 258, 131, 316, 173, 163, 139), None
(198, 138, 372, 316, 71, 369, 366, 361, 338), 46.22222222222222
(209, 82, 364, 360, 54, 374, 373, 366, 302), 42.333333333333336
(142, 163, 318, 334, 28, 338, 370, 332, 341), 42.55555555555556
(267, 208, 335, 379, 109, 399, 291, 371, 362), 44.44444444444444
(356, 89, 368, 291, 71, 365, 394, 265, 304), 39.44444444444444
(61, 127, 224, 322, 27, 298, 324, 312, 370), 37.888888888888886
(256, 181, 30, 5, 157, 330, 258, 342, 248), None
(279, 239, 297, 346, 129, 49, 85, 92, 338), None
(378, 339, 341, 270, 68, 383, 236, 350, 292), 40.0
(316, 376, 375, 241, 320, 280, 363, 298, 260), 40.666666666666664
(260, 196, 325, 384, 107, 398, 294, 388, 369), 37.77777777777778
(239, 170, 104, 374, 144, 359, 298, 378, 360), 45.111111111111114
(240, 171, 117, 366, 156, 359, 210, 370, 311), 44.666666666666664
(198, 109, 93, 302, 135, 314, 319, 336, 376), 42.666666666666664
(287, 277, 34, 193, 115, 186, 277, 380, 343), None
(239, 142, 113, 368, 177, 350, 395, 361, 284), None
(142, 228, 31, 344, 394, 379, 362, 319, 324), 37.888888888888886
(383, 105, 232, 378, 140, 337, 327, 70, 76), None
(187, 304, 165, 316, 22, 288, 301, 355, 381), 39.666666666666664
Sampler:CmaEsSampler
(236, 16, 131, 40, 26, 317, 61, 45, 167), None
(271, 66, 266, 371, 222, 190, 289, 145, 121), 38.888888888888886
(265, 287, 156, 156, 153, 221, 172, 199, 253), None
(263, 292, 197, 274, 177, 123, 249, 95, 165), 38.55555555555556
(166, 121, 212, 74, 259, 162, 260, 188, 181), 47.333333333333336
(291, 259, 329, 362, 136, 258, 109, 119, 185), 41.666666666666664
(124, 233, 123, 274, 122, 166, 231, 131, 213), None
(112, 110, 63, 312, 176, 158, 200, 152, 156), None
(195, 137, 170, 252, 328, 254, 188, 277, 165), 41.888888888888886
(140, 306, 285, 219, 139, 206, 121, 174, 223), 45.111111111111114
(101, 305, 169, 146, 207, 212, 149, 206, 222), 43.0
(230, 176, 264, 113, 181, 188, 154, 268, 207), None
(269, 123, 154, 215, 194, 163, 109, 171, 103), 41.888888888888886
(315, 263, 192, 181, 264, 107, 162, 137, 296), 39.77777777777778
(228, 245, 148, 157, 181, 193, 84, 281, 192), 43.55555555555556
(210, 147, 118, 104, 193, 252, 350, 131, 153), 38.0
(90, 304, 240, 273, 252, 71, 192, 197, 172), 39.55555555555556
(129, 205, 227, 73, 243, 55, 213, 244, 140), None
(196, 116, 188, 140, 178, 199, 153, 129, 214), 44.333333333333336
(158, 301, 268, 237, 139, 167, 234, 210, 136), None
(222, 240, 210, 222, 228, 179, 167, 147, 144), None
(226, 197, 166, 65, 97, 208, 221, 240, 106), None
(92, 228, 263, 84, 179, 171, 143, 167, 236), 39.22222222222222
(155, 260, 214, 199, 213, 206, 183, 160, 218), 42.22222222222222
(140, 148, 131, 34, 188, 106, 299, 177, 131), None
(136, 269, 197, 108, 204, 142, 238, 275, 200), 41.22222222222222
(175, 267, 147, 153, 224, 128, 112, 143, 165), 42.22222222222222
(221, 192, 147, 177, 253, 224, 234, 200, 140), 43.77777777777778
(115, 150, 287, 136, 304, 263, 205, 204, 316), None
(130, 154, 287, 121, 158, 228, 212, 158, 283), None
(185, 164, 238, 140, 245, 220, 135, 218, 271), 39.55555555555556
(160, 255, 116, 74, 187, 233, 210, 298, 145), None
(331, 205, 189, 182, 290, 197, 107, 141, 124), 39.77777777777778
(53, 263, 115, 177, 241, 209, 194, 160, 164), None
(157, 187, 161, 99, 82, 252, 129, 116, 115), None
(189, 216, 168, 146, 145, 218, 143, 204, 225), 41.111111111111114
(183, 190, 230, 150, 164, 154, 178, 110, 179), None
(119, 207, 148, 135, 173, 185, 201, 180, 212), 38.55555555555556
(237, 255, 136, 188, 235, 270, 162, 191, 158), None
(154, 102, 163, 122, 288, 161, 249, 119, 174), 43.55555555555556
(315, 264, 221, 214, 287, 163, 179, 167, 256), None
(318, 233, 119, 216, 157, 255, 145, 152, 222), None
(149, 139, 192, 117, 196, 130, 141, 145, 177), 45.333333333333336
(219, 60, 182, 198, 199, 160, 234, 106, 143), 46.0
(254, 293, 96, 138, 272, 183, 162, 161, 118), None
(168, 206, 191, 219, 174, 162, 82, 118, 186), 41.333333333333336
(191, 283, 136, 157, 177, 171, 202, 181, 244), 40.0
(214, 148, 269, 224, 212, 241, 216, 172, 108), 40.55555555555556
(246, 173, 117, 113, 179, 138, 177, 171, 223), None
(84, 188, 277, 154, 81, 219, 189, 193, 166), 38.666666666666664
