Sampler:BoTorchSampler
(72, 203, 227, 188, 140, 258, 249, 198, 89), 36.111111111111114
(326, 387, 243, 159, 318, 285, 314, 117, 120), 45.55555555555556
(375, 281, 288, 310, 17, 173, 76, 78, 336), None
(40, 289, 301, 324, 286, 23, 289, 106, 13), None
(204, 366, 20, 175, 158, 102, 180, 120, 204), None
(376, 51, 369, 269, 159, 41, 374, 221, 291), None
(79, 0, 199, 138, 124, 339, 293, 243, 355), None
(360, 259, 324, 288, 249, 263, 270, 289, 368), 40.333333333333336
(388, 114, 146, 310, 243, 161, 339, 140, 392), None
(151, 154, 8, 334, 162, 312, 309, 298, 100), None
(52, 230, 173, 395, 168, 393, 33, 361, 250), 34.0
(220, 342, 193, 217, 235, 1, 211, 148, 7), None
(358, 97, 334, 70, 225, 294, 240, 289, 32), None
(198, 22, 298, 24, 188, 363, 161, 50, 19), None
(331, 83, 277, 244, 82, 84, 301, 85, 265), 40.111111111111114
(57, 177, 182, 101, 390, 242, 94, 240, 184), None
(23, 162, 300, 258, 20, 313, 40, 378, 377), None
(364, 141, 251, 69, 167, 63, 198, 294, 377), 37.0
(143, 128, 286, 16, 364, 299, 164, 56, 202), None
(255, 75, 126, 135, 78, 384, 161, 377, 135), None
(386, 252, 267, 103, 235, 379, 242, 248, 377), 38.77777777777778
(175, 104, 29, 117, 183, 234, 87, 211, 134), 46.22222222222222
(295, 164, 324, 16, 39, 308, 285, 79, 339), None
(318, 234, 207, 81, 360, 350, 286, 59, 101), None
(318, 251, 233, 365, 329, 32, 69, 36, 272), None
(258, 323, 236, 393, 131, 120, 381, 125, 305), 41.0
(255, 243, 319, 7, 10, 89, 387, 319, 309), None
(167, 90, 84, 251, 314, 382, 297, 384, 349), 38.44444444444444
(39, 231, 204, 371, 161, 379, 92, 342, 226), 37.888888888888886
(66, 231, 138, 186, 178, 78, 0, 391, 286), None
(66, 231, 138, 96, 178, 253, 0, 390, 286), None
(66, 231, 138, 4, 178, 327, 0, 391, 286), None
(66, 231, 138, 302, 178, 297, 0, 391, 286), 37.888888888888886
(0, 195, 291, 202, 92, 262, 291, 212, 62), None
(49, 252, 134, 94, 162, 61, 0, 375, 270), None
(49, 252, 134, 395, 162, 375, 0, 375, 270), None
(49, 252, 134, 308, 162, 387, 0, 375, 270), None
(50, 252, 134, 35, 162, 136, 0, 375, 270), None
(49, 253, 134, 330, 162, 314, 0, 375, 270), None
(49, 253, 134, 217, 162, 251, 0, 375, 270), None
(50, 252, 134, 290, 162, 294, 0, 375, 270), None
(49, 252, 134, 195, 162, 238, 0, 375, 270), None
(49, 253, 134, 210, 162, 13, 0, 375, 270), None
(49, 252, 134, 306, 162, 201, 0, 375, 270), None
(49, 252, 134, 63, 162, 201, 0, 375, 270), None
(49, 253, 134, 155, 162, 17, 0, 375, 270), None
(49, 252, 134, 4, 162, 381, 0, 375, 270), None
(49, 252, 134, 184, 162, 324, 0, 375, 270), None
(49, 253, 134, 252, 162, 76, 0, 375, 270), None
(49, 252, 134, 188, 162, 335, 0, 375, 270), None
Sampler:TPESampler
(155, 391, 150, 78, 259, 89, 48, 286, 345), None
(266, 194, 349, 43, 201, 243, 364, 324, 161), None
(53, 74, 337, 125, 396, 173, 229, 272, 74), None
(389, 357, 384, 247, 282, 108, 322, 5, 288), None
(176, 272, 42, 154, 279, 32, 369, 381, 59), None
(42, 292, 325, 334, 77, 190, 147, 268, 124), None
(124, 201, 33, 241, 266, 57, 182, 205, 257), None
(199, 124, 151, 251, 252, 202, 198, 273, 370), 36.888888888888886
(149, 243, 44, 123, 256, 376, 16, 21, 339), None
(114, 269, 251, 277, 225, 195, 345, 388, 326), None
(266, 18, 160, 394, 110, 308, 257, 115, 224), None
(259, 127, 147, 10, 358, 114, 53, 206, 369), None
(215, 135, 121, 71, 159, 267, 109, 286, 381), 44.333333333333336
(221, 116, 98, 194, 144, 275, 120, 129, 396), None
(359, 150, 242, 311, 158, 336, 110, 332, 6), None
(217, 50, 89, 191, 3, 248, 254, 149, 285), None
(328, 82, 214, 91, 341, 152, 180, 234, 395), 32.333333333333336
(323, 3, 219, 155, 319, 146, 301, 234, 205), None
(317, 80, 281, 357, 341, 143, 191, 169, 399), None
(317, 193, 192, 248, 395, 227, 175, 75, 305), 37.77777777777778
(4, 85, 192, 101, 309, 3, 230, 334, 254), None
(313, 181, 192, 235, 391, 227, 161, 84, 314), 40.44444444444444
(392, 165, 277, 284, 357, 212, 211, 84, 359), 39.666666666666664
(345, 222, 187, 212, 316, 155, 147, 243, 304), 42.666666666666664
(289, 103, 223, 278, 367, 294, 260, 44, 348), None
(244, 45, 109, 170, 399, 224, 80, 185, 259), None
(355, 47, 169, 311, 216, 185, 290, 225, 368), None
(294, 159, 71, 221, 333, 115, 182, 307, 320), None
(185, 312, 281, 6, 299, 335, 217, 252, 279), None
(152, 227, 137, 257, 242, 78, 158, 73, 167), None
(243, 109, 225, 67, 375, 164, 82, 163, 338), 40.22222222222222
(397, 165, 275, 287, 351, 213, 209, 94, 358), 41.333333333333336
(378, 177, 308, 321, 369, 250, 195, 31, 377), 42.333333333333336
(367, 196, 255, 263, 339, 212, 235, 56, 356), None
(323, 140, 383, 297, 291, 135, 128, 107, 394), 35.333333333333336
(333, 137, 387, 354, 287, 123, 132, 128, 399), 36.77777777777778
(282, 93, 399, 362, 280, 89, 130, 117, 386), 36.111111111111114
(284, 91, 390, 389, 288, 86, 139, 126, 393), 35.77777777777778
(283, 66, 360, 394, 194, 62, 399, 108, 141), 37.0
(298, 100, 362, 372, 275, 88, 87, 142, 80), None
(270, 32, 392, 338, 293, 36, 130, 162, 337), 36.111111111111114
(278, 23, 397, 346, 297, 31, 134, 186, 385), 37.0
(338, 63, 335, 378, 244, 40, 59, 160, 338), None
(250, 90, 0, 333, 268, 92, 101, 117, 382), 38.44444444444444
(268, 29, 371, 372, 327, 131, 22, 213, 332), 38.0
(301, 67, 322, 304, 202, 64, 131, 192, 381), 34.55555555555556
(239, 1, 309, 300, 221, 7, 163, 192, 354), None
(302, 388, 348, 339, 68, 62, 139, 171, 369), 38.77777777777778
(372, 68, 377, 119, 255, 100, 98, 140, 387), None
(345, 141, 319, 46, 202, 180, 114, 94, 380), None
Sampler:CmaEsSampler
(352, 151, 70, 95, 136, 328, 16, 191, 93), 43.666666666666664
(350, 163, 280, 235, 279, 270, 287, 174, 258), 39.333333333333336
(156, 222, 170, 185, 83, 196, 224, 161, 240), 41.77777777777778
(234, 269, 238, 172, 283, 106, 204, 217, 259), 44.77777777777778
(78, 265, 271, 149, 104, 273, 177, 321, 191), None
(284, 370, 85, 165, 198, 143, 354, 152, 233), None
(189, 95, 170, 111, 207, 281, 271, 148, 221), None
(120, 289, 293, 104, 246, 243, 216, 267, 217), 38.333333333333336
(113, 175, 175, 161, 196, 237, 0, 198, 147), None
(300, 111, 245, 267, 211, 214, 71, 275, 76), None
(83, 184, 308, 215, 191, 305, 117, 110, 266), None
(276, 117, 225, 232, 297, 106, 83, 313, 257), None
(96, 127, 72, 183, 236, 217, 135, 211, 150), None
(213, 308, 199, 331, 267, 254, 205, 226, 273), 43.44444444444444
(289, 150, 299, 85, 284, 92, 175, 221, 217), 38.77777777777778
(281, 104, 301, 257, 233, 221, 264, 164, 206), None
(227, 94, 144, 148, 101, 314, 156, 259, 184), 39.44444444444444
(215, 164, 195, 242, 176, 175, 211, 148, 277), 43.111111111111114
(360, 280, 240, 178, 315, 130, 257, 201, 272), 45.22222222222222
(268, 176, 185, 194, 153, 164, 121, 212, 309), 45.111111111111114
(199, 268, 388, 41, 301, 159, 239, 372, 138), None
(194, 244, 304, 71, 231, 280, 198, 230, 231), None
(216, 213, 264, 34, 256, 194, 203, 329, 183), None
(259, 226, 314, 69, 245, 238, 188, 186, 291), 40.888888888888886
(214, 355, 218, 121, 292, 108, 299, 119, 242), 35.44444444444444
(275, 97, 314, 27, 257, 298, 304, 198, 173), None
(206, 271, 63, 166, 276, 222, 229, 90, 187), 41.666666666666664
(278, 348, 305, 232, 359, 285, 104, 221, 199), None
(241, 346, 179, 153, 241, 200, 246, 261, 225), None
(264, 190, 240, 256, 266, 137, 181, 274, 193), None
(281, 102, 305, 107, 224, 243, 296, 146, 93), 42.111111111111114
(256, 247, 311, 72, 319, 213, 196, 374, 210), None
(126, 234, 296, 182, 230, 276, 317, 372, 265), 39.888888888888886
(143, 121, 228, 262, 256, 216, 195, 187, 322), None
(304, 121, 259, 200, 189, 230, 189, 353, 202), None
(213, 216, 246, 89, 224, 262, 187, 246, 167), None
(212, 200, 366, 198, 214, 163, 240, 177, 184), 40.0
(112, 176, 161, 182, 253, 151, 183, 302, 235), 38.77777777777778
(313, 157, 292, 158, 173, 53, 182, 234, 116), 40.22222222222222
(287, 175, 271, 203, 226, 350, 172, 334, 165), 39.333333333333336
(185, 187, 240, 127, 371, 381, 167, 284, 210), 37.333333333333336
(255, 296, 337, 229, 294, 130, 245, 137, 257), None
(252, 373, 176, 138, 314, 172, 279, 239, 269), 41.55555555555556
(232, 256, 161, 146, 282, 246, 273, 206, 208), None
(183, 208, 206, 163, 318, 178, 181, 122, 185), 43.888888888888886
(56, 226, 259, 74, 276, 232, 344, 160, 236), None
(194, 230, 231, 130, 257, 247, 182, 206, 286), 40.77777777777778
(198, 194, 209, 101, 279, 116, 186, 293, 273), 38.77777777777778
(202, 298, 254, 182, 281, 280, 190, 302, 176), 42.22222222222222
(181, 271, 300, 135, 187, 124, 138, 255, 300), None
