Sampler:TPESampler
(94, 115, 266, 204, 161, 183), 49.0
(297, 131, 1, 175, 263, 262), 40.0
(59, 204, 60, 55, 97, 213), 48.0
(23, 85, 246, 294, 136, 220), 36.0
(213, 97, 247, 177, 222, 91), 40.0
(38, 238, 261, 35, 229, 15), 38.0
(295, 208, 185, 226, 53, 216), 44.0
(98, 12, 260, 273, 177, 122), 38.0
(247, 191, 97, 229, 160, 218), 52.0
(98, 104, 295, 162, 294, 85), 48.0
(200, 280, 107, 104, 38, 294), 44.0
(167, 175, 164, 224, 151, 170), 45.0
(241, 31, 122, 226, 102, 173), 36.0
(137, 149, 63, 125, 185, 254), 50.0
(157, 162, 48, 111, 199, 261), 44.0
(253, 266, 77, 116, 116, 297), None
(147, 193, 11, 63, 2, 250), 46.0
(125, 57, 107, 265, 210, 139), 38.0
(203, 146, 198, 131, 178, 239), 48.0
(250, 245, 36, 78, 263, 189), 40.0
(175, 173, 142, 8, 83, 6), 54.0
(180, 170, 138, 11, 72, 29), 50.0
(193, 186, 142, 10, 64, 8), 58.0
(228, 225, 164, 3, 75, 47), 40.0
(186, 183, 94, 27, 19, 59), 50.0
(265, 225, 207, 82, 130, 2), 47.0
(181, 137, 137, 24, 86, 76), None
(228, 204, 163, 42, 56, 114), 40.0
(271, 247, 84, 87, 127, 36), 32.0
(122, 296, 222, 150, 154, 8), 34.0
(218, 115, 125, 202, 30, 157), 58.0
(218, 122, 124, 208, 28, 150), 38.0
(195, 77, 147, 185, 57, 64), 44.0
(280, 111, 111, 250, 1, 198), None
(239, 160, 173, 199, 104, 105), 48.0
(173, 126, 133, 252, 40, 153), 42.0
(0, 193, 92, 49, 78, 27), 41.0
(218, 214, 149, 288, 21, 201), 40.0
(201, 80, 186, 184, 90, 236), 48.0
(295, 187, 71, 207, 117, 136), 40.0
(160, 134, 119, 242, 63, 274), 40.0
(189, 179, 95, 21, 16, 50), 50.0
(208, 159, 88, 29, 45, 17), 54.0
(208, 159, 48, 1, 36, 25), 34.0
(231, 140, 103, 59, 52, 19), 56.0
(230, 98, 127, 55, 48, 16), 48.0
(57, 140, 149, 67, 67, 2), None
(214, 116, 105, 36, 47, 42), 46.0
(145, 65, 175, 16, 27, 21), 60.0
(119, 47, 176, 15, 11, 89), 56.0
(74, 56, 236, 97, 8, 100), 63.0
(81, 40, 299, 102, 8, 92), 56.0
(77, 37, 295, 95, 8, 84), 54.0
(118, 4, 227, 16, 29, 166), 46.0
(88, 62, 266, 171, 9, 107), 63.0
(87, 67, 279, 159, 27, 125), 52.0
(54, 25, 275, 164, 11, 101), 40.0
(106, 89, 255, 138, 34, 67), 58.0
(106, 88, 246, 137, 36, 70), 58.0
(97, 91, 248, 137, 40, 69), 40.0
(39, 62, 260, 177, 24, 126), 38.0
(141, 72, 236, 146, 0, 55), 34.0
(75, 50, 251, 115, 32, 78), 66.0
(69, 21, 248, 133, 17, 75), 58.0
(71, 51, 218, 120, 20, 111), 50.0
(103, 91, 273, 107, 31, 73), 48.0
(137, 53, 209, 197, 66, 38), 52.0
(67, 2, 286, 72, 16, 136), 36.0
(107, 25, 248, 136, 252, 80), 34.0
(45, 105, 265, 215, 54, 98), 36.0
(86, 44, 196, 150, 33, 158), 48.0
(72, 63, 236, 125, 6, 112), 42.0
(17, 17, 257, 167, 18, 59), None
(112, 81, 234, 139, 37, 72), 54.0
(89, 72, 253, 156, 0, 91), 56.0
(63, 14, 272, 115, 23, 64), 46.0
(51, 31, 286, 129, 43, 49), 52.0
(33, 55, 242, 44, 61, 141), 60.0
(27, 56, 161, 45, 57, 143), 52.0
(27, 35, 210, 93, 143, 131), 52.0
(132, 87, 240, 33, 72, 120), 57.0
(148, 100, 265, 7, 37, 163), 42.0
(96, 67, 229, 170, 94, 98), 34.0
(160, 59, 244, 145, 82, 33), 42.0
(108, 45, 258, 112, 13, 106), 38.0
(78, 74, 218, 120, 61, 82), 45.0
(91, 23, 252, 100, 48, 183), 52.0
(9, 53, 283, 133, 25, 118), 42.0
(62, 82, 243, 185, 33, 44), 47.0
(40, 200, 267, 83, 43, 10), 52.0
(131, 30, 225, 21, 15, 67), 56.0
(83, 118, 116, 142, 29, 57), 51.0
(73, 90, 157, 193, 5, 177), 50.0
(101, 108, 129, 154, 51, 144), 54.0
(114, 69, 172, 176, 23, 78), 64.0
(169, 64, 141, 173, 10, 78), 36.0
(114, 96, 174, 234, 168, 94), 58.0
(93, 72, 188, 215, 21, 88), 41.0
(128, 39, 201, 126, 40, 25), 56.0
(151, 48, 179, 14, 202, 64), 40.0
(114, 83, 156, 235, 171, 97), 42.0
(120, 100, 169, 190, 155, 107), 54.0
(141, 94, 189, 269, 170, 83), 52.0
(49, 57, 181, 217, 27, 77), 58.0
(50, 125, 170, 216, 183, 93), 42.0
(32, 77, 183, 256, 192, 76), 53.0
(191, 43, 234, 178, 288, 129), 58.0
(105, 109, 134, 54, 145, 104), 58.0
(103, 111, 215, 201, 276, 154), 38.0
(67, 67, 257, 162, 34, 52), None
(242, 148, 252, 5, 17, 60), 34.0
(45, 58, 155, 223, 28, 0), 56.0
(196, 42, 232, 183, 296, 126), 46.0
(181, 51, 239, 107, 232, 87), 44.0
(113, 8, 144, 150, 4, 71), 56.0
(221, 168, 266, 37, 12, 115), 44.0
(83, 77, 135, 48, 20, 110), 38.0
(76, 86, 251, 0, 106, 11), 57.0
(58, 20, 199, 73, 232, 103), 42.0
(125, 95, 279, 174, 276, 134), 44.0
(256, 59, 178, 207, 119, 130), 53.0
(97, 67, 245, 118, 244, 145), 40.0
(190, 47, 116, 158, 44, 121), 40.0
(109, 103, 127, 57, 138, 100), 40.0
(91, 54, 148, 31, 26, 76), 58.0
(105, 32, 164, 246, 35, 91), 58.0
(68, 53, 149, 27, 25, 78), 56.0
(33, 30, 224, 279, 60, 85), 46.0
(117, 129, 191, 237, 212, 104), 53.0
(85, 119, 263, 135, 8, 94), 46.0
(209, 70, 271, 165, 50, 19), 42.0
(93, 61, 231, 189, 30, 72), 54.0
(104, 36, 166, 257, 160, 86), 41.0
(78, 78, 160, 223, 38, 66), None
(124, 113, 136, 141, 17, 169), 42.0
(16, 44, 152, 23, 66, 93), 50.0
(62, 34, 177, 241, 34, 37), None
(155, 217, 132, 180, 87, 120), 36.0
(93, 85, 242, 249, 22, 160), 42.0
(100, 63, 173, 40, 41, 81), 53.0
(167, 54, 248, 10, 13, 148), 46.0
(137, 95, 121, 228, 75, 113), 52.0
(110, 57, 164, 62, 27, 99), 44.0
(105, 48, 112, 16, 53, 59), 62.0
(202, 261, 111, 51, 53, 62), 42.0
(223, 40, 141, 20, 45, 76), 57.0
(103, 45, 148, 90, 70, 46), 53.0
(90, 72, 100, 16, 23, 69), 46.0
(46, 68, 258, 129, 2, 53), 51.0
(116, 51, 158, 35, 32, 28), 64.0
(86, 27, 111, 34, 57, 13), 58.0
(122, 51, 236, 122, 34, 28), None
(115, 60, 166, 29, 38, 91), 44.0
(73, 27, 109, 44, 286, 18), 54.0
(110, 16, 182, 8, 18, 107), 40.0
(97, 89, 127, 215, 50, 31), 58.0
(132, 49, 253, 31, 10, 76), 55.0
(175, 77, 21, 212, 47, 41), 60.0
(197, 81, 172, 219, 46, 22), 48.0
(180, 64, 2, 204, 30, 40), 54.0
(78, 34, 16, 198, 24, 56), 66.0
(174, 74, 25, 196, 63, 58), 50.0
(189, 45, 28, 177, 41, 6), 50.0
(79, 40, 143, 209, 147, 154), 38.0
(87, 12, 8, 19, 55, 50), 54.0
(98, 57, 19, 236, 23, 42), 50.0
(161, 35, 49, 42, 28, 140), 66.0
(162, 36, 12, 50, 15, 82), 47.0
(141, 52, 45, 27, 32, 31), 48.0
(168, 63, 72, 12, 6, 142), 56.0
(155, 56, 60, 39, 49, 25), 42.0
(184, 27, 37, 153, 35, 13), 54.0
(176, 36, 155, 190, 109, 129), 46.0
(80, 153, 20, 210, 28, 136), 50.0
(90, 48, 84, 42, 168, 34), 51.0
(63, 42, 116, 198, 60, 6), 50.0
(55, 33, 54, 168, 25, 67), 48.0
(115, 100, 32, 33, 20, 175), 58.0
(83, 28, 30, 35, 79, 187), 38.0
(71, 69, 241, 184, 218, 59), 44.0
(147, 82, 136, 24, 180, 47), 54.0
(99, 53, 40, 215, 21, 214), 47.0
(116, 105, 22, 57, 14, 37), 63.0
(120, 61, 13, 225, 29, 88), 58.0
(125, 58, 15, 234, 29, 85), 44.0
(107, 109, 5, 67, 13, 38), 56.0
(108, 96, 161, 54, 40, 102), 57.0
(38, 42, 23, 5, 7, 31), 59.0
(34, 47, 22, 13, 8, 22), None
(118, 76, 14, 44, 1, 55), 62.0
(21, 133, 33, 45, 0, 52), 57.0
(28, 89, 24, 1, 50, 28), None
(130, 21, 0, 146, 16, 70), 58.0
(115, 76, 16, 247, 0, 63), 50.0
(97, 86, 125, 28, 8, 33), 55.0
(94, 71, 11, 38, 36, 45), 60.0
(3, 107, 11, 53, 198, 44), 46.0
(41, 71, 8, 67, 55, 41), None
(285, 77, 26, 38, 35, 53), 56.0
(87, 41, 120, 59, 45, 31), 66.0
(75, 20, 7, 58, 14, 33), 60.0
(94, 68, 15, 49, 44, 33), 52.0
(75, 50, 5, 59, 16, 38), 62.0
(75, 38, 4, 62, 10, 38), None
(83, 50, 20, 56, 15, 46), 59.0
(67, 9, 19, 81, 14, 45), 49.0
(81, 49, 8, 71, 6, 48), 52.0
(84, 33, 20, 58, 22, 17), 47.0
(75, 65, 7, 45, 17, 54), 52.0
(87, 53, 14, 76, 5, 26), 60.0
(87, 43, 13, 77, 12, 27), 56.0
(72, 50, 0, 65, 4, 37), 66.0
(80, 49, 1, 62, 4, 36), 73.0
(76, 52, 0, 66, 6, 36), 42.0
(70, 41, 5, 60, 0, 39), 61.0
(66, 41, 2, 74, 0, 24), 63.0
(68, 40, 2, 76, 1, 24), 57.0
(60, 60, 0, 63, 0, 37), None
(74, 48, 7, 84, 5, 42), 56.0
(70, 38, 11, 59, 0, 26), 56.0
(79, 57, 7, 72, 12, 32), 60.0
(77, 54, 7, 96, 10, 31), 64.0
(63, 58, 5, 102, 14, 34), 49.0
(78, 63, 10, 70, 10, 40), None
(80, 46, 15, 87, 5, 31), 54.0
(89, 53, 1, 62, 6, 25), 59.0
(67, 55, 15, 76, 19, 23), 56.0
(72, 46, 10, 50, 0, 42), 53.0
(81, 40, 7, 73, 10, 35), 58.0
(89, 64, 0, 95, 21, 17), 71.0
(66, 62, 1, 98, 22, 18), 55.0
(74, 71, 5, 56, 13, 49), 54.0
(89, 53, 7, 91, 18, 29), 50.0
(85, 57, 0, 94, 8, 20), 50.0
(57, 65, 13, 63, 24, 29), 46.0
(93, 49, 10, 111, 12, 15), 66.0
(88, 46, 19, 113, 4, 13), 46.0
(95, 50, 9, 83, 12, 35), 52.0
(76, 32, 0, 43, 19, 15), 61.0
(72, 20, 1, 47, 20, 16), None
(79, 33, 15, 70, 11, 8), 62.0
(75, 32, 5, 59, 17, 4), 64.0
(79, 29, 5, 71, 18, 0), 54.0
(68, 34, 0, 105, 25, 6), 61.0
(64, 33, 1, 107, 10, 4), 66.0
(63, 34, 0, 106, 11, 8), 58.0
(68, 33, 67, 111, 24, 13), 48.0
(57, 25, 80, 98, 28, 4), 51.0
(74, 37, 0, 104, 15, 9), 50.0
(71, 23, 6, 110, 8, 1), 55.0
(63, 32, 15, 58, 18, 6), 63.0
(62, 31, 16, 95, 20, 7), 44.0
(67, 39, 11, 65, 4, 11), None
(59, 30, 27, 53, 0, 6), 49.0
(51, 40, 0, 115, 18, 17), 56.0
(82, 37, 14, 59, 26, 2), 52.0
(77, 43, 92, 104, 11, 17), 48.0
(71, 31, 5, 66, 21, 10), 59.0
(65, 44, 18, 52, 8, 13), 52.0
(77, 25, 8, 89, 18, 21), 48.0
(83, 37, 292, 58, 30, 5), 52.0
(61, 44, 0, 48, 14, 11), 59.0
(70, 34, 11, 103, 5, 0), 58.0
(79, 47, 5, 41, 25, 20), 58.0
(101, 40, 24, 99, 0, 13), 57.0
(54, 49, 16, 65, 11, 22), 39.0
(84, 30, 10, 118, 17, 224), 46.0
(91, 24, 0, 60, 7, 199), 60.0
(66, 42, 6, 54, 24, 59), 60.0
(75, 33, 17, 81, 31, 8), 58.0
(70, 50, 44, 109, 15, 18), 60.0
(83, 35, 10, 69, 5, 5), None
(119, 17, 6, 43, 22, 26), 51.0
(92, 44, 23, 97, 10, 15), 51.0
(75, 49, 53, 50, 0, 54), 52.0
(63, 26, 13, 89, 15, 1), 50.0
(111, 38, 29, 63, 30, 23), 44.0
(87, 58, 6, 60, 9, 38), 52.0
(101, 43, 16, 78, 21, 8), 54.0
(56, 29, 277, 54, 15, 17), 58.0
(80, 54, 5, 68, 4, 270), 61.0
(81, 53, 0, 72, 26, 11), 43.0
(78, 62, 269, 68, 8, 23), 64.0
(93, 62, 34, 66, 0, 269), 51.0
(74, 66, 271, 121, 19, 22), 40.0
(161, 58, 284, 107, 9, 30), 41.0
(85, 49, 266, 45, 11, 29), 55.0
(80, 56, 21, 83, 6, 59), 60.0
(73, 283, 259, 54, 15, 39), 61.0
(90, 64, 97, 70, 6, 26), 52.0
(99, 46, 12, 60, 13, 48), 33.0
(63, 272, 260, 99, 32, 38), 46.0
(121, 56, 270, 92, 25, 229), 44.0
(86, 61, 12, 78, 5, 16), 52.0
(71, 194, 261, 53, 15, 43), 62.0
(112, 258, 259, 54, 16, 45), 59.0
(66, 174, 276, 114, 39, 52), 56.0
(106, 185, 264, 40, 17, 28), 48.0
(78, 53, 19, 68, 8, 64), 49.0
(72, 68, 256, 54, 13, 48), 65.0
(70, 199, 250, 50, 22, 50), None
(59, 67, 265, 60, 14, 55), 50.0
(94, 224, 28, 48, 11, 46), 51.0
(84, 74, 253, 57, 32, 35), 56.0
(76, 139, 259, 171, 20, 44), 42.0
(52, 238, 267, 48, 10, 61), 38.0
(67, 66, 40, 64, 5, 34), 62.0
(64, 65, 39, 65, 0, 32), None
(127, 72, 48, 77, 5, 25), 52.0
(88, 60, 254, 159, 25, 43), 46.0
(103, 46, 103, 35, 97, 57), None
(70, 69, 273, 56, 5, 33), 60.0
(82, 52, 15, 73, 13, 51), 54.0
(60, 61, 204, 62, 20, 37), 56.0
(73, 48, 63, 68, 128, 22), 62.0
(74, 50, 74, 51, 120, 23), None
(115, 37, 22, 87, 36, 116), 59.0
(94, 212, 10, 45, 12, 43), 42.0
(65, 79, 246, 55, 29, 34), 48.0
(153, 39, 264, 62, 18, 30), 49.0
(81, 57, 36, 75, 9, 40), 51.0
(98, 42, 59, 83, 127, 21), 42.0
(73, 49, 65, 70, 21, 0), 60.0
(134, 44, 279, 68, 16, 12), 60.0
(86, 68, 194, 191, 6, 64), 46.0
(74, 59, 17, 93, 0, 20), 64.0
(69, 60, 52, 91, 135, 27), 41.0
(78, 25, 30, 96, 1, 20), 46.0
(79, 14, 20, 103, 28, 7), 60.0
(66, 65, 25, 95, 10, 30), 47.0
(56, 73, 17, 110, 1, 17), None
(89, 55, 214, 84, 32, 10), 54.0
(110, 55, 79, 163, 0, 22), 45.0
(73, 37, 268, 78, 24, 14), 54.0
(57, 67, 153, 37, 5, 73), 59.0
(82, 43, 7, 128, 15, 124), 58.0
(77, 30, 87, 183, 39, 6), 35.0
(49, 156, 3, 59, 21, 40), 58.0
(116, 169, 10, 103, 10, 54), None
(66, 60, 25, 63, 13, 32), 50.0
(72, 50, 257, 92, 17, 20), 56.0
(104, 20, 14, 43, 8, 49), 58.0
(92, 46, 271, 116, 42, 206), 38.0
(126, 79, 7, 30, 0, 36), 46.0
(64, 52, 41, 55, 26, 26), None
(120, 73, 253, 48, 5, 67), 54.0
(86, 191, 18, 87, 11, 15), 48.0
(98, 35, 12, 201, 21, 79), 52.0
(79, 48, 3, 73, 154, 21), 38.0
(90, 58, 9, 23, 8, 5), 45.0
(83, 42, 119, 295, 34, 13), 57.0
(164, 64, 25, 39, 6, 30), 57.0
(72, 28, 4, 69, 16, 97), 52.0
(60, 54, 262, 99, 28, 59), 48.0
(68, 61, 58, 64, 17, 248), 50.0
(80, 36, 32, 176, 23, 27), 44.0
(147, 71, 45, 51, 0, 35), 52.0
(76, 48, 34, 79, 10, 289), 56.0
(72, 48, 5, 57, 36, 41), 54.0
(54, 24, 247, 108, 13, 0), 54.0
(62, 69, 18, 121, 5, 47), 65.0
(63, 73, 14, 121, 6, 48), 60.0
(59, 123, 292, 111, 5, 44), 60.0
(68, 66, 21, 122, 12, 26), 62.0
(95, 60, 19, 113, 5, 108), 53.0
(87, 52, 143, 100, 44, 22), 58.0
(122, 77, 22, 113, 1, 54), 53.0
(106, 83, 160, 130, 23, 56), 64.0
(50, 67, 41, 122, 28, 30), 55.0
(60, 85, 163, 131, 22, 11), 56.0
(106, 58, 240, 124, 28, 69), 58.0
(62, 64, 154, 144, 18, 20), 56.0
(99, 81, 148, 135, 33, 49), 50.0
(82, 32, 12, 130, 19, 6), 55.0
(67, 69, 160, 118, 13, 38), 58.0
(111, 77, 1, 106, 0, 166), 54.0
(88, 41, 169, 153, 9, 15), 48.0
(76, 55, 159, 118, 24, 87), 66.0
(101, 57, 170, 125, 39, 84), 43.0
(76, 55, 157, 117, 255, 93), 52.0
(113, 83, 160, 109, 24, 102), 58.0
(45, 73, 152, 118, 24, 80), 56.0
(77, 61, 167, 94, 19, 83), 46.0
(84, 51, 227, 139, 33, 86), 42.0
(71, 43, 158, 103, 30, 76), 44.0
(94, 70, 176, 129, 12, 99), 58.0
(106, 39, 144, 116, 26, 73), 42.0
(55, 63, 221, 110, 7, 91), 49.0
(65, 64, 165, 169, 18, 34), 38.0
(118, 73, 10, 123, 5, 63), 56.0
(74, 53, 69, 99, 110, 112), 49.0
(156, 56, 1, 103, 22, 90), 52.0
(169, 44, 150, 194, 36, 58), 56.0
(82, 34, 15, 94, 12, 0), 62.0
(92, 29, 17, 92, 16, 6), None
(77, 52, 8, 107, 26, 43), 54.0
(87, 40, 7, 83, 12, 10), 56.0
(70, 48, 281, 187, 21, 18), 40.0
(79, 58, 5, 115, 17, 26), 64.0
(84, 57, 0, 117, 29, 25), 58.0
(80, 299, 0, 128, 21, 28), 55.0
(92, 60, 8, 115, 17, 95), 62.0
(61, 62, 185, 112, 10, 106), 52.0
(88, 67, 11, 107, 17, 150), 61.0
(77, 55, 27, 123, 32, 17), 64.0
(79, 58, 26, 134, 32, 179), 55.0
(71, 45, 28, 120, 37, 19), 46.0
(85, 55, 16, 121, 28, 16), None
(73, 68, 21, 124, 25, 27), 60.0
(77, 1, 0, 113, 30, 13), 52.0
(89, 62, 7, 128, 0, 34), 59.0
(96, 54, 30, 135, 44, 70), 60.0
(81, 50, 155, 102, 8, 24), 68.0
(81, 53, 159, 101, 6, 23), 72.0
(84, 50, 153, 105, 12, 24), 53.0
(81, 47, 159, 101, 22, 18), 58.0
(86, 42, 161, 111, 0, 24), 67.0
(89, 54, 166, 110, 6, 30), 62.0
(94, 44, 161, 111, 7, 22), 60.0
(78, 52, 173, 101, 5, 26), 54.0
(84, 38, 155, 119, 33, 14), 60.0
(77, 38, 146, 125, 39, 11), 62.0
(70, 44, 162, 116, 0, 24), 66.0
(83, 44, 165, 116, 4, 30), 68.0
(90, 45, 169, 116, 9, 31), 55.0
(83, 43, 163, 107, 0, 29), 46.0
(99, 47, 173, 124, 0, 19), 43.0
(84, 52, 158, 118, 0, 24), 56.0
(74, 38, 152, 99, 7, 34), 58.0
(78, 59, 169, 113, 6, 18), 50.0
(70, 42, 156, 105, 5, 39), 42.0
(75, 50, 165, 97, 12, 24), 48.0
(88, 48, 136, 115, 13, 32), 60.0
(93, 37, 180, 109, 0, 39), 46.0
(69, 25, 162, 123, 25, 21), None
(83, 45, 149, 130, 191, 30), 43.0
(97, 58, 158, 114, 7, 26), 62.0
(72, 33, 164, 105, 5, 49), 60.0
(81, 51, 140, 118, 14, 16), 51.0
(87, 37, 151, 126, 19, 13), 50.0
(92, 63, 167, 111, 10, 30), 40.0
(76, 55, 151, 91, 0, 22), 54.0
(261, 42, 179, 117, 31, 190), 38.0
(68, 20, 158, 142, 22, 17), 61.0
(65, 46, 176, 98, 225, 45), 53.0
(80, 33, 145, 133, 18, 38), 64.0
(81, 61, 141, 133, 40, 37), 59.0
(159, 54, 163, 108, 9, 28), 48.0
(84, 31, 148, 135, 16, 40), 44.0
(89, 29, 131, 142, 5, 49), 60.0
(78, 13, 172, 123, 16, 34), 68.0
(140, 9, 173, 88, 12, 34), 59.0
(73, 21, 173, 130, 16, 46), 48.0
(76, 16, 159, 124, 7, 24), 50.0
(151, 8, 168, 103, 0, 32), 46.0
(78, 33, 154, 118, 17, 38), 58.0
(96, 39, 169, 124, 25, 54), 44.0
(67, 20, 154, 119, 14, 22), 48.0
(81, 27, 189, 112, 19, 36), 50.0
(103, 47, 184, 120, 36, 12), 62.0
(89, 7, 162, 126, 31, 43), 55.0
(84, 50, 145, 114, 25, 30), 56.0
(60, 15, 209, 108, 11, 17), 46.0
(70, 39, 297, 262, 17, 35), 52.0
(101, 27, 161, 137, 5, 64), 60.0
(76, 68, 176, 112, 23, 25), 36.0
(92, 43, 166, 123, 239, 48), 46.0
(56, 51, 170, 97, 0, 10), 54.0
(87, 58, 156, 34, 44, 27), 56.0
(71, 34, 105, 131, 22, 54), 48.0
(63, 43, 163, 116, 28, 18), 54.0
(74, 48, 10, 102, 11, 6), 44.0
(65, 55, 4, 106, 11, 11), None
(85, 13, 196, 130, 5, 40), 42.0
(94, 36, 155, 96, 18, 46), 52.0
(83, 66, 177, 109, 8, 41), 58.0
(69, 1, 124, 120, 33, 19), 44.0
(168, 42, 165, 148, 28, 58), 52.0
(77, 54, 6, 103, 5, 31), 48.0
(73, 49, 12, 91, 0, 27), 42.0
(80, 33, 143, 126, 19, 36), 41.0
(88, 44, 0, 277, 16, 24), 58.0
(79, 144, 286, 118, 10, 19), 52.0
(99, 62, 171, 112, 37, 27), 64.0
(89, 75, 160, 120, 23, 0), 53.0
(81, 51, 149, 133, 5, 35), 48.0
(102, 60, 171, 112, 35, 44), 52.0
(97, 72, 179, 111, 47, 73), 63.0
(67, 25, 148, 129, 14, 52), 50.0
(51, 38, 139, 125, 39, 11), 63.0
(63, 67, 159, 95, 0, 31), 46.0
(107, 28, 164, 136, 27, 41), 56.0
(100, 62, 184, 106, 6, 30), 56.0
(109, 35, 171, 149, 23, 66), 56.0
(73, 40, 19, 205, 20, 137), 39.0
(95, 69, 175, 30, 38, 37), 52.0
(78, 46, 130, 39, 12, 21), 51.0
(58, 54, 153, 103, 8, 15), 68.0
(59, 22, 151, 117, 17, 5), 40.0
(40, 40, 97, 104, 10, 33), None
Sampler:BoTorchSampler
(110, 31, 194, 46, 186, 104), 48.0
(204, 130, 247, 259, 142, 152), 41.0
(111, 29, 180, 180, 124, 193), None
(225, 103, 69, 109, 236, 50), 45.0
(125, 77, 122, 16, 212, 239), 42.0
(16, 276, 60, 71, 77, 4), 54.0
(294, 80, 89, 70, 247, 255), 48.0
(134, 173, 10, 101, 244, 226), 45.0
(164, 11, 145, 23, 97, 134), 47.0
(129, 161, 220, 103, 181, 293), 52.0
(205, 259, 255, 256, 25, 261), 42.0
(0, 284, 94, 58, 48, 0), None
(0, 284, 93, 58, 48, 0), None
(0, 284, 93, 59, 48, 0), None
(0, 285, 93, 59, 48, 0), None
(0, 284, 94, 58, 47, 0), None
(0, 284, 95, 58, 47, 0), None
Sampler:CmaEsSampler
(131, 265, 271, 279, 17, 179), 58.0
(152, 121, 151, 216, 297, 160), 32.0
(169, 164, 93, 118, 167, 160), 44.0
(160, 173, 236, 157, 136, 224), 42.0
(168, 116, 94, 101, 186, 142), 49.0
(155, 153, 116, 232, 174, 171), 50.0
(228, 244, 108, 140, 156, 198), 34.0
(187, 119, 113, 181, 172, 165), 38.0
(116, 110, 189, 188, 171, 233), 48.0
(135, 187, 217, 131, 89, 147), 38.0
(137, 220, 69, 175, 199, 177), 58.0
(120, 123, 91, 222, 104, 186), 48.0
(101, 197, 129, 147, 146, 94), 36.0
(189, 186, 212, 176, 206, 139), 50.0
(157, 217, 136, 292, 200, 100), 44.0
(144, 69, 47, 142, 161, 88), 51.0
(56, 157, 116, 151, 168, 223), 50.0
(155, 150, 134, 100, 168, 112), 53.0
(191, 168, 75, 236, 169, 116), 51.0
(234, 72, 47, 148, 134, 122), 38.0
(98, 250, 51, 183, 144, 211), 38.0
(212, 162, 141, 33, 184, 242), 56.0
(123, 159, 152, 183, 202, 189), 58.0
(206, 175, 70, 145, 185, 201), 58.0
(177, 202, 65, 183, 244, 129), 43.0
(161, 164, 179, 126, 179, 112), None
(141, 125, 103, 69, 205, 128), 48.0
(160, 117, 35, 190, 189, 68), 34.0
(134, 127, 96, 100, 225, 95), 35.0
(130, 146, 194, 145, 177, 209), 40.0
(144, 140, 147, 113, 134, 177), 52.0
(146, 117, 110, 194, 276, 215), 42.0
(153, 260, 109, 75, 198, 148), 48.0
(146, 173, 137, 120, 144, 246), 56.0
(189, 230, 85, 145, 158, 169), 66.0
(171, 141, 145, 118, 211, 262), 40.0
(123, 137, 222, 123, 183, 200), None
(187, 158, 98, 162, 192, 228), 38.0
(125, 154, 156, 150, 214, 205), 40.0
(134, 210, 117, 157, 153, 148), 68.0
(152, 201, 94, 169, 132, 212), 45.0
(162, 216, 70, 178, 182, 231), 40.0
(164, 232, 194, 151, 123, 174), 40.0
(155, 194, 95, 105, 180, 258), 50.0
(156, 151, 111, 153, 142, 214), 44.0
(160, 185, 148, 137, 150, 149), 40.0
(192, 231, 114, 168, 189, 267), 44.0
(141, 250, 85, 179, 205, 213), 44.0
(150, 243, 91, 85, 136, 169), 54.0
(68, 118, 81, 140, 109, 124), 49.0
(205, 226, 81, 75, 137, 186), 38.0
(150, 218, 103, 143, 147, 186), 46.0
(167, 221, 78, 98, 131, 148), 46.0
(139, 191, 168, 147, 200, 235), 43.0
(186, 137, 140, 158, 149, 144), 37.0
(137, 179, 77, 133, 190, 193), 54.0
(149, 225, 122, 200, 110, 205), 57.0
(140, 253, 107, 107, 176, 208), None
(106, 215, 113, 222, 139, 220), 34.0
(104, 208, 82, 172, 97, 239), 41.0
(190, 265, 159, 147, 105, 241), 54.0
(191, 173, 132, 146, 83, 259), 46.0
(140, 168, 50, 165, 152, 198), 40.0
(122, 185, 124, 143, 164, 173), 53.0
(143, 231, 85, 146, 127, 162), 57.0
(153, 187, 73, 165, 112, 139), 40.0
(106, 183, 113, 157, 106, 109), None
(107, 221, 70, 137, 82, 162), 44.0
(165, 250, 108, 153, 115, 168), 48.0
(168, 239, 104, 155, 74, 184), 42.0
(138, 221, 49, 152, 160, 186), 44.0
(197, 242, 103, 132, 134, 184), 44.0
(161, 278, 97, 122, 157, 189), 48.0
(166, 251, 130, 130, 136, 213), None
(150, 292, 67, 166, 135, 175), 38.0
(178, 271, 126, 130, 147, 179), 40.0
(141, 215, 76, 164, 142, 171), 44.0
(198, 219, 140, 169, 99, 218), 58.0
(165, 253, 64, 209, 57, 203), 52.0
(146, 258, 92, 187, 94, 182), 44.0
(142, 280, 101, 166, 134, 210), 54.0
(210, 283, 113, 108, 137, 173), 46.0
(187, 173, 129, 107, 129, 214), None
(184, 215, 164, 109, 129, 211), 44.0
(183, 241, 172, 163, 96, 255), 54.0
(138, 186, 124, 148, 97, 201), 40.0
(108, 214, 105, 90, 114, 183), 42.0
(174, 227, 121, 123, 145, 209), 52.0
(112, 245, 97, 176, 163, 213), 38.0
(100, 256, 130, 171, 178, 210), 59.0
(150, 278, 103, 139, 58, 193), 38.0
(130, 236, 112, 141, 113, 191), 44.0
(127, 238, 94, 178, 97, 175), 42.0
(150, 247, 100, 139, 127, 220), 48.0
(168, 273, 139, 168, 140, 152), None
(177, 254, 169, 222, 119, 236), 68.0
(173, 296, 79, 187, 68, 230), 44.0
(150, 273, 108, 173, 122, 262), 58.0
(239, 280, 166, 176, 141, 267), 40.0
(183, 236, 177, 219, 129, 219), None
(176, 249, 129, 174, 125, 253), 44.0
(148, 294, 151, 155, 127, 259), 42.0
(162, 272, 173, 159, 183, 223), 47.0
(123, 257, 141, 174, 190, 206), 44.0
(87, 270, 118, 242, 165, 213), 44.0
(134, 260, 168, 229, 160, 217), 34.0
(161, 219, 165, 179, 165, 221), None
(115, 240, 72, 173, 126, 201), 38.0
(186, 221, 144, 209, 146, 269), 56.0
(131, 242, 118, 210, 191, 233), 60.0
(178, 265, 129, 188, 131, 209), 48.0
(133, 155, 131, 193, 179, 280), 56.0
(195, 217, 184, 163, 106, 215), 33.0
(189, 243, 158, 159, 148, 282), 42.0
(189, 262, 173, 175, 234, 232), 45.0
(193, 253, 162, 225, 166, 289), 58.0
(148, 251, 122, 157, 132, 230), 38.0
(175, 258, 123, 168, 192, 267), 42.0
(91, 190, 109, 240, 221, 215), 46.0
(246, 179, 127, 182, 203, 267), 71.0
(150, 245, 132, 221, 209, 248), 54.0
(138, 267, 176, 198, 229, 271), 60.0
(116, 190, 131, 186, 218, 225), 41.0
(216, 235, 186, 279, 164, 263), 40.0
(76, 241, 111, 263, 134, 252), 44.0
(157, 285, 141, 202, 150, 248), 58.0
(179, 210, 150, 177, 208, 267), 48.0
(206, 292, 112, 199, 224, 166), 58.0
(164, 261, 130, 180, 197, 259), 38.0
(152, 249, 159, 215, 162, 262), 40.0
(177, 197, 124, 166, 231, 241), 40.0
(183, 223, 167, 183, 126, 238), None
(224, 235, 157, 234, 238, 283), 50.0
(201, 173, 142, 245, 178, 255), 52.0
(189, 284, 197, 228, 169, 244), 56.0
(182, 214, 142, 202, 226, 227), 63.0
(246, 236, 135, 133, 144, 247), 38.0
(191, 233, 140, 224, 151, 262), 46.0
(197, 273, 126, 181, 189, 183), 54.0
(185, 283, 125, 164, 208, 235), 62.0
(203, 164, 127, 178, 221, 188), 45.0
(240, 209, 183, 238, 150, 267), 55.0
(226, 279, 114, 185, 224, 213), 32.0
(201, 250, 92, 150, 189, 229), 52.0
(184, 188, 127, 173, 240, 217), 40.0
(223, 225, 105, 167, 203, 204), 65.0
(212, 255, 171, 198, 186, 197), 47.0
(226, 135, 140, 267, 262, 273), 52.0
(199, 257, 185, 184, 213, 179), 54.0
(203, 212, 109, 121, 226, 185), 48.0
(197, 242, 175, 174, 259, 220), 49.0
(234, 238, 140, 143, 209, 197), 54.0
(192, 253, 89, 175, 225, 249), 56.0
(242, 270, 173, 163, 185, 220), 50.0
(188, 207, 89, 167, 237, 259), 39.0
(215, 258, 154, 206, 170, 212), 66.0
(225, 273, 225, 170, 169, 234), None
(208, 265, 119, 175, 247, 211), 58.0
(259, 246, 119, 167, 248, 241), 50.0
(239, 187, 143, 190, 278, 294), 52.0
(157, 277, 93, 118, 193, 252), 39.0
(164, 232, 110, 253, 177, 222), 42.0
(205, 219, 120, 121, 190, 212), 48.0
(166, 210, 132, 182, 215, 213), 48.0
(180, 248, 123, 196, 180, 212), None
(222, 238, 113, 203, 229, 208), 44.0
(228, 221, 128, 168, 200, 228), None
(250, 237, 152, 217, 185, 246), 48.0
(194, 279, 121, 122, 199, 222), 48.0
(232, 259, 173, 166, 223, 256), 46.0
(215, 223, 166, 233, 165, 186), 64.0
(178, 273, 159, 196, 219, 145), 55.0
(214, 277, 102, 170, 232, 186), 44.0
(210, 244, 135, 187, 215, 248), 38.0
(173, 283, 96, 192, 244, 173), None
(181, 268, 164, 210, 188, 210), None
(198, 276, 135, 179, 176, 220), 54.0
(182, 255, 136, 274, 209, 279), 53.0
(197, 222, 105, 218, 153, 209), 42.0
(205, 250, 158, 257, 168, 163), 40.0
(229, 241, 161, 165, 157, 179), 41.0
(206, 202, 181, 165, 152, 221), 60.0
(237, 249, 165, 186, 169, 156), 48.0
(223, 217, 143, 161, 200, 161), None
(243, 269, 154, 203, 210, 166), 54.0
(214, 230, 179, 231, 199, 237), 63.0
(187, 216, 154, 250, 146, 233), 63.0
(188, 211, 95, 196, 197, 227), 62.0
(243, 257, 150, 202, 182, 194), 48.0
(225, 277, 94, 235, 180, 195), 64.0
(240, 133, 148, 197, 162, 276), 28.0
(187, 216, 150, 217, 220, 212), 42.0
(194, 238, 151, 196, 128, 206), 56.0
(248, 177, 155, 241, 175, 265), 52.0
(185, 212, 168, 291, 187, 222), 56.0
(172, 244, 187, 194, 232, 233), 46.0
(268, 223, 130, 198, 204, 287), 40.0
(238, 276, 95, 228, 171, 209), 52.0
(182, 260, 135, 253, 152, 173), 54.0
(248, 242, 158, 227, 167, 260), 54.0
(210, 259, 126, 267, 156, 191), 50.0
(199, 290, 164, 248, 109, 210), 46.0
(192, 291, 103, 264, 121, 185), 54.0
(239, 253, 148, 263, 184, 167), 58.0
(236, 192, 132, 274, 109, 255), 50.0
(237, 275, 97, 230, 177, 171), 60.0
(204, 255, 177, 225, 190, 243), 54.0
(199, 230, 128, 245, 173, 184), 34.0
(220, 289, 75, 252, 164, 101), 56.0
(255, 274, 158, 210, 160, 179), 70.0
(209, 257, 119, 248, 212, 162), 44.0
(240, 266, 102, 241, 196, 129), 69.0
(206, 285, 74, 247, 208, 141), 41.0
(254, 225, 120, 239, 152, 292), 49.0
(221, 227, 157, 254, 91, 212), 62.0
(267, 264, 86, 280, 116, 118), 48.0
(187, 244, 122, 216, 156, 157), 42.0
(238, 278, 180, 230, 170, 207), 44.0
(251, 216, 120, 218, 137, 176), 52.0
(230, 295, 97, 227, 209, 180), 43.0
(244, 279, 121, 248, 163, 209), 56.0
(225, 274, 152, 233, 104, 229), 52.0
(273, 280, 148, 246, 228, 210), 61.0
(284, 217, 132, 185, 208, 203), 42.0
(269, 277, 115, 245, 271, 182), 36.0
(253, 233, 151, 243, 159, 195), 62.0
(267, 296, 137, 234, 218, 132), 60.0
(274, 233, 116, 270, 220, 282), 45.0
(268, 232, 118, 184, 230, 249), 40.0
(290, 261, 194, 248, 282, 258), 49.0
(259, 251, 139, 241, 194, 242), 52.0
(289, 296, 115, 242, 264, 235), 54.0
(223, 254, 177, 244, 158, 228), 59.0
(248, 228, 148, 249, 145, 177), 58.0
(297, 257, 139, 231, 185, 103), 58.0
(235, 288, 129, 269, 180, 253), 54.0
(239, 236, 173, 237, 206, 270), 59.0
(262, 217, 192, 254, 194, 247), 46.0
(248, 239, 144, 216, 200, 234), 46.0
(230, 241, 78, 214, 166, 109), 42.0
(231, 242, 126, 283, 192, 163), 56.0
(264, 236, 154, 279, 206, 195), 58.0
(226, 279, 163, 277, 187, 228), 38.0
(262, 208, 183, 264, 213, 268), 60.0
(266, 258, 143, 204, 181, 161), 50.0
(221, 271, 133, 296, 155, 229), 50.0
(259, 243, 171, 285, 223, 229), 53.0
(228, 257, 156, 249, 213, 214), 59.0
(247, 222, 143, 226, 174, 177), 44.0
(276, 264, 137, 231, 237, 286), 53.0
(243, 265, 151, 213, 191, 198), 56.0
(249, 247, 175, 229, 208, 207), 49.0
(255, 257, 130, 243, 222, 266), 55.0
(216, 207, 190, 276, 229, 295), 54.0
(243, 222, 159, 246, 218, 275), 58.0
(238, 266, 150, 221, 188, 198), 40.0
(271, 223, 196, 274, 221, 217), 64.0
(260, 186, 213, 299, 188, 220), 46.0
(257, 234, 164, 242, 207, 213), 58.0
(250, 255, 141, 211, 179, 200), 46.0
(243, 194, 170, 282, 198, 210), 42.0
(273, 237, 169, 240, 214, 228), 46.0
(287, 181, 199, 285, 220, 196), 51.0
(252, 235, 156, 244, 175, 210), 58.0
(267, 239, 183, 246, 190, 226), 56.0
(247, 234, 226, 277, 244, 244), None
(226, 240, 158, 254, 183, 249), 48.0
(244, 219, 151, 253, 218, 228), 52.0
(250, 220, 167, 283, 197, 263), 54.0
(259, 219, 158, 281, 213, 213), None
(257, 245, 150, 229, 250, 254), 50.0
(259, 222, 173, 258, 168, 246), 38.0
(294, 201, 172, 232, 228, 254), 74.0
(259, 261, 148, 269, 197, 215), 52.0
(294, 252, 167, 260, 209, 213), 54.0
(253, 226, 182, 234, 195, 221), 64.0
(262, 251, 179, 281, 155, 190), 38.0
(233, 241, 157, 253, 162, 223), 48.0
(259, 231, 168, 210, 169, 185), 54.0
(262, 248, 144, 270, 171, 171), None
(253, 211, 160, 256, 163, 249), 48.0
(235, 233, 191, 241, 225, 260), 52.0
(241, 174, 176, 258, 254, 243), 49.0
(283, 198, 182, 212, 212, 217), None
(277, 209, 202, 239, 234, 262), 56.0
(271, 196, 181, 242, 172, 205), 42.0
(283, 202, 179, 230, 233, 269), 41.0
(271, 238, 138, 237, 157, 176), 52.0
(248, 229, 157, 235, 170, 249), 48.0
(271, 208, 167, 253, 222, 274), 56.0
(247, 237, 196, 251, 182, 181), 44.0
(247, 231, 158, 237, 203, 272), 58.0
(235, 218, 184, 256, 217, 242), 53.0
(248, 211, 195, 241, 218, 288), 46.0
(263, 225, 147, 257, 218, 224), 48.0
(266, 208, 210, 230, 264, 291), 48.0
(254, 183, 165, 220, 207, 284), 54.0
(275, 225, 179, 249, 220, 263), 56.0
(260, 185, 161, 231, 220, 236), 60.0
(276, 186, 216, 243, 244, 286), 49.0
(255, 185, 164, 221, 230, 280), 60.0
(244, 238, 190, 241, 223, 274), 58.0
(237, 210, 185, 217, 209, 269), 46.0
(281, 200, 163, 269, 253, 271), 56.0
(258, 165, 186, 233, 244, 259), 44.0
(243, 270, 140, 251, 150, 222), 47.0
(247, 197, 175, 262, 185, 253), 46.0
(248, 216, 150, 204, 242, 279), 37.0
(250, 174, 173, 246, 240, 287), 46.0
(271, 222, 169, 234, 244, 272), 44.0
(247, 222, 169, 212, 195, 247), None
(261, 189, 197, 237, 261, 283), None
(252, 224, 144, 235, 224, 291), None
(286, 195, 168, 234, 224, 262), 46.0
(252, 211, 214, 228, 235, 278), 58.0
(240, 202, 186, 251, 251, 290), None
(246, 208, 162, 254, 238, 287), 48.0
(254, 211, 171, 236, 241, 234), 52.0
(215, 238, 173, 268, 220, 287), 60.0
(292, 189, 154, 216, 257, 226), 54.0
(269, 187, 144, 231, 184, 257), 54.0
(289, 186, 163, 237, 232, 283), 58.0
(224, 212, 198, 246, 239, 283), 47.0
(275, 219, 159, 231, 233, 240), 68.0
(248, 238, 166, 232, 203, 225), 61.0
(245, 219, 142, 240, 223, 285), 64.0
(246, 197, 153, 234, 243, 290), 60.0
(223, 229, 163, 244, 210, 276), 63.0
(275, 221, 185, 238, 257, 271), 68.0
(221, 227, 195, 253, 259, 287), 44.0
(244, 199, 203, 269, 226, 285), 64.0
(273, 188, 160, 230, 260, 262), 65.0
(224, 257, 148, 218, 217, 247), 44.0
(278, 207, 159, 237, 226, 251), 60.0
(284, 178, 181, 232, 248, 244), 48.0
(268, 201, 169, 246, 252, 262), 58.0
(295, 216, 164, 230, 248, 233), 60.0
(285, 201, 154, 251, 228, 239), 43.0
(256, 231, 143, 214, 212, 253), 46.0
(281, 195, 193, 241, 259, 294), 54.0
(298, 225, 147, 243, 241, 223), 59.0
(248, 216, 168, 240, 221, 245), 62.0
(249, 233, 170, 235, 240, 269), 52.0
(253, 218, 167, 258, 246, 265), 54.0
(279, 177, 161, 219, 232, 258), 62.0
(277, 233, 188, 225, 253, 225), None
(292, 224, 125, 240, 252, 232), 40.0
(271, 200, 145, 226, 223, 234), 64.0
(256, 221, 175, 259, 265, 280), 48.0
(270, 185, 149, 221, 250, 248), 52.0
(245, 200, 165, 233, 209, 258), 44.0
(259, 192, 174, 223, 232, 263), 40.0
(285, 201, 168, 242, 235, 241), 53.0
(271, 203, 174, 229, 231, 223), 58.0
(232, 208, 143, 221, 196, 225), 66.0
(243, 209, 166, 253, 249, 248), 46.0
(241, 203, 177, 214, 187, 225), 62.0
(257, 235, 146, 230, 212, 229), 56.0
(260, 202, 154, 232, 249, 214), 54.0
(251, 173, 188, 222, 207, 241), 66.0
(239, 221, 167, 221, 185, 207), None
(259, 196, 174, 228, 249, 268), 63.0
(231, 198, 160, 219, 187, 192), 46.0
(234, 229, 167, 212, 209, 264), 40.0
(251, 197, 192, 215, 202, 198), 64.0
(253, 169, 165, 206, 193, 217), 38.0
(238, 207, 140, 193, 161, 201), 43.0
(247, 199, 173, 216, 247, 231), None
(260, 212, 166, 222, 212, 234), None
(227, 201, 159, 199, 224, 258), 51.0
(243, 227, 136, 231, 211, 237), 54.0
(229, 208, 165, 212, 184, 243), 59.0
(269, 186, 182, 218, 179, 249), 42.0
(235, 186, 216, 224, 217, 245), 40.0
(255, 191, 194, 209, 230, 232), 52.0
(247, 209, 186, 213, 157, 210), 50.0
(256, 185, 225, 217, 197, 233), 56.0
(270, 181, 163, 228, 235, 271), 54.0
(214, 210, 185, 222, 172, 167), 44.0
(255, 177, 165, 198, 191, 178), 49.0
(251, 178, 164, 227, 214, 283), 42.0
(255, 178, 153, 226, 185, 240), 36.0
(247, 199, 204, 195, 193, 200), 40.0
(248, 218, 202, 202, 184, 214), None
(236, 185, 174, 208, 172, 221), 32.0
(264, 179, 166, 222, 249, 277), 52.0
(212, 182, 179, 227, 210, 239), 46.0
(254, 199, 178, 223, 193, 228), 52.0
(251, 207, 198, 213, 224, 262), 40.0
(271, 213, 160, 231, 190, 232), 50.0
(251, 201, 168, 187, 189, 195), 52.0
(274, 163, 190, 212, 242, 237), 40.0
(264, 175, 167, 223, 227, 268), 58.0
(262, 174, 175, 229, 219, 265), 44.0
(266, 207, 187, 229, 215, 266), None
(282, 179, 193, 219, 235, 251), 70.0
(275, 181, 183, 208, 230, 242), 62.0
(227, 191, 167, 232, 184, 260), 44.0
(258, 225, 169, 243, 205, 240), 54.0
(250, 172, 159, 213, 217, 240), 56.0
(277, 187, 187, 222, 224, 260), None
(284, 165, 186, 234, 234, 265), None
(289, 154, 211, 232, 247, 284), 50.0
(268, 194, 193, 219, 240, 257), 55.0
(276, 187, 182, 217, 210, 249), 40.0
(260, 183, 194, 228, 226, 266), 56.0
(273, 159, 197, 190, 254, 256), 68.0
(246, 221, 165, 213, 193, 233), 42.0
(259, 182, 200, 220, 208, 288), 51.0
(290, 178, 179, 196, 230, 226), 55.0
(267, 199, 180, 233, 220, 272), 54.0
(275, 178, 200, 192, 263, 267), 44.0
(275, 177, 189, 222, 223, 259), 48.0
(251, 179, 202, 211, 226, 282), 46.0
(271, 183, 166, 191, 244, 224), 58.0
(256, 154, 233, 207, 259, 295), 56.0
(283, 155, 181, 196, 272, 275), 62.0
(268, 173, 218, 209, 259, 273), 57.0
(253, 182, 183, 199, 210, 227), 44.0
(246, 173, 205, 240, 227, 270), 58.0
(254, 168, 203, 197, 269, 253), 56.0
(280, 160, 152, 198, 293, 270), 42.0
(261, 175, 180, 176, 227, 238), 48.0
(293, 158, 204, 194, 284, 275), 50.0
(289, 154, 179, 191, 273, 254), 56.0
(263, 165, 182, 208, 233, 238), 54.0
(293, 147, 186, 184, 283, 264), 53.0
(258, 173, 148, 203, 235, 251), 44.0
(275, 148, 173, 194, 293, 265), 55.0
(235, 190, 164, 208, 245, 244), 55.0
(248, 168, 235, 214, 243, 274), 46.0
(277, 145, 211, 180, 250, 235), 46.0
(288, 172, 178, 216, 261, 229), 58.0
(276, 181, 212, 204, 238, 248), 44.0
(269, 167, 187, 180, 268, 244), 54.0
(261, 173, 181, 224, 248, 250), 56.0
(232, 186, 172, 230, 215, 252), 48.0
(261, 169, 169, 200, 266, 243), None
(254, 151, 172, 211, 284, 276), 62.0
(269, 147, 195, 209, 282, 273), 50.0
(207, 161, 130, 197, 256, 212), 42.0
(228, 168, 164, 229, 223, 267), 55.0
(272, 157, 180, 220, 254, 247), 50.0
(254, 161, 178, 239, 262, 278), 64.0
(252, 184, 176, 226, 260, 273), 44.0
(281, 200, 201, 219, 241, 253), 52.0
(253, 166, 184, 236, 263, 253), None
(271, 179, 167, 207, 235, 246), 54.0
(239, 174, 166, 214, 233, 260), 64.0
(251, 189, 182, 205, 235, 262), 56.0
(245, 167, 169, 225, 245, 239), None
(226, 184, 138, 219, 229, 270), 48.0
(260, 159, 193, 184, 235, 259), 54.0
(249, 164, 187, 258, 242, 263), 60.0
(248, 162, 183, 221, 268, 247), 61.0
(280, 148, 196, 193, 268, 251), 46.0
(268, 176, 179, 221, 240, 253), 48.0
(225, 196, 174, 225, 194, 269), None
(239, 195, 164, 267, 208, 249), 50.0
(271, 151, 173, 215, 251, 235), 50.0
(269, 172, 176, 240, 248, 298), 52.0
(252, 160, 169, 237, 276, 258), 54.0
(259, 166, 201, 214, 263, 247), 49.0
(256, 176, 169, 233, 279, 260), 62.0
(259, 150, 162, 215, 232, 253), 46.0
(244, 186, 164, 243, 254, 228), 58.0
(236, 165, 215, 201, 248, 226), 52.0
(255, 180, 172, 240, 233, 258), 54.0
(222, 158, 193, 219, 240, 282), 50.0
(257, 168, 169, 253, 278, 263), 49.0
(268, 192, 167, 209, 243, 229), 58.0
(255, 215, 157, 237, 235, 203), 60.0
(245, 145, 188, 242, 260, 263), 48.0
(272, 196, 185, 257, 280, 233), 52.0
(250, 142, 172, 226, 278, 250), None
(265, 154, 179, 197, 273, 280), 52.0
(244, 196, 157, 256, 265, 276), 72.0
(255, 135, 190, 211, 288, 245), 61.0
(253, 166, 149, 235, 289, 277), 50.0
(271, 162, 177, 235, 268, 242), 50.0
(234, 173, 169, 262, 279, 290), 62.0
(260, 192, 147, 236, 273, 247), 44.0
(255, 160, 195, 243, 298, 268), 50.0
(250, 156, 186, 235, 283, 279), 52.0
(230, 190, 156, 236, 269, 256), 52.0
(251, 182, 136, 280, 283, 249), 63.0
(234, 197, 158, 256, 259, 269), 55.0
(212, 198, 167, 231, 215, 225), 57.0
(235, 206, 119, 273, 240, 255), 55.0
(225, 188, 122, 257, 274, 224), 58.0
(270, 210, 144, 257, 252, 274), 48.0
(249, 183, 151, 268, 288, 283), 53.0
(230, 205, 154, 265, 223, 266), 58.0
(276, 167, 164, 240, 279, 281), 54.0
(257, 168, 159, 227, 247, 274), 54.0
(258, 159, 130, 232, 277, 247), 61.0
(219, 187, 143, 269, 249, 249), None
(239, 181, 171, 243, 276, 268), 42.0
(240, 176, 135, 266, 292, 239), 62.0
(285, 184, 160, 217, 281, 245), 59.0
