Sampler:TPESampler
(120, 340, 168, 300, 16, 83, 158, 214, 243), 36.0
(322, 85, 263, 86, 70, 147, 168, 90, 85), None
(240, 39, 127, 141, 56, 340, 34, 28, 320), 32.0
(231, 295, 46, 313, 95, 20, 56, 88, 292), 44.0
(343, 52, 373, 244, 177, 220, 220, 347, 134), None
(240, 156, 214, 170, 33, 360, 247, 375, 315), 44.0
(20, 301, 264, 159, 280, 353, 223, 278, 165), 59.0
(265, 33, 211, 115, 123, 21, 338, 295, 18), 38.0
(393, 232, 391, 278, 110, 353, 369, 267, 117), 58.0
(351, 103, 4, 374, 273, 198, 94, 10, 38), 53.0
(14, 395, 314, 16, 397, 271, 290, 185, 192), 49.0
(129, 233, 389, 218, 273, 384, 391, 264, 149), 52.0
(3, 239, 316, 266, 257, 298, 398, 213, 102), 50.0
(142, 288, 316, 389, 373, 304, 308, 302, 207), 60.0
(89, 308, 287, 399, 376, 283, 270, 324, 219), 45.0
(70, 399, 249, 67, 332, 243, 311, 387, 374), 58.0
(171, 173, 334, 350, 325, 316, 202, 163, 192), 55.0
(51, 280, 140, 198, 216, 392, 117, 255, 261), 40.0
(162, 347, 239, 177, 333, 177, 322, 316, 170), None
(38, 346, 342, 4, 186, 250, 250, 150, 63), None
(111, 260, 284, 339, 364, 317, 162, 235, 397), 52.0
(66, 387, 266, 53, 325, 253, 307, 388, 382), 61.0
(85, 325, 172, 50, 305, 131, 351, 356, 350), 44.0
(167, 370, 277, 111, 237, 261, 293, 395, 261), None
(39, 205, 347, 143, 297, 316, 223, 288, 229), 42.0
(134, 266, 226, 209, 361, 218, 278, 325, 150), 48.0
(68, 370, 310, 30, 397, 347, 250, 359, 286), 52.0
(21, 317, 195, 85, 305, 397, 315, 292, 172), 52.0
(199, 369, 255, 248, 351, 294, 362, 332, 334), 62.0
(201, 365, 182, 305, 345, 76, 361, 346, 351), 55.0
(213, 373, 84, 245, 153, 290, 383, 395, 397), 50.0
(106, 328, 253, 148, 292, 328, 337, 327, 341), None
(278, 347, 286, 110, 382, 368, 180, 236, 245), 52.0
(152, 291, 263, 238, 354, 296, 304, 302, 365), 50.0
(186, 394, 147, 334, 320, 235, 140, 274, 313), 44.0
(141, 306, 362, 284, 247, 173, 0, 369, 289), 62.0
(218, 341, 370, 279, 222, 150, 35, 369, 290), 42.0
(186, 271, 362, 320, 244, 187, 5, 339, 325), 49.0
(143, 8, 301, 364, 343, 155, 91, 80, 376), 48.0
(267, 105, 335, 293, 158, 222, 337, 376, 272), 49.0
(112, 301, 235, 394, 261, 114, 269, 312, 309), 50.0
(240, 211, 213, 174, 290, 268, 224, 343, 213), None
(90, 252, 262, 260, 373, 369, 197, 370, 334), 46.0
(57, 292, 399, 221, 317, 331, 373, 247, 113), 43.0
(27, 322, 323, 289, 277, 207, 349, 288, 177), 60.0
(298, 381, 352, 288, 263, 212, 345, 303, 300), 58.0
(2, 358, 322, 317, 206, 177, 363, 378, 193), 36.0
(187, 324, 298, 252, 232, 231, 398, 357, 235), 61.0
(225, 328, 298, 261, 239, 206, 387, 398, 233), 48.0
(199, 385, 330, 239, 68, 235, 378, 358, 249), 57.0
(28, 330, 379, 271, 274, 96, 397, 336, 380), 64.0
(27, 310, 370, 271, 273, 52, 394, 335, 381), 58.0
(43, 354, 377, 252, 249, 99, 328, 352, 361), 44.0
(69, 335, 353, 299, 0, 47, 356, 381, 332), 59.0
(27, 149, 298, 196, 218, 170, 399, 363, 388), 44.0
(182, 308, 384, 278, 191, 197, 379, 326, 358), 49.0
(124, 388, 273, 229, 277, 259, 366, 283, 276), 51.0
(238, 289, 304, 375, 314, 303, 297, 312, 221), 46.0
(97, 357, 359, 193, 226, 129, 65, 343, 347), 42.0
(78, 318, 325, 330, 173, 280, 326, 210, 318), None
(55, 277, 341, 214, 284, 228, 345, 382, 301), 42.0
(152, 247, 318, 291, 344, 254, 278, 335, 206), 54.0
(134, 335, 245, 358, 388, 277, 351, 135, 169), 50.0
(11, 376, 292, 307, 257, 242, 311, 310, 147), 52.0
(173, 321, 314, 250, 335, 165, 366, 264, 181), 44.0
(206, 399, 270, 268, 304, 193, 329, 358, 130), 60.0
(162, 359, 392, 231, 357, 307, 399, 320, 370), 57.0
(253, 397, 227, 268, 304, 10, 333, 364, 88), 52.0
(201, 378, 268, 281, 234, 191, 382, 385, 137), 44.0
(33, 343, 256, 253, 271, 208, 150, 350, 62), 47.0
(148, 304, 17, 343, 370, 135, 261, 295, 260), 40.0
(192, 367, 279, 123, 331, 247, 317, 335, 200), 49.0
(213, 399, 341, 321, 290, 267, 292, 399, 179), None
(17, 283, 285, 184, 310, 223, 357, 369, 132), 50.0
(177, 333, 203, 266, 208, 180, 305, 354, 395), 54.0
(45, 348, 309, 59, 299, 285, 373, 328, 153), 53.0
(164, 316, 361, 207, 252, 80, 113, 184, 120), 46.0
(100, 368, 108, 227, 352, 162, 346, 271, 230), 58.0
(369, 386, 329, 287, 323, 142, 284, 301, 385), 56.0
(120, 262, 230, 160, 385, 234, 240, 48, 276), 44.0
(227, 224, 243, 300, 285, 334, 390, 372, 187), 61.0
(222, 175, 244, 302, 267, 338, 389, 385, 188), 59.0
(254, 293, 273, 274, 280, 291, 372, 370, 213), 58.0
(207, 228, 219, 259, 232, 319, 386, 348, 8), 46.0
(229, 226, 257, 389, 246, 346, 338, 390, 158), 52.0
(198, 195, 287, 240, 290, 324, 319, 357, 339), 48.0
(140, 144, 237, 34, 334, 201, 357, 375, 237), None
(63, 325, 297, 323, 299, 306, 389, 332, 248), 46.0
(250, 299, 379, 294, 368, 215, 181, 315, 326), 46.0
(80, 351, 187, 311, 262, 377, 302, 282, 203), 55.0
(5, 274, 267, 95, 315, 95, 368, 345, 357), None
(70, 339, 349, 298, 40, 42, 353, 364, 335), 46.0
(292, 334, 362, 350, 120, 3, 378, 389, 301), 48.0
(24, 284, 257, 282, 277, 336, 232, 302, 167), 38.0
(221, 200, 244, 303, 267, 341, 392, 383, 193), 62.0
(189, 184, 251, 330, 254, 66, 13, 377, 179), 42.0
(213, 195, 202, 248, 240, 355, 341, 359, 160), 50.0
(230, 313, 307, 311, 327, 364, 399, 251, 194), 47.0
(242, 213, 277, 258, 283, 273, 329, 340, 212), 50.0
(268, 250, 219, 273, 349, 312, 363, 320, 223), 38.0
(181, 159, 292, 286, 226, 296, 391, 391, 373), None
(48, 67, 337, 301, 306, 30, 378, 380, 285), 51.0
(206, 360, 319, 266, 142, 66, 358, 371, 185), 52.0
(218, 133, 248, 304, 267, 339, 384, 387, 188), 54.0
(223, 168, 237, 339, 266, 345, 387, 352, 175), 44.0
(34, 390, 264, 235, 294, 382, 209, 237, 136), 65.0
(34, 388, 264, 219, 340, 394, 61, 235, 257), 43.0
(8, 377, 281, 242, 295, 385, 130, 365, 142), 52.0
(153, 391, 399, 233, 211, 260, 210, 223, 129), 54.0
(236, 372, 271, 376, 360, 192, 75, 291, 108), 62.0
(236, 380, 292, 378, 397, 182, 84, 288, 95), 40.0
(260, 216, 269, 364, 358, 193, 77, 266, 124), 36.0
(18, 365, 246, 381, 285, 203, 323, 307, 64), 50.0
(59, 241, 276, 386, 322, 173, 1, 257, 111), 44.0
(196, 372, 257, 257, 376, 230, 107, 192, 140), None
(206, 350, 370, 277, 256, 374, 27, 325, 102), 41.0
(246, 397, 306, 369, 365, 117, 372, 295, 77), 48.0
(39, 383, 231, 206, 310, 355, 175, 276, 366), 54.0
(32, 327, 264, 267, 276, 186, 344, 124, 113), 42.0
(173, 305, 283, 224, 340, 240, 264, 343, 239), 60.0
(173, 298, 299, 187, 376, 218, 193, 342, 239), 56.0
(159, 307, 314, 396, 348, 248, 42, 335, 224), 45.0
(129, 315, 281, 226, 299, 209, 276, 355, 206), 44.0
(187, 344, 290, 245, 336, 224, 258, 397, 104), 49.0
(168, 391, 325, 292, 199, 237, 314, 316, 196), 61.0
(169, 391, 273, 235, 185, 238, 47, 316, 349), 43.0
(181, 363, 260, 216, 359, 287, 288, 327, 195), 48.0
(213, 373, 328, 288, 244, 254, 333, 363, 265), 50.0
(158, 399, 244, 246, 201, 242, 301, 347, 389), 62.0
(115, 382, 225, 294, 175, 328, 313, 290, 389), 58.0
(161, 397, 250, 262, 195, 268, 21, 346, 311), 62.0
(155, 392, 242, 254, 195, 266, 268, 349, 310), 50.0
(145, 399, 249, 274, 168, 249, 297, 372, 398), None
(140, 371, 322, 2, 205, 277, 396, 306, 324), 56.0
(163, 356, 253, 244, 203, 299, 19, 338, 381), 50.0
(238, 385, 385, 263, 183, 260, 13, 359, 376), None
(174, 376, 239, 281, 217, 242, 26, 332, 216), 53.0
(133, 389, 209, 249, 231, 270, 305, 346, 294), 48.0
(193, 363, 223, 230, 222, 230, 377, 377, 280), None
(205, 395, 263, 315, 194, 217, 350, 353, 161), 56.0
(228, 203, 271, 270, 290, 156, 157, 319, 151), 52.0
(49, 399, 343, 291, 199, 196, 312, 299, 204), 55.0
(217, 323, 355, 280, 160, 309, 323, 172, 357), None
(166, 184, 285, 239, 249, 241, 282, 329, 228), 61.0
(148, 186, 235, 253, 253, 251, 283, 368, 228), None
(166, 180, 299, 223, 272, 239, 253, 341, 243), 56.0
(156, 378, 285, 240, 212, 318, 295, 313, 232), 56.0
(177, 191, 253, 200, 89, 232, 8, 244, 317), 51.0
(185, 267, 281, 260, 238, 264, 303, 325, 251), 56.0
(198, 386, 269, 234, 317, 253, 211, 4, 268), 56.0
(190, 368, 260, 76, 261, 242, 270, 348, 306), 59.0
(142, 222, 309, 265, 386, 223, 320, 381, 174), 63.0
(143, 211, 310, 247, 387, 222, 287, 386, 197), 52.0
(0, 221, 333, 305, 394, 213, 318, 285, 169), 42.0
(129, 205, 291, 265, 378, 284, 307, 378, 210), None
(23, 382, 245, 287, 283, 202, 333, 362, 126), 63.0
(12, 237, 240, 284, 269, 203, 334, 366, 185), 52.0
(103, 164, 246, 273, 248, 399, 391, 394, 381), 50.0
(122, 382, 230, 298, 280, 223, 322, 382, 124), None
(22, 398, 372, 259, 291, 199, 367, 357, 129), 55.0
(136, 228, 300, 355, 370, 293, 134, 331, 342), 59.0
(160, 383, 274, 253, 307, 210, 330, 371, 145), 48.0
(166, 392, 256, 273, 384, 186, 399, 361, 392), None
(30, 336, 314, 287, 260, 236, 343, 225, 172), 38.0
(153, 296, 280, 222, 352, 245, 238, 339, 215), 58.0
(171, 174, 289, 214, 364, 231, 297, 322, 196), 62.0
(171, 173, 289, 211, 330, 227, 300, 347, 182), 60.0
(327, 191, 249, 241, 364, 386, 382, 325, 189), 60.0
(40, 133, 155, 127, 280, 219, 70, 311, 197), 50.0
(25, 156, 214, 325, 229, 258, 1, 320, 363), 38.0
(208, 374, 265, 264, 298, 168, 309, 355, 95), 60.0
(181, 369, 267, 262, 273, 230, 313, 205, 87), 56.0
(224, 390, 260, 281, 283, 189, 339, 375, 117), 56.0
(173, 390, 275, 236, 185, 239, 281, 334, 136), 54.0
(16, 256, 295, 16, 347, 246, 291, 344, 177), None
(234, 199, 302, 290, 285, 361, 98, 364, 157), 48.0
(159, 305, 320, 229, 343, 209, 388, 391, 221), 54.0
(191, 183, 249, 245, 357, 389, 381, 323, 192), 56.0
(148, 314, 307, 205, 247, 235, 37, 336, 293), 44.0
(41, 352, 233, 310, 264, 198, 326, 382, 108), 52.0
(324, 193, 244, 239, 366, 382, 393, 329, 202), 55.0
(167, 282, 328, 399, 375, 272, 272, 296, 369), None
(304, 175, 250, 252, 299, 370, 360, 352, 191), 44.0
(182, 175, 295, 217, 326, 224, 316, 348, 184), 44.0
(200, 167, 286, 298, 331, 228, 302, 370, 163), 59.0
(144, 150, 254, 210, 363, 381, 302, 313, 180), 58.0
(386, 189, 242, 270, 255, 93, 375, 323, 200), 50.0
(209, 376, 389, 261, 290, 166, 263, 355, 95), 44.0
(167, 376, 286, 178, 388, 171, 296, 358, 78), 46.0
(332, 361, 268, 248, 191, 145, 309, 341, 187), 54.0
(156, 399, 277, 276, 306, 329, 299, 305, 212), 55.0
(175, 200, 264, 227, 344, 254, 286, 345, 102), 58.0
(363, 169, 283, 193, 355, 244, 399, 330, 257), 42.0
(34, 325, 379, 239, 269, 350, 22, 366, 329), 54.0
(217, 384, 260, 264, 298, 179, 319, 358, 123), 58.0
(90, 217, 289, 213, 341, 212, 385, 331, 172), 54.0
(200, 390, 275, 279, 320, 202, 350, 399, 388), 36.0
(151, 186, 252, 254, 378, 320, 328, 315, 208), 50.0
(224, 373, 307, 381, 314, 158, 312, 376, 117), 54.0
(174, 332, 292, 296, 338, 228, 294, 350, 235), 60.0
(246, 382, 268, 268, 279, 184, 192, 385, 95), None
(192, 96, 54, 293, 293, 218, 369, 352, 399), None
(185, 208, 259, 257, 363, 306, 309, 339, 196), 46.0
(169, 393, 282, 221, 325, 194, 335, 362, 179), 48.0
(160, 175, 263, 231, 335, 233, 381, 341, 133), 49.0
(21, 181, 241, 243, 199, 239, 48, 320, 187), 40.0
(178, 330, 294, 306, 331, 229, 294, 369, 229), None
(213, 310, 316, 370, 216, 111, 324, 290, 244), 69.0
(56, 318, 314, 294, 212, 101, 390, 275, 245), 56.0
(10, 312, 235, 364, 222, 77, 320, 291, 382), 45.0
(209, 21, 275, 273, 207, 253, 309, 352, 241), 49.0
(279, 305, 301, 287, 238, 106, 278, 334, 253), 60.0
(206, 386, 270, 235, 354, 121, 10, 345, 222), 42.0
(195, 304, 320, 285, 234, 105, 273, 258, 248), 54.0
(219, 339, 290, 248, 217, 218, 295, 376, 200), 66.0
(235, 320, 328, 385, 226, 207, 325, 286, 206), 59.0
(229, 287, 303, 246, 213, 89, 334, 379, 218), 52.0
(214, 399, 251, 254, 201, 219, 350, 388, 192), 56.0
(217, 356, 367, 279, 240, 114, 280, 326, 283), 48.0
(277, 335, 310, 316, 235, 103, 289, 374, 236), 59.0
(178, 341, 291, 51, 218, 246, 296, 370, 233), 58.0
(204, 299, 302, 266, 244, 134, 286, 360, 255), 62.0
(190, 344, 299, 373, 189, 132, 302, 361, 272), 46.0
(219, 297, 336, 265, 246, 138, 393, 334, 263), 65.0
(231, 325, 351, 301, 244, 147, 393, 383, 263), 59.0
(223, 290, 315, 258, 252, 126, 287, 27, 257), 42.0
(212, 311, 337, 268, 239, 109, 279, 333, 251), 52.0
(241, 296, 344, 281, 225, 225, 293, 350, 273), None
(306, 308, 320, 164, 249, 112, 398, 309, 301), 54.0
(32, 159, 335, 247, 258, 392, 382, 304, 176), 46.0
(165, 333, 306, 238, 214, 230, 387, 347, 374), 49.0
(197, 299, 299, 288, 235, 89, 264, 333, 243), None
(223, 302, 326, 199, 264, 135, 284, 279, 266), 53.0
(204, 242, 244, 263, 369, 161, 313, 364, 33), 43.0
(286, 315, 304, 213, 246, 239, 276, 337, 257), 63.0
(22, 321, 313, 224, 205, 243, 255, 325, 288), 58.0
(219, 315, 255, 255, 246, 142, 375, 336, 258), None
(270, 311, 304, 273, 229, 119, 307, 374, 253), 56.0
(136, 295, 287, 212, 180, 238, 302, 318, 242), 46.0
(344, 387, 276, 347, 256, 376, 391, 359, 143), 48.0
(258, 303, 301, 234, 236, 259, 276, 337, 255), 68.0
(284, 329, 295, 245, 245, 258, 399, 342, 267), None
(258, 322, 323, 234, 276, 210, 271, 341, 238), 46.0
(280, 303, 309, 223, 235, 266, 276, 333, 251), 43.0
(206, 373, 303, 264, 222, 99, 322, 357, 259), 56.0
(252, 399, 293, 296, 284, 218, 342, 391, 314), 51.0
(168, 392, 283, 216, 193, 237, 226, 347, 276), 46.0
(212, 279, 311, 250, 229, 249, 289, 364, 227), 52.0
(270, 302, 298, 206, 241, 235, 278, 335, 248), 56.0
(230, 318, 316, 304, 268, 224, 121, 327, 201), 62.0
(234, 318, 317, 276, 272, 201, 330, 321, 202), 54.0
(289, 308, 303, 311, 256, 260, 247, 328, 260), None
(294, 309, 361, 288, 249, 248, 170, 332, 250), 58.0
(224, 193, 248, 241, 220, 366, 83, 326, 200), 53.0
(244, 332, 288, 296, 266, 227, 123, 351, 387), 48.0
(214, 367, 262, 261, 287, 170, 103, 378, 211), 48.0
(259, 290, 311, 231, 238, 242, 271, 339, 241), 53.0
(180, 317, 294, 227, 339, 278, 154, 143, 297), 50.0
(228, 182, 377, 250, 399, 217, 389, 320, 187), 56.0
(155, 382, 332, 308, 261, 223, 298, 298, 166), None
(239, 393, 322, 273, 274, 191, 339, 368, 127), 64.0
(234, 326, 328, 269, 273, 191, 351, 266, 198), 56.0
(238, 381, 320, 335, 266, 255, 49, 372, 125), 38.0
(245, 391, 395, 256, 252, 244, 60, 70, 112), 40.0
(219, 378, 225, 265, 279, 181, 18, 384, 95), 36.0
(229, 226, 324, 279, 205, 206, 339, 366, 377), 50.0
(162, 339, 311, 303, 260, 231, 318, 378, 237), 57.0
(226, 389, 233, 240, 199, 152, 142, 313, 323), 38.0
(240, 391, 341, 203, 244, 214, 298, 345, 182), 68.0
(254, 390, 346, 197, 231, 338, 68, 355, 193), 58.0
(239, 398, 335, 274, 253, 215, 208, 390, 355), 60.0
(246, 380, 355, 95, 217, 84, 288, 369, 135), 48.0
(232, 384, 341, 188, 244, 265, 315, 344, 391), 56.0
(240, 399, 333, 321, 272, 198, 29, 381, 308), 47.0
(217, 365, 326, 359, 247, 210, 307, 223, 345), 56.0
(147, 234, 313, 202, 258, 223, 184, 107, 281), 54.0
(80, 391, 346, 257, 227, 237, 399, 363, 216), 50.0
(70, 378, 316, 248, 208, 274, 296, 340, 183), 52.0
(222, 348, 239, 269, 244, 216, 326, 165, 203), 54.0
(253, 386, 367, 284, 268, 232, 301, 356, 152), 59.0
(200, 371, 306, 371, 238, 124, 284, 238, 264), None
(235, 316, 321, 390, 194, 252, 35, 370, 195), 55.0
(266, 360, 257, 253, 286, 138, 366, 328, 119), 53.0
(316, 294, 281, 218, 253, 202, 112, 349, 227), 42.0
(109, 393, 340, 150, 231, 188, 9, 397, 336), 42.0
(51, 323, 272, 262, 213, 355, 317, 317, 368), None
(211, 201, 189, 278, 276, 285, 93, 337, 271), 60.0
(228, 313, 300, 234, 267, 222, 2, 374, 208), 54.0
(187, 387, 386, 246, 242, 250, 385, 360, 175), 56.0
(249, 219, 318, 272, 219, 297, 164, 383, 189), None
(220, 276, 244, 291, 250, 177, 291, 342, 106), None
(202, 379, 353, 257, 381, 235, 309, 328, 397), 54.0
(159, 301, 306, 184, 261, 347, 391, 351, 168), 54.0
(29, 394, 265, 210, 293, 225, 372, 185, 181), 54.0
(39, 289, 255, 240, 225, 214, 332, 388, 384), 48.0
(151, 399, 327, 284, 281, 264, 379, 367, 131), 52.0
(11, 370, 288, 250, 390, 241, 322, 339, 257), 46.0
(241, 264, 297, 267, 199, 206, 358, 197, 288), 48.0
(213, 209, 275, 227, 186, 194, 304, 307, 199), 53.0
(192, 340, 128, 26, 16, 258, 294, 376, 317), 48.0
(140, 310, 282, 192, 234, 233, 395, 321, 247), 48.0
(232, 386, 308, 302, 257, 315, 284, 358, 222), 40.0
(224, 354, 177, 276, 371, 129, 313, 331, 192), 68.0
(227, 346, 231, 280, 378, 221, 318, 332, 190), 51.0
(222, 359, 199, 273, 362, 126, 399, 346, 206), 46.0
(207, 355, 221, 289, 371, 117, 16, 326, 184), 44.0
(236, 73, 172, 298, 350, 133, 311, 313, 176), 50.0
(216, 353, 208, 262, 359, 127, 328, 365, 194), 54.0
(17, 329, 156, 269, 385, 96, 337, 354, 140), 52.0
(185, 366, 333, 256, 373, 152, 306, 334, 267), 48.0
(173, 373, 188, 235, 246, 245, 303, 341, 234), 55.0
(159, 378, 294, 245, 240, 141, 319, 323, 212), 42.0
(245, 340, 167, 260, 271, 210, 266, 348, 115), 56.0
(126, 322, 249, 327, 205, 331, 384, 392, 278), 48.0
(90, 298, 375, 277, 366, 109, 294, 335, 125), 50.0
(260, 387, 305, 379, 171, 229, 74, 316, 252), 44.0
(201, 326, 323, 283, 224, 197, 343, 331, 199), 54.0
(226, 351, 317, 292, 214, 64, 277, 346, 158), 50.0
(232, 165, 169, 316, 264, 137, 313, 382, 186), 44.0
(168, 122, 299, 206, 251, 250, 298, 255, 329), 48.0
(145, 364, 269, 218, 230, 238, 146, 214, 304), 40.0
(63, 142, 244, 307, 290, 119, 132, 373, 294), 38.0
(3, 381, 256, 274, 282, 271, 284, 322, 203), 54.0
(220, 247, 339, 285, 275, 259, 118, 304, 373), 56.0
(208, 315, 84, 266, 193, 214, 218, 364, 361), 42.0
(194, 334, 315, 254, 259, 221, 393, 355, 261), 54.0
(211, 391, 368, 65, 300, 183, 324, 399, 391), None
(241, 308, 238, 122, 356, 323, 55, 378, 247), 46.0
(118, 181, 287, 239, 241, 147, 374, 361, 233), 46.0
(47, 346, 277, 250, 249, 360, 289, 370, 149), 52.0
(219, 51, 265, 266, 235, 84, 386, 351, 216), 47.0
(181, 371, 358, 232, 208, 230, 82, 329, 225), 47.0
(301, 317, 261, 243, 371, 205, 300, 340, 169), 60.0
(26, 399, 181, 225, 222, 243, 312, 340, 272), 56.0
(231, 284, 288, 259, 265, 132, 236, 390, 382), 42.0
(250, 299, 330, 276, 235, 291, 360, 310, 194), 52.0
(223, 375, 252, 199, 392, 254, 303, 319, 189), 52.0
(201, 172, 297, 252, 280, 278, 332, 359, 243), 59.0
(237, 392, 316, 368, 309, 192, 25, 372, 181), 46.0
(314, 385, 307, 301, 199, 104, 391, 350, 351), 44.0
(216, 381, 240, 286, 384, 223, 41, 366, 108), 46.0
(230, 333, 159, 171, 252, 343, 378, 381, 257), 48.0
(157, 221, 328, 272, 183, 212, 280, 335, 207), 52.0
(210, 193, 277, 211, 272, 308, 0, 345, 120), 44.0
(37, 255, 231, 232, 350, 175, 399, 357, 128), 58.0
(165, 392, 346, 356, 215, 237, 256, 330, 282), 48.0
(243, 309, 292, 246, 287, 202, 293, 388, 264), 54.0
(262, 361, 323, 291, 365, 225, 317, 381, 192), 64.0
(273, 349, 318, 295, 364, 216, 200, 268, 199), 48.0
(265, 364, 334, 278, 372, 225, 323, 294, 139), 58.0
(262, 361, 321, 285, 380, 248, 315, 326, 193), 52.0
(150, 209, 348, 306, 92, 230, 327, 338, 175), 51.0
(256, 352, 307, 261, 357, 114, 345, 383, 163), 48.0
(252, 371, 381, 265, 349, 217, 307, 378, 78), 48.0
(245, 232, 5, 314, 255, 187, 337, 315, 185), 36.0
(17, 399, 338, 344, 136, 241, 315, 244, 208), 38.0
(228, 358, 257, 218, 362, 268, 246, 394, 375), 58.0
(281, 339, 313, 292, 370, 206, 322, 346, 398), 49.0
(139, 377, 325, 179, 263, 157, 306, 323, 313), 59.0
(200, 320, 244, 267, 377, 372, 386, 373, 174), 50.0
(290, 327, 137, 299, 209, 224, 364, 365, 190), 50.0
(221, 302, 251, 279, 290, 197, 332, 386, 182), 50.0
(237, 179, 363, 284, 191, 128, 288, 330, 200), 38.0
(132, 382, 270, 202, 247, 232, 299, 338, 218), 52.0
(190, 369, 304, 104, 360, 97, 310, 279, 290), 50.0
(100, 271, 179, 136, 267, 262, 276, 375, 114), 52.0
(216, 295, 296, 241, 240, 217, 269, 362, 244), 50.0
(29, 392, 328, 376, 179, 252, 317, 300, 368), 45.0
(150, 387, 284, 271, 202, 237, 296, 317, 388), 55.0
(226, 200, 258, 390, 69, 335, 15, 383, 253), 34.0
(252, 376, 323, 291, 278, 73, 325, 370, 188), 56.0
(235, 359, 312, 297, 260, 205, 263, 335, 193), 56.0
(161, 188, 216, 307, 270, 139, 349, 229, 200), 51.0
(207, 344, 234, 256, 230, 354, 392, 358, 321), 50.0
(175, 313, 304, 253, 223, 230, 187, 347, 222), 58.0
(198, 306, 292, 236, 231, 119, 380, 354, 230), 70.0
(216, 291, 338, 226, 389, 105, 173, 356, 180), 46.0
(225, 308, 265, 210, 370, 121, 380, 379, 337), 52.0
(197, 284, 312, 80, 217, 110, 310, 350, 102), 46.0
(185, 321, 294, 236, 242, 121, 369, 342, 232), 49.0
(197, 299, 286, 242, 229, 129, 283, 353, 239), 38.0
(243, 399, 321, 280, 219, 147, 381, 362, 208), 66.0
(265, 398, 320, 280, 217, 146, 357, 366, 210), 50.0
(247, 384, 300, 42, 229, 130, 371, 362, 266), 56.0
(259, 306, 309, 270, 235, 139, 379, 354, 218), 62.0
(263, 295, 311, 273, 221, 144, 376, 349, 220), 53.0
(253, 305, 317, 269, 232, 140, 382, 354, 201), 52.0
(275, 307, 309, 265, 240, 164, 371, 342, 214), 60.0
(259, 316, 388, 276, 226, 151, 7, 360, 209), 46.0
(244, 288, 330, 260, 236, 116, 379, 352, 211), 48.0
(240, 304, 353, 279, 246, 123, 363, 367, 228), 58.0
(256, 313, 301, 219, 221, 127, 29, 342, 213), 42.0
(270, 297, 318, 271, 397, 136, 374, 356, 51), 53.0
(251, 115, 304, 260, 212, 140, 387, 347, 132), 38.0
(241, 152, 331, 285, 253, 159, 104, 259, 302), 34.0
(235, 324, 372, 248, 237, 148, 390, 336, 206), 60.0
(260, 365, 343, 192, 381, 131, 354, 369, 224), 52.0
(209, 393, 312, 228, 225, 117, 338, 364, 274), 50.0
(227, 399, 323, 271, 244, 171, 369, 375, 122), 48.0
(250, 334, 192, 262, 234, 188, 380, 354, 197), 54.0
(244, 313, 301, 282, 255, 152, 126, 343, 252), 60.0
(234, 354, 295, 256, 207, 90, 365, 331, 258), 52.0
(215, 303, 309, 364, 365, 111, 386, 207, 242), 58.0
(288, 277, 398, 249, 216, 135, 56, 361, 218), 50.0
(204, 328, 318, 267, 353, 208, 90, 347, 204), None
(273, 375, 146, 287, 375, 178, 329, 334, 195), None
(219, 387, 326, 278, 228, 200, 346, 373, 264), 50.0
(233, 291, 360, 215, 260, 130, 395, 326, 140), 52.0
(265, 140, 340, 231, 247, 213, 160, 339, 308), 56.0
(245, 346, 304, 383, 276, 142, 137, 353, 231), 56.0
(227, 366, 291, 252, 240, 195, 289, 360, 151), 48.0
(206, 399, 281, 273, 204, 165, 381, 367, 110), 54.0
(221, 315, 314, 203, 269, 123, 299, 345, 330), 48.0
(257, 384, 332, 292, 212, 104, 335, 376, 203), 51.0
(213, 339, 349, 399, 385, 220, 224, 389, 85), 44.0
(142, 303, 321, 261, 252, 282, 22, 178, 281), 65.0
(126, 302, 320, 261, 256, 188, 33, 381, 258), 48.0
(139, 294, 335, 246, 252, 287, 316, 170, 284), 52.0
(133, 391, 320, 237, 265, 300, 45, 187, 298), 38.0
(144, 375, 245, 223, 260, 96, 20, 194, 275), 52.0
(399, 319, 309, 259, 359, 275, 399, 184, 250), None
(122, 308, 298, 269, 237, 281, 12, 336, 273), 42.0
(146, 360, 36, 253, 247, 270, 5, 162, 294), 38.0
(113, 281, 326, 275, 248, 394, 36, 370, 266), 40.0
(137, 300, 311, 266, 231, 286, 70, 326, 132), 50.0
(21, 310, 333, 282, 243, 136, 376, 175, 284), 40.0
(152, 288, 381, 240, 222, 114, 304, 345, 269), 56.0
(238, 321, 302, 289, 259, 157, 291, 178, 192), 46.0
(252, 329, 291, 277, 234, 181, 16, 131, 246), 61.0
(231, 384, 274, 246, 270, 281, 357, 245, 218), 38.0
(12, 300, 322, 268, 109, 209, 388, 199, 182), 40.0
(277, 310, 313, 258, 368, 123, 21, 150, 120), 42.0
(307, 371, 342, 252, 344, 144, 50, 149, 343), 54.0
(296, 393, 280, 332, 377, 268, 321, 332, 168), None
(193, 319, 305, 210, 280, 200, 24, 274, 208), 48.0
(240, 354, 327, 285, 253, 215, 339, 307, 282), 44.0
(266, 306, 296, 293, 197, 224, 297, 158, 258), 57.0
(33, 399, 227, 233, 275, 226, 63, 217, 197), 55.0
(225, 379, 248, 263, 53, 135, 0, 355, 237), 38.0
(130, 291, 310, 273, 226, 191, 277, 283, 101), 47.0
(220, 389, 289, 221, 213, 108, 329, 321, 188), 50.0
(205, 365, 260, 256, 390, 151, 383, 359, 311), 40.0
(245, 341, 322, 373, 245, 125, 216, 351, 278), None
(44, 382, 355, 239, 264, 382, 308, 234, 291), None
(155, 332, 176, 351, 364, 212, 284, 398, 174), 58.0
(142, 299, 317, 264, 239, 260, 112, 334, 228), 40.0
(210, 313, 239, 301, 250, 276, 373, 369, 213), 56.0
(259, 319, 335, 243, 221, 176, 206, 339, 144), 57.0
(233, 324, 370, 318, 254, 114, 365, 383, 158), 55.0
(249, 392, 254, 278, 295, 301, 390, 360, 253), 54.0
(199, 161, 222, 231, 233, 232, 319, 348, 195), 46.0
(212, 349, 301, 214, 354, 202, 344, 375, 205), 42.0
(285, 306, 272, 198, 270, 141, 393, 387, 263), 46.0
(225, 376, 199, 251, 382, 99, 294, 325, 246), 56.0
(26, 284, 330, 269, 163, 219, 270, 364, 319), 40.0
(239, 293, 315, 187, 260, 399, 304, 67, 221), 42.0
(270, 371, 263, 287, 190, 292, 9, 342, 116), 58.0
(214, 337, 164, 224, 287, 130, 328, 377, 4), 46.0
(230, 311, 290, 280, 207, 164, 33, 292, 236), 46.0
(218, 300, 282, 273, 242, 205, 378, 369, 179), 50.0
(203, 328, 304, 262, 372, 122, 351, 353, 201), 59.0
(0, 399, 346, 292, 228, 224, 247, 113, 127), 47.0
(191, 359, 324, 300, 399, 191, 79, 309, 190), None
(156, 386, 209, 247, 234, 89, 323, 360, 355), 42.0
(249, 389, 390, 231, 279, 268, 89, 331, 303), 54.0
(148, 381, 313, 256, 202, 211, 314, 343, 254), 44.0
(236, 393, 299, 239, 218, 247, 302, 319, 210), 62.0
(240, 370, 295, 235, 222, 242, 301, 315, 216), 58.0
(257, 353, 252, 206, 360, 16, 387, 337, 182), 32.0
(77, 315, 305, 282, 250, 153, 152, 390, 275), 50.0
(238, 378, 285, 218, 222, 261, 399, 320, 213), 48.0
(228, 399, 297, 363, 202, 244, 292, 326, 206), 57.0
(165, 368, 95, 247, 347, 232, 313, 19, 265), 44.0
(182, 391, 307, 242, 212, 256, 304, 351, 224), 52.0
(221, 297, 319, 238, 239, 236, 285, 321, 200), 58.0
(252, 391, 276, 226, 217, 272, 320, 342, 381), 42.0
(234, 360, 339, 194, 262, 198, 335, 313, 92), 66.0
(37, 358, 334, 195, 260, 198, 353, 305, 93), 61.0
(236, 385, 340, 182, 274, 255, 329, 314, 75), 59.0
(240, 347, 355, 259, 197, 183, 333, 290, 295), 58.0
(226, 307, 347, 271, 266, 185, 342, 380, 91), 60.0
(17, 367, 239, 189, 369, 194, 337, 369, 113), None
(213, 366, 339, 203, 253, 315, 324, 317, 105), 54.0
(208, 358, 359, 193, 245, 172, 342, 296, 97), 57.0
(231, 351, 291, 198, 285, 207, 262, 313, 188), 50.0
(221, 380, 272, 212, 215, 248, 311, 302, 82), 40.0
(134, 337, 330, 263, 257, 199, 45, 330, 86), None
(262, 345, 349, 176, 268, 214, 231, 335, 119), 62.0
(234, 396, 326, 219, 277, 223, 99, 303, 75), 55.0
(275, 345, 335, 340, 208, 219, 200, 324, 127), 44.0
(246, 341, 347, 181, 268, 208, 277, 331, 119), 46.0
(142, 269, 351, 250, 183, 248, 220, 336, 70), 65.0
(124, 271, 361, 166, 191, 251, 220, 353, 69), 57.0
(141, 281, 366, 252, 188, 247, 315, 348, 72), 54.0
(224, 325, 352, 306, 261, 194, 215, 311, 87), 42.0
(248, 289, 316, 268, 231, 114, 203, 270, 60), 58.0
(263, 245, 344, 237, 173, 215, 209, 336, 135), 52.0
(52, 256, 372, 286, 238, 137, 370, 374, 233), 58.0
(270, 351, 355, 184, 275, 362, 254, 345, 100), 40.0
(260, 261, 350, 229, 144, 227, 190, 324, 55), 44.0
Sampler:BoTorchSampler
(208, 220, 251, 126, 165, 73, 17, 178, 359), 40.0
(387, 156, 388, 67, 104, 381, 359, 15, 276), 38.0
(35, 130, 131, 73, 226, 17, 62, 115, 249), 50.0
(138, 289, 166, 291, 383, 277, 275, 59, 122), 36.0
(291, 260, 232, 156, 82, 164, 308, 219, 232), None
(369, 103, 100, 344, 24, 388, 189, 175, 254), 44.0
(327, 187, 339, 269, 324, 74, 2, 223, 150), 40.0
(187, 107, 132, 215, 357, 108, 221, 67, 187), None
(178, 288, 37, 225, 52, 123, 28, 393, 285), 38.0
(338, 324, 100, 151, 337, 371, 282, 96, 183), 42.0
(119, 138, 28, 136, 368, 115, 88, 311, 268), 40.0
(285, 349, 257, 132, 331, 63, 366, 375, 278), 40.0
(6, 114, 127, 55, 221, 0, 60, 90, 239), 47.0
(60, 150, 130, 100, 232, 18, 81, 130, 246), None
(60, 150, 130, 100, 232, 18, 80, 130, 247), None
(60, 148, 129, 102, 231, 19, 81, 130, 246), 53.0
(72, 162, 124, 126, 230, 4, 104, 131, 236), 42.0
(47, 124, 144, 61, 245, 82, 32, 140, 268), 61.0
(269, 334, 113, 395, 200, 326, 81, 104, 185), 44.0
(179, 108, 302, 350, 213, 397, 374, 66, 373), 50.0
(44, 117, 152, 50, 254, 119, 15, 144, 274), 55.0
(63, 116, 136, 44, 248, 58, 12, 175, 295), 60.0
(63, 104, 137, 77, 251, 69, 22, 148, 305), 47.0
(246, 315, 383, 41, 223, 257, 268, 198, 398), 46.0
(53, 148, 148, 11, 242, 78, 16, 186, 252), None
(359, 145, 125, 392, 57, 110, 344, 162, 45), 46.0
(53, 148, 148, 11, 242, 78, 15, 187, 252), None
(87, 162, 300, 81, 194, 35, 14, 24, 132), 58.0
(69, 148, 210, 30, 232, 77, 1, 134, 211), 51.0
(36, 148, 120, 2, 239, 88, 25, 198, 278), 47.0
(63, 127, 251, 80, 229, 103, 6, 52, 186), 56.0
(87, 179, 232, 71, 266, 54, 0, 62, 189), 48.0
(64, 95, 264, 71, 161, 89, 24, 98, 184), 54.0
(69, 94, 132, 65, 196, 137, 0, 122, 180), 42.0
(240, 77, 266, 80, 150, 246, 208, 367, 295), 37.0
(27, 113, 262, 60, 238, 76, 37, 117, 277), 57.0
(85, 34, 64, 245, 368, 76, 359, 23, 311), 46.0
(38, 129, 338, 71, 202, 51, 36, 45, 213), 51.0
(20, 106, 250, 63, 272, 54, 0, 199, 260), 49.0
(236, 19, 172, 245, 146, 164, 257, 94, 2), 56.0
(111, 103, 386, 398, 170, 260, 376, 258, 9), 52.0
(59, 110, 229, 28, 241, 101, 54, 63, 303), 52.0
(275, 43, 120, 159, 336, 82, 127, 300, 112), 44.0
(0, 158, 230, 78, 197, 110, 0, 83, 292), None
(161, 133, 360, 7, 381, 275, 145, 116, 237), 40.0
(160, 166, 231, 166, 332, 358, 247, 174, 37), None
(288, 143, 178, 23, 320, 59, 58, 312, 392), 38.0
(173, 46, 112, 225, 44, 128, 159, 289, 395), 40.0
(210, 16, 36, 389, 385, 222, 20, 350, 304), 42.0
(148, 272, 230, 283, 81, 90, 179, 148, 62), None
(395, 244, 179, 137, 263, 244, 123, 169, 349), None
(227, 32, 366, 364, 167, 79, 192, 14, 165), 44.0
(21, 126, 87, 287, 209, 227, 4, 316, 58), 48.0
(138, 297, 174, 206, 225, 93, 356, 57, 51), 44.0
(147, 335, 228, 366, 264, 102, 105, 22, 368), 38.0
(259, 245, 42, 220, 88, 359, 390, 189, 1), 39.0
(68, 16, 229, 14, 329, 320, 206, 48, 187), 52.0
(174, 198, 379, 171, 207, 146, 212, 153, 75), 61.0
(140, 202, 10, 152, 379, 73, 295, 240, 220), 42.0
(137, 157, 355, 148, 190, 124, 162, 110, 77), 48.0
(311, 118, 262, 330, 10, 155, 395, 42, 250), 46.0
(193, 145, 362, 226, 182, 172, 272, 172, 23), None
(226, 78, 125, 108, 287, 256, 232, 123, 36), 44.0
(144, 241, 260, 248, 172, 345, 257, 61, 6), 44.0
(128, 226, 3, 249, 166, 13, 41, 83, 296), 42.0
(396, 251, 345, 231, 48, 394, 26, 333, 10), 44.0
(52, 150, 322, 95, 386, 69, 359, 131, 233), 52.0
(195, 289, 2, 225, 20, 158, 309, 333, 202), 43.0
(365, 395, 26, 198, 1, 107, 378, 169, 379), 59.0
(43, 49, 76, 20, 299, 140, 53, 48, 367), 46.0
(162, 87, 317, 218, 11, 39, 225, 254, 115), 47.0
(372, 259, 1, 329, 46, 300, 197, 395, 261), 41.0
(183, 270, 295, 206, 303, 345, 369, 82, 49), 62.0
(398, 288, 106, 92, 374, 123, 213, 237, 54), 46.0
(186, 232, 359, 186, 273, 259, 335, 123, 56), None
(72, 169, 189, 79, 206, 67, 296, 14, 121), 51.0
(212, 47, 339, 318, 205, 280, 30, 35, 251), 36.0
(186, 232, 359, 183, 272, 256, 337, 123, 54), 33.0
(81, 108, 303, 285, 362, 350, 249, 218, 187), 47.0
(63, 243, 94, 206, 351, 264, 304, 78, 9), 51.0
(351, 101, 18, 185, 238, 172, 292, 299, 262), 36.0
(105, 35, 84, 294, 321, 259, 258, 232, 83), 46.0
(105, 44, 67, 134, 337, 47, 173, 129, 292), 56.0
(199, 231, 83, 256, 278, 249, 120, 48, 337), 46.0
(106, 47, 62, 133, 94, 350, 253, 71, 317), 55.0
(43, 72, 198, 78, 278, 74, 150, 91, 221), 50.0
(18, 37, 126, 88, 218, 192, 137, 124, 303), 44.0
(0, 177, 198, 101, 180, 85, 80, 64, 246), 52.0
(247, 84, 161, 251, 243, 166, 23, 150, 389), 42.0
(36, 59, 163, 35, 190, 65, 0, 37, 240), 48.0
(28, 389, 126, 94, 195, 40, 271, 256, 78), 46.0
(85, 278, 58, 178, 315, 132, 296, 78, 189), 42.0
(112, 391, 76, 234, 251, 312, 36, 9, 122), 42.0
(270, 399, 342, 344, 271, 314, 231, 157, 66), 42.0
(50, 164, 349, 67, 240, 93, 160, 121, 205), 58.0
(336, 313, 129, 241, 106, 74, 299, 365, 20), 44.0
(227, 21, 338, 294, 195, 350, 184, 100, 8), 42.0
(260, 375, 40, 344, 55, 372, 133, 87, 351), 56.0
(376, 66, 295, 159, 297, 41, 65, 197, 183), 46.0
(223, 367, 70, 333, 247, 354, 232, 35, 209), 54.0
(30, 77, 302, 348, 383, 109, 363, 311, 331), 48.0
(185, 108, 327, 89, 224, 236, 290, 176, 72), 46.0
(32, 144, 365, 125, 304, 101, 83, 115, 228), 58.0
(277, 25, 247, 275, 308, 230, 36, 116, 102), 44.0
(15, 210, 181, 83, 166, 289, 53, 200, 80), 46.0
(220, 207, 269, 333, 288, 85, 286, 352, 235), 48.0
(124, 128, 100, 370, 393, 219, 65, 273, 267), 36.0
(350, 139, 204, 381, 372, 338, 279, 1, 359), 55.0
(174, 95, 337, 259, 71, 298, 259, 298, 97), None
(17, 164, 376, 31, 312, 99, 97, 81, 181), 51.0
(290, 296, 191, 326, 185, 294, 223, 394, 240), 56.0
(203, 384, 101, 167, 209, 313, 124, 209, 239), None
(59, 259, 176, 399, 4, 238, 227, 146, 54), 57.0
(173, 205, 101, 375, 60, 154, 95, 55, 36), 55.0
(147, 399, 216, 364, 282, 16, 398, 396, 340), 49.0
(44, 123, 358, 134, 211, 93, 133, 141, 251), 52.0
(255, 92, 150, 375, 241, 102, 249, 148, 180), 42.0
(177, 151, 285, 268, 105, 160, 210, 133, 2), 59.0
(202, 154, 352, 222, 150, 156, 235, 150, 11), None
(200, 156, 347, 224, 150, 156, 232, 148, 13), None
(202, 154, 353, 222, 150, 156, 235, 150, 10), None
(316, 387, 232, 208, 187, 391, 316, 23, 204), None
(205, 151, 361, 220, 150, 156, 240, 153, 6), 60.0
(200, 181, 320, 226, 158, 160, 201, 114, 27), 57.0
(172, 138, 365, 232, 162, 159, 268, 179, 26), 36.0
(353, 300, 86, 116, 221, 64, 127, 190, 285), 38.0
(375, 332, 23, 384, 348, 138, 295, 389, 398), 50.0
(175, 282, 12, 316, 368, 268, 323, 302, 326), 50.0
(6, 42, 310, 131, 94, 55, 302, 387, 60), 46.0
(213, 165, 248, 244, 75, 154, 154, 74, 0), None
(35, 175, 378, 153, 221, 80, 74, 93, 126), 56.0
(212, 166, 252, 241, 68, 154, 152, 71, 0), 50.0
(233, 294, 121, 353, 317, 313, 121, 267, 295), None
(43, 163, 159, 11, 305, 9, 108, 372, 204), 50.0
(104, 86, 311, 241, 192, 79, 267, 369, 46), 34.0
(89, 99, 245, 105, 291, 74, 109, 89, 168), None
(181, 266, 86, 297, 163, 22, 67, 26, 175), 57.0
(303, 145, 256, 137, 286, 152, 44, 311, 240), 40.0
(34, 4, 264, 121, 30, 314, 116, 396, 192), 42.0
(148, 394, 267, 247, 333, 312, 224, 356, 246), 50.0
(187, 103, 60, 173, 217, 326, 203, 368, 270), 44.0
(15, 60, 337, 103, 124, 290, 70, 51, 294), 48.0
(252, 132, 298, 10, 153, 234, 176, 208, 354), 46.0
(233, 102, 373, 228, 172, 100, 86, 182, 288), 46.0
(313, 194, 349, 258, 125, 160, 222, 275, 75), 48.0
(120, 351, 337, 138, 67, 81, 40, 30, 156), 38.0
(6, 363, 80, 70, 199, 283, 395, 110, 312), 38.0
(110, 374, 204, 202, 129, 350, 257, 338, 240), 42.0
(191, 240, 388, 357, 196, 333, 99, 384, 202), 46.0
(148, 210, 236, 58, 237, 373, 384, 139, 372), 53.0
(392, 35, 134, 148, 26, 269, 316, 55, 364), 47.0
(9, 130, 267, 185, 304, 82, 41, 107, 192), 55.0
(189, 65, 285, 288, 397, 354, 298, 11, 346), 48.0
(318, 16, 256, 125, 156, 75, 110, 146, 127), 48.0
(160, 64, 391, 286, 49, 358, 327, 229, 262), 62.0
(19, 38, 0, 9, 41, 323, 54, 343, 119), 55.0
(389, 107, 342, 378, 190, 189, 137, 376, 211), 42.0
(110, 321, 350, 190, 102, 66, 115, 84, 322), 52.0
(8, 172, 301, 378, 207, 75, 396, 120, 168), 46.0
(391, 165, 370, 280, 263, 230, 77, 314, 46), 37.0
(83, 207, 96, 10, 198, 310, 209, 10, 177), None
(135, 75, 334, 252, 66, 364, 348, 188, 295), 46.0
(130, 199, 215, 344, 48, 181, 185, 116, 0), 34.0
(36, 121, 13, 166, 30, 169, 269, 189, 259), 52.0
(236, 89, 26, 116, 327, 99, 189, 96, 211), 46.0
(21, 228, 393, 267, 202, 382, 319, 337, 158), 46.0
(193, 41, 80, 288, 158, 308, 207, 332, 245), 43.0
(94, 308, 370, 361, 360, 20, 20, 206, 107), None
(340, 348, 245, 146, 55, 343, 257, 221, 296), 47.0
(119, 347, 34, 276, 96, 270, 373, 56, 35), 56.0
(88, 83, 140, 324, 82, 155, 373, 150, 224), 48.0
(77, 113, 198, 173, 257, 329, 304, 164, 260), 40.0
(44, 198, 293, 130, 289, 80, 79, 112, 265), 38.0
(168, 299, 294, 132, 205, 275, 349, 81, 385), 40.0
(99, 329, 2, 31, 149, 127, 138, 15, 115), 54.0
(378, 202, 94, 88, 217, 318, 87, 223, 11), 36.0
(10, 135, 255, 79, 236, 91, 140, 89, 166), 45.0
(213, 257, 340, 330, 393, 382, 17, 200, 66), 42.0
(343, 14, 175, 170, 137, 243, 302, 0, 208), 48.0
(359, 160, 127, 34, 143, 182, 172, 134, 84), 55.0
(365, 85, 267, 123, 290, 291, 96, 87, 76), 52.0
(282, 282, 44, 379, 78, 124, 71, 304, 21), None
(264, 294, 245, 6, 36, 163, 310, 170, 70), 50.0
(220, 102, 37, 14, 146, 71, 141, 192, 273), 54.0
(295, 254, 189, 307, 351, 3, 147, 31, 345), 40.0
(273, 112, 171, 209, 179, 248, 229, 209, 170), None
(177, 326, 258, 200, 27, 304, 154, 139, 247), 46.0
(342, 161, 227, 259, 3, 323, 79, 307, 62), 45.0
(140, 383, 60, 88, 301, 296, 323, 261, 146), 51.0
(124, 275, 388, 272, 267, 67, 305, 196, 343), 44.0
(318, 6, 207, 370, 333, 43, 126, 63, 14), 46.0
(370, 161, 389, 274, 309, 281, 76, 33, 352), 42.0
(398, 257, 91, 383, 197, 110, 208, 316, 125), 46.0
(148, 321, 324, 321, 376, 64, 74, 231, 231), None
(147, 194, 154, 16, 70, 294, 141, 176, 171), 64.0
(93, 133, 252, 260, 396, 270, 59, 231, 50), 50.0
(198, 143, 110, 299, 299, 306, 172, 217, 158), None
(319, 14, 148, 121, 195, 360, 384, 16, 267), 34.0
(77, 294, 17, 51, 185, 298, 247, 329, 323), 50.0
(394, 334, 29, 51, 192, 81, 255, 310, 387), 50.0
(235, 233, 391, 110, 44, 275, 390, 329, 75), 42.0
(274, 310, 382, 17, 242, 196, 300, 228, 393), 46.0
(93, 204, 67, 274, 361, 32, 133, 75, 238), 48.0
(332, 134, 16, 383, 342, 20, 380, 167, 86), 40.0
(78, 295, 261, 23, 145, 216, 256, 96, 308), 42.0
(279, 211, 282, 349, 218, 115, 130, 279, 397), None
(19, 52, 88, 287, 280, 83, 12, 399, 282), 51.0
(350, 43, 268, 390, 278, 124, 0, 41, 109), 38.0
(1, 156, 89, 348, 0, 77, 348, 52, 81), None
(199, 372, 113, 153, 358, 289, 302, 166, 68), 38.0
(396, 147, 10, 154, 57, 303, 275, 283, 248), 34.0
(349, 300, 283, 190, 265, 354, 96, 224, 206), 59.0
(276, 112, 102, 202, 26, 225, 327, 145, 154), 42.0
(204, 269, 228, 334, 366, 102, 217, 339, 94), 52.0
(78, 212, 194, 283, 380, 81, 119, 132, 32), 39.0
(202, 56, 143, 185, 218, 12, 226, 381, 254), 42.0
(390, 318, 135, 187, 92, 278, 288, 22, 82), 38.0
(61, 69, 315, 95, 353, 348, 397, 263, 14), 48.0
(281, 351, 349, 47, 170, 311, 128, 81, 134), 48.0
(16, 271, 11, 327, 236, 31, 320, 32, 142), 42.0
(332, 82, 320, 26, 305, 267, 295, 266, 210), 60.0
(282, 77, 278, 179, 108, 250, 230, 109, 70), 48.0
(141, 98, 308, 71, 396, 114, 114, 197, 66), None
(271, 189, 196, 283, 7, 219, 264, 395, 367), 44.0
(99, 211, 333, 242, 121, 278, 202, 396, 170), 42.0
(200, 148, 207, 149, 255, 257, 333, 217, 106), 43.0
(173, 301, 370, 202, 249, 188, 260, 123, 204), 64.0
(81, 366, 345, 184, 365, 364, 284, 132, 187), 66.0
(149, 211, 368, 321, 153, 117, 129, 59, 349), 40.0
(95, 311, 264, 167, 19, 168, 88, 47, 335), 41.0
(134, 165, 241, 298, 260, 337, 157, 170, 14), 40.0
(55, 197, 172, 198, 248, 291, 234, 345, 49), 58.0
(155, 98, 98, 123, 351, 295, 169, 329, 396), None
(278, 183, 1, 95, 137, 121, 42, 337, 75), 56.0
(274, 340, 219, 8, 272, 31, 159, 371, 384), 46.0
(87, 219, 23, 323, 146, 20, 156, 118, 118), None
(309, 112, 77, 340, 12, 125, 230, 222, 21), 50.0
(75, 307, 355, 289, 373, 185, 122, 59, 276), 42.0
(32, 265, 152, 108, 243, 275, 212, 88, 19), 44.0
(216, 147, 65, 259, 228, 234, 166, 376, 110), 54.0
(393, 239, 113, 391, 153, 116, 0, 11, 293), 54.0
(387, 354, 279, 28, 309, 268, 34, 251, 295), 49.0
(101, 247, 195, 274, 14, 273, 221, 98, 61), 36.0
(274, 54, 214, 310, 290, 137, 336, 253, 302), 61.0
(54, 226, 74, 123, 78, 274, 344, 135, 230), 38.0
(21, 178, 361, 334, 222, 355, 350, 241, 398), 52.0
(97, 128, 88, 273, 39, 171, 30, 16, 279), 55.0
(230, 160, 23, 395, 295, 194, 165, 182, 248), 55.0
(359, 173, 209, 20, 300, 50, 72, 277, 316), 38.0
(107, 84, 398, 157, 284, 148, 129, 195, 397), 50.0
(89, 0, 395, 341, 132, 28, 393, 303, 128), 54.0
(1, 372, 217, 101, 236, 87, 114, 131, 389), 44.0
(83, 348, 121, 335, 201, 325, 323, 70, 262), 58.0
(387, 316, 190, 66, 211, 399, 20, 383, 217), 49.0
(130, 346, 357, 196, 328, 294, 221, 133, 195), 46.0
(194, 182, 350, 89, 189, 11, 336, 394, 236), 40.0
(263, 176, 297, 168, 74, 317, 228, 198, 383), 48.0
(343, 342, 121, 333, 111, 392, 6, 398, 164), 49.0
(147, 70, 56, 130, 66, 255, 75, 283, 66), None
(143, 317, 385, 27, 186, 326, 254, 277, 258), 44.0
(289, 121, 11, 177, 12, 197, 240, 286, 103), 46.0
(297, 335, 106, 375, 115, 166, 45, 161, 160), 38.0
(39, 351, 337, 27, 28, 399, 222, 99, 158), 55.0
(351, 268, 291, 298, 201, 366, 375, 113, 392), 61.0
(194, 163, 312, 125, 168, 118, 45, 175, 276), 53.0
(265, 92, 321, 209, 270, 162, 156, 160, 229), 46.0
(212, 99, 105, 377, 195, 78, 299, 169, 44), 52.0
(117, 371, 186, 312, 282, 123, 130, 336, 152), 50.0
(355, 312, 270, 35, 37, 330, 156, 3, 130), 46.0
(268, 249, 269, 69, 197, 189, 240, 174, 85), 38.0
(389, 203, 66, 317, 353, 237, 129, 344, 337), 36.0
(55, 50, 87, 359, 382, 155, 40, 181, 215), 48.0
(40, 39, 87, 79, 342, 7, 177, 355, 207), 53.0
(144, 247, 333, 56, 137, 263, 72, 82, 329), 36.0
(386, 19, 315, 300, 253, 204, 202, 217, 220), 54.0
(103, 299, 215, 45, 240, 176, 259, 97, 357), 44.0
(198, 43, 391, 20, 242, 131, 267, 353, 231), 38.0
(78, 227, 287, 40, 315, 144, 269, 141, 161), 48.0
(359, 337, 114, 109, 362, 62, 295, 337, 182), None
(201, 11, 11, 288, 371, 395, 118, 343, 246), None
(156, 11, 95, 103, 159, 264, 267, 203, 10), 45.0
(137, 91, 386, 154, 64, 103, 392, 370, 378), 45.0
(214, 389, 264, 368, 383, 194, 30, 379, 327), 55.0
(80, 139, 302, 54, 255, 90, 14, 273, 316), 48.0
(40, 145, 273, 109, 135, 92, 364, 51, 123), 49.0
(264, 121, 363, 208, 60, 331, 355, 121, 199), None
(17, 16, 62, 210, 388, 144, 178, 311, 151), 40.0
(337, 63, 78, 9, 154, 222, 169, 325, 264), 53.0
(93, 2, 340, 184, 28, 48, 171, 54, 265), 48.0
(64, 240, 210, 23, 64, 156, 205, 247, 361), None
(216, 389, 316, 206, 118, 111, 152, 296, 187), 54.0
(375, 44, 356, 10, 214, 22, 266, 342, 120), 48.0
(41, 337, 341, 37, 333, 308, 245, 273, 145), 44.0
(390, 344, 312, 124, 220, 355, 257, 246, 207), 54.0
(99, 54, 179, 4, 219, 155, 282, 240, 217), 50.0
(105, 314, 113, 257, 375, 147, 380, 80, 1), 42.0
(307, 231, 160, 275, 361, 148, 148, 235, 34), None
(280, 290, 204, 297, 194, 183, 342, 69, 385), 45.0
(84, 196, 119, 30, 237, 360, 355, 229, 191), 46.0
(342, 328, 74, 164, 91, 88, 325, 158, 173), 42.0
(268, 146, 109, 70, 382, 245, 335, 124, 240), 44.0
(104, 159, 53, 244, 131, 144, 271, 12, 243), 44.0
(374, 362, 185, 89, 322, 287, 225, 371, 152), 48.0
(374, 113, 163, 108, 150, 185, 288, 132, 373), 51.0
(129, 231, 269, 181, 289, 171, 224, 288, 239), 60.0
(362, 320, 154, 112, 236, 369, 173, 224, 249), 56.0
(335, 14, 41, 116, 395, 9, 18, 43, 23), 41.0
(349, 235, 181, 334, 325, 143, 300, 38, 236), 44.0
(192, 376, 124, 389, 150, 104, 363, 0, 281), 40.0
(334, 14, 68, 115, 267, 244, 399, 77, 166), 42.0
(3, 290, 313, 303, 262, 283, 271, 132, 247), 55.0
(280, 285, 71, 36, 147, 232, 101, 267, 291), 48.0
(238, 29, 104, 351, 311, 7, 85, 317, 56), 43.0
(250, 121, 44, 133, 14, 369, 286, 162, 142), 42.0
(141, 182, 276, 92, 277, 340, 82, 257, 367), 50.0
(165, 39, 377, 261, 124, 177, 110, 152, 314), 41.0
(111, 262, 293, 125, 118, 255, 379, 28, 328), 44.0
(149, 216, 123, 163, 166, 368, 222, 334, 316), 50.0
(327, 185, 346, 375, 325, 361, 79, 54, 274), 37.0
(351, 367, 14, 101, 36, 188, 275, 381, 67), 36.0
(265, 167, 60, 51, 208, 230, 79, 91, 37), 46.0
(212, 300, 338, 286, 229, 283, 168, 4, 215), 42.0
(222, 308, 126, 152, 309, 339, 171, 179, 375), 49.0
(346, 121, 379, 149, 83, 40, 93, 127, 279), 56.0
(120, 249, 363, 55, 230, 265, 174, 122, 269), 46.0
(109, 337, 374, 8, 131, 192, 208, 64, 141), 50.0
(239, 303, 187, 322, 379, 154, 173, 225, 214), 49.0
(356, 226, 319, 281, 112, 58, 344, 221, 194), 36.0
(257, 124, 232, 191, 357, 194, 319, 25, 108), 56.0
(347, 66, 337, 150, 349, 371, 337, 370, 51), None
(83, 1, 397, 43, 158, 13, 35, 30, 314), 43.0
(321, 75, 126, 298, 335, 44, 21, 254, 268), 34.0
(227, 80, 399, 239, 380, 199, 397, 141, 322), 52.0
(17, 292, 180, 349, 398, 241, 308, 337, 240), 41.0
(156, 146, 358, 247, 364, 5, 140, 315, 32), 40.0
(242, 21, 268, 388, 338, 29, 151, 166, 41), 36.0
(123, 95, 342, 174, 311, 204, 129, 169, 62), 42.0
(212, 23, 132, 395, 21, 231, 158, 256, 197), 59.0
(103, 386, 370, 259, 296, 317, 335, 58, 388), 66.0
(75, 384, 132, 390, 37, 230, 276, 272, 160), 38.0
(252, 37, 210, 388, 348, 60, 395, 117, 366), 48.0
(261, 122, 323, 327, 319, 302, 82, 7, 129), 46.0
(43, 246, 345, 35, 294, 333, 292, 289, 211), 54.0
(87, 374, 359, 228, 324, 343, 311, 92, 290), 58.0
(104, 381, 338, 264, 280, 330, 327, 63, 355), 58.0
(204, 173, 356, 160, 153, 141, 212, 145, 67), 41.0
(268, 234, 58, 98, 157, 119, 277, 315, 26), 53.0
(234, 156, 224, 186, 297, 343, 370, 55, 312), 54.0
(357, 319, 218, 186, 318, 336, 29, 162, 14), 46.0
(396, 343, 221, 8, 269, 30, 7, 105, 199), 41.0
(223, 176, 189, 81, 121, 258, 229, 360, 215), 40.0
(383, 70, 304, 58, 326, 271, 105, 366, 179), 42.0
(80, 353, 286, 299, 54, 95, 137, 238, 32), 51.0
(46, 13, 357, 48, 171, 119, 92, 295, 244), 56.0
(27, 5, 283, 214, 69, 86, 44, 248, 88), 57.0
(169, 123, 359, 286, 371, 385, 104, 80, 212), 42.0
(38, 256, 131, 22, 309, 197, 222, 302, 256), None
(225, 38, 389, 333, 27, 19, 323, 349, 102), 40.0
(182, 14, 395, 215, 344, 354, 366, 192, 310), 46.0
(19, 119, 35, 386, 191, 179, 17, 202, 3), 45.0
(133, 130, 139, 249, 40, 10, 339, 190, 201), 56.0
(372, 226, 310, 76, 327, 231, 246, 88, 14), 43.0
(395, 193, 369, 264, 121, 248, 232, 362, 142), 52.0
(94, 172, 274, 103, 236, 32, 363, 323, 114), 38.0
(146, 109, 67, 97, 384, 236, 158, 54, 199), 62.0
(155, 194, 68, 61, 47, 259, 225, 130, 43), 49.0
(123, 354, 221, 272, 185, 256, 373, 293, 288), 39.0
(281, 383, 6, 297, 308, 375, 366, 300, 266), 68.0
(21, 173, 27, 397, 6, 338, 20, 295, 213), 36.0
(319, 119, 306, 67, 97, 208, 77, 110, 258), 48.0
(373, 276, 399, 149, 169, 162, 33, 165, 332), 48.0
(260, 22, 116, 257, 21, 82, 178, 338, 343), 49.0
(139, 289, 36, 73, 365, 28, 159, 223, 83), 44.0
(80, 145, 87, 143, 22, 73, 28, 80, 175), None
(154, 26, 68, 231, 337, 352, 24, 352, 77), None
(233, 332, 279, 185, 286, 213, 171, 148, 331), 50.0
(292, 249, 38, 192, 236, 183, 306, 309, 231), 54.0
(15, 173, 262, 244, 276, 212, 142, 118, 369), 38.0
(229, 105, 149, 222, 385, 67, 119, 143, 120), 53.0
(370, 121, 384, 137, 117, 116, 162, 42, 319), 46.0
(259, 56, 327, 254, 177, 258, 320, 248, 261), 54.0
(370, 89, 196, 282, 305, 376, 47, 60, 362), 46.0
(207, 225, 380, 336, 79, 162, 389, 169, 317), 50.0
(83, 212, 260, 209, 15, 312, 235, 204, 85), 40.0
(33, 379, 81, 146, 14, 89, 130, 5, 141), 46.0
(382, 112, 79, 235, 217, 40, 363, 346, 191), 40.0
(163, 342, 25, 251, 246, 226, 200, 55, 135), 54.0
(254, 248, 132, 42, 393, 72, 20, 78, 203), 34.0
(392, 254, 278, 104, 369, 2, 266, 258, 105), 43.0
(391, 95, 238, 173, 265, 213, 106, 16, 119), 40.0
(325, 335, 273, 226, 288, 346, 266, 170, 197), 48.0
(226, 29, 376, 365, 385, 45, 107, 219, 198), 43.0
(204, 186, 343, 57, 41, 347, 232, 199, 299), 38.0
(170, 163, 101, 321, 398, 338, 332, 185, 270), 55.0
(94, 92, 304, 56, 347, 54, 330, 357, 294), 50.0
(47, 378, 112, 208, 303, 318, 6, 195, 227), 42.0
(40, 346, 200, 35, 322, 243, 120, 160, 174), 46.0
(215, 236, 78, 116, 173, 378, 207, 138, 282), 58.0
(263, 75, 42, 87, 91, 294, 341, 79, 339), 36.0
(31, 311, 182, 69, 290, 96, 186, 137, 114), 46.0
(30, 289, 205, 109, 392, 93, 326, 344, 355), 45.0
(66, 397, 300, 335, 149, 97, 143, 50, 380), 47.0
(281, 116, 107, 202, 326, 18, 133, 47, 364), 38.0
(325, 242, 199, 168, 131, 19, 280, 180, 240), 46.0
(307, 29, 255, 397, 190, 64, 160, 216, 384), 40.0
(165, 31, 181, 241, 283, 275, 395, 178, 325), 61.0
(80, 329, 271, 307, 95, 133, 111, 222, 304), 40.0
(234, 371, 122, 249, 253, 215, 363, 325, 134), 55.0
(379, 390, 359, 291, 111, 276, 151, 241, 33), 38.0
(212, 59, 122, 163, 55, 294, 144, 370, 399), 37.0
(325, 147, 25, 89, 26, 334, 182, 19, 32), 54.0
(193, 101, 333, 352, 17, 370, 213, 302, 86), 55.0
(396, 294, 280, 324, 344, 230, 218, 150, 387), 48.0
(242, 18, 105, 321, 56, 66, 172, 247, 34), 46.0
(136, 181, 338, 311, 231, 391, 229, 327, 174), 52.0
(306, 39, 94, 180, 267, 265, 368, 348, 274), 48.0
(174, 277, 279, 276, 288, 319, 399, 124, 88), 48.0
(240, 1, 104, 65, 180, 342, 247, 276, 342), None
(252, 42, 120, 397, 381, 347, 399, 26, 194), 42.0
(157, 134, 119, 187, 40, 139, 151, 380, 226), 43.0
(263, 37, 398, 260, 261, 46, 101, 325, 66), 48.0
(34, 150, 251, 258, 212, 320, 158, 225, 88), 50.0
(329, 350, 360, 13, 122, 81, 44, 220, 286), 46.0
(91, 198, 337, 357, 274, 139, 36, 246, 237), 46.0
(130, 315, 81, 182, 342, 204, 294, 168, 153), 48.0
(122, 52, 196, 398, 30, 297, 61, 144, 369), 38.0
(332, 228, 376, 303, 136, 222, 247, 315, 56), 42.0
(165, 111, 364, 304, 258, 67, 7, 388, 220), 36.0
(129, 320, 68, 78, 24, 265, 90, 32, 159), 47.0
(10, 42, 390, 127, 103, 43, 321, 331, 280), 48.0
(332, 241, 13, 19, 297, 88, 317, 9, 189), 40.0
(228, 1, 361, 56, 299, 153, 22, 251, 58), 38.0
(286, 156, 369, 298, 113, 327, 297, 106, 232), 50.0
(372, 140, 240, 140, 221, 9, 362, 396, 207), None
(366, 312, 243, 252, 388, 378, 264, 380, 281), 58.0
(34, 173, 73, 22, 238, 60, 47, 394, 215), 50.0
(261, 344, 384, 341, 137, 137, 125, 194, 262), None
(53, 99, 212, 286, 330, 51, 267, 213, 142), 50.0
(0, 83, 162, 10, 152, 57, 72, 204, 202), 53.0
(74, 398, 197, 191, 309, 232, 335, 60, 8), 39.0
(267, 292, 276, 378, 218, 195, 331, 157, 172), 56.0
(37, 201, 69, 176, 46, 163, 86, 194, 210), 50.0
(138, 340, 195, 72, 142, 126, 131, 13, 68), 44.0
(254, 245, 154, 340, 17, 48, 94, 256, 47), 50.0
(263, 125, 64, 156, 108, 212, 236, 174, 91), 50.0
(176, 303, 93, 117, 299, 361, 26, 364, 70), 42.0
(39, 188, 192, 114, 117, 21, 12, 115, 13), 58.0
(360, 258, 374, 237, 383, 107, 275, 202, 200), 42.0
(221, 367, 309, 201, 190, 312, 75, 278, 109), 48.0
(321, 161, 13, 347, 122, 79, 49, 127, 352), 50.0
(264, 298, 0, 141, 378, 258, 240, 131, 305), 42.0
(96, 194, 351, 307, 77, 230, 354, 15, 254), 40.0
(298, 78, 359, 251, 311, 257, 266, 226, 201), 59.0
(158, 4, 193, 231, 319, 311, 289, 377, 140), 50.0
(31, 77, 6, 92, 336, 129, 302, 161, 24), 34.0
(319, 234, 285, 106, 378, 31, 349, 305, 67), 38.0
(137, 235, 91, 228, 293, 194, 65, 122, 232), 42.0
(357, 345, 107, 270, 150, 10, 377, 21, 27), 44.0
(243, 327, 325, 281, 138, 378, 46, 305, 300), 66.0
(68, 205, 128, 192, 7, 156, 315, 223, 179), 42.0
(186, 380, 145, 320, 175, 153, 367, 111, 331), 46.0
(162, 224, 395, 368, 186, 136, 348, 336, 377), 42.0
(138, 321, 26, 143, 60, 314, 397, 186, 239), 40.0
(245, 254, 81, 205, 360, 181, 305, 347, 284), 61.0
(191, 198, 167, 350, 272, 281, 135, 204, 157), 54.0
(368, 292, 223, 236, 377, 321, 106, 15, 191), 46.0
(17, 337, 172, 345, 137, 293, 128, 338, 103), 48.0
(108, 305, 68, 233, 99, 7, 57, 280, 30), 55.0
(40, 316, 20, 292, 383, 370, 217, 84, 138), 42.0
(96, 381, 207, 71, 249, 22, 39, 25, 156), 38.0
(196, 75, 324, 131, 168, 277, 132, 17, 152), 64.0
(222, 330, 247, 303, 390, 230, 67, 280, 177), 52.0
(92, 118, 396, 211, 273, 128, 55, 365, 82), 48.0
(276, 257, 106, 282, 242, 81, 66, 311, 7), 39.0
(26, 394, 238, 176, 248, 82, 397, 246, 124), 40.0
(288, 133, 344, 190, 91, 125, 307, 353, 273), 55.0
(227, 248, 276, 23, 184, 321, 337, 301, 185), 56.0
(112, 3, 262, 354, 9, 268, 260, 88, 312), 48.0
(330, 167, 231, 273, 108, 53, 149, 391, 179), 48.0
(160, 325, 92, 50, 140, 49, 388, 152, 317), 46.0
(367, 307, 202, 77, 335, 242, 327, 179, 351), 46.0
(341, 392, 104, 29, 75, 94, 183, 248, 120), 40.0
(205, 44, 335, 202, 200, 57, 378, 310, 233), 38.0
(369, 97, 204, 112, 189, 139, 210, 95, 48), 52.0
(327, 187, 116, 327, 64, 389, 144, 351, 54), None
(395, 51, 192, 188, 221, 333, 301, 36, 195), 38.0
(43, 332, 345, 180, 114, 201, 365, 241, 386), 60.0
(41, 284, 222, 187, 228, 190, 224, 33, 338), 44.0
(116, 268, 157, 390, 144, 84, 66, 96, 144), None
(87, 5, 276, 7, 387, 154, 363, 225, 22), 42.0
(38, 118, 147, 283, 122, 60, 310, 390, 4), 38.0
(78, 273, 192, 144, 133, 54, 167, 288, 72), 50.0
(358, 343, 203, 125, 19, 210, 228, 337, 243), 46.0
(286, 96, 290, 145, 265, 23, 251, 46, 322), 43.0
(328, 303, 396, 16, 190, 47, 387, 308, 77), 55.0
(214, 301, 107, 337, 395, 287, 271, 261, 327), 44.0
(105, 90, 98, 61, 351, 37, 65, 260, 225), 48.0
(0, 0, 112, 398, 113, 144, 309, 233, 266), None
(191, 116, 22, 50, 14, 257, 261, 64, 137), 50.0
Sampler:CmaEsSampler
(21, 261, 208, 37, 280, 302, 198, 105, 306), 40.0
(155, 160, 168, 141, 222, 120, 23, 144, 277), 56.0
(185, 382, 240, 205, 222, 301, 322, 120, 187), 64.0
(71, 247, 260, 170, 152, 203, 250, 289, 259), 48.0
(169, 231, 179, 214, 216, 261, 230, 246, 131), 52.0
(209, 168, 320, 162, 230, 213, 198, 197, 244), 51.0
(260, 215, 197, 150, 288, 267, 210, 149, 249), 56.0
(113, 97, 132, 172, 137, 113, 155, 238, 119), None
(181, 134, 150, 140, 248, 154, 114, 194, 157), 47.0
(213, 48, 173, 212, 272, 117, 242, 209, 246), 56.0
(132, 208, 71, 137, 267, 213, 194, 204, 136), 46.0
(146, 95, 207, 161, 205, 150, 247, 192, 240), 51.0
(242, 268, 289, 233, 311, 177, 250, 94, 226), 53.0
(247, 287, 251, 135, 179, 255, 275, 169, 206), 47.0
(220, 389, 214, 167, 283, 241, 168, 32, 203), 53.0
(205, 190, 283, 140, 276, 194, 124, 134, 294), 40.0
(166, 264, 103, 132, 159, 231, 137, 183, 299), 47.0
(134, 361, 127, 251, 301, 221, 263, 147, 161), 48.0
(60, 216, 177, 214, 323, 219, 284, 121, 302), 34.0
(147, 155, 158, 89, 199, 238, 309, 7, 219), 63.0
(177, 345, 222, 315, 182, 205, 38, 149, 234), 42.0
(182, 226, 228, 246, 229, 263, 226, 172, 182), None
(171, 314, 68, 252, 297, 150, 224, 68, 289), None
(164, 327, 209, 222, 289, 348, 241, 186, 210), 62.0
(204, 241, 210, 175, 202, 296, 265, 71, 239), 40.0
(209, 237, 262, 215, 133, 284, 299, 138, 182), 58.0
(190, 248, 105, 69, 250, 295, 204, 194, 225), 54.0
(101, 350, 176, 184, 330, 168, 338, 52, 136), 38.0
(146, 145, 130, 177, 164, 345, 326, 39, 202), 58.0
(279, 257, 184, 130, 170, 97, 264, 50, 166), 49.0
(221, 321, 230, 213, 361, 244, 213, 142, 220), None
(189, 232, 240, 39, 336, 296, 248, 174, 271), 56.0
(233, 239, 347, 127, 300, 242, 303, 155, 136), 48.0
(132, 184, 147, 72, 230, 245, 329, 31, 146), 48.0
(164, 212, 280, 48, 201, 262, 130, 144, 290), 46.0
(270, 93, 156, 158, 222, 259, 279, 103, 175), 54.0
(235, 297, 297, 137, 143, 256, 291, 80, 215), None
(177, 272, 313, 261, 240, 291, 230, 186, 154), 44.0
(229, 216, 240, 153, 194, 323, 288, 89, 284), 42.0
(238, 174, 172, 130, 264, 291, 222, 173, 171), 55.0
(151, 251, 153, 274, 252, 292, 272, 145, 150), 46.0
(163, 186, 179, 230, 106, 321, 376, 165, 166), 48.0
(225, 197, 148, 131, 212, 201, 326, 30, 245), 43.0
(229, 191, 214, 217, 139, 233, 244, 155, 148), 58.0
(148, 284, 178, 73, 137, 322, 300, 128, 191), 44.0
(306, 166, 235, 287, 174, 291, 232, 274, 156), 56.0
(255, 176, 147, 164, 267, 305, 79, 72, 102), 44.0
(222, 176, 359, 138, 262, 190, 190, 209, 196), None
(278, 83, 152, 215, 136, 279, 221, 213, 110), 54.0
(288, 116, 242, 219, 111, 161, 278, 354, 223), 42.0
(323, 258, 280, 280, 193, 297, 197, 193, 131), None
(311, 75, 224, 160, 146, 113, 259, 192, 87), 42.0
(221, 67, 209, 110, 153, 208, 218, 271, 149), 48.0
(246, 170, 229, 197, 135, 216, 336, 302, 73), 52.0
(299, 269, 334, 296, 148, 229, 180, 179, 89), 42.0
(249, 201, 250, 208, 252, 262, 211, 143, 122), 58.0
(211, 218, 259, 162, 187, 353, 299, 177, 160), 46.0
(236, 341, 209, 199, 120, 285, 242, 122, 259), 42.0
(230, 93, 233, 222, 158, 216, 297, 117, 63), 53.0
(114, 106, 181, 202, 111, 342, 237, 186, 65), 60.0
(339, 95, 226, 227, 118, 269, 330, 202, 140), 44.0
(277, 114, 269, 138, 135, 330, 214, 224, 103), 50.0
(234, 72, 188, 87, 79, 328, 250, 204, 186), 47.0
(214, 198, 148, 235, 166, 261, 179, 205, 156), 52.0
(163, 50, 216, 105, 156, 278, 187, 149, 203), 40.0
(194, 209, 183, 193, 267, 234, 253, 167, 83), 40.0
(309, 155, 218, 273, 271, 181, 168, 299, 109), 45.0
(212, 213, 123, 195, 107, 289, 244, 124, 195), None
(203, 147, 229, 246, 143, 324, 284, 190, 55), 46.0
(173, 145, 262, 153, 203, 358, 200, 118, 61), 50.0
(144, 112, 204, 170, 110, 315, 394, 131, 70), 43.0
(205, 163, 293, 149, 174, 311, 284, 205, 103), None
(193, 150, 229, 230, 129, 301, 248, 104, 44), 55.0
(127, 62, 110, 243, 138, 263, 141, 160, 101), 62.0
(125, 126, 201, 171, 143, 309, 304, 196, 71), 40.0
(218, 36, 167, 242, 39, 233, 272, 234, 92), 59.0
(165, 150, 173, 240, 154, 333, 242, 133, 155), 55.0
(212, 102, 163, 230, 207, 218, 263, 175, 34), 42.0
(190, 188, 227, 185, 109, 279, 256, 249, 102), 54.0
(223, 167, 271, 210, 174, 277, 275, 164, 128), 54.0
(152, 9, 146, 188, 172, 226, 130, 218, 103), 50.0
(217, 82, 190, 259, 151, 260, 175, 206, 182), 44.0
(29, 111, 173, 200, 71, 248, 133, 221, 99), 43.0
(70, 59, 158, 226, 190, 258, 190, 82, 159), None
(229, 209, 203, 238, 144, 331, 310, 189, 64), 46.0
(138, 148, 207, 292, 166, 331, 219, 261, 155), 46.0
(52, 101, 239, 293, 127, 282, 178, 108, 160), 43.0
(291, 73, 114, 171, 227, 310, 287, 194, 175), 54.0
(142, 183, 198, 248, 84, 372, 222, 97, 35), 48.0
(147, 86, 133, 248, 23, 287, 177, 221, 119), 46.0
(129, 73, 227, 212, 62, 279, 197, 120, 24), 44.0
(267, 72, 162, 268, 194, 236, 180, 131, 160), 40.0
(187, 108, 167, 121, 168, 304, 193, 196, 162), 57.0
(231, 157, 148, 223, 204, 252, 275, 79, 171), 48.0
(257, 97, 113, 102, 212, 185, 180, 125, 93), 42.0
(237, 151, 168, 82, 222, 318, 242, 208, 113), 47.0
(138, 34, 114, 194, 144, 336, 154, 128, 154), None
(208, 80, 178, 122, 205, 328, 243, 190, 122), None
(215, 3, 140, 148, 185, 234, 273, 205, 81), 55.0
(182, 40, 161, 191, 165, 188, 205, 208, 99), 53.0
(209, 26, 124, 171, 155, 142, 219, 208, 126), 42.0
(255, 135, 135, 168, 201, 237, 182, 150, 122), None
(240, 151, 266, 159, 274, 337, 337, 186, 190), None
(164, 110, 137, 93, 171, 347, 267, 100, 174), 44.0
(241, 79, 132, 205, 180, 221, 219, 284, 183), 54.0
(225, 84, 152, 110, 108, 246, 201, 293, 145), 54.0
(188, 122, 115, 185, 119, 344, 228, 142, 135), 46.0
(238, 46, 161, 134, 162, 243, 132, 178, 214), 38.0
(218, 186, 137, 167, 184, 213, 207, 140, 173), 46.0
(190, 97, 79, 135, 87, 203, 211, 222, 51), 42.0
(185, 41, 143, 111, 169, 277, 288, 233, 131), 36.0
(251, 6, 131, 136, 226, 235, 143, 227, 137), 38.0
(231, 141, 199, 212, 191, 301, 251, 186, 150), 46.0
(199, 105, 125, 103, 210, 317, 150, 160, 140), 50.0
(284, 43, 132, 144, 108, 174, 258, 328, 143), 50.0
(212, 16, 57, 111, 144, 288, 276, 154, 99), 53.0
(229, 85, 98, 127, 121, 186, 180, 231, 175), 46.0
(238, 73, 158, 154, 211, 302, 144, 268, 88), 42.0
(147, 97, 178, 96, 123, 262, 158, 344, 197), 56.0
(247, 41, 61, 220, 102, 286, 227, 338, 158), 40.0
(179, 75, 205, 60, 163, 198, 212, 329, 150), 42.0
(246, 76, 127, 99, 138, 272, 192, 329, 200), 40.0
(257, 120, 124, 174, 94, 320, 173, 322, 80), 46.0
(178, 32, 142, 122, 50, 326, 131, 320, 37), 38.0
(130, 57, 146, 125, 202, 225, 175, 267, 144), 63.0
(55, 106, 180, 89, 215, 177, 175, 198, 200), 48.0
(127, 53, 135, 97, 188, 291, 182, 220, 116), 40.0
(154, 43, 164, 79, 120, 272, 151, 208, 131), 50.0
(204, 2, 103, 25, 180, 158, 197, 223, 135), 59.0
(143, 63, 162, 97, 80, 247, 180, 241, 202), 49.0
(224, 164, 31, 29, 219, 239, 133, 349, 176), 50.0
(221, 178, 178, 98, 200, 280, 200, 317, 141), None
(170, 52, 185, 86, 153, 171, 183, 314, 150), 51.0
(155, 123, 107, 141, 128, 274, 116, 202, 114), 42.0
(246, 23, 82, 16, 230, 170, 181, 265, 182), 51.0
(128, 26, 36, 117, 159, 344, 228, 285, 158), 40.0
(266, 61, 142, 114, 132, 322, 224, 203, 83), 60.0
(141, 39, 134, 82, 79, 89, 150, 219, 170), 50.0
(164, 55, 196, 126, 181, 197, 247, 238, 128), 46.0
(219, 7, 49, 52, 143, 41, 127, 355, 139), 49.0
(150, 55, 101, 102, 87, 181, 141, 261, 149), 67.0
(138, 81, 142, 58, 161, 283, 249, 260, 210), 43.0
(97, 66, 130, 52, 171, 130, 156, 245, 308), None
(266, 35, 120, 54, 203, 302, 142, 358, 146), 53.0
(192, 81, 80, 84, 182, 74, 230, 320, 141), 52.0
(222, 42, 75, 46, 180, 241, 230, 279, 163), 57.0
(234, 12, 124, 75, 178, 168, 159, 217, 178), None
(198, 20, 80, 45, 169, 119, 167, 264, 137), 48.0
(279, 152, 137, 115, 45, 242, 227, 291, 121), 40.0
(186, 22, 119, 66, 157, 245, 99, 312, 90), 46.0
(255, 9, 113, 117, 20, 314, 192, 282, 142), 44.0
(245, 66, 97, 244, 53, 276, 170, 259, 134), 44.0
(166, 80, 85, 69, 216, 353, 176, 226, 221), 42.0
(183, 102, 88, 29, 87, 247, 134, 245, 178), 56.0
(248, 185, 74, 160, 137, 332, 165, 201, 107), 47.0
(215, 133, 107, 31, 181, 241, 239, 118, 177), 50.0
(188, 55, 160, 18, 130, 193, 189, 217, 101), 39.0
(259, 128, 122, 122, 187, 315, 154, 184, 146), None
(233, 7, 160, 60, 176, 107, 89, 236, 66), 36.0
(279, 138, 127, 83, 96, 266, 208, 203, 142), 42.0
(183, 93, 69, 36, 93, 296, 143, 209, 181), None
(166, 179, 172, 193, 118, 300, 132, 198, 172), None
(208, 138, 52, 115, 126, 248, 201, 272, 162), 44.0
(264, 142, 85, 163, 81, 269, 195, 326, 119), 48.0
(303, 90, 78, 81, 169, 339, 180, 288, 169), None
(208, 174, 115, 21, 79, 222, 150, 235, 130), 46.0
(260, 160, 167, 47, 218, 304, 175, 165, 186), 55.0
(224, 114, 34, 70, 109, 288, 129, 322, 183), 68.0
(139, 82, 75, 140, 175, 165, 120, 194, 129), 50.0
(166, 173, 125, 7, 218, 232, 96, 233, 231), 44.0
(184, 202, 84, 68, 147, 219, 244, 173, 205), 57.0
(235, 186, 97, 67, 51, 218, 196, 198, 124), 57.0
(214, 202, 81, 68, 155, 227, 209, 298, 249), 42.0
(194, 212, 114, 44, 98, 262, 239, 252, 102), 54.0
(154, 256, 171, 99, 187, 294, 258, 228, 162), 50.0
(219, 244, 76, 59, 179, 300, 222, 84, 179), None
(196, 174, 94, 113, 93, 314, 131, 333, 176), 56.0
(268, 59, 107, 140, 157, 242, 156, 169, 136), 46.0
(291, 222, 77, 139, 148, 238, 129, 244, 170), 45.0
(205, 82, 91, 61, 134, 233, 202, 280, 157), 52.0
(256, 106, 82, 6, 137, 211, 80, 291, 99), 44.0
(307, 139, 72, 30, 160, 227, 224, 281, 109), 48.0
(236, 3, 111, 44, 66, 167, 124, 278, 194), 65.0
(305, 120, 129, 94, 126, 189, 220, 235, 131), 50.0
(121, 103, 93, 75, 158, 255, 140, 331, 118), 48.0
(242, 65, 105, 88, 77, 281, 155, 298, 171), 48.0
(247, 75, 174, 54, 190, 226, 136, 267, 123), 43.0
(213, 82, 57, 67, 13, 292, 80, 307, 139), 42.0
(196, 11, 54, 83, 46, 188, 194, 256, 136), 60.0
(161, 84, 115, 159, 69, 166, 158, 285, 139), 49.0
(188, 160, 172, 106, 53, 208, 248, 165, 184), 60.0
(306, 24, 175, 79, 99, 181, 196, 214, 203), 44.0
(219, 29, 86, 95, 58, 222, 125, 270, 89), 40.0
(220, 149, 119, 35, 107, 246, 158, 215, 137), 46.0
(247, 53, 112, 19, 84, 174, 233, 209, 127), 54.0
(181, 0, 74, 104, 53, 179, 249, 271, 162), 53.0
(166, 89, 95, 133, 18, 179, 162, 273, 95), None
(160, 98, 80, 66, 49, 154, 159, 238, 169), 52.0
(176, 16, 54, 149, 24, 215, 158, 246, 119), 65.0
(223, 154, 78, 92, 86, 229, 201, 221, 136), 52.0
(183, 78, 161, 95, 79, 186, 220, 179, 181), 66.0
(181, 85, 101, 141, 71, 113, 231, 283, 201), 54.0
(209, 70, 58, 23, 150, 146, 191, 219, 175), 48.0
(172, 88, 154, 97, 17, 204, 163, 271, 131), 48.0
(147, 14, 195, 137, 25, 211, 204, 202, 118), 51.0
(180, 139, 186, 173, 49, 250, 220, 183, 92), 52.0
(234, 39, 187, 107, 128, 259, 247, 135, 157), 50.0
(173, 2, 136, 112, 66, 188, 204, 189, 160), 54.0
(145, 47, 133, 153, 100, 143, 225, 131, 212), 52.0
(195, 96, 86, 139, 26, 178, 196, 176, 128), 57.0
(184, 72, 58, 99, 75, 235, 130, 248, 151), 51.0
(252, 13, 74, 28, 52, 141, 188, 164, 202), 49.0
(237, 14, 68, 62, 58, 184, 179, 305, 157), 58.0
(229, 105, 143, 116, 28, 109, 267, 183, 231), 52.0
(189, 69, 79, 86, 74, 225, 192, 172, 97), 52.0
(236, 46, 77, 88, 76, 207, 143, 339, 153), 46.0
(168, 118, 112, 106, 111, 231, 199, 173, 113), 57.0
(235, 85, 166, 183, 140, 144, 201, 228, 148), 52.0
(238, 25, 133, 72, 94, 277, 179, 254, 186), 56.0
(175, 33, 45, 151, 17, 167, 147, 238, 145), 48.0
(173, 38, 102, 196, 11, 167, 163, 249, 141), 46.0
(239, 48, 77, 150, 23, 172, 240, 266, 163), 48.0
(200, 38, 91, 99, 68, 191, 187, 198, 170), 46.0
(125, 64, 132, 176, 49, 254, 204, 266, 99), 48.0
(208, 67, 134, 120, 80, 208, 209, 242, 102), None
(184, 83, 131, 114, 105, 265, 220, 126, 132), 60.0
(174, 85, 96, 146, 172, 235, 174, 220, 172), None
(183, 56, 156, 66, 105, 245, 219, 251, 142), 49.0
(157, 68, 90, 80, 118, 259, 157, 268, 171), None
(205, 126, 138, 144, 121, 233, 201, 172, 124), 55.0
(250, 77, 132, 107, 156, 261, 193, 253, 130), 53.0
(195, 140, 82, 92, 139, 254, 183, 155, 173), 55.0
(236, 153, 165, 115, 94, 310, 234, 160, 112), 45.0
(200, 12, 111, 60, 26, 208, 179, 223, 118), 46.0
(155, 88, 117, 94, 133, 281, 125, 132, 179), 47.0
(222, 81, 121, 75, 144, 289, 197, 218, 177), 46.0
(201, 83, 156, 117, 72, 198, 185, 181, 151), 47.0
(150, 120, 105, 156, 154, 292, 176, 41, 152), 50.0
(206, 157, 149, 119, 124, 281, 242, 163, 115), 50.0
(192, 114, 77, 89, 76, 267, 204, 204, 141), None
(226, 89, 158, 133, 119, 230, 176, 198, 125), 62.0
(189, 59, 109, 121, 56, 265, 196, 149, 89), 54.0
(183, 65, 192, 109, 163, 241, 252, 188, 98), 49.0
(186, 126, 121, 125, 183, 263, 156, 193, 153), 58.0
(162, 26, 169, 187, 134, 239, 233, 67, 126), 48.0
(219, 193, 200, 93, 177, 243, 215, 82, 215), None
(158, 64, 104, 102, 120, 231, 221, 167, 187), 60.0
(196, 90, 187, 135, 189, 265, 235, 180, 85), 40.0
(204, 140, 82, 67, 131, 294, 196, 188, 147), 52.0
(186, 116, 134, 195, 124, 261, 173, 142, 126), 39.0
(209, 75, 152, 91, 94, 249, 206, 247, 154), 52.0
(193, 57, 167, 107, 111, 232, 205, 163, 139), 50.0
(183, 49, 115, 94, 76, 260, 188, 206, 102), 56.0
(181, 41, 110, 100, 121, 245, 171, 214, 146), 59.0
(216, 111, 129, 128, 111, 306, 227, 207, 83), None
(163, 62, 107, 83, 158, 218, 206, 187, 147), 54.0
(223, 118, 122, 104, 142, 210, 219, 178, 169), 44.0
(142, 43, 117, 86, 160, 246, 199, 212, 150), 44.0
(159, 89, 164, 126, 125, 174, 252, 141, 146), 48.0
(217, 23, 184, 118, 214, 291, 224, 144, 82), 44.0
(159, 88, 124, 88, 165, 199, 183, 203, 158), None
(213, 10, 95, 50, 138, 224, 166, 280, 167), 48.0
(114, 17, 93, 84, 45, 233, 191, 223, 116), 56.0
(169, 106, 147, 112, 109, 269, 206, 122, 118), 53.0
(178, 20, 117, 101, 96, 232, 184, 200, 108), 42.0
(219, 42, 136, 68, 138, 240, 183, 205, 165), 60.0
(182, 11, 159, 69, 128, 219, 166, 215, 172), 56.0
(190, 22, 126, 117, 100, 210, 193, 230, 117), None
(197, 60, 177, 115, 155, 283, 139, 254, 114), 54.0
(207, 22, 131, 99, 90, 213, 207, 216, 143), None
(190, 34, 109, 134, 106, 252, 215, 158, 87), 58.0
(171, 57, 173, 129, 171, 269, 170, 215, 112), None
(190, 84, 116, 54, 115, 255, 197, 183, 160), 45.0
(178, 70, 96, 148, 181, 249, 223, 145, 146), 52.0
(147, 89, 147, 49, 132, 236, 201, 189, 147), None
(183, 76, 97, 94, 133, 309, 202, 118, 151), 40.0
(199, 51, 136, 58, 92, 208, 219, 168, 144), 64.0
(212, 41, 126, 136, 170, 259, 192, 186, 104), 49.0
(194, 44, 112, 47, 126, 262, 179, 162, 160), 68.0
(189, 12, 159, 113, 126, 276, 236, 156, 96), 53.0
(221, 96, 126, 53, 98, 251, 224, 151, 113), 48.0
(180, 59, 103, 63, 56, 203, 180, 225, 131), None
(222, 53, 87, 93, 108, 237, 207, 169, 109), 42.0
(201, 35, 102, 121, 150, 256, 183, 199, 128), 50.0
(192, 64, 110, 73, 142, 202, 176, 175, 174), 45.0
(219, 38, 121, 98, 96, 239, 216, 183, 123), 52.0
(241, 56, 159, 87, 101, 272, 204, 177, 95), 46.0
(161, 82, 149, 26, 138, 205, 209, 148, 149), None
(147, 41, 94, 52, 100, 261, 215, 79, 158), 50.0
(196, 4, 103, 103, 103, 274, 223, 178, 149), None
(161, 56, 134, 64, 173, 266, 178, 197, 120), 44.0
(237, 103, 120, 67, 150, 292, 158, 180, 124), 42.0
(203, 12, 132, 68, 114, 224, 194, 229, 173), 41.0
(227, 6, 91, 102, 81, 303, 205, 143, 113), 49.0
(178, 59, 138, 88, 117, 263, 196, 136, 168), 60.0
(187, 25, 106, 91, 35, 232, 209, 160, 139), 42.0
(192, 16, 128, 81, 109, 272, 195, 148, 144), 50.0
(182, 56, 159, 52, 107, 251, 208, 143, 140), 52.0
(151, 30, 117, 75, 79, 240, 145, 155, 176), 60.0
(160, 19, 139, 51, 121, 272, 200, 165, 173), 52.0
(196, 67, 152, 56, 109, 250, 199, 76, 172), 51.0
(153, 40, 98, 75, 89, 220, 210, 129, 159), 55.0
(175, 77, 221, 54, 124, 233, 248, 64, 155), 40.0
(178, 56, 138, 71, 88, 235, 225, 150, 162), 58.0
(145, 50, 146, 125, 133, 277, 201, 131, 140), 47.0
(169, 49, 137, 36, 133, 249, 139, 172, 168), 49.0
(206, 66, 157, 74, 117, 278, 173, 137, 159), 67.0
(169, 16, 102, 82, 116, 266, 137, 194, 189), 43.0
(152, 71, 103, 90, 111, 245, 176, 151, 174), 46.0
(222, 49, 104, 71, 73, 260, 162, 166, 147), 62.0
(187, 50, 145, 91, 112, 253, 170, 154, 187), None
(186, 52, 137, 89, 121, 271, 223, 107, 140), 49.0
(209, 67, 138, 91, 94, 256, 186, 100, 116), 48.0
(143, 32, 147, 87, 103, 226, 180, 86, 171), 62.0
(182, 36, 120, 83, 140, 212, 142, 184, 168), 58.0
(197, 60, 131, 27, 99, 245, 167, 174, 195), 58.0
(173, 55, 153, 21, 61, 273, 139, 165, 147), 51.0
(197, 80, 137, 64, 117, 276, 178, 136, 175), 60.0
(139, 75, 154, 86, 109, 299, 169, 126, 148), 52.0
(173, 30, 134, 136, 70, 235, 177, 116, 121), 59.0
(161, 2, 113, 104, 77, 249, 192, 159, 132), 51.0
(176, 50, 116, 87, 87, 228, 192, 136, 173), None
(177, 8, 121, 65, 85, 226, 180, 111, 164), 57.0
(195, 65, 110, 87, 118, 229, 189, 217, 156), 50.0
(145, 20, 108, 36, 94, 277, 178, 104, 190), 46.0
(227, 60, 161, 90, 99, 272, 209, 140, 158), 42.0
(195, 66, 116, 111, 54, 235, 210, 111, 147), None
(190, 51, 132, 83, 88, 254, 163, 115, 181), 54.0
(212, 69, 139, 93, 67, 241, 170, 161, 156), 42.0
(195, 26, 115, 87, 117, 262, 158, 111, 158), None
(151, 64, 91, 108, 80, 252, 142, 139, 173), 48.0
(199, 50, 106, 90, 68, 258, 197, 165, 151), 51.0
(160, 16, 117, 138, 73, 177, 178, 124, 158), 58.0
(128, 14, 138, 101, 64, 218, 197, 24, 185), 52.0
(193, 28, 129, 129, 55, 256, 159, 170, 149), None
(190, 49, 113, 102, 91, 222, 168, 140, 164), 58.0
(198, 31, 96, 101, 89, 253, 163, 136, 161), 50.0
(173, 57, 142, 99, 87, 287, 184, 128, 149), 46.0
(196, 14, 147, 86, 92, 282, 209, 154, 131), 44.0
(153, 43, 121, 128, 2, 242, 151, 98, 150), 41.0
(161, 45, 133, 114, 96, 227, 175, 104, 180), 63.0
(195, 44, 108, 75, 96, 240, 156, 133, 179), 53.0
(222, 30, 84, 119, 112, 297, 203, 116, 157), 58.0
(199, 43, 129, 119, 119, 208, 186, 141, 173), None
(194, 35, 107, 81, 73, 216, 168, 119, 164), 48.0
(141, 53, 129, 105, 87, 234, 180, 78, 185), 56.0
(119, 20, 134, 136, 37, 188, 166, 129, 164), 40.0
(160, 56, 107, 147, 106, 204, 183, 111, 186), 60.0
(180, 32, 124, 61, 69, 237, 161, 133, 134), 59.0
(182, 63, 153, 107, 58, 179, 159, 124, 159), None
(143, 12, 143, 104, 81, 225, 167, 114, 193), None
(174, 48, 120, 118, 131, 169, 163, 115, 173), 60.0
(158, 60, 138, 160, 72, 228, 149, 156, 161), 38.0
(209, 13, 155, 156, 127, 177, 150, 190, 161), 50.0
(116, 28, 101, 104, 74, 196, 218, 78, 141), 51.0
(182, 78, 139, 101, 78, 255, 178, 49, 205), None
(205, 21, 148, 102, 86, 232, 176, 115, 196), 48.0
(184, 65, 130, 58, 125, 199, 164, 126, 199), None
(160, 25, 145, 90, 98, 239, 202, 93, 169), 54.0
(161, 15, 77, 109, 127, 184, 173, 93, 223), 58.0
(140, 52, 126, 116, 91, 195, 149, 94, 173), 38.0
(154, 28, 129, 123, 68, 185, 146, 100, 187), 62.0
(140, 56, 104, 119, 121, 179, 156, 46, 209), 51.0
(180, 45, 148, 106, 115, 193, 165, 133, 157), 40.0
(172, 27, 110, 118, 66, 189, 154, 66, 198), None
(162, 63, 110, 140, 102, 223, 174, 105, 207), 48.0
(163, 73, 141, 117, 111, 224, 185, 86, 193), 50.0
(114, 45, 119, 130, 131, 182, 163, 17, 189), 52.0
(170, 58, 145, 143, 104, 232, 178, 52, 144), 48.0
(130, 50, 180, 144, 120, 200, 160, 65, 175), 55.0
(146, 24, 112, 126, 112, 228, 142, 32, 189), None
(178, 65, 116, 78, 122, 115, 160, 148, 215), 58.0
(152, 71, 136, 146, 112, 208, 163, 44, 252), 50.0
(162, 29, 117, 132, 95, 149, 182, 154, 209), 46.0
(176, 54, 151, 90, 105, 191, 145, 87, 236), 50.0
(113, 23, 138, 128, 90, 200, 174, 103, 180), 54.0
(146, 3, 131, 79, 91, 197, 152, 76, 177), 57.0
(154, 35, 114, 135, 92, 198, 165, 92, 210), None
(135, 20, 101, 163, 129, 175, 161, 91, 204), 43.0
(152, 91, 107, 97, 133, 262, 172, 95, 195), 49.0
(200, 104, 157, 113, 147, 194, 212, 63, 219), 51.0
(161, 1, 114, 119, 93, 183, 136, 147, 150), 43.0
(182, 39, 125, 78, 130, 172, 173, 99, 188), 57.0
(186, 54, 144, 91, 107, 161, 181, 138, 188), 58.0
(127, 85, 121, 86, 122, 148, 177, 110, 185), 68.0
(127, 81, 131, 160, 87, 178, 184, 48, 167), 50.0
(130, 27, 147, 133, 116, 171, 126, 86, 194), 50.0
(157, 21, 126, 87, 109, 153, 144, 92, 212), 48.0
(144, 42, 165, 91, 133, 161, 196, 94, 182), 51.0
(104, 78, 145, 120, 130, 144, 144, 118, 235), None
(217, 35, 124, 77, 119, 191, 155, 138, 165), 56.0
(222, 63, 142, 88, 139, 180, 170, 111, 202), 54.0
(199, 134, 141, 59, 138, 198, 212, 116, 188), 52.0
(156, 88, 126, 43, 157, 160, 174, 151, 220), 56.0
(214, 129, 102, 68, 169, 220, 188, 67, 182), 58.0
(140, 46, 116, 141, 112, 166, 151, 109, 218), 46.0
(145, 118, 124, 97, 135, 231, 200, 92, 183), 44.0
(150, 71, 125, 116, 93, 78, 195, 166, 174), 57.0
(182, 82, 116, 72, 153, 179, 164, 114, 184), 52.0
(133, 56, 150, 99, 141, 184, 185, 75, 199), 40.0
(156, 68, 129, 71, 100, 106, 167, 84, 226), 59.0
(136, 67, 112, 101, 69, 220, 150, 114, 176), 46.0
(143, 98, 146, 61, 101, 160, 171, 79, 180), 67.0
(141, 91, 153, 125, 135, 79, 164, 112, 246), 54.0
(130, 43, 117, 105, 117, 74, 161, 128, 249), None
(188, 71, 85, 42, 129, 101, 154, 119, 236), 48.0
(163, 58, 102, 62, 84, 151, 143, 150, 227), 55.0
(151, 47, 124, 41, 104, 84, 183, 131, 238), 57.0
(179, 61, 106, 67, 110, 113, 145, 153, 180), 46.0
(144, 178, 98, 75, 166, 131, 142, 112, 255), 42.0
(168, 56, 99, 70, 119, 191, 183, 52, 215), 53.0
(191, 117, 107, 51, 128, 148, 159, 149, 195), 53.0
(166, 40, 90, 138, 51, 155, 151, 173, 191), 54.0
(170, 93, 135, 129, 99, 155, 168, 128, 185), 44.0
(164, 22, 129, 83, 43, 161, 162, 204, 164), None
(182, 118, 141, 57, 137, 109, 167, 121, 224), 54.0
(107, 35, 123, 110, 80, 118, 134, 87, 223), 48.0
(94, 97, 126, 60, 81, 105, 141, 62, 232), 59.0
(138, 66, 127, 73, 86, 133, 145, 167, 161), 56.0
(169, 112, 110, 32, 111, 99, 178, 108, 200), 46.0
(155, 135, 164, 28, 131, 110, 137, 155, 247), None
(120, 107, 151, 7, 102, 155, 157, 162, 217), 38.0
(128, 0, 116, 56, 70, 162, 167, 88, 214), 42.0
(147, 77, 148, 88, 119, 106, 136, 86, 222), 51.0
(153, 78, 145, 42, 70, 116, 150, 209, 196), 46.0
(106, 111, 138, 72, 81, 115, 121, 140, 202), 70.0
(129, 101, 147, 40, 105, 146, 200, 48, 179), 63.0
(134, 38, 118, 47, 56, 136, 154, 77, 215), 60.0
(133, 172, 118, 79, 137, 145, 165, 15, 211), 50.0
(137, 25, 128, 89, 111, 94, 128, 141, 207), None
(131, 114, 90, 56, 116, 133, 122, 125, 230), 69.0
(132, 95, 165, 55, 85, 141, 146, 164, 189), 53.0
(90, 78, 110, 104, 78, 111, 169, 100, 200), None
(90, 70, 152, 103, 128, 202, 149, 49, 187), 48.0
(119, 100, 135, 31, 59, 129, 102, 77, 224), 53.0
(112, 85, 164, 77, 64, 119, 140, 117, 197), 51.0
(84, 110, 135, 76, 39, 96, 138, 116, 207), 58.0
(135, 65, 93, 52, 64, 154, 109, 99, 204), 55.0
(110, 108, 115, 67, 93, 104, 137, 101, 228), 52.0
(88, 116, 123, 65, 99, 146, 149, 85, 205), 50.0
(141, 125, 106, 39, 68, 113, 129, 168, 175), 45.0
(124, 112, 137, 102, 122, 96, 154, 116, 218), 55.0
(130, 64, 144, 64, 117, 180, 125, 138, 149), None
(191, 165, 95, 51, 164, 197, 140, 100, 226), 49.0
(108, 102, 146, 119, 103, 170, 145, 38, 207), 51.0
(133, 112, 105, 39, 106, 157, 158, 157, 181), None
(111, 146, 107, 59, 39, 153, 115, 156, 183), 57.0
(89, 79, 110, 90, 49, 117, 156, 77, 156), None
(92, 138, 125, 89, 86, 56, 122, 84, 278), 38.0
(134, 100, 119, 24, 71, 111, 134, 79, 242), None
(41, 70, 139, 78, 50, 107, 164, 74, 203), 55.0
(127, 104, 142, 80, 71, 150, 179, 27, 191), 66.0
(126, 144, 80, 88, 109, 179, 126, 89, 209), None
(87, 129, 102, 27, 96, 60, 115, 160, 228), 44.0
(122, 188, 134, 20, 117, 100, 177, 71, 213), 44.0
(104, 92, 117, 64, 49, 102, 105, 138, 195), 40.0
(126, 69, 105, 115, 76, 155, 128, 108, 210), 59.0
(78, 67, 122, 75, 35, 125, 90, 131, 161), 36.0
(109, 136, 165, 99, 92, 136, 102, 148, 249), None
(122, 76, 96, 56, 85, 146, 104, 142, 186), 54.0
(104, 116, 123, 127, 65, 129, 104, 70, 198), None
(163, 109, 100, 36, 68, 152, 163, 135, 203), None
(104, 174, 148, 79, 56, 195, 120, 118, 183), 46.0
(131, 79, 86, 137, 69, 176, 121, 80, 168), 40.0
(143, 132, 116, 33, 70, 156, 139, 113, 207), 54.0
(87, 101, 149, 90, 94, 172, 159, 81, 203), 45.0
(89, 59, 135, 151, 41, 153, 141, 61, 165), 42.0
(152, 98, 125, 105, 116, 167, 117, 65, 216), 44.0
(122, 82, 137, 120, 85, 153, 128, 76, 177), 38.0
(156, 80, 97, 106, 87, 105, 190, 129, 187), 48.0
(148, 105, 126, 107, 71, 129, 123, 107, 219), None
(81, 51, 108, 99, 34, 173, 149, 134, 197), 56.0
(103, 62, 120, 79, 23, 187, 123, 83, 159), 58.0
(150, 129, 101, 76, 89, 148, 124, 103, 189), 54.0
(57, 140, 148, 73, 62, 116, 168, 51, 195), 48.0
(117, 82, 107, 57, 99, 120, 175, 43, 218), 52.0
(42, 54, 87, 60, 34, 194, 95, 101, 168), 48.0
(88, 115, 128, 68, 48, 143, 113, 77, 194), 46.0
(149, 145, 113, 92, 76, 127, 122, 132, 179), 54.0
(150, 70, 115, 86, 87, 144, 123, 82, 175), 51.0
(104, 56, 97, 98, 3, 201, 125, 124, 159), 50.0
(106, 101, 131, 65, 46, 209, 113, 49, 178), 44.0
(128, 86, 100, 57, 59, 119, 146, 144, 223), 48.0
(111, 86, 85, 96, 44, 131, 122, 75, 220), 59.0
(93, 82, 120, 101, 51, 143, 88, 92, 199), 54.0
(111, 116, 139, 124, 49, 115, 161, 108, 192), 46.0
(118, 65, 103, 100, 37, 151, 122, 141, 172), 60.0
(191, 134, 74, 113, 71, 138, 107, 144, 174), 62.0
(172, 74, 88, 62, 28, 166, 87, 159, 172), None
(128, 51, 143, 106, 44, 179, 132, 124, 165), 54.0
(122, 119, 133, 115, 88, 54, 118, 67, 234), 59.0
(134, 99, 94, 114, 48, 120, 132, 105, 209), 51.0
(135, 115, 115, 82, 81, 110, 135, 84, 184), None
(80, 76, 120, 113, 30, 179, 134, 81, 172), 49.0
(99, 112, 159, 82, 89, 160, 135, 26, 199), 54.0
(93, 56, 98, 111, 3, 134, 106, 136, 166), 54.0
(73, 150, 92, 117, 93, 109, 103, 101, 209), 53.0
(135, 86, 51, 106, 74, 187, 132, 104, 161), 55.0
(194, 76, 66, 108, 108, 166, 139, 98, 182), None
(110, 99, 110, 140, 53, 110, 114, 136, 168), None
