Sampler:BoTorchSampler
(197, 201, 134, 135, 52, 118), 37.833333333333336
(158, 24, 220, 27, 65, 200), 35.833333333333336
(120, 206, 98, 164, 114, 183), None
(103, 77, 282, 297, 108, 85), None
(272, 248, 40, 0, 202, 113), None
(29, 75, 261, 205, 29, 31), None
(141, 195, 67, 162, 86, 133), 48.833333333333336
(39, 55, 86, 296, 47, 247), None
(268, 275, 42, 170, 137, 69), 36.0
(34, 206, 75, 50, 12, 65), 50.666666666666664
(49, 60, 55, 121, 266, 281), None
(41, 108, 262, 135, 117, 237), 41.0
(104, 49, 249, 250, 124, 187), 35.333333333333336
(125, 285, 187, 148, 269, 18), 37.0
(298, 17, 21, 199, 252, 92), 40.833333333333336
(167, 184, 231, 95, 10, 275), None
(29, 38, 134, 252, 276, 68), 38.666666666666664
(67, 200, 60, 100, 44, 97), None
(66, 200, 60, 99, 44, 97), None
(67, 200, 60, 99, 44, 97), None
Sampler:TPESampler
(83, 257, 199, 50, 214, 117), 39.333333333333336
(232, 216, 182, 203, 30, 210), None
(12, 80, 81, 163, 44, 256), None
(0, 49, 164, 31, 26, 197), 45.0
(76, 63, 247, 106, 14, 142), 35.666666666666664
(138, 114, 17, 61, 217, 32), None
(240, 247, 224, 31, 166, 191), 40.833333333333336
(115, 231, 59, 17, 195, 178), None
(153, 19, 247, 113, 296, 136), None
(273, 205, 232, 143, 62, 121), None
(12, 154, 129, 262, 114, 299), None
(206, 283, 298, 0, 123, 210), 39.833333333333336
(290, 166, 132, 68, 150, 77), None
(197, 23, 170, 299, 86, 196), 42.5
(184, 1, 167, 295, 86, 242), 38.166666666666664
(54, 48, 94, 216, 4, 256), None
(175, 96, 150, 215, 78, 177), None
(102, 36, 119, 263, 104, 83), 37.5
(48, 127, 202, 166, 38, 280), 37.0
(232, 10, 281, 112, 57, 221), None
(154, 71, 159, 299, 296, 170), 41.333333333333336
(137, 66, 165, 289, 258, 159), 40.833333333333336
(184, 34, 107, 248, 298, 167), 35.333333333333336
(207, 92, 193, 191, 136, 199), 46.333333333333336
(203, 107, 197, 186, 131, 239), 41.333333333333336
(254, 136, 222, 130, 91, 199), 43.666666666666664
(260, 179, 275, 88, 169, 222), 45.333333333333336
(292, 173, 257, 81, 164, 228), 48.0
(297, 187, 270, 71, 161, 234), 39.833333333333336
(268, 173, 264, 93, 190, 269), 43.0
(274, 189, 297, 86, 223, 294), 41.333333333333336
(219, 144, 201, 45, 189, 221), 41.333333333333336
(251, 213, 248, 34, 237, 222), 49.5
(253, 216, 252, 51, 244, 221), 42.333333333333336
(250, 277, 273, 178, 173, 242), 52.166666666666664
(237, 290, 234, 180, 137, 258), 50.5
(237, 299, 237, 167, 246, 264), None
(285, 272, 211, 127, 204, 273), 40.833333333333336
(224, 248, 258, 184, 178, 249), 45.5
(247, 271, 238, 145, 145, 289), None
(283, 232, 216, 29, 271, 255), None
(221, 295, 190, 193, 141, 5), None
(264, 267, 279, 227, 156, 204), 46.333333333333336
(299, 257, 285, 230, 225, 238), 52.833333333333336
(299, 233, 283, 157, 227, 237), None
(278, 208, 1, 241, 210, 184), 46.5
(244, 248, 247, 206, 235, 278), 46.0
(286, 286, 294, 6, 178, 258), None
(266, 262, 262, 175, 278, 213), None
(298, 281, 52, 131, 115, 143), None
Sampler:CmaEsSampler
(140, 270, 59, 76, 126, 273), None
(126, 31, 87, 220, 244, 86), 38.833333333333336
(167, 132, 92, 170, 133, 166), 40.833333333333336
(170, 113, 172, 171, 135, 106), None
(176, 209, 206, 167, 108, 145), 39.166666666666664
(252, 222, 255, 131, 63, 182), None
(219, 126, 156, 136, 185, 128), 40.166666666666664
(129, 138, 70, 169, 123, 169), None
(146, 137, 139, 79, 92, 75), None
(211, 154, 91, 172, 96, 161), None
(219, 114, 122, 158, 122, 139), None
(139, 152, 201, 95, 153, 173), 43.666666666666664
(166, 195, 177, 224, 186, 70), 45.833333333333336
(160, 213, 108, 159, 103, 217), 44.666666666666664
(130, 124, 142, 158, 127, 160), 47.666666666666664
(227, 210, 120, 181, 87, 107), 37.333333333333336
(181, 112, 204, 168, 56, 123), None
(89, 152, 169, 185, 186, 188), 39.833333333333336
(160, 132, 145, 184, 99, 86), None
(99, 129, 148, 181, 134, 133), None
(94, 181, 158, 149, 139, 122), 38.0
(185, 129, 129, 108, 120, 86), None
(133, 193, 157, 119, 139, 106), 41.833333333333336
(212, 183, 112, 172, 123, 182), 37.666666666666664
(162, 120, 196, 210, 72, 158), 40.0
(193, 188, 183, 102, 75, 75), None
(165, 118, 253, 131, 68, 153), 39.5
(143, 162, 203, 120, 131, 174), 42.166666666666664
(106, 122, 234, 194, 130, 141), 43.333333333333336
(104, 190, 157, 135, 168, 88), 43.333333333333336
(92, 123, 137, 169, 178, 74), 39.666666666666664
(102, 172, 267, 128, 136, 118), 44.5
(135, 228, 257, 212, 180, 175), 48.833333333333336
(157, 149, 153, 244, 144, 118), 40.333333333333336
(143, 199, 203, 185, 209, 120), 41.833333333333336
(86, 157, 191, 142, 119, 179), 40.5
(111, 215, 122, 145, 135, 173), None
(79, 114, 201, 126, 91, 117), None
(111, 130, 272, 176, 186, 106), None
(116, 118, 177, 146, 117, 178), 41.666666666666664
(91, 136, 251, 140, 223, 193), 41.666666666666664
(101, 115, 98, 112, 113, 105), None
(120, 72, 132, 220, 82, 164), 38.0
(59, 141, 182, 171, 132, 70), None
(97, 229, 206, 181, 120, 166), None
(127, 130, 264, 186, 185, 157), 40.666666666666664
(134, 228, 191, 106, 148, 192), 46.833333333333336
(239, 165, 232, 213, 208, 202), None
(79, 230, 299, 238, 196, 171), None
