Sampler:TPESampler
(176, 34, 173), 58.0
(99, 149, 259), 56.0
(236, 290, 256), 88.0
(20, 192, 204), 46.0
(277, 97, 47), 44.0
(91, 10, 51), 60.0
(177, 12, 241), 48.0
(26, 168, 221), 64.0
(31, 267, 138), 42.0
(215, 293, 185), 78.0
(286, 234, 299), 71.0
(226, 286, 121), 66.0
(221, 232, 297), 60.0
(228, 289, 174), 78.0
(246, 232, 97), 60.0
(146, 101, 190), 82.0
(132, 93, 0), 58.0
(136, 123, 258), 40.0
(178, 91, 215), 66.0
(72, 61, 271), 38.0
(166, 190, 154), 68.0
(251, 266, 182), 76.0
(207, 131, 232), 48.0
(200, 257, 194), 74.0
(258, 190, 160), 42.0
(147, 299, 115), 54.0
(117, 54, 200), 56.0
(197, 246, 244), 36.0
(61, 208, 83), 66.0
(296, 60, 176), 48.0
(165, 117, 152), 60.0
(234, 286, 176), 80.0
(270, 281, 134), 52.0
(242, 274, 166), 60.0
(190, 156, 275), 70.0
(217, 209, 214), 78.0
(269, 211, 224), 86.0
(268, 250, 252), 54.0
(102, 173, 229), 50.0
(298, 144, 276), 55.0
(237, 208, 206), 34.0
(261, 213, 222), 86.0
(278, 109, 228), 42.0
(260, 222, 197), 80.0
(266, 222, 195), 64.0
(283, 219, 248), 42.0
(237, 173, 214), 67.0
(259, 156, 263), 69.0
(253, 181, 237), 42.0
(228, 243, 140), 76.0
(159, 82, 219), 38.0
(283, 264, 186), 72.0
(189, 279, 204), 40.0
(230, 223, 185), 62.0
(210, 299, 286), 52.0
(270, 199, 169), 64.0
(248, 233, 239), 68.0
(123, 257, 226), 54.0
(178, 34, 262), 46.0
(293, 289, 193), 64.0
(258, 268, 16), 54.0
(222, 292, 206), 64.0
(237, 276, 171), 64.0
(5, 137, 145), 50.0
(216, 204, 216), None
(202, 184, 212), 64.0
(247, 216, 178), 70.0
(146, 240, 158), 60.0
(262, 256, 192), 58.0
(273, 78, 126), 46.0
(186, 291, 164), 75.0
(217, 195, 223), 74.0
(230, 230, 185), None
(239, 282, 252), 46.0
(213, 269, 202), 76.0
(251, 166, 212), 71.0
(277, 212, 233), 68.0
(290, 250, 176), 66.0
(230, 239, 150), 46.0
(164, 1, 196), 46.0
(106, 299, 244), 44.0
(206, 285, 185), 66.0
(244, 104, 207), 70.0
(139, 260, 176), 46.0
(197, 272, 221), 52.0
(221, 224, 160), 78.0
(223, 225, 191), 87.0
(255, 225, 162), 74.0
(262, 185, 198), 78.0
(224, 204, 189), 82.0
(266, 202, 191), 78.0
(284, 202, 189), 76.0
(236, 179, 201), 48.0
(156, 214, 234), 56.0
(74, 191, 181), 42.0
(265, 198, 209), 44.0
(276, 248, 171), 54.0
(225, 228, 154), 62.0
(171, 211, 218), 42.0
(263, 165, 201), 68.0
(224, 240, 103), 68.0
(244, 204, 192), 74.0
(254, 218, 291), 78.0
(234, 129, 292), 61.0
(242, 221, 167), 64.0
(219, 184, 143), 40.0
(256, 189, 281), 51.0
(208, 207, 198), 46.0
(183, 232, 226), 76.0
(266, 160, 180), 59.0
(249, 235, 133), 56.0
(192, 217, 271), 58.0
(289, 291, 186), 78.0
(299, 286, 173), 69.0
(130, 174, 195), 80.0
(113, 176, 214), 72.0
(123, 224, 260), 68.0
(130, 150, 53), 60.0
(138, 197, 196), 76.0
(149, 208, 208), None
(271, 279, 267), 66.0
(282, 294, 182), 76.0
(230, 293, 190), 60.0
(288, 287, 188), 60.0
(222, 259, 156), 71.0
(260, 190, 203), 81.0
(252, 195, 294), 67.0
(215, 191, 164), 50.0
(203, 211, 220), 86.0
(198, 41, 204), 40.0
(241, 216, 254), 54.0
(233, 274, 242), 78.0
(259, 186, 198), 75.0
(205, 281, 222), 66.0
(277, 202, 192), 60.0
(142, 267, 178), 60.0
(131, 299, 185), 52.0
(248, 179, 208), 68.0
(232, 273, 240), 62.0
(262, 212, 233), 50.0
(255, 217, 218), 79.0
(255, 216, 229), 78.0
(269, 199, 217), 67.0
(211, 172, 210), 76.0
(241, 227, 199), 44.0
(250, 236, 223), 40.0
(224, 204, 204), None
(157, 211, 170), 49.0
(217, 209, 216), 76.0
(235, 283, 248), 54.0
(92, 73, 237), 60.0
(256, 217, 228), 72.0
(275, 193, 194), 56.0
(244, 204, 213), 64.0
(264, 222, 286), 74.0
(281, 183, 202), 64.0
(219, 228, 179), 73.0
(254, 216, 221), 54.0
(228, 275, 243), 42.0
(211, 297, 211), None
(202, 223, 172), 72.0
(239, 220, 229), 34.0
(226, 245, 161), 79.0
(229, 245, 159), 46.0
(234, 230, 231), 58.0
(271, 119, 186), 60.0
(224, 250, 164), 76.0
(247, 292, 182), 72.0
(260, 194, 197), 66.0
(292, 207, 225), 46.0
(42, 212, 247), 54.0
(236, 239, 146), 62.0
(270, 199, 205), 72.0
(224, 172, 190), 72.0
(218, 186, 174), 60.0
(250, 218, 214), 68.0
(265, 197, 191), 46.0
(258, 234, 237), 57.0
(240, 265, 251), 72.0
(143, 288, 200), 84.0
(124, 204, 200), 76.0
(142, 223, 194), 66.0
(153, 288, 207), 56.0
(146, 226, 220), 56.0
(132, 142, 152), 36.0
(163, 212, 199), 56.0
(114, 208, 215), 54.0
(213, 220, 258), 62.0
(231, 107, 298), 46.0
(136, 288, 186), 54.0
(264, 191, 206), 74.0
(221, 281, 182), 78.0
(258, 214, 232), 66.0
(250, 95, 224), 50.0
(255, 217, 176), 62.0
(244, 279, 183), 62.0
(271, 201, 192), 74.0
(222, 274, 242), 80.0
(215, 207, 218), 70.0
(226, 274, 275), 71.0
(234, 254, 238), 60.0
(151, 290, 197), 52.0
(221, 281, 180), 60.0
(286, 271, 227), 66.0
(204, 285, 167), 60.0
(277, 294, 241), 43.0
(227, 230, 207), 60.0
(211, 282, 171), 58.0
(194, 299, 188), 83.0
(197, 296, 187), 74.0
(126, 212, 190), 72.0
(219, 263, 202), 62.0
(223, 274, 162), 78.0
(207, 204, 212), 66.0
(221, 293, 176), 61.0
(231, 223, 194), 52.0
(263, 208, 233), 62.0
(235, 286, 183), 72.0
(244, 20, 266), 60.0
(211, 299, 196), 83.0
(192, 276, 198), 70.0
(215, 291, 187), 66.0
(213, 299, 159), 59.0
(266, 299, 202), 48.0
(206, 280, 220), 72.0
(254, 216, 192), 66.0
(144, 289, 244), 74.0
(228, 226, 229), 60.0
(262, 181, 195), 78.0
(256, 199, 214), 68.0
(228, 294, 223), 40.0
(221, 164, 198), 76.0
(238, 284, 188), 60.0
(272, 286, 185), 68.0
(218, 272, 179), 69.0
(249, 188, 208), 60.0
(209, 194, 163), 60.0
(224, 269, 201), 72.0
(240, 290, 180), 71.0
(281, 298, 193), 72.0
(215, 218, 152), 66.0
(261, 277, 196), 74.0
(201, 279, 186), 66.0
(224, 285, 167), 60.0
(231, 210, 284), 44.0
(255, 177, 210), 80.0
(246, 178, 212), 72.0
(258, 174, 204), 64.0
(236, 292, 210), 76.0
(170, 52, 216), 56.0
(267, 220, 191), 76.0
(209, 169, 171), 40.0
(252, 187, 201), 68.0
(266, 177, 195), 69.0
(255, 212, 220), 54.0
(261, 184, 205), 62.0
(275, 155, 191), 76.0
(136, 197, 199), 70.0
(217, 86, 236), 44.0
(230, 233, 256), 76.0
(267, 182, 207), 60.0
(294, 203, 186), 58.0
(251, 215, 227), 70.0
(254, 207, 219), 72.0
(258, 214, 181), 64.0
(221, 129, 156), 46.0
(148, 182, 196), 48.0
(183, 200, 211), 80.0
(186, 296, 208), 59.0
(159, 192, 190), 82.0
(177, 192, 191), 84.0
(181, 192, 145), 60.0
(175, 200, 68), 52.0
(194, 190, 5), 54.0
(188, 195, 212), 78.0
(160, 178, 190), 34.0
(167, 187, 251), 57.0
(179, 205, 203), 50.0
(175, 202, 188), 52.0
(196, 289, 176), 72.0
(202, 170, 203), 78.0
(141, 226, 224), 74.0
(161, 298, 182), 49.0
(134, 192, 196), 60.0
(201, 171, 202), 78.0
(186, 242, 218), 66.0
(118, 198, 192), 74.0
(180, 194, 210), 48.0
(191, 187, 199), 78.0
(189, 210, 215), 70.0
(157, 162, 194), 58.0
(196, 196, 198), None
(152, 70, 262), 50.0
(212, 293, 173), 74.0
(148, 283, 184), 66.0
(227, 261, 160), 82.0
(242, 257, 232), 48.0
(199, 253, 163), 62.0
(225, 265, 138), 68.0
(130, 221, 209), 48.0
(227, 246, 168), 57.0
(184, 205, 216), 72.0
(171, 260, 226), 68.0
(216, 230, 166), 62.0
(247, 179, 187), 68.0
(201, 157, 206), 58.0
(235, 288, 177), 78.0
(271, 200, 195), 62.0
(189, 193, 212), 72.0
(205, 170, 201), 82.0
(205, 101, 243), 76.0
(211, 209, 203), 72.0
(205, 115, 189), 62.0
(234, 276, 171), 88.0
(231, 268, 150), 52.0
(219, 280, 178), 69.0
(140, 175, 204), 46.0
(208, 212, 221), 72.0
(198, 175, 203), 72.0
(1, 299, 229), 50.0
(240, 238, 191), 48.0
(194, 165, 199), 69.0
(262, 184, 197), 68.0
(237, 274, 173), 62.0
(228, 187, 210), 67.0
(174, 142, 210), 56.0
(232, 277, 252), 60.0
(203, 174, 200), 60.0
(189, 196, 215), 73.0
(236, 288, 175), 94.0
(242, 289, 170), 63.0
(166, 284, 182), 60.0
(107, 290, 180), 50.0
(152, 294, 173), 66.0
(127, 265, 158), 48.0
(248, 283, 189), 64.0
(236, 205, 182), 56.0
(225, 278, 192), 64.0
(145, 148, 29), 46.0
(244, 260, 162), 68.0
(38, 269, 176), 48.0
(214, 293, 185), 66.0
(227, 249, 155), 72.0
(220, 220, 270), None
(235, 287, 167), 67.0
(14, 201, 194), 38.0
(136, 299, 186), 55.0
(209, 282, 207), 72.0
(232, 19, 197), 78.0
(221, 165, 220), 72.0
(241, 225, 190), 88.0
(245, 228, 190), 84.0
(244, 228, 190), 86.0
(245, 232, 190), 48.0
(238, 227, 185), 58.0
(249, 241, 178), 40.0
(243, 219, 192), 48.0
(239, 234, 185), 65.0
(181, 222, 193), 74.0
(252, 230, 178), 90.0
(244, 229, 176), 48.0
(252, 237, 180), 40.0
(248, 233, 104), 72.0
(256, 224, 188), 44.0
(232, 224, 183), 70.0
(238, 228, 171), 60.0
(157, 294, 179), 81.0
(157, 216, 199), 83.0
(155, 217, 197), 78.0
(156, 214, 188), 74.0
(147, 294, 179), 50.0
(165, 226, 201), 72.0
(170, 294, 178), 74.0
(160, 210, 194), 52.0
(155, 286, 188), 60.0
(145, 217, 190), 50.0
(162, 299, 171), 59.0
(151, 206, 181), 58.0
(140, 211, 200), 65.0
(68, 235, 195), 42.0
(159, 286, 185), 79.0
(239, 276, 170), 74.0
(244, 225, 179), 68.0
(251, 220, 174), 62.0
(165, 232, 195), 74.0
(152, 216, 205), 54.0
(231, 299, 189), 70.0
(139, 291, 182), 64.0
(179, 293, 174), 70.0
(250, 242, 202), 78.0
(215, 280, 189), 54.0
(193, 201, 199), 65.0
(122, 203, 194), 58.0
(243, 136, 258), 70.0
(170, 286, 184), 68.0
(258, 222, 204), 70.0
(237, 210, 167), 72.0
(134, 153, 177), 64.0
(269, 41, 191), 54.0
(261, 230, 199), 38.0
(227, 189, 208), 77.0
(148, 207, 185), 44.0
(235, 291, 182), 65.0
(247, 88, 165), 56.0
(199, 199, 205), None
(240, 292, 177), 55.0
(255, 298, 172), 58.0
(158, 215, 193), 75.0
(266, 225, 196), 75.0
(207, 194, 237), 60.0
(216, 278, 244), 82.0
(212, 220, 249), 74.0
(144, 160, 189), 72.0
(173, 237, 266), 60.0
(215, 227, 186), 73.0
(249, 285, 200), 82.0
(247, 286, 259), 72.0
(206, 281, 196), 66.0
(223, 270, 191), 68.0
(234, 276, 182), 72.0
(229, 289, 202), 64.0
(241, 283, 198), 63.0
(252, 299, 186), 68.0
(152, 288, 188), 54.0
(218, 278, 276), 75.0
(212, 293, 193), 79.0
(161, 271, 175), 68.0
(227, 284, 201), 76.0
(246, 293, 184), 74.0
(204, 216, 193), 58.0
(233, 282, 247), 74.0
(274, 57, 204), 42.0
(243, 209, 180), 84.0
(245, 209, 160), 78.0
(251, 214, 197), 74.0
(239, 208, 189), 55.0
(241, 221, 170), 76.0
(222, 213, 178), 54.0
(230, 1, 181), 48.0
(262, 67, 254), 48.0
(250, 204, 199), 60.0
(236, 246, 181), 66.0
(150, 231, 173), 44.0
(164, 263, 166), 60.0
(232, 294, 175), 78.0
(209, 288, 85), 58.0
(243, 299, 184), 80.0
(258, 114, 210), 62.0
(219, 220, 189), 40.0
(225, 213, 178), 72.0
(197, 276, 168), 58.0
(158, 255, 186), 68.0
(238, 225, 193), 68.0
(216, 288, 237), 68.0
(254, 206, 204), 56.0
(204, 234, 184), 68.0
(243, 196, 215), 68.0
(248, 240, 226), 76.0
(262, 190, 198), 38.0
(234, 216, 194), 69.0
(224, 199, 207), 42.0
(254, 208, 201), 54.0
(247, 78, 192), 68.0
(144, 273, 162), 60.0
(235, 228, 125), 70.0
(150, 285, 175), 53.0
(211, 294, 178), 76.0
(277, 218, 222), 72.0
(230, 202, 232), 48.0
(215, 279, 156), 64.0
(164, 290, 185), 85.0
(176, 282, 188), 51.0
(173, 270, 185), 60.0
(241, 223, 191), 86.0
(240, 235, 188), 58.0
(242, 225, 195), 60.0
(87, 221, 182), 77.0
(167, 211, 191), 46.0
(238, 128, 189), 48.0
(249, 230, 197), 58.0
(166, 222, 182), 60.0
(224, 214, 247), 68.0
(229, 229, 259), None
(244, 237, 172), 56.0
(200, 218, 181), 72.0
(218, 211, 242), 44.0
(155, 289, 194), 79.0
(230, 221, 186), 66.0
(238, 299, 165), 73.0
(192, 244, 174), 66.0
(221, 225, 270), 68.0
(249, 205, 201), 68.0
(162, 215, 34), 36.0
(232, 283, 189), 58.0
(184, 277, 214), 78.0
(244, 290, 205), 70.0
(237, 267, 180), 52.0
(203, 147, 192), 52.0
(143, 231, 198), 48.0
(212, 285, 233), 48.0
Sampler:BoTorchSampler
(284, 170, 229), 68.0
(4, 75, 252), 46.0
(153, 230, 167), 44.0
(85, 70, 137), 64.0
(33, 177, 116), 72.0
(201, 262, 27), 66.0
(262, 105, 31), 52.0
(2, 214, 260), 46.0
(273, 201, 37), 40.0
(183, 233, 22), 42.0
(4, 135, 80), 72.0
(0, 177, 72), 58.0
(11, 78, 91), 60.0
(78, 115, 281), 78.0
(125, 91, 221), 58.0
(99, 60, 224), 44.0
(78, 138, 225), 44.0
(163, 122, 263), 40.0
(45, 67, 22), 90.0
(50, 29, 0), 84.0
(61, 90, 0), 91.0
(71, 87, 23), 66.0
(15, 44, 0), 69.0
(76, 0, 0), None
(78, 0, 0), None
(79, 0, 0), None
(77, 0, 0), None
(75, 0, 0), None
(80, 0, 0), None
(82, 0, 0), None
(81, 0, 0), None
(84, 0, 0), None
(74, 0, 0), None
(83, 0, 0), None
(86, 0, 0), None
(85, 0, 0), None
Sampler:CmaEsSampler
(123, 12, 115), 76.0
(122, 194, 120), 66.0
(174, 58, 105), 62.0
(126, 103, 164), 72.0
(157, 107, 35), 62.0
(201, 240, 102), 70.0
(186, 56, 121), 46.0
(161, 158, 138), 36.0
(132, 103, 121), 62.0
(161, 165, 127), 66.0
(113, 160, 103), 56.0
(90, 150, 145), 38.0
(180, 118, 110), 40.0
(172, 151, 122), 58.0
(95, 127, 155), 52.0
(136, 140, 131), 38.0
(160, 166, 155), 60.0
(178, 186, 134), 60.0
(177, 170, 91), 40.0
(193, 195, 113), 64.0
(166, 200, 104), 64.0
(141, 232, 110), 40.0
(204, 228, 164), 68.0
(154, 169, 91), 40.0
(197, 244, 110), 52.0
(190, 207, 84), 54.0
(179, 245, 90), 48.0
(179, 247, 114), 58.0
(184, 200, 127), 74.0
(197, 164, 60), 48.0
(251, 246, 89), 44.0
(219, 269, 111), 46.0
(133, 176, 120), 56.0
(158, 246, 80), 46.0
(197, 265, 135), 64.0
(193, 279, 135), 68.0
(189, 229, 155), 44.0
(190, 249, 117), 64.0
(177, 283, 105), 48.0
(222, 272, 192), 74.0
(233, 192, 84), 60.0
(215, 208, 175), 76.0
(138, 233, 99), 73.0
(123, 205, 169), 52.0
(185, 196, 135), 50.0
(147, 181, 130), 78.0
(131, 171, 112), 59.0
(267, 217, 116), 74.0
(284, 262, 185), 70.0
(172, 95, 183), 48.0
(152, 115, 77), 77.0
(217, 194, 144), 60.0
(153, 169, 141), 48.0
(162, 133, 61), 50.0
(204, 124, 84), 32.0
(194, 191, 100), 42.0
(172, 137, 101), 46.0
(161, 205, 144), 74.0
(157, 135, 143), 58.0
(138, 128, 118), 60.0
(193, 173, 95), 44.0
(148, 132, 66), 54.0
(120, 64, 62), 70.0
(140, 68, 79), 48.0
(109, 101, 132), 68.0
(131, 144, 118), 50.0
(121, 141, 113), 56.0
(110, 85, 97), 44.0
(113, 40, 68), 76.0
(225, 184, 180), 64.0
(198, 196, 180), 66.0
(154, 117, 81), 66.0
(199, 106, 106), None
(109, 168, 178), 42.0
(141, 49, 116), 60.0
(139, 165, 143), 52.0
(68, 10, 96), 76.0
(40, 9, 31), 69.0
(93, 85, 76), 70.0
(88, 3, 16), 53.0
(63, 39, 3), 70.0
(7, 79, 101), 46.0
(100, 41, 150), 64.0
(82, 57, 108), 40.0
(125, 136, 107), 50.0
(97, 9, 110), 60.0
(54, 44, 48), 56.0
(7, 62, 56), 56.0
(61, 46, 42), 90.0
(166, 153, 70), 44.0
(123, 17, 96), 80.0
(213, 111, 155), 46.0
(96, 20, 203), 54.0
(91, 36, 57), 72.0
(51, 62, 74), 54.0
(103, 16, 53), 64.0
(119, 39, 127), 62.0
(101, 82, 54), 58.0
(130, 16, 83), 48.0
(178, 112, 71), 59.0
(110, 48, 67), 80.0
(109, 0, 66), 92.0
(102, 13, 97), 64.0
(74, 0, 39), 67.0
(136, 59, 87), 56.0
(172, 118, 101), 54.0
(92, 57, 12), 58.0
(117, 31, 47), 68.0
(149, 79, 76), 60.0
(145, 12, 107), 82.0
(63, 10, 53), 70.0
(151, 115, 113), 62.0
(137, 15, 61), 60.0
(102, 46, 63), 66.0
(86, 17, 103), 52.0
(126, 40, 79), 60.0
(133, 1, 74), 60.0
(141, 78, 105), 60.0
(136, 31, 94), 80.0
(153, 69, 56), 56.0
(113, 28, 112), 53.0
(98, 12, 62), 48.0
(123, 15, 91), 57.0
(107, 25, 45), 72.0
(173, 74, 116), 56.0
(116, 22, 80), 60.0
(153, 71, 86), 68.0
(132, 22, 80), 54.0
(115, 37, 30), 70.0
(119, 31, 75), 76.0
(151, 63, 106), 76.0
(168, 21, 71), 48.0
(99, 11, 53), 78.0
(134, 37, 41), 72.0
(134, 109, 59), 76.0
(99, 2, 23), 65.0
(110, 35, 64), 48.0
(130, 17, 87), 58.0
(131, 33, 86), 56.0
(75, 24, 31), 54.0
(98, 10, 46), 68.0
(111, 30, 45), 66.0
(134, 48, 71), 74.0
(107, 56, 46), 62.0
(123, 33, 51), 52.0
(127, 46, 90), 60.0
(127, 44, 69), 52.0
(141, 107, 101), 70.0
(94, 1, 53), 64.0
(122, 91, 68), 80.0
(116, 64, 66), 52.0
(126, 55, 78), 70.0
(107, 40, 70), 62.0
(130, 59, 59), None
(122, 77, 40), 77.0
(155, 94, 125), 50.0
(127, 37, 78), 80.0
(135, 77, 83), 70.0
(167, 131, 122), 58.0
(111, 91, 74), 56.0
(111, 72, 52), 60.0
(127, 99, 86), 52.0
(121, 72, 69), 72.0
(132, 114, 73), 49.0
(130, 44, 99), 44.0
(98, 55, 27), 74.0
(124, 79, 65), 58.0
(118, 40, 73), 50.0
(129, 80, 71), 52.0
(109, 58, 46), 48.0
(115, 63, 60), 68.0
(118, 36, 67), 78.0
(103, 49, 62), 72.0
(120, 47, 69), 82.0
(115, 49, 67), 74.0
(92, 53, 26), 61.0
(89, 64, 31), 50.0
(116, 86, 60), 60.0
(103, 75, 30), 64.0
(132, 76, 87), 58.0
(110, 15, 48), 54.0
(126, 54, 73), 74.0
(112, 87, 50), 62.0
(123, 25, 66), 72.0
(102, 10, 56), 50.0
(125, 58, 81), 62.0
(152, 50, 71), 82.0
(113, 44, 57), 64.0
(141, 46, 94), 74.0
(115, 50, 81), 54.0
(115, 39, 73), 83.0
(134, 41, 85), 64.0
(111, 42, 51), 60.0
(139, 62, 78), 54.0
(132, 45, 70), 82.0
(126, 42, 64), 74.0
(113, 38, 49), 66.0
(118, 52, 62), 48.0
(114, 6, 78), 76.0
(138, 66, 62), 46.0
(126, 40, 85), 70.0
(136, 54, 88), 70.0
(114, 35, 61), 82.0
(129, 27, 69), 60.0
(109, 32, 64), 48.0
(135, 42, 83), 78.0
(122, 4, 80), 68.0
(120, 49, 69), 64.0
(106, 13, 51), 80.0
(130, 7, 78), 52.0
(119, 32, 74), 74.0
(124, 29, 72), 78.0
(117, 39, 69), 67.0
(111, 22, 56), 52.0
(121, 35, 64), 68.0
(130, 41, 87), 72.0
(109, 31, 57), 74.0
(121, 52, 68), 72.0
(101, 21, 36), 74.0
(110, 11, 56), 66.0
(95, 10, 45), 69.0
(125, 51, 67), 74.0
(118, 60, 56), 56.0
(101, 38, 49), 40.0
(118, 24, 65), 82.0
(110, 9, 62), 70.0
(107, 31, 55), 88.0
(108, 12, 64), 48.0
(106, 34, 50), 64.0
(126, 41, 66), 56.0
(115, 25, 59), 79.0
(120, 36, 62), 56.0
(124, 36, 72), 54.0
(117, 41, 69), 38.0
(125, 38, 78), 80.0
(122, 39, 74), 59.0
(113, 36, 52), 62.0
(128, 34, 72), 84.0
(111, 36, 57), 74.0
(111, 28, 61), 72.0
(116, 32, 58), 70.0
(121, 20, 65), 64.0
(127, 25, 74), 56.0
(132, 40, 73), 58.0
(120, 32, 67), 78.0
(108, 22, 49), 54.0
(118, 41, 60), 50.0
(121, 30, 62), 72.0
(122, 22, 66), 66.0
(122, 24, 68), 76.0
(108, 21, 51), 62.0
(111, 28, 51), 62.0
(121, 45, 63), 60.0
(131, 37, 78), 64.0
(129, 31, 72), 68.0
(117, 15, 61), 60.0
(151, 34, 95), 60.0
(108, 18, 51), 78.0
(121, 36, 71), 40.0
(124, 28, 71), 66.0
(128, 20, 75), 58.0
(115, 16, 57), 76.0
(101, 11, 42), 74.0
(125, 22, 66), 66.0
(124, 21, 65), 86.0
(109, 7, 59), 58.0
(127, 39, 76), 65.0
(116, 8, 58), 70.0
(117, 20, 60), 71.0
(119, 21, 64), 68.0
(103, 18, 39), 56.0
(114, 15, 56), 80.0
(117, 15, 49), 72.0
(120, 17, 57), 68.0
(129, 40, 67), 64.0
(124, 28, 64), 78.0
(131, 23, 70), 68.0
(127, 30, 65), 52.0
(129, 28, 77), 54.0
(116, 24, 54), 74.0
(126, 29, 67), 76.0
(109, 1, 44), 87.0
(112, 2, 51), 66.0
(119, 12, 47), 70.0
(114, 12, 41), 72.0
(121, 15, 59), 58.0
(118, 7, 53), 80.0
(112, 12, 51), 72.0
(123, 10, 68), 70.0
(122, 23, 63), 60.0
(108, 19, 46), 54.0
(112, 21, 53), 66.0
(109, 3, 34), 54.0
(128, 25, 63), 60.0
(121, 7, 60), 70.0
(142, 32, 79), 54.0
(115, 6, 49), 56.0
(124, 20, 57), 78.0
(123, 25, 71), 64.0
(109, 15, 54), 94.0
(122, 9, 60), 72.0
(119, 14, 69), 82.0
(112, 9, 44), 82.0
(116, 0, 58), 82.0
(116, 23, 72), 52.0
(105, 5, 52), 72.0
(110, 6, 59), 48.0
(108, 5, 59), 60.0
(123, 19, 61), 82.0
(123, 19, 65), 62.0
(127, 6, 63), 60.0
(126, 24, 67), 66.0
(122, 20, 67), 64.0
(113, 10, 62), 72.0
(122, 30, 65), 76.0
(115, 21, 63), 68.0
(121, 20, 59), 71.0
(121, 17, 65), 64.0
(121, 23, 69), 72.0
(115, 19, 59), 73.0
(113, 15, 56), 74.0
(120, 33, 67), 72.0
(135, 29, 78), 72.0
(118, 19, 63), 74.0
(130, 31, 68), 48.0
(114, 27, 60), 70.0
(117, 13, 59), 59.0
(121, 28, 62), 78.0
(119, 20, 66), 60.0
(119, 24, 61), 50.0
(119, 23, 67), 54.0
(119, 13, 60), 56.0
(119, 15, 59), None
(126, 21, 66), 58.0
(117, 23, 65), 72.0
(122, 40, 65), 70.0
(112, 21, 59), 64.0
(120, 33, 66), 72.0
(110, 39, 60), 54.0
(113, 24, 58), 70.0
(123, 28, 65), 78.0
(121, 22, 67), 80.0
(119, 25, 65), 78.0
(114, 23, 61), 76.0
(115, 21, 56), 82.0
(109, 9, 55), 60.0
(123, 29, 71), 88.0
(117, 29, 65), 66.0
(122, 35, 70), 42.0
(121, 36, 68), 46.0
(120, 19, 66), 56.0
(119, 23, 65), 76.0
(120, 19, 61), 56.0
(114, 13, 66), 62.0
(118, 24, 69), 40.0
(115, 17, 64), 84.0
(111, 16, 60), 62.0
(119, 18, 69), 76.0
(120, 29, 64), 72.0
(119, 17, 65), 74.0
(116, 19, 61), 82.0
(107, 0, 56), 65.0
(118, 28, 75), 76.0
(109, 9, 63), 64.0
(115, 12, 60), 64.0
(108, 6, 60), 66.0
(113, 16, 63), 68.0
(118, 20, 67), 60.0
(119, 28, 65), 60.0
(115, 18, 74), 84.0
(116, 17, 74), 68.0
(111, 13, 70), 60.0
(110, 18, 70), 58.0
(124, 27, 73), 74.0
(119, 34, 74), 57.0
(120, 27, 76), 64.0
(122, 20, 78), 74.0
(121, 31, 64), 76.0
(122, 23, 77), 72.0
(115, 20, 72), 48.0
(117, 23, 78), 74.0
(115, 27, 71), 64.0
(124, 25, 72), 68.0
(120, 27, 66), 74.0
(125, 34, 67), 72.0
(116, 18, 67), 68.0
(120, 27, 72), 78.0
(121, 24, 65), 72.0
(117, 12, 64), 72.0
(123, 29, 76), 58.0
(117, 23, 64), 86.0
(121, 33, 71), 52.0
(119, 25, 69), 42.0
(114, 23, 67), 62.0
(123, 32, 66), 78.0
(120, 28, 66), 80.0
(112, 24, 60), 78.0
(115, 14, 55), 91.0
(118, 29, 61), 42.0
(123, 33, 67), 76.0
(123, 30, 68), 74.0
(121, 27, 60), 67.0
(125, 27, 69), 76.0
(118, 30, 61), 44.0
(113, 19, 55), 69.0
(117, 31, 51), 66.0
(119, 23, 60), 54.0
(113, 18, 55), 71.0
(114, 22, 60), 70.0
(115, 20, 61), 75.0
(119, 26, 72), 68.0
(119, 22, 67), 54.0
(110, 19, 52), 72.0
(111, 17, 56), 74.0
(110, 22, 51), 56.0
(111, 18, 51), 56.0
(109, 9, 48), 58.0
(113, 14, 60), 74.0
(113, 16, 58), 72.0
(110, 15, 52), 72.0
(113, 16, 56), 68.0
(109, 24, 55), 48.0
(112, 13, 53), 70.0
(107, 14, 54), 88.0
(110, 13, 62), 58.0
(103, 5, 41), 90.0
(115, 16, 55), 73.0
(114, 22, 66), 66.0
(105, 15, 60), 76.0
(112, 14, 52), 60.0
(110, 14, 57), 76.0
(108, 16, 48), 62.0
(112, 23, 56), 58.0
(104, 7, 45), 70.0
(99, 3, 38), 74.0
(101, 7, 52), 70.0
(101, 4, 38), 70.0
(105, 8, 46), 74.0
(96, 3, 37), 82.0
(118, 23, 50), 40.0
(107, 12, 46), 60.0
(105, 12, 56), 70.0
(95, 2, 38), 80.0
(112, 17, 67), 66.0
(97, 3, 37), 74.0
(114, 19, 54), 81.0
(91, 1, 36), 54.0
(109, 24, 57), 48.0
(105, 18, 55), 72.0
(106, 13, 53), 82.0
(108, 26, 55), 60.0
(111, 15, 57), 72.0
(107, 14, 50), 78.0
(105, 16, 58), 78.0
(104, 14, 50), 56.0
(106, 13, 50), 68.0
(97, 5, 38), 74.0
(100, 12, 41), 76.0
(113, 25, 62), 82.0
(111, 22, 58), 54.0
(121, 31, 74), 62.0
(103, 8, 45), 78.0
(113, 29, 61), 78.0
(124, 36, 66), 70.0
(94, 4, 41), 76.0
(111, 23, 66), 82.0
(108, 18, 55), 80.0
(110, 27, 65), 78.0
(116, 28, 71), 58.0
(111, 27, 67), 80.0
(115, 35, 73), 68.0
(105, 16, 57), 76.0
(106, 11, 50), 66.0
(109, 19, 55), 77.0
(90, 1, 37), 44.0
(115, 30, 68), 86.0
(115, 32, 67), 78.0
(108, 20, 55), 58.0
(113, 28, 70), 74.0
(119, 35, 77), 68.0
(114, 34, 69), 66.0
(107, 22, 68), 56.0
(121, 39, 76), 66.0
(120, 35, 73), 62.0
(110, 22, 62), 68.0
(119, 38, 73), 72.0
(108, 24, 58), 56.0
(114, 23, 63), 70.0
(113, 35, 68), 60.0
(129, 53, 91), 86.0
(116, 29, 64), 64.0
(117, 35, 75), 64.0
(122, 43, 81), 74.0
(111, 25, 62), 80.0
(116, 33, 69), 70.0
(133, 56, 99), 60.0
(114, 26, 66), 74.0
(127, 50, 86), 48.0
(135, 64, 103), 70.0
(119, 43, 80), 50.0
Sampler:TPESampler
(294, 126, 215), 44.0
(30, 162, 227), 46.0
(216, 27, 106), 50.0
(117, 49, 248), 36.0
(77, 181, 7), 50.0
(195, 37, 238), 80.0
(52, 220, 157), 52.0
(184, 137, 175), 52.0
(122, 48, 119), 50.0
(45, 252, 190), 72.0
(245, 86, 295), 50.0
(2, 252, 297), 50.0
(165, 259, 193), 67.0
(88, 5, 66), 86.0
(124, 6, 42), 86.0
(102, 0, 40), None
(127, 89, 67), 72.0
(79, 1, 73), 58.0
(152, 89, 0), 70.0
(85, 70, 109), 52.0
(144, 293, 40), 52.0
(189, 32, 74), 44.0
(243, 20, 129), 66.0
(208, 62, 44), 70.0
(178, 0, 255), 50.0
(148, 104, 90), 46.0
(254, 35, 140), 38.0
(98, 19, 34), None
(209, 63, 157), 52.0
(272, 116, 265), 72.0
(140, 40, 214), 42.0
(113, 82, 69), 64.0
(282, 116, 277), 76.0
(293, 168, 240), 56.0
(225, 200, 279), 58.0
(298, 17, 222), 36.0
(54, 141, 276), 38.0
(64, 115, 24), 78.0
(20, 48, 17), 42.0
(69, 19, 24), 39.0
(66, 55, 98), 76.0
(36, 55, 55), None
(95, 127, 22), 60.0
(128, 105, 235), 64.0
(66, 72, 100), 76.0
(16, 11, 56), 70.0
(63, 46, 86), 58.0
(108, 156, 118), 62.0
(89, 75, 58), 76.0
(161, 180, 178), 66.0
(278, 127, 209), 56.0
(89, 104, 7), 72.0
(131, 34, 53), 70.0
(68, 56, 94), 72.0
(53, 10, 85), 78.0
(29, 1, 286), 64.0
(50, 26, 83), 72.0
(84, 10, 62), 72.0
(194, 144, 250), 72.0
(104, 80, 30), 78.0
(114, 28, 33), 66.0
(78, 78, 43), None
(107, 9, 12), 97.0
(102, 14, 11), 46.0
(122, 40, 28), 86.0
(169, 6, 31), 48.0
(135, 39, 16), 89.0
(135, 38, 1), 88.0
(138, 36, 4), 76.0
(154, 42, 17), 72.0
(121, 22, 1), 68.0
(131, 31, 14), 56.0
(175, 8, 46), 70.0
(107, 65, 30), 59.0
(118, 26, 23), 38.0
(157, 41, 44), 54.0
(134, 18, 74), 72.0
(145, 52, 37), 64.0
(122, 0, 49), 75.0
(99, 91, 13), 76.0
(108, 64, 1), 80.0
(110, 64, 1), 91.0
(147, 59, 0), 57.0
(139, 45, 7), 68.0
(93, 67, 18), 71.0
(112, 34, 143), 66.0
(124, 23, 9), 66.0
(115, 226, 27), 40.0
(127, 49, 38), 66.0
(238, 15, 166), 46.0
(167, 34, 21), 50.0
(76, 91, 11), 58.0
(198, 6, 196), 66.0
(136, 10, 62), 60.0
(109, 41, 21), 76.0
(83, 29, 109), 60.0
(94, 59, 0), 67.0
(100, 72, 25), 74.0
(56, 22, 83), 80.0
(1, 20, 49), 90.0
(2, 51, 52), 42.0
(35, 20, 35), None
(118, 25, 16), 74.0
(15, 5, 70), 42.0
(59, 38, 7), 68.0
(41, 14, 122), 70.0
(143, 29, 40), 83.0
(9, 31, 80), 72.0
(150, 19, 65), 54.0
(160, 283, 40), 36.0
(142, 25, 60), 82.0
(130, 26, 59), 52.0
(143, 43, 48), 72.0
(125, 14, 76), 72.0
(183, 4, 52), 68.0
(74, 0, 29), 62.0
(107, 22, 41), 71.0
(140, 46, 6), 66.0
(134, 37, 13), 76.0
(150, 31, 65), 50.0
(120, 12, 31), 50.0
(91, 53, 16), 82.0
(88, 64, 20), 76.0
(172, 54, 37), 56.0
(27, 39, 47), 80.0
(113, 18, 5), 76.0
(28, 38, 45), 62.0
(218, 49, 28), 69.0
(127, 30, 54), 80.0
(72, 23, 58), 48.0
(143, 12, 16), 60.0
(0, 59, 11), 38.0
(24, 42, 25), 90.0
(102, 68, 25), 82.0
(21, 44, 24), 60.0
(97, 69, 33), 80.0
(127, 28, 20), 54.0
(108, 83, 0), 85.0
(105, 80, 25), 74.0
(119, 55, 12), 80.0
(83, 47, 36), 50.0
(115, 52, 11), 76.0
(120, 58, 3), 70.0
(46, 33, 15), 68.0
(94, 84, 19), 72.0
(134, 7, 40), 78.0
(98, 71, 32), 74.0
(18, 40, 0), 71.0
(154, 28, 55), 86.0
(162, 95, 7), 74.0
(148, 27, 26), 54.0
(129, 33, 56), 76.0
(155, 66, 1), 60.0
(104, 68, 35), 56.0
(110, 17, 50), 58.0
(138, 30, 70), 64.0
(10, 49, 28), 54.0
(91, 72, 43), 48.0
(26, 40, 48), 78.0
(125, 8, 54), 72.0
(37, 22, 20), 64.0
(10, 61, 7), 70.0
(99, 76, 42), 63.0
(116, 57, 17), 72.0
(120, 53, 12), 84.0
(135, 44, 62), 66.0
(59, 24, 11), 56.0
(111, 13, 23), 60.0
(181, 35, 8), 70.0
(142, 17, 15), 51.0
(123, 39, 48), 52.0
(105, 1, 269), 74.0
(190, 51, 13), 46.0
(117, 55, 33), 71.0
(133, 45, 6), 68.0
(120, 37, 27), 50.0
(104, 64, 163), 46.0
(83, 25, 60), 84.0
(206, 28, 137), 42.0
(83, 208, 67), 52.0
(90, 9, 4), 72.0
(79, 23, 0), 57.0
(153, 32, 60), 62.0
(110, 43, 46), 82.0
(108, 134, 42), 64.0
(114, 52, 14), 70.0
(99, 46, 35), 74.0
(123, 56, 21), 80.0
(5, 40, 47), 56.0
(97, 16, 32), 68.0
(130, 49, 10), 60.0
(93, 63, 38), 64.0
(140, 36, 55), 65.0
(111, 71, 25), 60.0
(102, 75, 18), 68.0
(146, 20, 66), 58.0
(88, 29, 1), 58.0
(109, 39, 51), 74.0
(126, 27, 73), 72.0
(138, 176, 56), 62.0
(116, 5, 57), 72.0
(122, 55, 20), 72.0
(128, 17, 77), 72.0
(130, 46, 7), 74.0
(120, 33, 44), 76.0
(103, 11, 10), 65.0
(23, 42, 244), 78.0
(148, 58, 31), 56.0
(226, 24, 15), 42.0
(112, 46, 201), 50.0
(134, 34, 51), 66.0
(120, 48, 22), 60.0
(110, 63, 0), 83.0
(98, 66, 28), 68.0
(126, 31, 182), 66.0
(46, 21, 0), 77.0
(32, 38, 63), 52.0
(94, 82, 39), 65.0
(108, 62, 6), 66.0
(83, 29, 47), 70.0
(103, 67, 0), 75.0
(115, 59, 7), 81.0
(118, 53, 12), 76.0
(113, 59, 7), 71.0
(51, 42, 5), 74.0
(98, 76, 38), 64.0
(88, 54, 12), 86.0
(87, 49, 52), 78.0
(80, 71, 18), 49.0
(111, 59, 12), 62.0
(159, 56, 26), 72.0
(118, 52, 16), 90.0
(123, 53, 19), 59.0
(106, 61, 5), 70.0
(92, 67, 14), 66.0
(117, 52, 0), 46.0
(132, 0, 57), 60.0
(76, 11, 22), 46.0
(109, 65, 9), 62.0
(99, 62, 14), 66.0
(136, 44, 8), 66.0
(114, 52, 15), 70.0
(71, 156, 64), 68.0
(105, 16, 5), 76.0
(117, 44, 32), 64.0
(124, 57, 0), 75.0
(143, 53, 23), 72.0
(87, 25, 43), 68.0
(127, 37, 18), 58.0
(154, 24, 9), 64.0
(39, 31, 60), 42.0
(12, 37, 48), 75.0
(113, 47, 32), 74.0
(57, 33, 52), 64.0
(105, 41, 23), 76.0
(119, 61, 12), 52.0
(90, 9, 37), 58.0
(101, 71, 29), 90.0
(100, 78, 0), 71.0
(94, 73, 27), 74.0
(146, 48, 16), 60.0
(110, 5, 10), 56.0
(4, 19, 43), 50.0
(105, 67, 285), 48.0
(139, 270, 4), 44.0
(101, 14, 7), 70.0
(130, 41, 28), 68.0
(94, 36, 70), 72.0
(116, 62, 16), 78.0
(121, 57, 99), 54.0
(124, 233, 20), 54.0
(109, 22, 5), 80.0
(110, 119, 12), 72.0
(98, 68, 35), 72.0
(85, 96, 85), None
(149, 87, 27), 50.0
(64, 5, 46), 66.0
(104, 71, 33), 58.0
(133, 78, 21), 60.0
(78, 27, 0), 51.0
(26, 29, 40), 76.0
(129, 50, 24), 52.0
(164, 56, 18), 57.0
(19, 42, 59), 70.0
(140, 49, 12), 58.0
(121, 11, 24), 78.0
(113, 61, 10), 74.0
(96, 21, 31), 58.0
(93, 36, 40), 74.0
(104, 14, 0), 69.0
(101, 69, 16), 40.0
(107, 27, 92), 68.0
(125, 54, 63), 62.0
(133, 45, 10), 74.0
(207, 41, 16), 46.0
(108, 64, 5), 60.0
(253, 77, 31), 72.0
(142, 31, 69), 66.0
(115, 4, 51), 56.0
(126, 51, 56), 66.0
(91, 23, 6), 90.0
(229, 34, 8), 48.0
(88, 23, 5), 70.0
(82, 0, 77), 85.0
(71, 20, 149), 52.0
(84, 17, 78), 74.0
(79, 4, 20), 58.0
(87, 2, 13), 65.0
(156, 0, 46), 56.0
(92, 9, 63), 78.0
(151, 11, 112), 56.0
(83, 0, 27), 73.0
(75, 9, 0), 58.0
(99, 14, 71), 74.0
(90, 45, 17), 51.0
(145, 27, 9), 72.0
(137, 35, 39), 67.0
(118, 8, 52), 76.0
(97, 56, 21), 68.0
(101, 40, 12), 70.0
(112, 46, 26), 80.0
(79, 62, 5), 52.0
(92, 25, 35), 60.0
(120, 16, 130), 58.0
(105, 32, 62), 72.0
(135, 84, 14), 72.0
(169, 51, 0), 48.0
(113, 73, 55), 60.0
(83, 59, 46), 46.0
(96, 37, 18), 64.0
(131, 20, 7), 74.0
(144, 7, 24), 74.0
(108, 44, 67), 68.0
(88, 28, 12), 64.0
(117, 67, 36), 74.0
(124, 108, 29), 54.0
(158, 50, 6), 58.0
(103, 13, 19), 58.0
(66, 57, 41), 60.0
(151, 36, 59), 58.0
(139, 186, 0), 57.0
(93, 42, 219), 48.0
(117, 25, 75), 76.0
(130, 31, 8), 54.0
(102, 65, 12), 80.0
(111, 0, 23), 79.0
(124, 18, 47), 58.0
(87, 51, 16), 70.0
(97, 145, 5), 72.0
(75, 61, 53), 44.0
(108, 6, 33), 60.0
(15, 39, 25), 72.0
(6, 47, 43), 66.0
(0, 73, 12), 80.0
(135, 12, 18), 81.0
(119, 55, 5), 78.0
(138, 13, 29), 72.0
(81, 23, 0), None
(146, 11, 19), 64.0
(102, 32, 55), 46.0
(133, 18, 38), 78.0
(110, 39, 9), 60.0
(94, 81, 62), 62.0
(115, 46, 299), 44.0
(127, 28, 14), 70.0
(88, 54, 50), 84.0
(289, 49, 53), 40.0
(86, 34, 48), 70.0
(70, 22, 231), 38.0
(90, 42, 43), 86.0
(79, 39, 45), 76.0
(85, 43, 68), 66.0
(90, 54, 36), 94.0
(81, 54, 39), 63.0
(91, 62, 32), 60.0
(90, 32, 49), 48.0
(95, 55, 34), 70.0
(73, 5, 59), 59.0
(269, 46, 38), 42.0
(86, 296, 26), 56.0
(81, 52, 43), 76.0
(99, 68, 56), 76.0
(90, 166, 50), 52.0
(94, 19, 40), 72.0
(150, 27, 256), 64.0
(89, 59, 27), 58.0
(76, 48, 44), 48.0
(99, 60, 32), 42.0
(97, 68, 24), 42.0
(33, 43, 48), 50.0
(140, 35, 65), 60.0
(156, 0, 52), 58.0
(164, 7, 74), 70.0
(104, 24, 36), 74.0
(43, 42, 58), 62.0
(83, 52, 0), 73.0
(90, 46, 42), 82.0
(127, 34, 50), 74.0
(86, 57, 36), 76.0
(100, 71, 20), 73.0
(106, 93, 30), 68.0
(95, 61, 12), 64.0
(76, 50, 41), 34.0
(88, 46, 8), 60.0
(123, 136, 55), 72.0
(109, 40, 43), 78.0
(141, 15, 66), 66.0
(66, 63, 21), 70.0
(120, 40, 43), 70.0
(104, 80, 31), 78.0
(112, 52, 6), 68.0
(130, 27, 58), 48.0
(143, 17, 174), 48.0
(149, 6, 14), 48.0
(19, 33, 25), 60.0
(135, 29, 63), 66.0
(118, 24, 49), 40.0
(91, 48, 0), 86.0
(83, 43, 0), 63.0
(10, 0, 4), 68.0
(93, 47, 4), 76.0
(100, 74, 0), 73.0
(93, 66, 11), 74.0
(79, 53, 13), 60.0
(84, 55, 8), 69.0
(100, 9, 17), 56.0
(115, 34, 7), 72.0
(90, 50, 104), 60.0
(79, 43, 36), 64.0
(88, 58, 0), 55.0
(59, 56, 18), 69.0
(130, 14, 77), 72.0
(122, 37, 5), 68.0
(74, 50, 11), 68.0
(108, 39, 48), 66.0
(177, 7, 19), 72.0
(106, 38, 0), 71.0
(144, 20, 69), 64.0
(132, 27, 82), 78.0
(94, 47, 42), 70.0
(87, 127, 36), 62.0
(98, 86, 28), 78.0
(83, 62, 10), 72.0
(72, 55, 14), 66.0
(90, 44, 124), 72.0
(101, 71, 25), 82.0
(103, 77, 29), 50.0
(110, 34, 5), 46.0
(94, 12, 15), 66.0
(125, 67, 20), 68.0
(96, 47, 38), 64.0
(116, 4, 24), 62.0
(82, 56, 6), 66.0
(87, 31, 44), 64.0
(146, 20, 60), 74.0
(79, 39, 53), 83.0
(50, 238, 52), 70.0
(75, 37, 0), 80.0
(80, 30, 9), 72.0
(66, 40, 55), 66.0
(77, 207, 51), 46.0
(119, 13, 33), 70.0
(126, 27, 6), 66.0
(159, 5, 159), None
(84, 39, 0), 87.0
(69, 20, 0), 75.0
(25, 50, 6), 90.0
(32, 51, 7), 52.0
(6, 49, 5), 85.0
(16, 44, 11), 51.0
(7, 49, 14), 46.0
(23, 47, 5), 62.0
(1, 53, 205), 58.0
(8, 41, 10), 67.0
(22, 43, 5), 66.0
(20, 57, 15), 50.0
(38, 36, 0), 60.0
(0, 49, 10), 48.0
(92, 51, 18), 59.0
(13, 45, 6), 78.0
(7, 1, 0), 73.0
(12, 59, 16), 88.0
(29, 155, 18), 82.0
(10, 60, 13), 47.0
(18, 279, 18), None
(0, 60, 22), 71.0
(15, 0, 7), 56.0
(5, 13, 5), None
(11, 9, 12), 57.0
(14, 34, 21), 62.0
(26, 40, 12), 76.0
(2, 193, 0), 47.0
(7, 24, 15), 45.0
(5, 106, 88), 86.0
(6, 109, 80), 72.0
(0, 100, 89), 87.0
(7, 95, 82), 68.0
(13, 86, 71), 68.0
(3, 106, 95), 66.0
Sampler:BoTorchSampler
(55, 121, 201), 42.0
(76, 155, 22), 76.0
(115, 116, 285), 58.0
(177, 205, 118), 50.0
(242, 6, 273), 46.0
(142, 136, 48), 66.0
(158, 283, 243), 78.0
(284, 23, 194), 42.0
(189, 69, 198), 34.0
(280, 9, 182), 50.0
(149, 202, 293), 49.0
(207, 9, 225), 50.0
(102, 121, 230), 78.0
(27, 171, 0), 54.0
(110, 257, 217), 60.0
(215, 94, 242), 38.0
(102, 178, 26), 60.0
(93, 76, 0), 52.0
(187, 171, 247), 52.0
(184, 130, 245), 48.0
(181, 195, 242), 78.0
(201, 145, 236), 62.0
(211, 175, 235), 80.0
(232, 262, 230), 48.0
(108, 35, 83), 44.0
(76, 253, 83), 42.0
(104, 141, 199), 54.0
(119, 71, 285), 46.0
(229, 75, 114), 58.0
(38, 157, 149), 54.0
(87, 156, 245), 42.0
(223, 155, 180), 50.0
(194, 296, 195), 66.0
(47, 81, 161), 78.0
(129, 200, 194), 54.0
(122, 116, 117), 59.0
(247, 34, 92), 80.0
(284, 32, 30), 48.0
(299, 54, 139), 71.0
(137, 8, 18), 68.0
(251, 100, 267), 70.0
(33, 81, 73), 72.0
(205, 134, 127), 44.0
(195, 71, 178), 66.0
(200, 19, 214), 36.0
(234, 143, 227), 74.0
(244, 180, 254), 72.0
(119, 157, 199), 53.0
(232, 263, 145), 66.0
(32, 172, 79), 48.0
(284, 252, 127), 49.0
(65, 97, 54), 74.0
(224, 47, 24), 68.0
(103, 243, 44), 42.0
(37, 117, 64), 70.0
(267, 174, 273), 78.0
(1, 166, 276), 54.0
(256, 167, 274), 81.0
(288, 157, 278), 70.0
(254, 181, 268), 64.0
(43, 140, 77), 54.0
(126, 158, 241), 62.0
(236, 162, 243), 70.0
(292, 158, 236), 76.0
(165, 143, 263), 52.0
(66, 139, 258), 46.0
(299, 136, 256), 70.0
(5, 60, 125), 62.0
(108, 182, 242), 58.0
(105, 183, 242), 76.0
(137, 184, 247), 70.0
(32, 184, 245), 50.0
(152, 184, 244), 50.0
(161, 186, 247), 56.0
(238, 183, 247), 52.0
(293, 167, 201), 60.0
(35, 165, 78), 56.0
(253, 163, 266), 72.0
(49, 157, 122), 56.0
(214, 42, 70), 50.0
(260, 164, 86), 75.0
(120, 171, 240), 53.0
(143, 170, 2), 50.0
(297, 199, 129), 56.0
(23, 180, 80), 75.0
(256, 183, 79), 40.0
(123, 7, 286), 50.0
(131, 227, 94), 74.0
(293, 134, 128), 50.0
(174, 117, 20), 52.0
(138, 28, 69), 60.0
(267, 273, 148), 46.0
(264, 291, 125), 70.0
(235, 194, 6), 52.0
(163, 46, 157), 52.0
(298, 71, 189), 44.0
(8, 195, 27), 76.0
(299, 9, 88), 56.0
(288, 20, 207), 54.0
(240, 282, 253), 70.0
(122, 36, 108), 48.0
(149, 124, 197), 46.0
(155, 218, 50), 60.0
(201, 212, 225), 74.0
(206, 35, 52), 48.0
(203, 250, 284), 64.0
(266, 102, 201), 78.0
(144, 265, 35), 48.0
(49, 206, 277), 44.0
(116, 204, 194), 52.0
(42, 186, 89), 56.0
(52, 274, 208), 48.0
(219, 149, 29), 50.0
(86, 81, 30), 68.0
(31, 286, 146), 46.0
(239, 40, 88), 52.0
(80, 203, 185), 77.0
(281, 260, 140), None
(16, 64, 22), 80.0
(68, 141, 228), 44.0
(219, 197, 178), 68.0
(0, 28, 0), None
(227, 17, 203), 50.0
(140, 177, 210), 40.0
(119, 145, 269), 50.0
(119, 130, 251), 42.0
(0, 27, 0), None
(0, 36, 0), None
(0, 33, 0), None
(0, 37, 0), None
(0, 14, 0), None
(0, 38, 0), None
(58, 163, 201), 54.0
(56, 137, 194), 76.0
(268, 250, 169), 50.0
(71, 267, 226), 52.0
(96, 185, 236), 42.0
(191, 243, 98), 58.0
(0, 17, 0), None
(99, 125, 219), 42.0
(80, 138, 31), 50.0
(0, 24, 0), None
(0, 19, 0), None
(0, 32, 0), None
(171, 297, 47), 73.0
(62, 186, 218), 42.0
(0, 25, 0), None
(142, 281, 191), 62.0
(182, 33, 136), 50.0
(252, 227, 18), 52.0
(290, 155, 162), 66.0
(177, 144, 101), 68.0
(37, 108, 105), 40.0
(175, 125, 185), 42.0
(119, 205, 83), 38.0
(248, 254, 171), 54.0
(254, 82, 156), 46.0
(169, 279, 235), 78.0
(282, 285, 131), 50.0
(158, 140, 246), 54.0
(57, 105, 272), 46.0
(215, 20, 281), 44.0
(31, 66, 279), 56.0
(0, 0, 0), None
(0, 5, 0), None
(156, 174, 153), 67.0
(189, 171, 243), 80.0
(186, 17, 249), 48.0
(209, 219, 140), 42.0
(171, 15, 82), 54.0
(21, 53, 189), 50.0
(0, 8, 0), None
(137, 294, 171), 56.0
(89, 255, 114), 50.0
(251, 124, 65), 56.0
(4, 200, 171), 52.0
(78, 134, 11), 72.0
(200, 7, 66), 66.0
(145, 129, 96), 56.0
(217, 204, 114), 56.0
(49, 24, 239), 54.0
(204, 11, 182), 64.0
(139, 12, 251), 56.0
(0, 15, 0), None
(153, 126, 97), 56.0
(200, 243, 223), 60.0
(190, 204, 145), 66.0
(171, 38, 14), 60.0
(38, 11, 147), 56.0
(77, 262, 86), 44.0
(51, 280, 99), 50.0
(117, 200, 164), 76.0
(281, 247, 130), 50.0
(52, 7, 203), 66.0
(196, 247, 60), 48.0
(22, 168, 225), 46.0
(57, 254, 269), 66.0
(126, 177, 64), 62.0
(291, 197, 235), 78.0
(154, 207, 273), 72.0
(162, 279, 295), 56.0
(137, 220, 35), 48.0
(102, 159, 282), 44.0
(212, 139, 191), 57.0
(21, 57, 289), 44.0
(20, 245, 249), 60.0
(273, 259, 150), 64.0
(234, 233, 8), 48.0
(281, 200, 210), 86.0
(284, 195, 41), 44.0
(152, 22, 288), 44.0
(235, 1, 246), 44.0
(75, 102, 161), 50.0
(191, 36, 42), 48.0
(76, 257, 131), 56.0
(139, 154, 297), 73.0
(41, 108, 191), 54.0
(144, 11, 194), 42.0
(40, 109, 171), 58.0
(210, 140, 63), 58.0
(7, 128, 235), 54.0
(74, 248, 216), 50.0
(281, 56, 196), 39.0
(221, 282, 201), 58.0
(60, 39, 262), 36.0
(46, 204, 9), 76.0
(262, 188, 211), 66.0
(209, 203, 292), 52.0
(105, 109, 268), 46.0
(279, 298, 63), 48.0
(79, 28, 152), 54.0
(67, 70, 250), 40.0
(213, 254, 85), 66.0
(173, 78, 220), 62.0
(214, 248, 218), 68.0
(33, 120, 52), 57.0
(136, 184, 245), 50.0
(142, 99, 48), 52.0
(40, 105, 92), 76.0
(94, 22, 144), 74.0
(238, 26, 100), 54.0
(273, 110, 74), 54.0
(268, 247, 136), 74.0
(274, 201, 131), 52.0
(67, 275, 249), 44.0
(259, 78, 227), 61.0
(3, 259, 224), 38.0
(0, 109, 37), 53.0
(52, 171, 211), 28.0
(14, 113, 251), 56.0
(17, 19, 279), 60.0
(263, 170, 234), 44.0
(252, 47, 188), 46.0
(182, 124, 103), 54.0
(133, 197, 46), 66.0
(12, 140, 3), 72.0
(230, 68, 91), 48.0
(217, 21, 44), 46.0
(12, 182, 190), 44.0
(38, 16, 188), 48.0
(261, 280, 73), 68.0
(20, 240, 284), 73.0
(55, 174, 125), 42.0
(166, 202, 261), 78.0
(286, 117, 112), 54.0
(196, 294, 175), 64.0
(255, 172, 7), 72.0
(79, 42, 49), 32.0
(72, 13, 94), 66.0
(245, 147, 104), 48.0
(94, 106, 6), 70.0
(224, 251, 289), 70.0
(183, 118, 90), 50.0
(147, 288, 154), 42.0
(143, 59, 52), 54.0
(238, 7, 45), 72.0
(269, 123, 85), 72.0
(26, 208, 169), 40.0
(78, 16, 73), 62.0
(0, 257, 269), 46.0
(176, 104, 207), 50.0
(174, 100, 67), 54.0
(105, 38, 232), 50.0
(263, 0, 228), 64.0
(52, 31, 114), 76.0
(66, 127, 208), 62.0
(276, 19, 71), 72.0
(235, 78, 67), 58.0
(164, 0, 252), 50.0
(291, 154, 7), 50.0
(23, 197, 203), 38.0
(269, 69, 1), 42.0
(180, 244, 153), 54.0
(227, 234, 143), 70.0
(230, 70, 286), 42.0
(18, 87, 148), 54.0
(62, 3, 161), 74.0
(125, 26, 56), 80.0
(296, 24, 4), 62.0
(102, 119, 115), 65.0
(53, 74, 104), 70.0
(296, 207, 46), 38.0
(144, 49, 132), 48.0
(279, 232, 33), 68.0
(71, 149, 41), 48.0
(286, 17, 49), 40.0
(194, 162, 118), 50.0
(134, 270, 119), 64.0
(168, 104, 242), 64.0
(89, 245, 139), 46.0
(152, 110, 56), 58.0
(218, 187, 84), 44.0
(275, 132, 93), 40.0
(286, 296, 48), 42.0
(261, 62, 1), 58.0
(273, 234, 68), 47.0
(48, 239, 87), 60.0
(152, 41, 110), 64.0
(11, 36, 13), 65.0
(55, 165, 34), 70.0
(91, 201, 197), 54.0
(293, 12, 67), 44.0
(37, 280, 28), 42.0
(61, 70, 126), 60.0
(265, 284, 244), None
(103, 131, 166), 52.0
(1, 234, 225), 42.0
(62, 179, 206), 42.0
(6, 112, 117), 58.0
(5, 158, 139), 69.0
(153, 248, 233), 60.0
(127, 143, 8), 56.0
(207, 114, 189), 76.0
(221, 86, 95), 46.0
(163, 277, 96), 40.0
(217, 54, 35), 62.0
(100, 70, 209), 36.0
(95, 32, 16), 70.0
(70, 43, 54), 34.0
(23, 299, 48), 53.0
(87, 273, 111), 48.0
(125, 74, 282), 46.0
(238, 147, 272), 64.0
(47, 94, 280), 50.0
(23, 258, 200), 40.0
(129, 21, 159), 50.0
(172, 248, 151), 49.0
(163, 264, 33), 44.0
(182, 184, 246), 66.0
(176, 156, 141), 36.0
(73, 140, 297), 44.0
(159, 96, 136), 61.0
(58, 46, 112), 62.0
(243, 100, 142), 55.0
(154, 136, 70), 55.0
(29, 165, 125), 74.0
(250, 138, 70), 44.0
(2, 283, 91), 46.0
(285, 209, 110), 50.0
(128, 201, 259), 50.0
(185, 157, 295), 72.0
(25, 123, 5), 70.0
(6, 241, 70), 66.0
(75, 153, 241), 48.0
(166, 298, 245), 68.0
(28, 84, 38), 60.0
(265, 203, 45), 66.0
(258, 253, 67), 40.0
(146, 193, 88), 42.0
(79, 256, 282), 44.0
(153, 119, 184), 65.0
(172, 235, 103), 60.0
(270, 85, 74), 44.0
(140, 13, 294), 42.0
(239, 234, 18), 69.0
(84, 2, 96), 80.0
(263, 127, 297), 56.0
(20, 201, 110), 72.0
(28, 158, 26), 50.0
(246, 20, 277), 42.0
(286, 141, 220), 66.0
(23, 13, 20), 66.0
(17, 65, 242), 44.0
(82, 171, 7), 50.0
(286, 254, 183), 72.0
(91, 206, 266), 52.0
(14, 218, 242), 44.0
(124, 224, 229), 68.0
(107, 235, 148), 61.0
(115, 11, 297), 48.0
(154, 204, 175), 52.0
(184, 244, 262), 80.0
(288, 193, 185), 66.0
(270, 56, 120), 46.0
(170, 255, 63), 66.0
(78, 36, 165), 52.0
(2, 296, 187), 54.0
(156, 142, 294), 52.0
(105, 191, 28), 42.0
(109, 9, 62), 64.0
(294, 65, 41), 52.0
(163, 287, 290), 74.0
(53, 85, 2), 80.0
(263, 66, 221), 72.0
(88, 63, 226), 54.0
(117, 226, 22), 42.0
(98, 287, 212), 68.0
(43, 135, 78), 68.0
(263, 46, 55), 46.0
(103, 109, 36), 50.0
(71, 104, 10), 86.0
(93, 239, 143), 48.0
(209, 210, 118), 70.0
(98, 281, 162), 48.0
(296, 157, 137), 48.0
(291, 290, 116), 77.0
(114, 50, 193), 78.0
(296, 20, 297), 49.0
(51, 8, 76), 48.0
(193, 241, 219), 59.0
(169, 80, 268), 52.0
(16, 207, 94), 64.0
(261, 170, 192), 56.0
(94, 257, 264), 54.0
(213, 281, 263), 76.0
(84, 37, 114), 72.0
(263, 134, 230), 60.0
(192, 135, 173), 80.0
(41, 275, 2), 46.0
(212, 66, 286), 48.0
(219, 15, 35), 64.0
(167, 176, 116), 46.0
(212, 244, 180), 70.0
(168, 197, 236), 62.0
(151, 115, 108), 50.0
(154, 115, 189), 72.0
(28, 40, 264), 76.0
(254, 276, 25), 54.0
(156, 191, 38), 56.0
(295, 236, 55), 64.0
(295, 148, 166), 56.0
(201, 69, 211), 36.0
(262, 155, 281), 56.0
(187, 216, 253), 86.0
(140, 4, 21), 70.0
(242, 132, 281), 66.0
(246, 180, 122), 70.0
(293, 197, 290), 72.0
(162, 78, 19), 74.0
(217, 124, 149), 46.0
(272, 196, 289), 74.0
(167, 207, 285), 79.0
(176, 140, 239), 69.0
(53, 185, 91), 72.0
(63, 74, 40), 70.0
(297, 188, 88), 37.0
(9, 287, 167), 38.0
(155, 188, 45), 46.0
(263, 242, 190), 80.0
(42, 171, 254), 66.0
(148, 222, 106), 56.0
(200, 209, 57), 50.0
(295, 237, 37), 54.0
(72, 91, 286), 62.0
(297, 172, 270), 60.0
(149, 230, 203), 46.0
(131, 119, 214), 56.0
(272, 52, 201), 38.0
(227, 31, 188), 58.0
(236, 82, 77), 36.0
(56, 278, 44), 44.0
(214, 268, 211), 50.0
(268, 207, 22), 54.0
(10, 249, 128), 42.0
(284, 274, 196), 72.0
(137, 3, 263), 38.0
(9, 80, 251), 40.0
(239, 194, 57), 52.0
(178, 206, 49), 38.0
(149, 47, 154), 46.0
(249, 249, 48), None
(280, 77, 261), 72.0
(179, 199, 213), 78.0
(250, 198, 97), 82.0
(92, 159, 51), 68.0
(173, 271, 108), 44.0
(102, 153, 243), 48.0
(289, 13, 287), 40.0
(134, 281, 27), 48.0
(225, 220, 72), 46.0
Sampler:CmaEsSampler
(128, 283, 179), 53.0
(185, 105, 124), 78.0
(99, 263, 125), 46.0
(124, 276, 196), 46.0
(155, 174, 146), 52.0
(208, 143, 68), 42.0
(185, 211, 266), 78.0
(138, 100, 142), 72.0
(187, 142, 174), 62.0
(231, 70, 184), 40.0
(226, 133, 212), 64.0
(169, 113, 153), 48.0
(183, 144, 127), 72.0
(180, 159, 157), 85.0
(265, 141, 106), 62.0
(242, 187, 139), 52.0
(227, 186, 146), 78.0
(209, 199, 176), 86.0
(157, 163, 130), 38.0
(147, 125, 154), 66.0
(159, 191, 102), 46.0
(183, 117, 207), 50.0
(150, 256, 154), 58.0
(241, 176, 165), 70.0
(269, 191, 172), 69.0
(216, 276, 174), 76.0
(176, 154, 141), 58.0
(154, 180, 186), 64.0
(174, 155, 190), 72.0
(148, 182, 140), 76.0
(194, 238, 208), 68.0
(246, 259, 162), 56.0
(220, 261, 148), 64.0
(253, 238, 196), 76.0
(192, 216, 242), 52.0
(222, 197, 176), 68.0
(163, 161, 192), 82.0
(204, 222, 188), 90.0
(198, 259, 195), 64.0
(236, 216, 211), 81.0
(187, 190, 168), 46.0
(140, 256, 150), 50.0
(256, 272, 184), 62.0
(216, 185, 202), 66.0
(165, 224, 201), 58.0
(235, 206, 217), 76.0
(171, 228, 199), 62.0
(182, 185, 166), 67.0
(168, 170, 147), 62.0
(176, 113, 154), 66.0
(271, 200, 206), 66.0
(226, 202, 203), 74.0
(219, 154, 211), 71.0
(228, 202, 216), 42.0
(225, 255, 231), 46.0
(150, 103, 169), 51.0
(214, 194, 186), 65.0
(255, 197, 187), 74.0
(194, 172, 232), 50.0
(205, 135, 145), 40.0
(200, 196, 214), 50.0
(237, 194, 176), 84.0
(224, 141, 227), 70.0
(228, 205, 156), 56.0
(255, 146, 128), 60.0
(290, 222, 200), 68.0
(265, 136, 201), 58.0
(229, 184, 190), 73.0
(259, 202, 208), 34.0
(228, 202, 187), 56.0
(275, 236, 175), 74.0
(224, 259, 197), 77.0
(235, 163, 188), 52.0
(279, 242, 158), 71.0
(244, 217, 191), 44.0
(267, 212, 167), 68.0
(220, 172, 172), None
(255, 163, 165), 64.0
(276, 279, 189), 86.0
(239, 287, 193), 70.0
(215, 237, 168), 76.0
(293, 208, 187), 79.0
(218, 204, 219), 50.0
(267, 290, 138), 72.0
(289, 281, 186), 74.0
(267, 266, 203), 82.0
(260, 251, 194), 66.0
(241, 188, 176), 54.0
(257, 210, 188), 80.0
(244, 267, 178), 44.0
(281, 217, 206), 66.0
(265, 212, 180), 74.0
(237, 250, 179), 78.0
(296, 265, 177), 72.0
(235, 181, 208), 52.0
(225, 214, 155), 72.0
(229, 187, 217), 70.0
(267, 227, 177), 76.0
(222, 208, 164), 64.0
(291, 268, 155), 66.0
(275, 262, 180), 74.0
(260, 256, 209), 48.0
(278, 266, 169), 48.0
(292, 268, 184), 74.0
(293, 271, 165), 70.0
(245, 214, 163), 74.0
(256, 247, 198), 76.0
(248, 255, 179), 70.0
(251, 216, 199), 73.0
(280, 255, 196), 66.0
(281, 234, 224), 70.0
(260, 264, 184), 74.0
(264, 244, 177), 69.0
(297, 260, 217), 68.0
(252, 244, 175), 70.0
(256, 270, 200), 42.0
(274, 266, 200), 74.0
(247, 269, 184), 76.0
(279, 280, 204), 90.0
(264, 256, 182), 70.0
(292, 256, 189), 78.0
(273, 267, 191), 52.0
(278, 268, 197), 66.0
(291, 276, 204), 53.0
(286, 278, 193), 72.0
(292, 272, 222), 60.0
(280, 271, 216), 46.0
(265, 243, 193), 77.0
(268, 250, 200), 81.0
(285, 297, 182), 67.0
(272, 273, 206), 73.0
(273, 245, 192), 60.0
(283, 270, 190), 60.0
(237, 248, 184), 52.0
(297, 276, 210), 73.0
(262, 251, 193), 72.0
(273, 260, 199), 50.0
(281, 272, 204), 64.0
(275, 240, 196), 60.0
(275, 246, 196), 68.0
(278, 246, 196), 68.0
(278, 274, 198), None
(288, 262, 197), 45.0
(253, 234, 189), 76.0
(258, 243, 204), 84.0
(292, 268, 208), 64.0
(273, 240, 183), 62.0
(267, 237, 193), 68.0
(260, 237, 199), 50.0
(270, 246, 193), 78.0
(250, 238, 190), 62.0
(271, 255, 198), 74.0
(248, 232, 203), 70.0
(253, 227, 186), 73.0
(252, 218, 199), 79.0
(265, 234, 201), 72.0
(261, 240, 194), 62.0
(242, 210, 188), 64.0
(257, 256, 202), 62.0
(270, 233, 189), 60.0
(242, 216, 197), 52.0
(261, 225, 191), 78.0
(261, 249, 200), 76.0
(251, 228, 201), 68.0
(261, 226, 187), 61.0
(268, 243, 204), 76.0
(261, 222, 194), 82.0
(269, 248, 195), 88.0
(260, 231, 191), 66.0
(246, 216, 188), 54.0
(260, 249, 199), 38.0
(281, 260, 194), 70.0
(279, 260, 202), 83.0
(264, 238, 189), 48.0
(272, 230, 197), 86.0
(272, 243, 196), 64.0
(261, 238, 196), 82.0
(268, 234, 195), 71.0
(272, 243, 200), 72.0
(284, 256, 202), 70.0
(281, 252, 198), 46.0
(266, 246, 197), 69.0
(261, 234, 194), 68.0
(267, 249, 197), 50.0
(277, 244, 196), 72.0
(262, 233, 195), 64.0
(276, 245, 199), 76.0
(263, 228, 198), 40.0
(284, 257, 199), 78.0
(279, 238, 197), 86.0
(281, 249, 196), 46.0
(277, 245, 193), 60.0
(275, 250, 194), 64.0
(267, 230, 196), 54.0
(289, 233, 195), 78.0
(263, 240, 198), 58.0
(294, 252, 202), 56.0
(274, 245, 204), 73.0
(284, 248, 192), 82.0
(296, 232, 187), 82.0
(279, 246, 198), 67.0
(280, 256, 210), 40.0
(298, 261, 200), 72.0
(282, 230, 184), 64.0
(282, 247, 195), 54.0
(282, 259, 194), 83.0
(299, 255, 199), 72.0
(290, 246, 197), 70.0
(269, 242, 194), 66.0
(285, 255, 190), 43.0
(295, 259, 196), 68.0
(282, 257, 197), 72.0
(273, 237, 180), 52.0
(285, 243, 195), 72.0
(271, 226, 195), 74.0
(292, 251, 199), 77.0
(285, 231, 194), 60.0
(284, 217, 196), 66.0
(283, 240, 199), 51.0
(282, 240, 200), None
(294, 239, 189), 86.0
(292, 259, 200), 45.0
(284, 245, 197), 82.0
(290, 266, 195), 76.0
(278, 252, 202), 46.0
(291, 243, 193), 73.0
(299, 240, 193), 73.0
(281, 241, 192), 78.0
(279, 239, 191), 76.0
(279, 241, 193), 73.0
(283, 247, 186), 72.0
(295, 250, 197), 68.0
(285, 246, 196), 74.0
(287, 255, 195), 78.0
(278, 235, 196), 64.0
(287, 241, 195), 61.0
(276, 233, 195), 70.0
(286, 247, 198), 72.0
(284, 242, 194), 74.0
(284, 242, 189), 76.0
(284, 252, 197), 58.0
(288, 243, 196), 51.0
(287, 238, 186), 78.0
(284, 238, 195), 78.0
(286, 241, 190), 84.0
(292, 240, 193), 73.0
(288, 243, 190), 70.0
(289, 238, 186), 74.0
(282, 236, 187), 60.0
(280, 244, 193), 66.0
(282, 228, 192), 82.0
(287, 235, 189), 57.0
(268, 227, 194), 85.0
(285, 234, 186), 62.0
(245, 196, 196), None
(274, 228, 189), 50.0
(293, 240, 194), 75.0
(275, 238, 190), 82.0
(277, 245, 203), 62.0
(263, 221, 192), 76.0
(284, 237, 192), 54.0
(273, 224, 192), 62.0
(261, 228, 195), 60.0
(279, 230, 189), 68.0
(272, 230, 193), 86.0
(278, 241, 194), 84.0
(292, 252, 192), 89.0
(250, 222, 195), 52.0
(279, 230, 185), 58.0
(284, 248, 194), 66.0
(292, 253, 196), 78.0
(280, 237, 191), 52.0
(281, 239, 188), 57.0
(294, 245, 189), 46.0
(290, 249, 198), 87.0
(292, 248, 192), 60.0
(289, 252, 200), 76.0
(297, 259, 198), None
(291, 244, 201), 76.0
(292, 255, 195), 74.0
(280, 251, 204), 76.0
(292, 251, 192), 68.0
(289, 253, 201), 68.0
(283, 249, 197), 42.0
(297, 258, 212), 65.0
(288, 245, 202), 78.0
(292, 258, 201), 39.0
(279, 253, 207), 74.0
(293, 233, 198), 64.0
(299, 255, 197), 72.0
(281, 240, 200), 62.0
(273, 230, 197), 84.0
(276, 225, 203), 64.0
(288, 262, 209), 62.0
(288, 251, 206), 82.0
(291, 256, 201), 43.0
(292, 249, 199), 82.0
(283, 244, 195), 80.0
(274, 239, 203), 70.0
(276, 241, 205), 72.0
(272, 232, 198), 60.0
(279, 247, 204), 50.0
(281, 240, 199), 59.0
(279, 234, 198), 70.0
(280, 236, 195), 88.0
(292, 252, 200), 80.0
(278, 234, 193), 66.0
(287, 248, 200), 75.0
(283, 251, 200), 78.0
(283, 243, 198), 72.0
(288, 238, 200), 43.0
(294, 250, 198), 72.0
(295, 255, 200), 72.0
(287, 246, 198), 84.0
(283, 241, 196), 71.0
(282, 243, 196), 79.0
(287, 238, 192), 62.0
(279, 237, 197), 70.0
(289, 251, 194), 74.0
(286, 248, 196), 59.0
(283, 244, 200), 65.0
(286, 243, 196), 63.0
(285, 245, 196), 75.0
(279, 233, 193), 70.0
(296, 255, 201), 75.0
(288, 251, 202), 78.0
(291, 249, 197), 72.0
(291, 250, 200), 48.0
(289, 246, 195), 74.0
(282, 243, 200), 67.0
(289, 252, 195), 76.0
(289, 249, 199), 68.0
(288, 249, 195), 56.0
(287, 251, 199), 62.0
(292, 257, 202), 49.0
(291, 253, 195), 74.0
(297, 258, 201), 65.0
(289, 249, 200), 64.0
(284, 246, 196), 66.0
(295, 255, 196), 66.0
(292, 256, 193), 66.0
(287, 249, 195), 62.0
(293, 254, 196), 78.0
(286, 244, 199), 61.0
(289, 254, 196), 78.0
(297, 260, 197), 72.0
(292, 253, 195), 74.0
(290, 252, 197), 74.0
(293, 253, 196), 66.0
(296, 257, 195), 78.0
(299, 260, 195), 75.0
(289, 249, 194), 64.0
(291, 254, 195), 70.0
(298, 262, 194), 86.0
(297, 258, 195), 78.0
(297, 256, 193), 74.0
(291, 251, 195), 60.0
(296, 258, 198), 80.0
(294, 261, 196), 64.0
(298, 262, 198), 74.0
(298, 259, 196), 77.0
(291, 253, 192), 60.0
(292, 252, 199), 60.0
(295, 255, 197), 70.0
(296, 259, 193), 75.0
(298, 259, 198), None
(297, 260, 193), 76.0
(289, 249, 198), 66.0
(296, 260, 196), 67.0
(297, 258, 194), 74.0
(299, 262, 194), 81.0
(297, 261, 194), 84.0
(296, 260, 192), 66.0
(297, 257, 194), 72.0
(297, 262, 193), 78.0
(298, 262, 195), 76.0
(298, 261, 195), 70.0
(291, 253, 194), 74.0
(291, 256, 196), 76.0
(297, 260, 192), 60.0
(296, 264, 192), 60.0
(293, 258, 195), 74.0
(291, 256, 195), 82.0
(293, 255, 193), 66.0
(299, 261, 193), 71.0
(298, 264, 198), 74.0
(290, 256, 195), 82.0
(286, 249, 195), 56.0
(290, 257, 196), 90.0
(285, 250, 198), 46.0
(286, 252, 195), 74.0
(288, 252, 195), 76.0
(295, 262, 194), 88.0
(291, 257, 193), 64.0
(289, 257, 199), 76.0
(286, 254, 198), 78.0
(289, 255, 196), 72.0
(297, 263, 194), 82.0
(288, 257, 198), 76.0
(295, 264, 193), 68.0
(298, 267, 196), 76.0
(299, 266, 192), 65.0
(297, 264, 192), 60.0
(295, 260, 195), 66.0
(280, 250, 197), 40.0
(293, 258, 196), 66.0
(290, 259, 192), 58.0
(290, 263, 195), 62.0
(281, 254, 197), 64.0
(288, 254, 198), 78.0
(297, 262, 195), 84.0
(292, 266, 197), 72.0
(299, 265, 194), 79.0
(299, 266, 196), 73.0
(295, 262, 198), 70.0
(291, 262, 195), 62.0
(292, 250, 197), 67.0
(293, 259, 194), 62.0
(295, 261, 196), 72.0
(297, 262, 194), 88.0
(296, 261, 198), 67.0
(298, 261, 194), 88.0
(298, 261, 192), 66.0
(294, 259, 196), 71.0
(291, 255, 195), 74.0
(299, 263, 194), 81.0
(297, 261, 193), 80.0
(294, 260, 196), 62.0
(294, 261, 195), 70.0
(294, 259, 195), 72.0
(295, 261, 195), 70.0
(292, 255, 194), 74.0
(298, 259, 194), 71.0
(299, 260, 194), 87.0
(295, 256, 194), 72.0
(294, 258, 193), 64.0
(295, 258, 195), 72.0
(298, 260, 194), 88.0
(297, 256, 194), 74.0
(296, 258, 195), 86.0
(296, 255, 195), 74.0
(294, 257, 195), 80.0
(298, 259, 195), 79.0
(296, 260, 195), 78.0
(291, 252, 195), 76.0
(295, 256, 195), 86.0
(295, 257, 195), 70.0
(296, 259, 195), 74.0
(290, 250, 195), 64.0
(295, 255, 194), 92.0
(294, 254, 195), 64.0
(294, 256, 195), 76.0
(291, 254, 196), 78.0
(296, 255, 193), 82.0
(298, 259, 193), 65.0
(294, 256, 194), 74.0
(292, 251, 194), 73.0
(294, 253, 195), 77.0
(297, 255, 192), 86.0
(295, 255, 195), 74.0
(294, 255, 194), 74.0
(296, 256, 194), 68.0
(298, 256, 192), 80.0
(296, 254, 194), 76.0
(296, 256, 192), 66.0
(299, 258, 193), 66.0
