Sampler:TPESampler
(59, 98, 64), None
(94, 98, 10), None
(42, 91, 67), 26.0
(88, 56, 8), 29.0
(86, 41, 31), 30.0
(14, 47, 85), 26.0
(91, 44, 39), 32.0
(54, 49, 50), 20.0
(43, 76, 35), 28.0
(91, 72, 27), 27.0
(70, 6, 97), None
(74, 25, 34), 28.0
(99, 32, 22), None
(75, 29, 50), 28.0
(3, 9, 45), None
(31, 63, 16), 26.0
(64, 40, 69), 24.0
(83, 22, 2), 30.0
(82, 14, 1), 31.0
(79, 16, 0), 30.0
(64, 10, 17), 26.0
(85, 39, 38), 30.0
(97, 36, 43), None
(81, 20, 1), 30.0
(69, 17, 10), 32.0
(68, 1, 14), 30.0
(50, 15, 58), 34.0
(34, 59, 58), 30.0
(48, 2, 75), 26.0
(57, 30, 57), None
(25, 18, 75), 26.0
(61, 14, 22), 38.0
(53, 13, 24), 30.0
(63, 25, 58), 24.0
(41, 6, 8), None
(49, 45, 28), 36.0
(49, 54, 40), 26.0
(58, 90, 30), 24.0
(43, 68, 21), 29.0
(19, 47, 53), 29.0
(33, 45, 45), None
(51, 33, 12), 31.0
(69, 54, 33), 26.0
(91, 81, 27), 28.0
(45, 25, 19), 28.0
(75, 6, 64), None
(60, 43, 27), 32.0
(60, 43, 29), 30.0
(55, 50, 37), 28.0
(38, 35, 6), None
(72, 27, 92), 26.0
(60, 21, 25), 38.0
(60, 51, 33), 44.0
(38, 60, 24), 30.0
(61, 49, 26), 30.0
(48, 66, 33), 25.0
(65, 22, 19), 30.0
(79, 12, 48), 26.0
(54, 16, 10), 32.0
(54, 8, 17), 28.0
(46, 15, 6), None
(66, 38, 41), 30.0
(51, 20, 36), 36.0
(58, 21, 36), 32.0
(52, 30, 22), 28.0
(57, 21, 32), 30.0
(40, 19, 35), 20.0
(50, 3, 50), None
(62, 12, 30), 34.0
(1, 12, 44), 31.0
(62, 4, 30), None
(66, 9, 26), 26.0
(72, 17, 15), 28.0
(68, 24, 22), 30.0
(60, 53, 29), 25.0
(56, 13, 13), None
(45, 28, 39), 34.0
(46, 28, 41), 32.0
(52, 19, 61), 34.0
(45, 32, 55), 26.0
(50, 10, 38), 32.0
(53, 19, 63), 24.0
(43, 24, 68), 32.0
(49, 15, 74), 24.0
(63, 23, 60), 30.0
(36, 18, 71), 37.0
(28, 0, 77), 28.0
(36, 26, 84), 26.0
(41, 18, 47), 34.0
(32, 18, 53), 29.0
(40, 58, 48), 26.0
(47, 11, 72), 24.0
(56, 14, 81), 28.0
(52, 8, 62), 24.0
(43, 20, 65), 36.0
(36, 35, 66), 28.0
(30, 20, 70), 23.0
(44, 26, 43), 32.0
(8, 6, 66), None
(42, 30, 46), 32.0
(37, 22, 39), 32.0
(59, 17, 31), 32.0
(40, 15, 60), 30.0
(47, 52, 24), 28.0
(54, 20, 34), 24.0
(51, 28, 51), None
(64, 46, 56), 25.0
(39, 23, 20), 22.0
(67, 12, 29), 29.0
(58, 56, 60), 24.0
(34, 41, 36), 28.0
(42, 17, 24), 38.0
(45, 18, 25), 26.0
(42, 73, 28), 24.0
(48, 16, 32), 40.0
(48, 14, 31), 36.0
(48, 14, 33), 26.0
(43, 17, 22), 30.0
(61, 7, 18), None
(35, 10, 42), 29.0
(50, 84, 32), 32.0
(52, 21, 27), 30.0
(47, 14, 64), 22.0
(49, 16, 24), 46.0
(56, 11, 31), 30.0
(44, 16, 24), 32.0
(49, 13, 35), 31.0
(54, 5, 26), None
(71, 19, 23), 28.0
(62, 16, 28), 24.0
(41, 10, 20), 37.0
(46, 9, 20), 32.0
(39, 12, 17), 46.0
(38, 3, 16), None
(41, 15, 18), 28.0
(30, 21, 14), 39.0
(23, 23, 14), None
(29, 48, 22), 35.0
(26, 25, 11), 20.0
(33, 98, 20), None
(38, 62, 8), 27.0
(22, 48, 17), 38.0
(25, 51, 15), 36.0
(24, 45, 16), 32.0
(27, 51, 13), 34.0
(18, 50, 17), 32.0
(32, 55, 25), 28.0
(23, 42, 15), 41.0
(19, 43, 15), 30.0
(20, 38, 21), 24.0
(13, 47, 10), 34.0
(20, 20, 18), None
(29, 53, 13), 28.0
(21, 41, 19), 32.0
(31, 49, 4), None
(24, 12, 24), None
(35, 17, 91), 33.0
(14, 43, 15), 32.0
(17, 21, 12), 39.0
(14, 58, 13), 39.0
(16, 59, 8), 43.0
(16, 64, 6), None
(16, 59, 11), 32.0
(12, 56, 9), 28.0
(9, 67, 8), None
(17, 62, 11), 28.0
(23, 57, 6), None
(22, 51, 13), 40.0
(10, 10, 14), None
(21, 70, 12), 38.0
(21, 73, 18), 26.0
(26, 52, 13), 36.0
(22, 16, 12), 37.0
(22, 77, 3), None
(16, 70, 12), 32.0
(18, 65, 17), 26.0
(15, 91, 9), 28.0
(6, 60, 21), None
(12, 77, 12), None
(22, 54, 16), 26.0
(19, 22, 7), None
(27, 18, 70), 33.0
(23, 16, 15), 28.0
(39, 69, 78), 28.0
(20, 12, 19), 28.0
(26, 51, 11), 38.0
(26, 49, 12), 36.0
(24, 54, 10), 30.0
(18, 47, 14), 32.0
(29, 8, 9), None
(21, 14, 4), None
(25, 50, 16), 32.0
(22, 48, 11), 28.0
(25, 57, 22), 40.0
(31, 58, 23), 34.0
(19, 61, 19), None
(16, 56, 20), 30.0
(14, 18, 22), 26.0
(24, 21, 26), 20.0
(36, 16, 17), 30.0
(26, 52, 14), 32.0
(59, 46, 28), 36.0
(59, 46, 27), 30.0
(41, 44, 23), 28.0
(64, 20, 21), 28.0
(61, 13, 29), 30.0
(22, 55, 25), 28.0
(28, 53, 13), 26.0
(23, 85, 16), 23.0
(34, 63, 10), 24.0
(18, 45, 27), 37.0
(17, 13, 31), 38.0
(17, 15, 25), 26.0
(19, 10, 33), 26.0
(12, 17, 18), 37.0
(14, 12, 7), None
(11, 58, 18), 33.0
(15, 18, 12), 23.0
(18, 13, 21), 28.0
(13, 16, 19), 39.0
(14, 16, 19), 39.0
(7, 16, 17), None
(21, 19, 99), None
(13, 14, 23), 31.0
(11, 17, 15), 17.0
(13, 23, 19), 32.0
(15, 16, 17), 31.0
(12, 19, 14), 16.0
(18, 41, 25), 26.0
(16, 49, 30), 36.0
(20, 11, 21), 31.0
(11, 15, 19), 20.0
(9, 17, 11), 26.0
(24, 14, 23), 29.0
(16, 22, 27), 33.0
(20, 11, 20), None
(18, 9, 16), 38.0
(17, 7, 15), None
(22, 9, 9), None
(14, 20, 17), 22.0
(20, 13, 14), 39.0
(21, 13, 13), None
(18, 15, 15), None
(25, 12, 17), 22.0
(15, 5, 19), None
(43, 9, 11), 32.0
(13, 18, 22), 30.0
(38, 13, 20), 30.0
(23, 17, 12), 28.0
(20, 15, 15), None
(17, 48, 13), 40.0
(17, 44, 14), 30.0
(19, 60, 24), 32.0
(22, 52, 9), 30.0
(41, 50, 13), 33.0
(17, 48, 32), 36.0
(14, 54, 17), 26.0
(76, 46, 27), 26.0
(57, 21, 10), 34.0
(25, 14, 12), 30.0
(20, 50, 30), 25.0
(11, 57, 16), 34.0
(17, 38, 22), 42.0
(17, 37, 23), 34.0
(15, 40, 18), 24.0
(30, 55, 21), 29.0
(21, 65, 7), None
(18, 34, 25), 30.0
(15, 42, 21), 32.0
(19, 49, 14), 44.0
(19, 48, 14), 37.0
(16, 52, 15), 32.0
(27, 48, 11), 38.0
(25, 47, 9), 30.0
(28, 52, 12), 31.0
(61, 49, 37), 30.0
(26, 50, 6), None
(20, 58, 16), 30.0
(23, 45, 11), 35.0
(27, 71, 13), 26.0
(46, 11, 8), 27.0
(18, 32, 19), 35.0
(64, 75, 10), 42.0
(64, 74, 10), 30.0
(59, 78, 14), 29.0
(67, 75, 4), None
(69, 79, 16), 24.0
(87, 90, 0), 23.0
(96, 68, 11), None
(66, 7, 18), None
(63, 83, 14), 22.0
(55, 25, 9), 27.0
(62, 54, 16), 30.0
(52, 38, 23), 30.0
(50, 81, 13), 34.0
(23, 47, 11), 31.0
(13, 51, 34), 32.0
(17, 13, 22), 32.0
(31, 61, 5), None
(21, 48, 14), 32.0
(19, 56, 18), 36.0
(29, 53, 8), 33.0
(49, 59, 10), 31.0
(5, 49, 20), None
(16, 19, 25), 40.0
(13, 23, 25), 35.0
(15, 19, 16), 35.0
(10, 99, 21), None
(65, 21, 23), 22.0
(16, 43, 13), 28.0
(19, 10, 18), 28.0
(15, 45, 15), None
(17, 14, 28), 38.0
(21, 16, 20), 32.0
(14, 36, 27), 35.0
(24, 51, 7), None
(28, 72, 29), 28.0
(57, 20, 25), 28.0
(25, 26, 11), 20.0
(61, 23, 24), 41.0
(17, 23, 30), 28.0
(57, 20, 22), 30.0
(13, 14, 33), 32.0
(17, 88, 31), 26.0
(61, 18, 25), 30.0
(19, 22, 29), 48.0
(20, 64, 13), 24.0
(11, 31, 16), 40.0
(16, 29, 27), 35.0
(11, 33, 17), 24.0
(8, 27, 9), 30.0
(64, 25, 24), 22.0
(12, 22, 19), 30.0
(14, 16, 34), 32.0
(9, 38, 15), 32.0
(19, 29, 21), 38.0
(48, 24, 26), 44.0
(48, 24, 29), 33.0
(46, 27, 18), 32.0
(53, 22, 14), 28.0
(45, 40, 26), 32.0
(60, 31, 26), 30.0
(51, 24, 23), 39.0
(11, 35, 23), 39.0
(50, 25, 24), 43.0
(50, 25, 23), 40.0
(49, 95, 24), 26.0
(49, 26, 28), 38.0
(51, 24, 22), 40.0
(52, 24, 23), 38.0
(47, 28, 26), 34.0
(55, 36, 22), 30.0
(51, 25, 24), 41.0
(51, 31, 26), 32.0
(54, 25, 24), 29.0
(51, 26, 24), 34.0
(48, 26, 28), 32.0
(53, 23, 26), 28.0
(5, 29, 22), None
(50, 23, 21), 38.0
(47, 28, 24), 30.0
(44, 24, 20), 30.0
(50, 24, 25), 43.0
(53, 26, 28), 29.0
(50, 30, 25), 36.0
(48, 22, 22), None
(51, 27, 26), 32.0
(46, 21, 30), 34.0
(52, 24, 24), None
(48, 25, 21), 24.0
(54, 28, 22), 30.0
(50, 25, 28), 28.0
(49, 22, 26), 36.0
(55, 32, 24), 27.0
(48, 39, 29), 30.0
(44, 20, 20), None
(46, 22, 27), 29.0
(52, 27, 24), 34.0
(2, 20, 32), 32.0
(56, 25, 25), None
(50, 29, 20), 30.0
(53, 36, 27), 36.0
(47, 42, 31), 29.0
(68, 22, 20), 32.0
(54, 36, 22), 30.0
(49, 27, 29), 38.0
(58, 33, 23), 26.0
(52, 24, 26), 34.0
(47, 20, 18), 38.0
(45, 22, 25), 26.0
(63, 19, 18), 26.0
(51, 25, 23), 40.0
(55, 27, 27), None
(50, 25, 22), 44.0
(50, 30, 22), 37.0
(49, 27, 25), 42.0
(53, 26, 25), 33.0
(48, 28, 28), None
(49, 25, 24), 38.0
(46, 31, 26), 30.0
(49, 29, 36), 30.0
(47, 23, 30), 36.0
(0, 26, 28), 20.0
(50, 27, 21), 38.0
(56, 30, 26), 30.0
(90, 26, 22), 28.0
(51, 23, 24), 41.0
(44, 95, 25), 28.0
(52, 23, 93), 24.0
(54, 24, 24), None
(70, 28, 53), 28.0
(52, 22, 22), None
(59, 21, 32), 32.0
(66, 24, 29), 28.0
(53, 27, 27), None
(74, 21, 25), 26.0
(43, 19, 27), 35.0
(51, 23, 2), 34.0
(48, 23, 39), 28.0
(51, 26, 20), 40.0
(57, 56, 19), 34.0
(55, 25, 23), 28.0
(53, 25, 23), 27.0
(45, 44, 29), 32.0
(51, 29, 19), 37.0
(49, 33, 21), 28.0
(50, 28, 21), 30.0
(54, 53, 19), 34.0
(47, 87, 25), 28.0
(52, 26, 21), 28.0
(63, 31, 6), None
(46, 19, 31), 30.0
(51, 27, 24), 34.0
(57, 46, 21), 38.0
(48, 50, 26), 36.0
(55, 24, 23), 28.0
(49, 29, 17), 34.0
(50, 21, 25), 44.0
(60, 22, 20), 41.0
(59, 20, 34), 24.0
(61, 22, 24), 36.0
(59, 22, 20), 24.0
(61, 21, 27), 30.0
(49, 24, 28), 42.0
(45, 42, 29), 26.0
(63, 67, 27), 26.0
(53, 19, 25), 28.0
(66, 23, 26), 30.0
(43, 19, 31), 28.0
(47, 63, 28), 30.0
(50, 24, 20), 40.0
(49, 26, 24), 46.0
(49, 27, 31), 32.0
(46, 23, 29), 35.0
(56, 26, 22), 28.0
(60, 21, 26), 32.0
(48, 22, 35), 22.0
(47, 23, 28), 32.0
(52, 26, 24), 34.0
(53, 28, 24), 30.0
(46, 21, 32), 31.0
(48, 24, 20), 20.0
(65, 18, 28), 29.0
(77, 39, 8), 37.0
(50, 23, 22), 35.0
(57, 31, 17), 30.0
(42, 25, 25), None
(51, 28, 24), 34.0
(53, 25, 22), 31.0
(44, 20, 26), 30.0
(56, 26, 19), 30.0
(63, 45, 23), 27.0
(49, 18, 30), 35.0
(55, 24, 26), 29.0
(49, 22, 20), 22.0
(85, 24, 23), 23.0
(45, 81, 30), 28.0
(48, 27, 28), 36.0
(4, 30, 25), None
(82, 19, 26), 28.0
(54, 21, 24), 30.0
(51, 29, 21), 30.0
(50, 21, 27), 38.0
(68, 22, 25), 36.0
(62, 41, 32), 34.0
(40, 48, 16), 36.0
(7, 28, 18), None
(59, 25, 23), 36.0
(48, 17, 44), 28.0
(50, 24, 21), 42.0
(46, 23, 22), 30.0
(54, 24, 22), 28.0
(50, 25, 19), 28.0
(52, 27, 20), 28.0
(65, 34, 5), None
(45, 21, 49), 22.0
(58, 27, 18), 34.0
(54, 23, 27), 26.0
(61, 19, 25), 30.0
(50, 26, 21), 36.0
(47, 20, 25), 28.0
(72, 24, 22), 28.0
(49, 31, 18), 35.0
(52, 25, 24), 34.0
(47, 29, 19), 38.0
(55, 34, 28), 28.0
(48, 22, 33), 23.0
(38, 59, 20), 30.0
(52, 32, 17), 30.0
(57, 39, 15), 26.0
(51, 23, 27), 32.0
(42, 18, 29), 37.0
(49, 25, 23), 34.0
(50, 27, 24), 32.0
(53, 61, 20), 30.0
(19, 20, 26), 32.0
(36, 29, 22), 28.0
(44, 29, 38), 33.0
(54, 23, 17), 27.0
(61, 20, 25), 36.0
(46, 31, 28), 34.0
(64, 22, 21), 24.0
(9, 37, 24), 35.0
(52, 26, 85), 24.0
(58, 42, 9), 28.0
(48, 23, 12), 25.0
(67, 21, 27), 28.0
(50, 56, 41), 32.0
(33, 25, 23), 32.0
(45, 28, 30), 20.0
(47, 18, 30), 29.0
(50, 66, 20), 24.0
(48, 43, 8), 28.0
(56, 24, 22), 26.0
(16, 19, 29), 33.0
(62, 75, 26), 24.0
(59, 21, 25), 28.0
(54, 16, 24), 32.0
(52, 23, 22), 31.0
(19, 18, 27), 28.0
(49, 93, 19), 24.0
(23, 52, 14), 38.0
(43, 26, 46), 28.0
(51, 24, 58), 34.0
(53, 27, 23), 26.0
(56, 57, 20), 24.0
(60, 33, 17), 34.0
(49, 27, 21), 32.0
(46, 21, 25), 32.0
(47, 50, 82), 26.0
(41, 17, 29), 30.0
(64, 29, 11), 28.0
(44, 69, 35), 32.0
(48, 30, 17), 34.0
(50, 26, 3), None
(51, 27, 27), None
(46, 79, 23), 40.0
(53, 24, 24), None
(57, 22, 25), 40.0
(48, 11, 32), 26.0
(55, 25, 27), 26.0
(49, 21, 24), 20.0
(65, 53, 9), 33.0
(50, 23, 27), 30.0
(45, 16, 32), 30.0
(21, 45, 13), 30.0
(17, 20, 25), 18.0
(60, 22, 26), 32.0
(52, 24, 19), 30.0
(55, 28, 22), 30.0
(47, 59, 21), 30.0
(47, 13, 30), 40.0
(58, 22, 25), 38.0
(70, 81, 23), 34.0
(62, 2, 21), 40.0
(52, 25, 28), 30.0
(51, 27, 19), 34.0
(20, 55, 5), None
(15, 19, 28), 40.0
(40, 63, 22), 26.0
(24, 22, 26), 20.0
(49, 24, 20), 20.0
(55, 7, 24), None
(49, 28, 24), 42.0
(44, 29, 28), 30.0
(48, 86, 26), 28.0
(46, 31, 29), 34.0
(49, 30, 26), 30.0
(43, 28, 28), None
(47, 27, 22), 36.0
(45, 30, 26), 32.0
(67, 26, 7), None
(51, 35, 30), 28.0
(49, 33, 25), 36.0
(53, 27, 22), 29.0
(45, 41, 24), 32.0
(51, 25, 27), 36.0
(50, 71, 24), 32.0
(49, 38, 21), 32.0
(64, 23, 17), 26.0
(62, 21, 30), 30.0
(42, 26, 27), 30.0
(48, 28, 25), 38.0
(46, 32, 18), 29.0
(53, 26, 74), 26.0
(55, 23, 23), None
(58, 40, 20), 30.0
(48, 29, 52), 31.0
(60, 21, 29), 26.0
(44, 89, 15), 30.0
(47, 26, 26), None
(36, 22, 21), 34.0
(49, 43, 28), 32.0
(52, 27, 27), None
(66, 20, 88), 35.0
(51, 25, 25), None
(50, 30, 19), 30.0
(56, 23, 22), 36.0
(39, 28, 7), None
(53, 26, 21), 31.0
(63, 18, 18), None
(46, 20, 15), 36.0
(33, 32, 31), 28.0
(49, 25, 26), 42.0
(43, 46, 30), 35.0
(48, 84, 28), 34.0
(18, 9, 1), 30.0
(45, 21, 26), 28.0
(73, 27, 25), 26.0
(50, 25, 68), 34.0
(99, 24, 28), None
(49, 28, 26), 34.0
(48, 23, 23), None
(69, 30, 24), 32.0
(46, 26, 11), 32.0
(52, 25, 22), 24.0
(54, 21, 27), 26.0
(47, 29, 29), None
(80, 35, 31), 26.0
(50, 28, 25), 28.0
(58, 24, 23), 36.0
(48, 37, 20), 32.0
(61, 18, 17), 28.0
(52, 22, 55), 24.0
(45, 31, 33), 38.0
(51, 26, 27), 32.0
(42, 23, 25), 36.0
(18, 16, 15), 31.0
(14, 20, 10), None
(49, 28, 28), None
(65, 19, 21), 30.0
(46, 44, 22), 26.0
(56, 25, 24), 38.0
(54, 24, 23), 27.0
(48, 4, 18), None
(49, 23, 29), 41.0
(52, 33, 26), 39.0
(47, 22, 32), 28.0
(44, 39, 30), 20.0
(49, 73, 29), 24.0
(49, 22, 31), 30.0
(47, 26, 34), 34.0
(52, 76, 24), 30.0
(92, 20, 29), 26.0
(20, 47, 6), None
(60, 25, 21), 34.0
(54, 11, 26), 28.0
(44, 15, 29), 26.0
(15, 29, 24), 34.0
(46, 27, 33), 32.0
(51, 61, 24), 34.0
(50, 66, 77), 34.0
(49, 23, 28), 44.0
(49, 23, 31), 26.0
(47, 18, 28), 36.0
(48, 22, 62), 22.0
(44, 19, 13), 26.0
(16, 30, 20), 36.0
(50, 42, 9), 29.0
(46, 25, 27), 30.0
(63, 97, 18), None
(54, 24, 26), 26.0
(38, 14, 31), 34.0
(49, 20, 29), 36.0
(42, 17, 21), 30.0
(47, 32, 27), 30.0
(45, 21, 29), 22.0
(51, 24, 25), 41.0
(53, 20, 22), 28.0
(50, 18, 3), None
(52, 26, 26), None
(50, 69, 24), 34.0
(35, 12, 32), 29.0
(47, 22, 22), None
(20, 44, 36), 30.0
(53, 28, 25), 28.0
(48, 40, 11), 32.0
(18, 49, 30), 37.0
(41, 16, 34), 32.0
(50, 24, 27), 32.0
(51, 21, 26), 38.0
(48, 24, 30), 26.0
(44, 92, 27), 34.0
(22, 35, 15), 33.0
(55, 26, 23), 29.0
(56, 21, 20), 31.0
(68, 19, 21), 27.0
(48, 46, 7), None
(49, 30, 42), 30.0
(46, 21, 28), 34.0
(52, 28, 25), 30.0
(49, 24, 30), 24.0
(53, 26, 23), 28.0
(51, 65, 24), 28.0
(53, 27, 25), 31.0
(47, 17, 22), 38.0
(17, 29, 13), 44.0
(13, 31, 14), 40.0
(17, 29, 11), 34.0
(15, 32, 27), 35.0
(13, 30, 8), 30.0
(77, 27, 10), 28.0
(16, 28, 12), 25.0
(44, 26, 29), 32.0
(3, 30, 12), None
(50, 28, 27), 28.0
(46, 23, 33), 28.0
(18, 25, 32), 26.0
(14, 22, 25), 28.0
(21, 38, 14), 28.0
(19, 34, 14), 26.0
(50, 15, 4), None
(71, 25, 23), 30.0
(48, 23, 9), 44.0
(43, 19, 5), None
(45, 29, 7), None
(48, 8, 10), 39.0
(41, 27, 9), 26.0
(47, 63, 6), None
(47, 23, 11), 31.0
(45, 25, 11), 32.0
(49, 20, 10), 40.0
(11, 31, 9), 40.0
(43, 22, 13), 27.0
(49, 78, 8), 27.0
(52, 25, 8), 34.0
(32, 11, 6), None
(48, 82, 12), 24.0
(16, 27, 16), None
(50, 23, 47), 30.0
(45, 14, 27), 28.0
(47, 29, 17), 35.0
(54, 18, 26), 28.0
(51, 59, 9), 30.0
(46, 21, 50), 30.0
(39, 26, 28), 44.0
(39, 27, 23), 44.0
(37, 31, 19), 26.0
(19, 24, 29), None
(38, 25, 31), 24.0
(40, 27, 28), 30.0
(41, 25, 27), 28.0
(40, 29, 95), 26.0
(39, 32, 13), 32.0
(33, 23, 28), 26.0
(38, 26, 22), 30.0
(36, 20, 16), 26.0
(35, 17, 37), 30.0
(30, 72, 5), None
(38, 22, 65), 30.0
(42, 27, 22), 32.0
(40, 33, 20), 26.0
(36, 29, 23), 34.0
(42, 29, 31), 30.0
(34, 27, 26), 35.0
(0, 20, 19), 39.0
(43, 24, 29), 30.0
(39, 26, 7), None
(32, 22, 10), 30.0
(37, 24, 13), 25.0
(17, 30, 25), 24.0
(16, 57, 21), 30.0
(29, 68, 24), 38.0
(44, 27, 23), 28.0
(13, 9, 17), 29.0
(40, 13, 2), 44.0
(40, 15, 0), 37.0
(36, 11, 5), None
(40, 5, 1), None
(43, 14, 1), 30.0
(33, 17, 3), None
(38, 12, 12), None
(39, 10, 3), None
(35, 13, 3), None
(41, 12, 0), 31.0
(37, 15, 20), 28.0
(42, 13, 5), None
(42, 75, 8), 26.0
(37, 54, 7), None
(45, 8, 28), 30.0
(38, 17, 14), 40.0
(54, 7, 10), None
(34, 33, 1), 37.0
(41, 10, 4), None
(45, 15, 34), 30.0
(47, 79, 32), 28.0
(52, 61, 25), 40.0
(44, 28, 27), 31.0
(49, 19, 30), 35.0
(39, 12, 16), 34.0
(19, 29, 22), 47.0
(51, 22, 18), 32.0
(19, 24, 26), 38.0
(20, 21, 99), None
(22, 31, 16), 42.0
(21, 18, 11), 30.0
(21, 32, 18), 34.0
(18, 14, 8), 40.0
(15, 20, 21), 36.0
(17, 26, 22), 31.0
(27, 16, 31), 35.0
(53, 29, 23), 28.0
(23, 28, 25), 28.0
(18, 34, 12), 28.0
(47, 29, 27), 33.0
(23, 31, 14), 36.0
(22, 31, 15), 46.0
(18, 31, 15), 30.0
(20, 34, 14), 34.0
(15, 36, 18), 31.0
(20, 26, 28), 20.0
(22, 29, 24), 16.0
(24, 30, 15), 29.0
(23, 33, 16), 28.0
(31, 28, 25), 24.0
(20, 23, 19), 24.0
(16, 26, 23), 37.0
(23, 31, 16), 31.0
(18, 27, 71), 30.0
(14, 64, 15), 24.0
(27, 31, 12), 44.0
(25, 35, 12), 33.0
(27, 33, 10), 26.0
(21, 37, 12), 40.0
(24, 30, 12), 39.0
(26, 30, 57), 28.0
(29, 32, 14), 40.0
(19, 33, 17), 36.0
(35, 29, 13), 24.0
(19, 50, 10), 29.0
(40, 31, 40), None
(25, 28, 13), 22.0
(30, 11, 0), None
(37, 19, 30), 27.0
(22, 14, 9), 26.0
(16, 31, 6), None
(34, 86, 10), 28.0
(21, 21, 16), None
(18, 12, 3), None
(16, 34, 7), None
(27, 32, 17), 35.0
(19, 16, 12), 30.0
(39, 28, 88), 33.0
(13, 35, 19), 28.0
(32, 27, 45), 30.0
(12, 26, 21), 42.0
(20, 35, 15), 32.0
(20, 54, 19), 28.0
(14, 59, 19), 38.0
(42, 0, 25), 33.0
(37, 25, 27), 34.0
(18, 23, 35), 26.0
(9, 22, 14), 26.0
(17, 37, 22), 38.0
(41, 28, 24), 32.0
(13, 26, 20), 33.0
(35, 25, 26), 32.0
(45, 9, 32), 31.0
(55, 18, 21), 26.0
(39, 23, 29), 39.0
(51, 6, 18), None
(11, 31, 15), 34.0
(16, 51, 9), 32.0
(12, 26, 2), 29.0
(24, 30, 13), 41.0
(43, 25, 26), 37.0
(15, 55, 23), 26.0
(56, 22, 20), 32.0
(46, 27, 24), 28.0
(48, 29, 26), 33.0
(45, 28, 28), None
(28, 18, 30), 37.0
(17, 61, 11), 32.0
(40, 27, 24), 28.0
(10, 24, 17), 24.0
(12, 14, 21), 40.0
(14, 25, 17), 24.0
(67, 10, 8), 27.0
(18, 33, 23), 26.0
(25, 29, 15), 22.0
(21, 21, 19), None
(12, 16, 11), 30.0
(51, 23, 21), 38.0
(23, 20, 16), 28.0
(9, 30, 14), 24.0
(48, 23, 30), 26.0
(84, 88, 5), None
(22, 33, 15), 31.0
(53, 21, 28), 29.0
(21, 37, 13), 28.0
(10, 26, 22), 30.0
(22, 17, 11), 28.0
(37, 74, 9), 30.0
(25, 31, 13), 39.0
(43, 29, 24), 30.0
(27, 19, 80), 27.0
(17, 12, 11), 30.0
(39, 71, 8), 31.0
(50, 23, 18), 30.0
(7, 57, 16), None
(30, 14, 4), None
(51, 24, 20), 32.0
(23, 20, 17), 24.0
(47, 28, 25), 30.0
(20, 25, 15), 26.0
(35, 70, 12), 30.0
(22, 32, 18), 38.0
(19, 30, 18), 29.0
(55, 66, 7), None
(21, 77, 13), 28.0
(69, 91, 10), 20.0
(46, 22, 32), 26.0
(20, 10, 10), None
(72, 68, 6), None
(14, 27, 22), 28.0
(15, 96, 2), None
(17, 25, 23), 24.0
(53, 24, 26), 30.0
(57, 17, 8), 35.0
(26, 32, 14), 38.0
(17, 52, 26), 34.0
(22, 19, 17), 36.0
(16, 47, 27), 34.0
(48, 26, 26), None
(50, 22, 20), 39.0
(19, 30, 13), 36.0
(33, 21, 8), 28.0
(40, 84, 11), 28.0
(45, 29, 24), 28.0
(19, 56, 23), 30.0
(44, 28, 25), 26.0
(24, 8, 15), 36.0
(5, 24, 31), None
(25, 13, 20), 39.0
(42, 27, 27), None
(17, 34, 22), 24.0
(22, 33, 14), 28.0
(12, 22, 20), 30.0
(35, 80, 8), 30.0
(65, 16, 60), 28.0
(54, 23, 22), 30.0
(14, 25, 21), 34.0
(50, 20, 29), 30.0
(20, 34, 17), 24.0
(37, 13, 10), 24.0
(47, 25, 28), 34.0
(16, 58, 27), 46.0
(17, 61, 27), 34.0
(41, 58, 30), 32.0
(31, 59, 33), 20.0
(18, 59, 36), 29.0
(15, 57, 34), 34.0
(15, 64, 5), None
(38, 53, 12), 28.0
(44, 61, 29), 30.0
(19, 62, 31), 28.0
(52, 56, 55), 34.0
(42, 63, 27), 25.0
(16, 58, 24), 42.0
(18, 52, 23), 32.0
(14, 57, 26), 40.0
(47, 18, 29), 29.0
(49, 55, 28), 32.0
(55, 58, 33), 30.0
(51, 55, 25), 24.0
(45, 59, 26), 30.0
(53, 22, 19), 28.0
(97, 40, 23), None
(16, 54, 23), 29.0
(58, 65, 7), None
(39, 60, 27), 34.0
(46, 62, 30), 26.0
(36, 15, 38), 32.0
(50, 20, 28), 30.0
(45, 18, 28), 29.0
(46, 22, 31), 36.0
(48, 24, 27), 46.0
(41, 21, 30), 25.0
(44, 24, 29), 27.0
(48, 23, 26), 46.0
(43, 19, 32), 24.0
(47, 21, 27), 28.0
(48, 23, 28), 34.0
(45, 18, 29), 29.0
(48, 22, 26), 38.0
(46, 23, 26), 28.0
(43, 16, 32), 29.0
(18, 12, 30), 32.0
(75, 60, 27), 26.0
(43, 19, 34), 32.0
(48, 24, 25), 38.0
(50, 21, 28), 30.0
(20, 10, 3), None
(46, 24, 25), 26.0
(48, 25, 25), None
(47, 20, 27), 30.0
(41, 16, 31), 36.0
(51, 22, 29), 32.0
(34, 49, 29), 41.0
(44, 27, 24), 28.0
(46, 26, 26), None
(49, 26, 23), 46.0
(48, 26, 43), 38.0
(45, 29, 23), 28.0
(47, 26, 22), 40.0
(43, 24, 48), 28.0
(39, 28, 26), 42.0
(94, 23, 24), 25.0
(48, 26, 22), 38.0
(46, 20, 28), 34.0
(41, 29, 25), 26.0
(48, 14, 30), 32.0
(79, 24, 21), 30.0
(44, 27, 27), None
(50, 22, 24), 38.0
(37, 18, 27), 33.0
(50, 25, 31), 41.0
(49, 30, 22), 28.0
(46, 7, 19), None
(42, 21, 25), 28.0
(52, 28, 23), 32.0
(31, 23, 33), 30.0
(28, 26, 28), None
(45, 11, 21), 28.0
(49, 19, 26), 37.0
(47, 23, 0), 31.0
(49, 27, 24), 46.0
(52, 31, 23), 26.0
(44, 29, 20), 26.0
(39, 28, 21), 30.0
(52, 30, 24), 32.0
(47, 28, 18), 30.0
(49, 26, 25), 42.0
(51, 24, 27), 34.0
(55, 27, 23), 29.0
(50, 15, 19), 30.0
(48, 21, 25), 24.0
(49, 25, 29), 42.0
(46, 17, 26), 30.0
(42, 30, 31), 29.0
(36, 27, 21), 29.0
(52, 21, 29), 28.0
(50, 23, 23), None
(45, 29, 15), 32.0
(40, 31, 22), 36.0
(43, 26, 19), 32.0
(46, 27, 27), None
(38, 25, 36), 34.0
(54, 24, 25), 29.0
(48, 13, 21), 28.0
(34, 9, 17), 38.0
(21, 31, 23), 29.0
(51, 20, 28), 31.0
(49, 17, 31), 36.0
(54, 28, 24), 26.0
(47, 24, 26), 44.0
(47, 19, 26), 33.0
(44, 22, 25), 31.0
(41, 26, 14), 40.0
(46, 25, 23), 38.0
(50, 23, 28), 30.0
(52, 32, 21), 33.0
(43, 29, 26), 32.0
(48, 22, 30), 30.0
(50, 24, 19), 30.0
(47, 27, 24), 32.0
(19, 30, 21), 28.0
(45, 26, 27), 30.0
(32, 12, 34), 29.0
(53, 24, 28), 30.0
(57, 28, 18), 38.0
(49, 22, 24), 20.0
(24, 32, 22), 29.0
(51, 4, 26), None
(29, 29, 13), None
(39, 19, 20), 40.0
(44, 27, 17), 28.0
(40, 26, 32), 35.0
(53, 30, 29), 26.0
(46, 19, 30), 32.0
(47, 20, 30), 32.0
(45, 24, 28), 28.0
(42, 27, 23), 36.0
(47, 25, 33), 36.0
(49, 21, 26), 32.0
(37, 50, 15), 34.0
(48, 23, 27), 44.0
(56, 10, 22), 31.0
(48, 25, 31), 32.0
(52, 28, 28), None
(47, 17, 25), 30.0
(88, 27, 27), None
(18, 28, 30), 37.0
(51, 22, 28), 30.0
(42, 31, 32), 36.0
(49, 21, 25), 22.0
(45, 25, 27), 28.0
(47, 23, 24), 32.0
(2, 24, 29), 27.0
(51, 15, 19), 30.0
(36, 29, 16), 28.0
(54, 20, 22), 23.0
(49, 22, 29), 40.0
(22, 6, 14), None
(49, 24, 24), None
(44, 26, 26), None
(47, 18, 27), 38.0
(47, 26, 75), 34.0
(45, 20, 23), 34.0
(48, 21, 27), 38.0
(45, 12, 11), 32.0
(44, 23, 32), 28.0
(46, 23, 30), 34.0
(54, 15, 21), 28.0
(43, 28, 34), 34.0
(21, 32, 29), 30.0
(52, 47, 24), 28.0
(38, 27, 30), 36.0
(18, 52, 26), 33.0
(41, 25, 21), 38.0
(50, 17, 23), 34.0
(33, 30, 23), 30.0
(26, 29, 12), 32.0
(40, 26, 28), 30.0
(53, 13, 21), 27.0
(20, 33, 27), 28.0
(43, 25, 40), 36.0
(46, 35, 19), 31.0
(50, 19, 31), 30.0
(47, 24, 24), None
(49, 18, 27), 32.0
(48, 20, 28), 34.0
(50, 22, 25), 44.0
(51, 22, 25), 40.0
(34, 22, 29), 24.0
(44, 9, 32), 22.0
(53, 20, 25), 27.0
(47, 27, 27), None
(15, 11, 52), 42.0
(17, 16, 16), None
(51, 23, 26), 42.0
(50, 21, 24), 42.0
(16, 45, 20), 30.0
(49, 19, 18), 40.0
(53, 17, 0), 30.0
(45, 25, 24), 30.0
(19, 29, 26), 42.0
(42, 26, 29), 26.0
(52, 18, 22), 30.0
(46, 24, 31), 34.0
(22, 32, 33), 34.0
(36, 28, 22), 32.0
(57, 28, 20), 34.0
(51, 21, 25), 42.0
(45, 22, 27), 28.0
(55, 15, 25), 44.0
(28, 26, 36), 30.0
(38, 26, 29), 32.0
(59, 10, 13), 26.0
(52, 24, 22), 28.0
(41, 30, 29), 32.0
(48, 19, 2), 37.0
(46, 25, 26), 28.0
(56, 14, 24), 32.0
(19, 29, 17), 39.0
(43, 26, 31), 32.0
(15, 36, 19), 31.0
(48, 23, 21), 18.0
(56, 13, 27), 29.0
(61, 14, 20), 38.0
(54, 31, 22), 23.0
(57, 7, 23), None
(58, 17, 25), 42.0
(40, 25, 19), 26.0
(56, 19, 26), 30.0
(50, 26, 23), 38.0
(59, 13, 25), 37.0
(56, 13, 24), 35.0
(53, 22, 29), 26.0
(54, 2, 26), 26.0
(44, 10, 27), 28.0
(59, 12, 22), 37.0
(49, 23, 30), 24.0
(54, 16, 25), 30.0
(52, 34, 22), 28.0
(58, 8, 24), 41.0
(17, 48, 28), 38.0
(56, 16, 27), 28.0
(55, 15, 31), 28.0
(21, 29, 15), 27.0
(53, 14, 21), 29.0
(51, 15, 24), 41.0
(47, 20, 28), 28.0
(49, 13, 25), 31.0
(51, 19, 23), 32.0
(60, 12, 31), 29.0
(49, 21, 11), 32.0
(45, 24, 34), 30.0
(53, 52, 21), 32.0
(46, 24, 27), 28.0
(23, 43, 13), 30.0
(39, 28, 27), 38.0
(51, 18, 25), 32.0
(51, 16, 26), 36.0
(49, 21, 3), None
(46, 27, 63), 27.0
(55, 10, 23), 28.0
(13, 23, 10), 28.0
(54, 14, 18), 26.0
(16, 31, 30), 30.0
(53, 26, 22), 30.0
(49, 27, 20), 32.0
(50, 22, 45), 36.0
(47, 23, 29), 35.0
(51, 21, 23), 38.0
(51, 18, 24), 32.0
(19, 34, 16), 32.0
(14, 15, 30), 33.0
(42, 23, 33), 28.0
(48, 54, 29), 30.0
(54, 29, 21), 22.0
(31, 32, 28), 24.0
(18, 18, 16), None
(57, 17, 28), 37.0
(50, 20, 25), 41.0
(46, 24, 26), 28.0
(47, 25, 32), 38.0
(38, 30, 19), 35.0
(35, 31, 18), 21.0
(26, 21, 13), 36.0
(78, 48, 35), 30.0
(21, 20, 13), 34.0
(61, 51, 93), 40.0
(44, 19, 27), 37.0
(47, 28, 86), 30.0
(42, 25, 97), None
(45, 17, 30), 30.0
(48, 26, 23), 46.0
(53, 21, 26), 31.0
(37, 12, 22), 33.0
(44, 27, 22), 24.0
(45, 28, 20), 24.0
(21, 30, 17), 36.0
(62, 27, 20), 28.0
(58, 26, 24), 42.0
(44, 29, 23), 28.0
(6, 27, 50), None
(27, 25, 22), 24.0
(52, 21, 67), 26.0
(50, 15, 18), 30.0
(46, 11, 27), 28.0
(24, 22, 14), 28.0
(48, 20, 38), 34.0
(81, 25, 30), 28.0
(48, 23, 25), 36.0
(42, 9, 27), 30.0
(30, 26, 20), 42.0
(47, 28, 15), 28.0
(55, 44, 21), 40.0
(19, 33, 11), 24.0
(17, 28, 18), 32.0
(52, 15, 23), 38.0
(46, 25, 29), 29.0
(48, 6, 2), None
(16, 12, 24), 22.0
(39, 26, 31), 32.0
(51, 31, 22), 33.0
(20, 67, 17), 24.0
(45, 23, 26), 30.0
(50, 46, 21), 32.0
(52, 17, 5), None
(50, 20, 54), 27.0
(43, 27, 34), 38.0
(13, 50, 27), 32.0
(24, 35, 9), 33.0
(33, 30, 33), None
(57, 11, 20), 34.0
(18, 13, 25), 22.0
(22, 54, 10), 23.0
(53, 17, 22), 29.0
(52, 99, 19), None
(57, 9, 21), 30.0
(35, 29, 17), 34.0
(45, 26, 59), 30.0
(49, 24, 23), 28.0
(48, 25, 28), 44.0
(48, 27, 29), 28.0
(48, 22, 28), 36.0
(50, 25, 21), 42.0
(54, 22, 22), None
(46, 33, 0), 34.0
(49, 63, 19), 25.0
(54, 27, 23), 26.0
(55, 16, 20), 28.0
(43, 28, 21), 26.0
(50, 23, 42), 24.0
(47, 25, 31), 36.0
(63, 14, 25), 24.0
(48, 25, 26), 42.0
(46, 28, 24), 35.0
(56, 19, 24), 30.0
(17, 31, 14), 26.0
(15, 32, 18), 25.0
(11, 24, 29), 16.0
(51, 23, 23), None
(20, 33, 14), 30.0
(49, 27, 22), 40.0
(49, 23, 27), 40.0
(51, 25, 21), 42.0
(39, 41, 26), 28.0
(47, 24, 23), 32.0
(46, 29, 27), 29.0
(72, 26, 28), 29.0
(46, 21, 27), 28.0
(49, 26, 30), 30.0
(51, 22, 24), 42.0
(53, 19, 24), 32.0
(53, 49, 25), 26.0
(14, 30, 16), 28.0
(40, 29, 5), None
(46, 28, 21), 34.0
(37, 27, 23), 36.0
(44, 30, 21), 33.0
(17, 26, 18), 34.0
(59, 39, 26), 37.0
(58, 30, 26), 30.0
(45, 14, 90), 28.0
(50, 20, 22), 41.0
(55, 19, 22), 30.0
(45, 26, 29), 28.0
(28, 30, 12), 34.0
(43, 29, 37), 34.0
(46, 23, 19), 33.0
(44, 33, 6), None
(14, 28, 19), 38.0
(52, 16, 23), 38.0
(51, 21, 27), 40.0
(52, 21, 25), 30.0
(11, 13, 20), 38.0
(50, 22, 30), 34.0
(49, 57, 25), 27.0
(47, 24, 27), 32.0
(29, 16, 23), 41.0
(52, 8, 20), 27.0
(50, 19, 25), 28.0
(49, 22, 32), 30.0
(50, 23, 79), 34.0
(52, 26, 32), 30.0
(19, 35, 73), 28.0
(55, 10, 21), 33.0
(54, 25, 22), 28.0
(47, 27, 26), 30.0
(23, 51, 17), 36.0
(44, 31, 29), 24.0
(25, 19, 26), 37.0
(46, 27, 19), 29.0
(53, 18, 24), 32.0
(50, 27, 28), 28.0
(48, 29, 28), 38.0
(75, 26, 34), 28.0
(47, 21, 24), 28.0
(53, 23, 21), 25.0
(50, 24, 26), 34.0
(45, 23, 31), 32.0
(20, 31, 12), 29.0
(48, 21, 23), 18.0
(54, 15, 2), 30.0
(40, 26, 23), 40.0
(62, 23, 23), None
(48, 56, 29), 34.0
(46, 25, 31), 30.0
(46, 25, 4), None
(45, 13, 26), 27.0
(42, 28, 28), None
(43, 27, 27), None
(42, 27, 39), 36.0
(52, 19, 27), 34.0
(50, 65, 25), 22.0
(48, 20, 32), 30.0
(50, 29, 16), 32.0
(31, 32, 30), 38.0
(45, 28, 83), 34.0
(56, 28, 22), 27.0
(36, 27, 20), 27.0
(56, 19, 70), 28.0
(41, 47, 19), 28.0
(53, 22, 25), 31.0
(69, 25, 16), 32.0
(40, 28, 21), 32.0
(58, 20, 29), 33.0
(48, 25, 34), 36.0
(8, 27, 26), 35.0
(16, 60, 19), 32.0
(32, 44, 23), 32.0
(48, 22, 27), 46.0
(44, 25, 29), 26.0
(17, 29, 22), 46.0
(17, 67, 21), 26.0
(37, 11, 22), 28.0
(52, 18, 24), 32.0
(46, 32, 30), 32.0
(44, 26, 22), 26.0
(18, 29, 32), 41.0
(13, 30, 18), 30.0
(38, 28, 20), 40.0
(47, 23, 23), None
Sampler:BoTorchSampler
(91, 80, 99), None
(34, 28, 19), 40.0
(97, 58, 94), None
(3, 75, 22), None
(75, 69, 68), 32.0
(23, 26, 82), 24.0
(11, 39, 6), None
(98, 37, 41), None
(72, 41, 84), 44.0
(33, 27, 3), None
(49, 64, 65), 36.0
(13, 20, 77), 30.0
(27, 27, 10), None
(93, 85, 33), 24.0
(25, 42, 37), 36.0
(29, 75, 67), 30.0
(28, 86, 16), 30.0
(78, 26, 81), 30.0
(77, 49, 90), 30.0
(55, 15, 14), 30.0
(11, 27, 3), None
(5, 23, 0), None
(9, 26, 1), 31.0
(47, 16, 19), 36.0
(0, 67, 10), 33.0
(64, 96, 67), None
(96, 41, 51), None
(7, 63, 32), None
(90, 37, 61), 26.0
(27, 0, 27), None
(84, 11, 23), 22.0
(56, 27, 4), None
(57, 42, 11), 30.0
(57, 41, 47), 24.0
(98, 41, 36), None
(28, 86, 5), None
(22, 0, 26), 25.0
(53, 83, 18), 30.0
(28, 78, 7), None
(76, 38, 8), 30.0
(83, 44, 95), 26.0
(1, 53, 26), 30.0
(47, 20, 42), 26.0
(26, 36, 38), 30.0
(68, 32, 42), 25.0
(97, 13, 40), None
(93, 64, 91), 28.0
(82, 39, 13), 22.0
(54, 70, 72), 27.0
(52, 60, 94), 34.0
(58, 97, 45), None
(90, 43, 1), 36.0
(18, 16, 97), None
(67, 98, 84), None
(80, 12, 30), 32.0
(88, 9, 61), 26.0
(21, 74, 20), 28.0
(78, 11, 75), 28.0
(45, 47, 18), 29.0
(97, 87, 29), None
(84, 62, 68), 38.0
(40, 75, 86), 35.0
(79, 45, 83), 26.0
(68, 24, 46), 46.0
(89, 29, 48), 26.0
(30, 82, 72), 30.0
(62, 38, 96), None
(59, 0, 92), 22.0
(38, 85, 39), 28.0
(31, 20, 72), 30.0
(32, 41, 89), 33.0
(26, 83, 62), 24.0
(25, 44, 2), 32.0
(73, 60, 47), 30.0
(92, 10, 18), 24.0
(58, 44, 27), 34.0
(82, 44, 83), 24.0
(92, 62, 68), 32.0
(46, 8, 72), 28.0
(16, 8, 52), 30.0
(38, 52, 22), 28.0
(13, 61, 51), 26.0
(15, 37, 60), 32.0
(32, 35, 33), 30.0
(43, 28, 18), 27.0
(10, 97, 38), None
(24, 8, 88), 27.0
(8, 85, 69), 29.0
(30, 32, 87), 28.0
(76, 26, 17), 28.0
(21, 10, 75), 29.0
(82, 95, 55), 29.0
(16, 23, 15), 26.0
(55, 79, 42), 30.0
(58, 14, 48), 39.0
(61, 49, 94), 31.0
(1, 71, 65), 28.0
(78, 34, 82), 30.0
(8, 4, 96), None
(68, 28, 49), 29.0
(23, 23, 95), None
(48, 57, 44), 32.0
(13, 9, 35), 31.0
(23, 52, 87), 27.0
(10, 82, 10), None
(3, 39, 15), None
(36, 49, 25), 40.0
(0, 16, 82), 23.0
(30, 11, 13), 40.0
(31, 69, 30), 28.0
(96, 5, 67), None
(35, 16, 63), 36.0
(67, 17, 6), None
(15, 93, 41), 26.0
(12, 70, 92), 32.0
(42, 73, 88), 26.0
(99, 53, 24), None
(2, 5, 44), None
(20, 43, 28), 28.0
(18, 57, 49), 30.0
(4, 38, 20), None
(97, 12, 40), None
(33, 86, 8), 24.0
(12, 21, 62), 34.0
(87, 44, 82), 26.0
(89, 45, 33), 35.0
(62, 23, 54), 26.0
(79, 16, 72), 24.0
(36, 21, 72), 24.0
(49, 0, 27), 32.0
(52, 87, 23), 27.0
(81, 23, 54), 26.0
(32, 69, 45), 28.0
(37, 64, 77), 32.0
(69, 55, 82), 28.0
(76, 6, 76), None
(55, 6, 20), None
(77, 41, 19), 26.0
(73, 6, 6), None
(10, 13, 28), 26.0
(71, 76, 29), 30.0
(82, 48, 79), 39.0
(16, 71, 43), 36.0
(1, 76, 0), 29.0
(27, 22, 3), None
(61, 72, 58), 32.0
(83, 60, 77), 30.0
(37, 88, 53), 28.0
(15, 22, 40), 44.0
(76, 82, 25), 32.0
(77, 99, 62), None
(93, 40, 59), 26.0
(78, 64, 71), 22.0
(25, 26, 56), 28.0
(0, 19, 50), 29.0
(71, 59, 74), 22.0
(55, 27, 25), 26.0
(20, 65, 94), 33.0
(10, 61, 45), 32.0
(16, 47, 50), 32.0
(3, 44, 33), None
(72, 79, 30), 24.0
(82, 66, 98), None
(82, 79, 12), 20.0
(51, 31, 90), 22.0
(38, 45, 41), 22.0
(15, 56, 54), 28.0
(34, 24, 15), 30.0
(84, 24, 9), 26.0
(25, 63, 57), 26.0
(91, 19, 74), 34.0
(93, 73, 73), None
(47, 51, 20), 28.0
(4, 33, 2), None
(75, 39, 4), None
(9, 80, 19), 32.0
(13, 75, 23), 34.0
(79, 93, 77), 38.0
(25, 43, 41), 28.0
(48, 41, 23), 32.0
(65, 88, 8), 31.0
(2, 78, 47), 32.0
(94, 49, 88), 40.0
(76, 73, 38), 38.0
(7, 53, 92), None
(67, 25, 17), 36.0
(76, 44, 58), 26.0
(68, 8, 48), 24.0
(89, 64, 67), 40.0
(38, 89, 65), 33.0
(91, 20, 71), 26.0
(20, 47, 81), 24.0
(52, 0, 28), 27.0
(51, 13, 7), None
(88, 16, 72), 26.0
(94, 36, 91), 28.0
(51, 90, 80), None
(76, 38, 80), 28.0
(95, 87, 46), 35.0
(9, 1, 2), 23.0
(41, 95, 29), 26.0
(38, 78, 41), 24.0
(28, 24, 64), 26.0
(57, 0, 40), 29.0
(61, 40, 15), 40.0
(13, 91, 0), 31.0
(51, 49, 79), 25.0
(81, 35, 50), 24.0
(31, 56, 36), 24.0
(92, 19, 37), 26.0
(70, 97, 63), None
(19, 71, 8), 27.0
(22, 71, 21), 36.0
(9, 95, 94), 34.0
(56, 60, 97), None
(96, 61, 77), None
(81, 15, 41), 30.0
(67, 13, 47), 28.0
(52, 36, 91), 26.0
(88, 24, 37), 28.0
(74, 90, 93), 34.0
(22, 95, 27), 22.0
(80, 70, 51), None
(78, 10, 15), 26.0
(1, 64, 1), None
(73, 85, 54), 26.0
(29, 22, 13), 34.0
(85, 60, 17), 26.0
(8, 62, 24), 28.0
(89, 79, 56), 28.0
(80, 45, 84), 28.0
(64, 15, 10), 26.0
(22, 19, 24), 18.0
(13, 1, 72), 32.0
(47, 18, 47), None
(27, 7, 15), None
(22, 75, 17), 26.0
(38, 58, 13), 38.0
(77, 45, 0), 36.0
(12, 28, 75), 26.0
(8, 51, 53), 24.0
(71, 83, 40), 40.0
(79, 15, 73), 24.0
(26, 84, 68), 26.0
(65, 45, 41), 28.0
(7, 74, 18), None
(11, 83, 67), 26.0
(22, 74, 8), 26.0
(9, 7, 64), None
(4, 83, 18), None
(75, 54, 76), 28.0
(68, 52, 69), 32.0
(73, 51, 95), 46.0
(46, 86, 14), 28.0
(48, 16, 91), 30.0
(34, 85, 65), 28.0
(78, 26, 90), 30.0
(34, 31, 18), 21.0
(70, 53, 12), 32.0
(82, 74, 39), 31.0
(46, 85, 17), 30.0
(26, 48, 11), 38.0
(29, 47, 67), 36.0
(96, 25, 75), None
(43, 76, 53), 28.0
(44, 81, 13), 32.0
(36, 19, 97), None
(8, 44, 11), 28.0
(30, 57, 94), 28.0
(75, 73, 67), 32.0
(90, 44, 1), 34.0
(39, 5, 45), None
(23, 7, 39), None
(21, 77, 40), 26.0
(55, 1, 44), 36.0
(58, 23, 49), 31.0
(55, 72, 22), 26.0
(76, 41, 52), 39.0
(15, 34, 0), 30.0
(56, 37, 35), 28.0
(75, 45, 46), 24.0
(19, 51, 99), None
(45, 20, 50), 35.0
(33, 85, 69), 24.0
(14, 93, 4), None
(93, 56, 96), None
(52, 55, 63), 26.0
(58, 62, 0), 27.0
(57, 29, 72), 28.0
(92, 14, 41), 26.0
(46, 47, 64), 32.0
(16, 28, 56), 30.0
(98, 0, 7), None
(52, 76, 92), 30.0
(96, 51, 97), None
(77, 91, 74), 24.0
(5, 83, 83), None
(67, 30, 26), 26.0
(88, 39, 50), 26.0
(33, 70, 18), 30.0
(52, 72, 4), None
(30, 28, 91), 24.0
(3, 3, 57), None
(10, 18, 20), 36.0
(34, 76, 5), None
(40, 21, 6), None
(15, 68, 9), 37.0
(89, 1, 88), 28.0
(82, 73, 58), 26.0
(55, 45, 94), 34.0
(6, 2, 54), None
(0, 39, 28), 32.0
(74, 22, 30), 24.0
(49, 72, 89), 33.0
(41, 74, 90), 34.0
(87, 50, 63), 30.0
(81, 56, 38), 34.0
(40, 66, 44), 30.0
(26, 29, 35), 34.0
(66, 80, 53), 36.0
(62, 62, 30), None
(13, 96, 89), None
(43, 27, 63), 24.0
(64, 36, 37), 22.0
(61, 6, 20), None
(39, 14, 66), 26.0
(41, 44, 15), 30.0
(4, 34, 93), None
(14, 19, 88), 30.0
(55, 95, 49), 34.0
(88, 91, 85), 18.0
(48, 64, 85), 30.0
(33, 23, 67), 30.0
(19, 36, 77), 26.0
(85, 54, 27), 28.0
(95, 19, 65), 29.0
(21, 32, 48), 30.0
(78, 75, 63), 38.0
(78, 62, 77), 26.0
(28, 25, 88), 28.0
(27, 43, 37), 26.0
(49, 33, 39), 32.0
(1, 90, 43), 36.0
(98, 61, 63), None
(12, 69, 53), 24.0
(7, 38, 88), None
(22, 24, 23), 26.0
(19, 94, 60), 28.0
(93, 15, 37), 27.0
(4, 18, 56), None
(11, 34, 89), 31.0
(34, 4, 83), None
(14, 95, 17), 26.0
(44, 20, 15), 30.0
(97, 84, 12), None
(16, 3, 58), None
(68, 14, 83), 24.0
(66, 49, 60), 29.0
(18, 29, 22), 45.0
(27, 16, 64), 22.0
(12, 41, 79), 32.0
(71, 11, 95), 27.0
(48, 42, 57), 30.0
(88, 61, 15), 30.0
(78, 83, 10), 24.0
(52, 56, 13), 22.0
(56, 79, 5), None
(4, 9, 64), None
(58, 74, 99), None
(25, 54, 36), 26.0
(22, 93, 44), 30.0
(38, 57, 66), 37.0
(9, 9, 33), None
(85, 46, 85), None
(93, 2, 31), 28.0
(94, 99, 5), None
(30, 23, 53), 26.0
(60, 29, 96), None
(38, 67, 45), 32.0
(14, 37, 84), 26.0
(8, 9, 6), None
(45, 84, 6), None
(85, 95, 12), 30.0
(44, 3, 79), None
(13, 14, 32), 30.0
(50, 10, 75), 30.0
(26, 64, 97), None
(8, 70, 13), 32.0
(46, 35, 91), 30.0
(53, 83, 26), 28.0
(17, 86, 94), 28.0
(16, 99, 45), None
(70, 6, 39), None
(51, 53, 33), 28.0
(78, 4, 33), None
(18, 98, 86), None
(94, 78, 37), 36.0
(1, 56, 44), 30.0
(71, 88, 18), 26.0
(22, 72, 15), 34.0
(86, 54, 72), 25.0
(50, 98, 55), None
(40, 83, 23), 28.0
(43, 49, 0), 29.0
(30, 86, 63), 36.0
(66, 48, 32), 25.0
(45, 96, 51), None
(60, 33, 36), 38.0
(46, 28, 83), 33.0
(56, 47, 82), 45.0
(58, 10, 53), 24.0
(0, 5, 88), None
(46, 37, 66), 32.0
(30, 28, 2), 36.0
(19, 76, 88), 32.0
(90, 67, 50), 28.0
(34, 90, 33), 28.0
(39, 16, 8), 43.0
(66, 48, 50), 30.0
(6, 92, 29), None
(24, 28, 67), 32.0
(26, 67, 71), 30.0
(34, 29, 69), 33.0
(5, 80, 24), None
(84, 84, 53), None
(43, 11, 83), 32.0
(11, 78, 87), 28.0
(7, 59, 67), None
(68, 66, 84), 34.0
(69, 68, 19), 27.0
(88, 73, 77), 32.0
(88, 54, 12), 34.0
(51, 27, 70), 26.0
(7, 89, 63), None
(56, 96, 61), None
(14, 63, 75), 28.0
(90, 61, 71), 34.0
(7, 19, 31), None
(34, 26, 41), 30.0
(23, 13, 13), None
(81, 50, 56), 32.0
(30, 92, 5), None
(93, 70, 0), 30.0
(12, 25, 40), 39.0
(38, 73, 77), 34.0
(37, 1, 91), 24.0
(47, 65, 53), 29.0
(49, 58, 8), 31.0
(74, 72, 8), 31.0
(35, 57, 45), 26.0
(48, 0, 78), 24.0
(2, 15, 53), 28.0
(59, 36, 76), 26.0
(66, 72, 81), 34.0
(81, 6, 45), None
(41, 46, 79), 28.0
(70, 66, 86), 26.0
(0, 53, 76), 30.0
(80, 9, 68), 22.0
(30, 31, 72), 26.0
(99, 60, 61), None
(88, 12, 14), 34.0
(17, 72, 71), 28.0
(69, 42, 20), 25.0
(0, 36, 44), 32.0
(42, 71, 83), 30.0
(25, 55, 95), 24.0
(76, 0, 58), 30.0
(88, 98, 24), None
(54, 39, 35), 30.0
(64, 13, 93), 30.0
(3, 26, 26), None
(52, 1, 8), 30.0
(70, 87, 93), 25.0
(59, 65, 88), 34.0
(51, 68, 4), None
(67, 91, 38), 28.0
(10, 40, 98), None
(5, 69, 73), None
(52, 71, 74), 30.0
(73, 34, 91), 25.0
(33, 63, 58), 20.0
(11, 21, 52), 38.0
(90, 74, 79), 24.0
(88, 77, 59), 38.0
(8, 26, 14), 30.0
(17, 36, 27), 34.0
(50, 14, 42), 32.0
(85, 80, 19), 26.0
(95, 30, 50), 28.0
(7, 72, 9), None
(26, 5, 97), None
(28, 24, 90), 26.0
(43, 26, 7), None
(55, 23, 37), 29.0
(73, 38, 39), 24.0
(12, 80, 86), 27.0
(86, 15, 46), 26.0
(92, 98, 89), None
(55, 2, 58), 28.0
(13, 82, 36), 28.0
(98, 57, 64), None
(60, 52, 80), 30.0
(10, 95, 30), 25.0
(78, 63, 13), 26.0
(39, 41, 8), 37.0
(60, 13, 82), 26.0
(7, 1, 95), None
(74, 80, 1), 30.0
(35, 39, 66), 26.0
(94, 60, 67), 29.0
(16, 82, 22), 24.0
(56, 14, 92), 26.0
(98, 64, 44), None
(7, 12, 83), None
(23, 15, 2), 32.0
(1, 66, 74), 28.0
(67, 76, 92), 36.0
(3, 68, 62), None
(25, 21, 81), 26.0
(23, 32, 59), 34.0
(21, 60, 89), 24.0
(33, 78, 37), 30.0
(20, 66, 57), 31.0
(92, 35, 80), 28.0
(60, 55, 24), 30.0
(71, 6, 75), None
(39, 85, 20), 26.0
(89, 35, 25), 30.0
(27, 55, 18), 32.0
(55, 73, 63), 29.0
(28, 7, 72), None
(4, 76, 97), None
(63, 8, 1), 26.0
(42, 66, 78), 34.0
(23, 52, 19), 32.0
(19, 55, 8), 33.0
(94, 73, 1), 28.0
(42, 8, 50), 31.0
(65, 64, 71), 36.0
(54, 24, 11), 30.0
(71, 83, 0), 30.0
(14, 43, 65), 28.0
(52, 43, 90), 42.0
(82, 19, 39), 27.0
(84, 40, 44), 28.0
(63, 19, 62), 24.0
(99, 20, 60), None
(47, 64, 57), 36.0
(29, 82, 36), 30.0
(32, 5, 71), None
(87, 89, 50), 28.0
(2, 92, 26), 25.0
(64, 46, 3), None
(28, 60, 14), 34.0
(78, 61, 79), 30.0
(20, 32, 8), 28.0
(69, 83, 5), None
(19, 43, 46), 34.0
(79, 67, 89), 38.0
(76, 4, 52), None
(79, 88, 93), 46.0
(4, 91, 53), None
(18, 59, 30), 35.0
(79, 94, 1), 24.0
(46, 72, 43), 26.0
(65, 32, 16), 26.0
(79, 12, 16), 32.0
(51, 26, 76), 24.0
(89, 87, 54), 30.0
(65, 37, 73), 38.0
(25, 26, 94), 26.0
(10, 84, 59), 26.0
(1, 19, 8), 35.0
(55, 32, 78), 32.0
(45, 32, 84), 28.0
(92, 89, 0), 22.0
(67, 5, 51), None
(60, 11, 96), None
(64, 17, 5), None
(30, 17, 4), None
(90, 93, 56), 28.0
(29, 73, 55), 39.0
(36, 99, 39), None
(53, 40, 81), 32.0
(41, 39, 2), 34.0
(57, 18, 30), 29.0
(7, 87, 34), None
(8, 29, 4), None
(9, 14, 62), 26.0
(46, 61, 5), None
(46, 74, 28), 32.0
(62, 65, 53), 33.0
(24, 93, 97), None
(57, 96, 6), None
(95, 8, 47), 25.0
(7, 4, 49), None
(35, 54, 89), 26.0
(5, 72, 35), None
(66, 88, 28), 30.0
(50, 90, 41), 34.0
(31, 23, 40), 38.0
(1, 51, 16), 39.0
(49, 5, 36), None
(92, 37, 24), 26.0
(68, 91, 56), 32.0
(59, 16, 29), 34.0
(68, 31, 88), 24.0
(0, 27, 91), 24.0
(87, 48, 82), 38.0
(49, 50, 14), 32.0
(62, 60, 36), 28.0
(47, 12, 93), 24.0
(11, 84, 93), 32.0
(35, 73, 60), 26.0
(38, 12, 23), 24.0
(33, 18, 88), 25.0
(45, 61, 79), 28.0
(35, 0, 14), 34.0
(17, 7, 18), None
(83, 72, 83), None
(36, 40, 54), 32.0
(84, 26, 72), 24.0
(23, 38, 84), 24.0
(89, 80, 84), 18.0
(9, 38, 56), 34.0
(22, 95, 14), 24.0
(25, 39, 1), 24.0
(6, 53, 72), None
(0, 90, 41), 25.0
(52, 88, 28), 24.0
(32, 27, 21), 33.0
(56, 24, 12), 28.0
(36, 15, 45), 28.0
(75, 76, 36), 28.0
(56, 56, 4), None
(79, 58, 50), 31.0
(8, 37, 15), 31.0
(58, 0, 12), 29.0
(95, 6, 35), None
(97, 4, 60), None
(75, 5, 85), None
(9, 45, 73), 34.0
(81, 45, 97), None
(0, 14, 31), 33.0
(59, 24, 16), 44.0
(57, 50, 71), 26.0
(63, 69, 95), 32.0
(8, 61, 91), 30.0
(96, 54, 7), None
(76, 78, 18), 34.0
(8, 41, 73), 26.0
(4, 74, 83), None
(34, 76, 96), None
(65, 96, 20), None
(56, 56, 5), None
(75, 79, 48), 32.0
(85, 6, 82), None
(2, 9, 61), 32.0
(3, 41, 32), None
(73, 74, 5), None
(33, 53, 46), 23.0
(88, 46, 97), None
(30, 4, 26), None
(43, 58, 0), 31.0
(42, 44, 61), 26.0
(34, 21, 15), 24.0
(51, 58, 72), 28.0
(25, 8, 64), 22.0
(56, 5, 54), None
(4, 11, 98), None
(58, 98, 48), None
(1, 52, 93), 26.0
(72, 20, 41), 25.0
(94, 58, 19), 27.0
(83, 95, 4), None
(66, 26, 92), 22.0
(60, 26, 55), 26.0
(90, 66, 20), 26.0
(14, 22, 40), 46.0
(49, 28, 38), 28.0
(97, 11, 74), None
(26, 26, 86), None
(78, 58, 67), 36.0
(88, 49, 87), None
(20, 91, 1), 28.0
(69, 83, 33), 26.0
(85, 98, 75), None
(80, 55, 89), 29.0
(55, 64, 5), None
(4, 42, 57), None
(8, 89, 1), 25.0
(46, 89, 55), 30.0
(56, 78, 95), 36.0
(81, 37, 78), 28.0
(49, 12, 54), 26.0
(6, 31, 95), None
(61, 2, 83), 28.0
(20, 10, 80), 27.0
(82, 60, 48), 29.0
(74, 82, 28), 31.0
(43, 74, 60), 30.0
(49, 22, 21), 22.0
(14, 75, 32), 24.0
(10, 22, 2), 30.0
(45, 4, 34), None
(22, 63, 58), 22.0
(83, 85, 11), 28.0
(67, 90, 46), 30.0
(94, 87, 77), 30.0
(10, 27, 40), 36.0
(3, 14, 57), None
(88, 99, 28), None
(77, 4, 60), None
(15, 65, 55), 30.0
(16, 4, 81), None
(21, 55, 35), 26.0
(88, 55, 34), 27.0
(5, 4, 84), None
(6, 97, 14), None
(92, 43, 38), 26.0
(94, 24, 63), 28.0
(65, 11, 88), 28.0
(55, 66, 80), 28.0
(90, 59, 9), 28.0
(47, 12, 30), 37.0
(51, 87, 58), 28.0
(20, 49, 77), 26.0
(89, 89, 13), None
(38, 9, 72), 30.0
(88, 2, 54), 32.0
(25, 75, 39), 22.0
(31, 55, 22), 30.0
(74, 81, 20), 34.0
(57, 61, 87), 32.0
(23, 91, 68), 22.0
(15, 35, 50), 26.0
(35, 40, 7), None
(99, 48, 61), None
(14, 72, 92), 28.0
(7, 76, 33), None
(93, 47, 41), 22.0
(78, 28, 68), 22.0
(5, 16, 20), None
(77, 29, 38), 28.0
(1, 21, 90), 32.0
(89, 63, 40), 28.0
(55, 85, 75), 36.0
(14, 71, 33), 36.0
(96, 45, 80), None
(66, 76, 36), 32.0
(49, 62, 82), 24.0
(71, 56, 26), 22.0
(4, 51, 60), None
(78, 52, 86), 33.0
(7, 68, 57), None
(89, 83, 43), 28.0
(55, 55, 32), None
(71, 14, 0), 37.0
(67, 23, 17), 34.0
(22, 55, 20), 33.0
(40, 70, 75), 35.0
(35, 64, 77), 28.0
(95, 32, 81), 30.0
(40, 31, 37), 34.0
(82, 39, 48), 29.0
(15, 22, 1), 34.0
(88, 46, 45), 28.0
(75, 69, 58), 29.0
(43, 40, 44), 43.0
(37, 97, 3), None
(78, 18, 45), 34.0
(11, 12, 73), 30.0
(19, 44, 13), 26.0
(75, 73, 47), 42.0
(51, 9, 28), 38.0
(21, 20, 99), None
(38, 23, 40), 32.0
(86, 68, 85), 40.0
(43, 25, 29), 32.0
(96, 66, 93), None
(96, 66, 54), None
(86, 98, 17), None
(20, 99, 76), None
(0, 44, 37), 28.0
(82, 43, 49), 26.0
(89, 84, 74), 30.0
(20, 64, 87), 32.0
(96, 18, 38), None
(53, 3, 74), None
(45, 27, 93), 33.0
(55, 81, 41), 30.0
(84, 45, 61), 28.0
(6, 41, 51), None
(92, 69, 64), 25.0
(24, 76, 83), 28.0
(88, 50, 87), 27.0
(19, 52, 43), 34.0
(92, 54, 17), 34.0
(52, 32, 34), 24.0
(84, 40, 68), 32.0
(85, 51, 5), None
(21, 30, 13), 45.0
(98, 87, 60), None
(39, 43, 11), 29.0
(99, 30, 97), None
(5, 88, 13), None
(7, 2, 17), None
(12, 90, 29), 25.0
(62, 99, 57), None
(43, 78, 36), 32.0
(48, 32, 80), 26.0
(53, 54, 85), 26.0
(78, 52, 69), 28.0
(89, 61, 15), 32.0
(40, 49, 41), 30.0
(18, 39, 65), 27.0
(86, 73, 82), 28.0
(56, 36, 26), 34.0
(56, 19, 55), 36.0
(84, 70, 86), 22.0
(65, 31, 82), 30.0
(71, 87, 31), 26.0
(74, 71, 12), 30.0
(27, 41, 85), 26.0
(6, 71, 61), None
(81, 98, 59), None
(50, 30, 16), 38.0
(91, 5, 91), None
(23, 90, 0), 41.0
(8, 39, 22), 41.0
(73, 93, 55), 28.0
(50, 45, 8), 25.0
(68, 32, 27), 28.0
(28, 9, 4), None
(77, 27, 8), 33.0
(60, 75, 94), 30.0
(41, 14, 20), 28.0
(90, 68, 12), 20.0
(50, 55, 82), 27.0
(89, 12, 63), 26.0
(19, 0, 58), 33.0
(79, 34, 25), 38.0
(34, 41, 30), 30.0
(12, 60, 29), 32.0
(27, 56, 19), 30.0
(2, 33, 73), 28.0
(60, 86, 88), 25.0
(0, 88, 41), 27.0
(8, 22, 35), 22.0
(13, 94, 89), 21.0
(29, 87, 42), 25.0
(36, 46, 30), 30.0
(23, 40, 87), 30.0
(9, 85, 51), 30.0
(66, 97, 60), None
(12, 31, 30), 28.0
(42, 36, 16), 26.0
(83, 78, 6), None
(42, 47, 80), 26.0
(5, 35, 23), None
(90, 51, 36), 26.0
(4, 68, 87), None
(91, 57, 47), 32.0
(20, 91, 19), 24.0
(76, 66, 18), 26.0
(59, 31, 94), 26.0
(98, 30, 96), None
(26, 46, 1), 30.0
(31, 9, 56), 32.0
(71, 56, 22), 26.0
(63, 81, 91), 27.0
(19, 39, 56), 33.0
(91, 96, 19), None
(27, 17, 20), 25.0
(58, 20, 46), 26.0
(51, 24, 0), 27.0
(64, 26, 4), None
(13, 23, 37), 32.0
(22, 27, 22), None
(67, 90, 76), 30.0
(72, 52, 29), 23.0
(90, 10, 15), 26.0
(23, 69, 8), 37.0
(38, 44, 84), 26.0
(13, 81, 27), 25.0
(85, 9, 35), 26.0
(69, 62, 96), None
(11, 46, 42), 36.0
(40, 67, 95), 30.0
(64, 62, 90), 34.0
(31, 62, 4), None
(10, 97, 71), None
(69, 22, 67), 27.0
(84, 12, 30), 30.0
(38, 39, 9), 30.0
(25, 37, 19), 27.0
(18, 40, 69), 27.0
(54, 71, 74), 28.0
(8, 24, 14), 32.0
(88, 74, 99), None
(38, 80, 28), 30.0
(27, 15, 88), 30.0
(15, 2, 64), 26.0
(35, 34, 17), 34.0
(2, 53, 48), 22.0
(90, 52, 79), 28.0
(49, 92, 94), 24.0
(68, 66, 86), 27.0
(84, 96, 31), None
(55, 85, 78), 30.0
(99, 5, 47), None
(27, 87, 49), 38.0
(43, 74, 50), 28.0
(41, 91, 60), 34.0
(26, 51, 6), None
(9, 39, 76), 29.0
(1, 22, 18), 26.0
(45, 0, 59), 26.0
(49, 6, 86), None
(2, 36, 34), 26.0
(21, 54, 95), 30.0
(46, 43, 78), 34.0
(15, 83, 42), 28.0
(59, 74, 95), 30.0
(62, 93, 9), 30.0
(77, 88, 21), 29.0
(45, 25, 32), 32.0
(21, 65, 84), 29.0
(65, 18, 30), 28.0
(93, 93, 80), None
(86, 66, 86), None
(6, 18, 91), None
(35, 89, 34), 36.0
(42, 98, 37), None
(5, 82, 4), None
(37, 49, 98), None
(14, 29, 84), 24.0
(56, 58, 57), 30.0
(56, 7, 20), None
(53, 37, 23), 28.0
(83, 72, 55), 26.0
(93, 39, 82), 39.0
(70, 64, 73), 34.0
(3, 69, 98), None
(37, 35, 79), 34.0
(38, 12, 57), 24.0
(62, 57, 19), 30.0
(89, 26, 30), 28.0
(3, 9, 72), None
(69, 86, 72), 37.0
(47, 39, 93), 33.0
(59, 26, 59), None
(42, 72, 18), 24.0
(43, 84, 13), 26.0
(16, 25, 83), 26.0
(65, 53, 71), 34.0
(81, 42, 33), 32.0
(66, 70, 56), 31.0
(84, 35, 77), 24.0
(63, 92, 22), 28.0
(66, 72, 14), 24.0
(75, 12, 95), 30.0
(71, 1, 65), 28.0
(14, 79, 65), 26.0
(47, 90, 13), 26.0
(62, 68, 37), 30.0
(46, 83, 62), 24.0
(28, 78, 79), 34.0
(33, 76, 78), 25.0
(1, 52, 33), 29.0
(82, 47, 25), 26.0
(40, 50, 82), 29.0
(52, 92, 1), 26.0
(65, 32, 54), 52.0
(28, 69, 36), 26.0
(35, 26, 46), 32.0
(4, 45, 17), None
(36, 56, 1), 24.0
(57, 91, 46), 28.0
(58, 93, 39), 27.0
(94, 53, 10), 34.0
(93, 50, 34), 28.0
(95, 23, 24), 24.0
(96, 67, 7), None
(40, 27, 65), 28.0
(26, 70, 94), 26.0
(9, 56, 76), 30.0
(5, 26, 58), None
(57, 78, 5), None
(1, 81, 63), 32.0
(4, 26, 94), None
(93, 28, 49), 27.0
(81, 3, 95), None
(63, 28, 96), None
(62, 43, 43), None
(29, 80, 54), 30.0
(66, 30, 87), 32.0
(53, 8, 16), 26.0
(29, 43, 61), 34.0
(72, 63, 33), 32.0
(35, 63, 38), 28.0
(63, 49, 60), 26.0
(97, 85, 69), None
(23, 91, 44), 26.0
(38, 15, 71), 28.0
(69, 89, 87), 43.0
(38, 13, 72), 22.0
(7, 34, 1), None
(55, 92, 23), 28.0
(6, 2, 95), None
(39, 46, 15), 33.0
(49, 2, 92), 22.0
(32, 40, 19), 28.0
(21, 39, 66), 28.0
(27, 30, 4), None
(43, 28, 51), 29.0
(24, 92, 40), 24.0
(69, 11, 12), 32.0
(79, 92, 4), None
(63, 52, 85), 54.0
(75, 31, 43), 34.0
(70, 41, 86), 34.0
(93, 6, 57), None
(61, 3, 44), None
(90, 34, 42), 28.0
(5, 56, 62), None
(2, 19, 53), 28.0
(84, 60, 22), 28.0
(62, 25, 77), 32.0
(98, 36, 66), None
(63, 84, 46), 24.0
(31, 12, 57), 31.0
(17, 16, 76), 35.0
(53, 27, 6), None
(36, 85, 79), 26.0
(24, 39, 82), 28.0
(49, 99, 56), None
(89, 41, 4), None
(39, 93, 2), 24.0
(52, 89, 7), None
(99, 97, 60), None
(35, 24, 35), None
(28, 70, 61), 28.0
(55, 60, 80), 26.0
(0, 13, 69), 32.0
(7, 79, 74), None
(64, 88, 17), 31.0
(48, 9, 20), 36.0
(79, 7, 72), None
(95, 26, 53), 28.0
(97, 77, 69), None
(40, 59, 51), 30.0
(38, 53, 68), 26.0
(51, 53, 99), None
(71, 60, 58), 29.0
(14, 49, 68), 37.0
(25, 53, 90), 36.0
(10, 2, 2), None
(75, 39, 45), 26.0
(24, 8, 43), 32.0
(99, 74, 52), None
(58, 19, 75), 28.0
(32, 28, 63), 26.0
(11, 41, 52), 36.0
(47, 6, 71), None
(7, 11, 41), None
(8, 46, 68), 35.0
(79, 22, 2), 34.0
(95, 30, 18), 25.0
(94, 32, 50), 36.0
(90, 59, 75), 28.0
(36, 36, 87), None
(59, 81, 33), 28.0
(62, 31, 88), 28.0
(40, 42, 99), None
(13, 90, 84), 26.0
(95, 40, 40), None
(13, 35, 2), 33.0
(9, 99, 78), None
(97, 78, 81), None
(12, 55, 55), None
(5, 14, 95), None
(62, 10, 78), 26.0
(69, 9, 25), 37.0
(79, 93, 11), 24.0
(15, 11, 91), 26.0
(55, 84, 94), 32.0
(21, 0, 97), None
(3, 26, 40), None
(63, 92, 52), 31.0
(76, 35, 83), 28.0
(97, 46, 45), None
(9, 51, 91), 26.0
(40, 13, 90), 28.0
(86, 82, 87), 27.0
(30, 20, 5), None
(75, 34, 80), 26.0
(9, 41, 52), 30.0
(2, 90, 96), None
(82, 45, 49), 32.0
(80, 93, 63), 38.0
(79, 75, 9), 27.0
(58, 8, 77), 24.0
(6, 92, 10), None
(52, 57, 68), 26.0
(1, 38, 67), 30.0
(67, 45, 40), 30.0
(97, 0, 92), None
(15, 72, 12), 36.0
(11, 12, 82), 32.0
(39, 69, 8), 31.0
(19, 32, 80), 26.0
(80, 52, 6), None
(50, 25, 78), 30.0
(15, 62, 97), None
(31, 99, 20), None
(6, 31, 41), None
(14, 82, 26), 26.0
(56, 40, 81), 30.0
(29, 80, 24), 30.0
(93, 61, 93), None
(34, 17, 42), 27.0
(23, 9, 48), 44.0
(59, 94, 11), 24.0
(7, 28, 1), None
(76, 15, 83), 24.0
(12, 6, 48), None
(77, 9, 60), 26.0
(62, 13, 76), 26.0
(91, 94, 2), 30.0
(18, 47, 90), 28.0
(19, 31, 42), 28.0
(20, 55, 98), None
(35, 16, 43), 37.0
(83, 53, 76), 26.0
(14, 55, 64), 24.0
(64, 20, 11), 28.0
(71, 93, 73), 34.0
(96, 76, 24), None
(84, 54, 32), 32.0
(67, 4, 95), None
(68, 91, 81), 30.0
(90, 65, 22), 30.0
(51, 54, 68), 16.0
(34, 73, 21), 28.0
(48, 14, 25), 37.0
(8, 58, 21), 33.0
(78, 56, 52), 30.0
(71, 92, 44), 24.0
(51, 33, 68), 32.0
(32, 38, 28), 40.0
(3, 3, 66), None
(26, 43, 33), 28.0
(50, 3, 94), None
(52, 38, 51), 30.0
(52, 78, 38), 24.0
(12, 16, 63), 24.0
(47, 72, 29), 27.0
(16, 7, 41), None
(53, 91, 45), 32.0
(62, 46, 53), 34.0
(31, 87, 18), 25.0
(6, 14, 62), None
(33, 88, 61), 28.0
(60, 79, 4), None
(72, 30, 79), 24.0
(59, 92, 73), 31.0
(90, 6, 11), None
(49, 70, 16), 34.0
(1, 46, 56), 28.0
(40, 72, 6), None
(52, 11, 50), 32.0
(98, 97, 1), None
(90, 51, 24), 32.0
(21, 41, 69), 24.0
(22, 53, 28), 26.0
(1, 17, 35), 23.0
(68, 69, 13), 34.0
(61, 70, 6), None
(5, 2, 9), None
(46, 25, 64), 26.0
(43, 86, 73), 26.0
(16, 12, 19), 30.0
(58, 95, 95), None
(53, 35, 78), 32.0
(9, 60, 4), None
(14, 4, 8), None
(58, 19, 50), 26.0
(63, 8, 44), 28.0
(34, 29, 82), 28.0
(37, 60, 42), 30.0
(81, 40, 47), 26.0
(98, 11, 23), None
(79, 62, 13), 24.0
(7, 75, 40), None
(66, 1, 78), 32.0
(80, 23, 19), 26.0
(77, 31, 51), 24.0
(8, 82, 70), 29.0
(10, 92, 38), 24.0
(99, 73, 33), None
(97, 58, 46), None
(56, 27, 1), 28.0
(75, 51, 34), 28.0
(24, 56, 84), 28.0
(69, 25, 68), 30.0
(65, 63, 97), None
(31, 39, 78), 26.0
(48, 71, 42), 26.0
(55, 80, 34), 28.0
(7, 79, 42), None
(21, 14, 80), 28.0
(16, 38, 18), 34.0
(72, 97, 53), None
(32, 17, 3), None
(24, 89, 49), 24.0
(39, 83, 22), 24.0
(80, 75, 58), 24.0
(58, 10, 54), 30.0
(88, 90, 91), 24.0
(93, 78, 88), 34.0
(56, 33, 85), 24.0
(97, 79, 56), None
(16, 45, 57), 32.0
(28, 27, 75), 30.0
(67, 75, 42), 26.0
(37, 77, 8), 25.0
(11, 62, 1), 24.0
(89, 51, 4), None
(49, 22, 97), None
(43, 67, 62), 30.0
(43, 23, 28), 27.0
(60, 86, 35), 32.0
(66, 34, 80), 30.0
(4, 74, 75), None
(43, 7, 10), None
(92, 92, 57), None
(82, 68, 98), None
(86, 72, 69), 37.0
(55, 88, 72), 30.0
(33, 90, 33), None
(7, 41, 56), None
(9, 22, 52), 30.0
(66, 49, 46), 28.0
(3, 12, 5), None
(52, 71, 65), 28.0
(78, 22, 77), 26.0
(38, 79, 10), 26.0
(75, 89, 88), 38.0
(22, 22, 86), None
(89, 52, 19), 24.0
(28, 58, 1), 34.0
(42, 79, 1), 30.0
(92, 37, 38), 28.0
(10, 42, 64), 35.0
(19, 96, 9), None
(80, 52, 4), None
(86, 60, 76), 34.0
(46, 28, 45), 32.0
(72, 14, 73), 23.0
(2, 7, 94), None
(39, 77, 4), None
(47, 16, 23), 40.0
(48, 26, 67), 36.0
(34, 11, 55), 34.0
(87, 62, 16), 26.0
(79, 13, 6), None
(41, 22, 23), 33.0
(7, 99, 15), None
(1, 20, 97), None
(4, 15, 86), None
(85, 88, 10), 28.0
(75, 4, 40), None
(59, 29, 68), 26.0
(14, 20, 5), None
(97, 2, 39), None
(29, 21, 50), 30.0
(15, 35, 4), None
(10, 25, 98), None
(95, 33, 37), 22.0
(83, 65, 96), None
(90, 53, 52), 27.0
(69, 42, 18), 28.0
(15, 22, 41), 40.0
(78, 66, 77), 35.0
(49, 88, 24), 28.0
(6, 90, 38), None
(78, 87, 77), 33.0
(20, 58, 90), 24.0
(11, 15, 76), 24.0
(42, 60, 48), 26.0
(20, 3, 7), None
(63, 46, 16), 26.0
(59, 64, 25), 26.0
(42, 0, 94), 35.0
(61, 96, 13), None
(14, 0, 63), 28.0
(49, 19, 7), None
(3, 51, 47), None
(97, 16, 84), None
(72, 45, 96), None
(27, 32, 9), 30.0
(30, 61, 30), None
(91, 49, 95), 27.0
(64, 17, 70), 28.0
(59, 8, 96), None
(94, 21, 89), 24.0
(26, 24, 55), 29.0
(43, 75, 97), None
(56, 16, 28), 28.0
(9, 88, 87), 32.0
(64, 71, 32), 28.0
(46, 84, 12), 28.0
(18, 66, 52), 30.0
(49, 41, 79), 23.0
(31, 17, 61), 32.0
(99, 82, 91), None
(99, 35, 68), None
(14, 9, 21), 24.0
(36, 21, 35), 24.0
(72, 84, 40), 44.0
(61, 49, 64), 22.0
(8, 83, 23), 28.0
(22, 69, 59), 27.0
(57, 1, 42), 30.0
(24, 0, 6), None
(94, 87, 74), 32.0
(19, 33, 87), 24.0
(77, 43, 88), 28.0
(41, 80, 19), 24.0
(92, 28, 21), 24.0
(99, 20, 80), None
(37, 31, 41), 38.0
(39, 14, 81), 28.0
(2, 34, 71), 28.0
(3, 53, 35), None
(29, 35, 3), None
(72, 98, 11), None
(3, 82, 62), None
(23, 49, 38), 34.0
(64, 90, 44), 24.0
(2, 95, 8), 22.0
(82, 16, 66), 22.0
(8, 64, 50), 32.0
(77, 60, 17), 28.0
(87, 88, 98), None
(2, 88, 78), 26.0
(55, 84, 80), 28.0
(6, 3, 57), None
(63, 57, 32), 24.0
(23, 22, 42), 28.0
(61, 30, 96), None
(40, 99, 16), None
(83, 44, 92), 26.0
(43, 32, 82), 32.0
(74, 22, 13), 27.0
(50, 59, 29), 27.0
(50, 97, 51), None
(18, 9, 30), 32.0
(22, 89, 21), 28.0
(72, 26, 45), 29.0
(95, 54, 19), 31.0
(0, 85, 24), 24.0
(77, 3, 61), None
(73, 97, 70), None
(91, 12, 48), 26.0
(35, 1, 82), 28.0
(15, 63, 96), None
(13, 65, 90), 24.0
(44, 42, 92), 30.0
(86, 97, 26), None
(76, 21, 85), 30.0
(71, 95, 37), 29.0
(20, 12, 97), None
(78, 10, 43), 34.0
(13, 96, 92), None
(29, 78, 45), 30.0
(97, 41, 77), None
(31, 0, 45), 29.0
(46, 96, 34), None
(68, 65, 62), 30.0
(33, 5, 79), None
(43, 32, 23), 27.0
(29, 52, 0), 31.0
(91, 69, 38), 31.0
(56, 66, 30), 25.0
(97, 21, 34), None
(19, 59, 5), None
(19, 56, 97), None
(62, 57, 54), 30.0
(56, 84, 37), 37.0
(0, 86, 34), 28.0
(30, 1, 9), 38.0
(59, 97, 73), None
(60, 32, 92), 39.0
(56, 84, 23), 26.0
(61, 51, 86), 40.0
(89, 41, 17), 26.0
(5, 50, 27), None
(89, 15, 25), 32.0
(4, 65, 30), None
(29, 94, 65), 31.0
(34, 74, 78), 22.0
(30, 39, 82), 26.0
(62, 3, 55), None
(91, 51, 21), 22.0
(96, 21, 25), None
(98, 56, 17), None
(69, 78, 78), None
(70, 30, 71), 36.0
(61, 82, 63), 29.0
(89, 56, 54), 35.0
(11, 36, 9), 35.0
(51, 58, 27), 26.0
(4, 94, 96), None
(37, 6, 33), None
(28, 44, 11), 28.0
(35, 77, 40), 26.0
(47, 84, 65), 39.0
(8, 69, 66), 25.0
(79, 30, 60), 21.0
(31, 66, 83), 24.0
(79, 90, 25), 32.0
(16, 33, 53), 26.0
(89, 35, 22), 34.0
(42, 80, 70), 39.0
(92, 47, 16), 26.0
(7, 88, 35), None
(31, 93, 20), 30.0
(11, 78, 40), 28.0
(45, 19, 76), 30.0
(14, 0, 27), 26.0
(19, 38, 98), None
(79, 77, 49), 33.0
(25, 34, 82), 34.0
(88, 63, 12), 26.0
(10, 83, 64), 28.0
(98, 53, 79), None
(58, 43, 99), None
(40, 51, 62), 34.0
(79, 88, 28), 34.0
(4, 73, 70), None
(39, 71, 22), 26.0
(65, 6, 48), None
(47, 63, 50), 28.0
(98, 56, 30), None
(97, 96, 94), None
(77, 38, 54), 30.0
(31, 20, 62), 33.0
(8, 64, 64), None
(91, 65, 22), 26.0
(3, 20, 78), None
(1, 15, 64), 26.0
(49, 41, 2), 32.0
(54, 91, 27), 36.0
(48, 99, 54), None
(91, 53, 60), 28.0
(66, 44, 90), 34.0
(26, 68, 70), 30.0
(76, 51, 29), 30.0
(67, 75, 76), 42.0
(84, 22, 84), None
(72, 3, 50), None
(86, 63, 33), 30.0
(17, 85, 95), 26.0
(28, 8, 69), 32.0
(17, 83, 46), 30.0
(10, 33, 12), 30.0
(36, 6, 38), None
(51, 70, 47), 24.0
(19, 48, 18), 30.0
(32, 69, 6), None
(41, 25, 21), 38.0
(35, 96, 80), None
(67, 14, 19), 37.0
(41, 52, 78), 29.0
(73, 26, 59), 24.0
(0, 45, 36), 27.0
(89, 2, 19), 25.0
(55, 28, 75), 30.0
(26, 88, 85), 27.0
(17, 68, 85), 30.0
(22, 20, 3), None
(8, 98, 59), None
(65, 65, 15), None
(44, 77, 58), 30.0
(6, 83, 19), None
(61, 24, 47), 30.0
(21, 35, 96), None
(81, 81, 62), None
(6, 25, 96), None
(66, 76, 39), 31.0
(22, 68, 79), 27.0
(45, 0, 47), 25.0
Sampler:CmaEsSampler
(81, 37, 73), 34.0
(42, 67, 21), 30.0
(45, 56, 47), 28.0
(54, 50, 47), 20.0
(27, 61, 50), 28.0
(41, 11, 37), 34.0
(65, 52, 28), 32.0
(47, 71, 56), 41.0
(37, 55, 49), 28.0
(43, 43, 70), None
(61, 59, 53), 28.0
(48, 20, 51), 26.0
(44, 59, 34), 28.0
(37, 52, 61), 32.0
(41, 45, 42), 40.0
(60, 52, 30), 32.0
(59, 55, 50), 22.0
(64, 38, 39), 28.0
(31, 45, 28), 22.0
(52, 39, 56), 30.0
(52, 52, 48), None
(42, 54, 47), 30.0
(53, 46, 47), 39.0
(63, 53, 46), 23.0
(57, 48, 53), 35.0
(60, 35, 39), 26.0
(49, 42, 48), 34.0
(45, 47, 60), 30.0
(50, 60, 56), 25.0
(48, 47, 54), 31.0
(54, 55, 72), 36.0
(60, 56, 51), 26.0
(63, 63, 73), None
(48, 48, 75), None
(40, 50, 69), 20.0
(53, 48, 62), 30.0
(52, 51, 48), 28.0
(56, 55, 81), 26.0
(57, 39, 51), 27.0
(55, 48, 54), 34.0
(53, 40, 50), 32.0
(52, 32, 42), 26.0
(47, 30, 48), 26.0
(42, 38, 41), 28.0
(43, 53, 27), 30.0
(58, 43, 41), 16.0
(48, 42, 48), None
(62, 57, 52), 26.0
(55, 50, 51), 36.0
(63, 40, 40), None
(47, 40, 29), 31.0
(56, 41, 45), 30.0
(61, 52, 47), 32.0
(41, 33, 26), 38.0
(57, 35, 36), 30.0
(53, 29, 25), 28.0
(40, 41, 19), 28.0
(54, 42, 56), 32.0
(39, 49, 47), 35.0
(45, 53, 40), 31.0
(50, 43, 26), 32.0
(52, 42, 55), 28.0
(56, 56, 67), None
(39, 44, 47), 40.0
(55, 41, 53), 30.0
(35, 39, 53), 30.0
(47, 38, 61), 34.0
(35, 34, 19), 30.0
(52, 52, 59), None
(49, 52, 43), 29.0
(43, 36, 53), 24.0
(40, 41, 56), 33.0
(41, 53, 59), 26.0
(45, 31, 60), 30.0
(32, 34, 28), 22.0
(50, 35, 57), 32.0
(30, 34, 49), 16.0
(45, 37, 63), 36.0
(32, 36, 55), 28.0
(57, 24, 61), 34.0
(28, 23, 22), 18.0
(43, 26, 64), 28.0
(54, 49, 65), 29.0
(44, 40, 64), 26.0
(35, 38, 76), 24.0
(54, 41, 49), 22.0
(55, 40, 60), 28.0
(46, 15, 55), 29.0
(40, 26, 72), 26.0
(47, 48, 72), 35.0
(59, 40, 75), 30.0
(49, 38, 59), 32.0
(55, 33, 31), 25.0
(58, 45, 79), 36.0
(41, 50, 56), 32.0
(64, 60, 99), None
(56, 41, 66), 25.0
(40, 38, 68), 26.0
(43, 64, 65), 26.0
(50, 50, 79), None
(63, 41, 54), 30.0
(38, 54, 63), 38.0
(48, 46, 74), 28.0
(34, 39, 48), 28.0
(50, 41, 70), 32.0
(42, 66, 73), 26.0
(45, 50, 69), 26.0
(48, 72, 78), 34.0
(42, 59, 64), 30.0
(58, 75, 75), None
(58, 49, 74), 36.0
(58, 56, 79), 30.0
(61, 62, 91), 28.0
(34, 71, 77), 30.0
(46, 59, 55), 28.0
(48, 54, 77), 30.0
(47, 57, 97), None
(38, 80, 67), 28.0
(52, 63, 77), 34.0
(58, 64, 80), 24.0
(48, 37, 61), 33.0
(50, 65, 82), 29.0
(61, 73, 84), 35.0
(55, 48, 77), 30.0
(51, 69, 76), 28.0
(60, 83, 94), 40.0
(57, 67, 67), None
(57, 62, 87), 30.0
(58, 67, 66), 32.0
(48, 90, 97), None
(43, 72, 58), 28.0
(65, 95, 97), None
(66, 85, 82), 38.0
(66, 37, 50), 24.0
(53, 53, 68), None
(68, 54, 88), 28.0
(57, 81, 93), 31.0
(52, 76, 66), 26.0
(61, 90, 72), 39.0
(49, 48, 77), 30.0
(59, 51, 76), 32.0
(44, 75, 71), 28.0
(74, 91, 97), None
(58, 82, 92), 20.0
(49, 77, 61), 32.0
(56, 74, 58), 34.0
(41, 51, 65), 33.0
(57, 56, 62), 34.0
(54, 74, 51), 28.0
(56, 64, 79), 34.0
(43, 58, 47), 34.0
(54, 71, 63), 31.0
(66, 54, 53), 40.0
(55, 58, 51), 22.0
(61, 69, 63), 24.0
(42, 46, 54), 29.0
(50, 42, 44), 30.0
(38, 41, 40), 28.0
(57, 82, 50), 28.0
(70, 64, 66), 22.0
(45, 46, 42), 30.0
(61, 63, 65), 30.0
(61, 30, 26), 30.0
(58, 47, 44), 32.0
(67, 35, 50), 30.0
(49, 70, 63), 27.0
(60, 26, 35), 39.0
(48, 83, 66), 48.0
(49, 43, 28), 32.0
(38, 33, 43), 27.0
(49, 25, 30), 22.0
(61, 57, 60), 34.0
(51, 59, 43), 24.0
(51, 50, 56), 34.0
(58, 54, 52), 26.0
(53, 52, 56), 28.0
(55, 70, 68), 22.0
(55, 66, 47), 28.0
(48, 56, 58), 27.0
(59, 51, 68), 28.0
(53, 62, 62), None
(41, 61, 75), 34.0
(56, 40, 40), None
(51, 45, 45), None
(54, 60, 54), None
(49, 60, 67), 32.0
(50, 22, 31), 39.0
(45, 54, 39), 34.0
(61, 43, 43), None
(57, 48, 59), 31.0
(62, 53, 69), 26.0
(48, 33, 43), 26.0
(47, 69, 78), 33.0
(45, 40, 46), 20.0
(43, 40, 42), 28.0
(46, 30, 45), 22.0
(48, 47, 44), 40.0
(53, 26, 38), 30.0
(45, 54, 58), 32.0
(47, 38, 43), 36.0
(44, 32, 35), 28.0
(43, 59, 58), 27.0
(49, 57, 51), 28.0
(50, 56, 48), 28.0
(51, 54, 47), 20.0
(46, 24, 33), 28.0
(51, 37, 43), 31.0
(53, 50, 49), 26.0
(39, 5, 26), None
(45, 41, 43), 28.0
(47, 34, 41), 26.0
(41, 16, 33), 37.0
(47, 55, 51), 22.0
(45, 1, 17), 30.0
(46, 31, 48), 24.0
(44, 8, 24), 28.0
(42, 26, 43), 26.0
(37, 6, 27), None
(55, 47, 50), 22.0
(56, 22, 35), 36.0
(41, 1, 24), 38.0
(37, 32, 43), 32.0
(52, 41, 43), 28.0
(43, 40, 47), 26.0
(45, 22, 29), 24.0
(47, 21, 31), 34.0
(47, 46, 54), 30.0
(41, 4, 18), None
(60, 27, 39), 34.0
(53, 10, 32), 40.0
(68, 52, 52), None
(42, 20, 28), 26.0
(56, 38, 43), 28.0
(49, 23, 30), 24.0
(46, 6, 17), None
(54, 38, 39), 34.0
(45, 1, 14), 34.0
(51, 22, 35), 30.0
(46, 15, 31), 34.0
(54, 28, 42), 28.0
(50, 4, 24), None
(55, 29, 45), 26.0
(52, 7, 32), None
(48, 36, 49), 38.0
(45, 3, 32), None
(49, 33, 48), 34.0
(45, 6, 28), None
(51, 14, 32), 45.0
(60, 26, 37), 34.0
(50, 28, 43), 28.0
(51, 30, 41), 28.0
(51, 0, 26), 37.0
(54, 32, 40), 31.0
(53, 14, 33), 34.0
(51, 42, 49), 28.0
(45, 16, 32), 30.0
(58, 4, 25), None
(50, 14, 31), 42.0
(43, 34, 55), 26.0
(54, 21, 37), 26.0
(52, 25, 43), 47.0
(57, 7, 32), None
(50, 1, 26), 38.0
(49, 29, 41), 31.0
(55, 21, 39), 28.0
(51, 34, 44), 26.0
(44, 11, 34), 30.0
(52, 31, 45), 30.0
(49, 37, 52), 32.0
(48, 2, 30), 38.0
(46, 19, 38), 29.0
(52, 3, 25), None
(49, 24, 39), 41.0
(52, 9, 33), 34.0
(47, 35, 52), 34.0
(52, 22, 41), 30.0
(52, 39, 52), None
(49, 11, 28), 42.0
(50, 16, 35), 28.0
(49, 39, 54), 31.0
(56, 25, 38), 28.0
(56, 11, 34), 36.0
(47, 17, 33), 28.0
(45, 6, 27), None
(50, 4, 30), None
(53, 23, 40), 28.0
(50, 17, 34), 30.0
(53, 0, 25), 30.0
(47, 19, 37), 36.0
(45, 9, 32), 31.0
(50, 20, 45), 35.0
(54, 19, 38), 34.0
(51, 11, 35), 28.0
(52, 21, 40), 36.0
(53, 10, 34), 28.0
(55, 7, 27), None
(53, 30, 40), 33.0
(52, 23, 42), 31.0
(54, 24, 42), 28.0
(54, 11, 29), 30.0
(55, 12, 36), 30.0
(48, 4, 26), None
(51, 18, 41), 31.0
(50, 25, 44), 32.0
(53, 25, 48), 26.0
(52, 34, 50), 27.0
(53, 40, 52), 32.0
(56, 16, 39), 30.0
(51, 21, 41), 24.0
(53, 29, 46), 32.0
(54, 26, 45), 38.0
(48, 28, 45), 30.0
(51, 38, 52), 30.0
(51, 30, 48), 28.0
(53, 21, 37), 29.0
(56, 39, 52), 30.0
(57, 41, 57), None
(53, 5, 30), None
(57, 40, 51), 28.0
(51, 15, 40), 26.0
(52, 34, 49), 30.0
(53, 48, 55), 30.0
(55, 46, 57), 24.0
(55, 30, 43), 40.0
(50, 21, 40), 28.0
(52, 33, 47), 30.0
(50, 43, 51), 29.0
(53, 35, 44), 46.0
(48, 42, 53), 29.0
(51, 48, 57), 30.0
(54, 26, 39), 26.0
(56, 37, 48), 23.0
(53, 35, 51), 26.0
(52, 45, 47), 34.0
(53, 43, 49), 28.0
(52, 53, 53), None
(47, 43, 45), 26.0
(55, 36, 46), 26.0
(48, 42, 51), 28.0
(51, 45, 54), 26.0
(52, 57, 62), 26.0
(52, 61, 60), 30.0
(54, 43, 54), None
(55, 22, 46), 30.0
(49, 66, 60), 29.0
(53, 31, 43), 26.0
(51, 42, 43), 32.0
(49, 50, 50), None
(55, 49, 52), 26.0
(46, 46, 49), None
(53, 41, 50), 34.0
(52, 41, 42), 24.0
(56, 26, 43), 30.0
(52, 41, 44), 33.0
(49, 44, 48), 42.0
(51, 49, 49), None
(52, 53, 50), 32.0
(51, 55, 55), None
(51, 41, 45), 30.0
(53, 56, 49), 38.0
(49, 38, 44), 32.0
(53, 65, 61), 32.0
(53, 47, 42), 31.0
(49, 51, 50), 30.0
(50, 50, 51), None
(54, 37, 44), 26.0
(50, 58, 47), 30.0
(48, 58, 56), 31.0
(52, 55, 52), None
(49, 48, 49), None
(47, 50, 53), 28.0
(53, 36, 46), 26.0
(53, 44, 50), 33.0
(51, 43, 53), 24.0
(50, 53, 51), 40.0
(49, 53, 53), None
(49, 50, 49), None
(49, 51, 51), None
(51, 60, 54), 30.0
(50, 56, 56), None
(48, 57, 60), 30.0
(49, 53, 50), 26.0
(51, 49, 51), None
(49, 56, 56), None
(49, 61, 60), 30.0
(52, 56, 52), None
(54, 59, 54), None
(50, 48, 45), 22.0
(54, 59, 55), 38.0
(54, 52, 54), None
(52, 53, 51), 34.0
(54, 52, 52), None
(56, 48, 49), 32.0
(54, 57, 57), None
(59, 58, 54), 44.0
(51, 60, 50), 28.0
(54, 63, 57), 30.0
(53, 55, 51), 32.0
(49, 50, 51), 30.0
(56, 70, 61), 28.0
(59, 76, 63), 36.0
(58, 76, 64), 30.0
(65, 51, 49), 28.0
(56, 55, 57), 42.0
(60, 47, 49), 30.0
(55, 68, 60), 22.0
(49, 69, 63), 30.0
(55, 63, 60), 32.0
(54, 61, 59), 24.0
(57, 63, 61), 20.0
(62, 72, 62), None
(56, 73, 71), 24.0
(60, 36, 36), None
(60, 70, 58), 29.0
(53, 75, 67), 24.0
(60, 63, 57), 26.0
(57, 78, 69), 34.0
(54, 62, 56), 30.0
(55, 74, 66), 27.0
(56, 65, 68), 28.0
(52, 56, 58), 30.0
(50, 53, 54), 43.0
(59, 67, 57), 26.0
(48, 65, 57), 42.0
(49, 67, 58), 36.0
(53, 59, 59), None
(55, 66, 66), None
(53, 44, 51), 30.0
(56, 69, 65), 36.0
(48, 66, 62), 36.0
(49, 55, 57), 33.0
(58, 59, 58), None
(49, 69, 60), 27.0
(48, 76, 60), 28.0
(46, 65, 56), 26.0
(49, 75, 62), 30.0
(52, 70, 56), 26.0
(48, 79, 61), 27.0
(46, 66, 56), 26.0
(39, 60, 51), 28.0
(47, 83, 69), 31.0
(48, 87, 65), 36.0
(47, 82, 58), 29.0
(48, 66, 61), 34.0
(57, 70, 65), 24.0
(44, 98, 73), None
(51, 71, 56), 24.0
(50, 72, 59), 30.0
(54, 55, 56), 34.0
(45, 64, 56), 24.0
(44, 59, 52), 30.0
(54, 98, 80), None
(42, 93, 64), 33.0
(47, 55, 54), 40.0
(42, 52, 54), 30.0
(57, 68, 57), None
(50, 44, 54), 24.0
(46, 64, 58), 30.0
(45, 82, 65), 26.0
(45, 57, 53), 30.0
(48, 58, 57), 31.0
(53, 76, 64), 41.0
(43, 39, 52), 30.0
(47, 60, 59), 34.0
(46, 63, 63), None
(48, 46, 52), 26.0
(51, 40, 52), 35.0
(48, 51, 57), 30.0
(44, 49, 52), 30.0
(49, 56, 55), 40.0
(51, 41, 50), 28.0
(48, 74, 62), 32.0
(49, 67, 66), 32.0
(47, 69, 66), 32.0
(52, 84, 70), 30.0
(50, 78, 68), 32.0
(55, 78, 68), 32.0
(49, 71, 63), 25.0
(50, 54, 55), 32.0
(53, 69, 66), 36.0
(50, 59, 56), 32.0
(43, 63, 58), 25.0
(51, 73, 62), 37.0
(52, 79, 63), 30.0
(52, 70, 62), 32.0
(50, 82, 68), 30.0
(48, 83, 67), 41.0
(51, 76, 65), 30.0
(47, 69, 63), 33.0
(50, 59, 58), 30.0
(50, 73, 59), 30.0
(52, 83, 69), 24.0
(48, 55, 59), 37.0
(45, 91, 71), 26.0
(44, 89, 77), 30.0
(43, 71, 63), 24.0
(48, 88, 68), 32.0
(46, 55, 58), 28.0
(46, 60, 56), 26.0
(47, 68, 61), 30.0
(48, 55, 57), 32.0
(50, 81, 67), 28.0
(45, 76, 61), 30.0
(45, 69, 62), 34.0
(45, 67, 57), 28.0
(42, 78, 64), 30.0
(46, 53, 54), 38.0
(47, 66, 62), 28.0
(44, 62, 61), 28.0
(46, 73, 65), 39.0
(52, 63, 60), 30.0
(41, 79, 67), 34.0
(50, 75, 64), 40.0
(46, 82, 66), 26.0
(44, 68, 57), 38.0
(48, 59, 61), 25.0
(46, 70, 62), 32.0
(43, 70, 61), 42.0
(43, 71, 60), 28.0
(47, 75, 65), 34.0
(44, 71, 60), 34.0
(44, 65, 60), 28.0
(47, 68, 58), 33.0
(45, 75, 59), 28.0
(47, 81, 65), 38.0
(47, 76, 63), 26.0
(47, 77, 68), 38.0
(47, 74, 62), 26.0
(48, 64, 62), 22.0
(46, 79, 64), 30.0
(46, 87, 69), 28.0
(48, 74, 65), 43.0
(46, 73, 66), 30.0
(47, 68, 64), 26.0
(47, 65, 60), 28.0
(46, 73, 64), 45.0
(46, 72, 64), 39.0
(48, 65, 61), 24.0
(45, 61, 58), 28.0
(44, 75, 66), 28.0
(43, 79, 65), 30.0
(45, 80, 66), 28.0
(48, 70, 62), 32.0
(45, 68, 65), 22.0
(45, 62, 59), 30.0
(45, 72, 65), 26.0
(48, 78, 68), 32.0
(47, 79, 65), 34.0
(45, 82, 67), 30.0
(47, 76, 66), 32.0
(49, 76, 66), 28.0
(47, 71, 65), 34.0
(50, 76, 65), 28.0
(48, 76, 66), 32.0
(47, 76, 65), 29.0
(47, 71, 64), 32.0
(47, 81, 66), 34.0
(49, 82, 69), 35.0
(48, 69, 65), 36.0
(47, 75, 68), 28.0
(44, 69, 62), 30.0
(45, 78, 66), 28.0
(48, 80, 68), 28.0
(48, 71, 64), 28.0
(45, 73, 63), 26.0
(48, 79, 68), 30.0
(49, 74, 66), 40.0
(48, 71, 65), 30.0
(48, 74, 68), 36.0
(50, 80, 68), 28.0
(46, 71, 64), 38.0
(48, 76, 68), 36.0
(49, 69, 66), 32.0
(50, 75, 69), 24.0
(51, 76, 68), 30.0
(48, 70, 66), 30.0
(47, 74, 68), 28.0
(45, 75, 65), 34.0
(45, 72, 64), 33.0
(46, 78, 65), 26.0
(47, 69, 64), 31.0
(46, 68, 64), 30.0
(45, 68, 64), 28.0
(46, 74, 64), 29.0
(43, 74, 63), 32.0
(48, 75, 67), 38.0
(43, 70, 62), 32.0
(45, 77, 65), 26.0
(43, 75, 63), 28.0
(44, 76, 64), 26.0
(43, 72, 63), 35.0
(44, 72, 63), 28.0
(48, 76, 67), 44.0
(43, 70, 63), 28.0
(47, 80, 69), 31.0
(46, 70, 64), 36.0
(47, 78, 67), 38.0
(46, 71, 63), 35.0
(47, 74, 65), 46.0
(46, 75, 65), 27.0
(49, 75, 66), 42.0
(46, 74, 65), 39.0
(47, 73, 64), 40.0
(46, 75, 66), 32.0
(48, 73, 66), 44.0
(48, 74, 66), 46.0
(47, 75, 66), 41.0
(48, 75, 66), 46.0
(45, 73, 64), 40.0
(49, 75, 67), 36.0
(47, 73, 65), 45.0
(50, 74, 66), 40.0
(48, 74, 67), 38.0
(47, 72, 64), 33.0
(47, 72, 65), 38.0
(49, 76, 67), 38.0
(48, 73, 65), 43.0
(49, 73, 66), 38.0
