Sampler:BoTorchSampler
(39, 261, 279, 172, 94, 33), 34.333333333333336
(174, 132, 281, 140, 242, 129), 42.5
(126, 109, 78, 162, 264, 202), 44.666666666666664
(278, 169, 257, 25, 151, 271), 38.0
(122, 135, 182, 223, 164, 153), 42.0
(170, 113, 247, 114, 85, 3), 44.0
(54, 292, 18, 277, 82, 31), 41.0
(122, 74, 141, 111, 77, 218), 43.0
(179, 271, 54, 167, 90, 117), 37.166666666666664
(47, 198, 188, 85, 278, 54), 33.5
(151, 80, 125, 152, 215, 184), 40.666666666666664
(99, 119, 55, 179, 238, 245), 39.0
(172, 89, 239, 134, 102, 82), 38.666666666666664
(149, 141, 136, 194, 57, 183), 41.0
(143, 147, 134, 187, 232, 185), 36.833333333333336
(86, 35, 111, 169, 100, 189), 45.0
(91, 18, 82, 136, 112, 190), 44.0
(78, 14, 145, 174, 102, 205), 40.666666666666664
(98, 58, 64, 151, 89, 166), 38.166666666666664
(104, 6, 104, 96, 168, 232), None
(104, 6, 104, 97, 167, 231), None
(104, 5, 104, 96, 169, 232), None
(104, 7, 104, 97, 167, 231), None
(104, 5, 104, 95, 169, 232), None
(104, 6, 104, 97, 168, 231), None
(104, 6, 104, 96, 169, 232), None
(104, 5, 104, 95, 170, 232), None
(104, 6, 104, 96, 168, 231), None
(104, 3, 103, 93, 172, 233), 37.0
(126, 37, 140, 192, 18, 220), 39.166666666666664
(72, 28, 121, 233, 164, 149), 40.666666666666664
(20, 87, 161, 136, 87, 196), None
(30, 85, 162, 138, 92, 193), 44.0
(38, 55, 166, 108, 86, 166), None
(36, 54, 166, 106, 85, 165), 40.166666666666664
(24, 96, 135, 186, 106, 221), 38.333333333333336
(108, 74, 248, 149, 125, 197), 38.0
Sampler:TPESampler
(186, 227, 258, 153, 234, 132), 46.166666666666664
(91, 239, 79, 2, 69, 123), 36.833333333333336
(175, 270, 64, 152, 257, 69), 38.333333333333336
(87, 123, 167, 160, 283, 291), 41.833333333333336
(214, 80, 32, 261, 73, 194), 33.166666666666664
(120, 269, 56, 52, 51, 191), 46.0
(237, 11, 164, 9, 147, 165), 38.333333333333336
(196, 28, 217, 127, 223, 201), 42.0
(81, 270, 88, 93, 4, 142), 42.5
(54, 38, 92, 60, 128, 118), 43.5
(4, 189, 294, 222, 214, 17), 35.333333333333336
(280, 214, 285, 202, 190, 257), 37.333333333333336
(138, 152, 5, 67, 0, 237), 42.166666666666664
(147, 284, 228, 111, 89, 75), 42.166666666666664
(132, 188, 127, 190, 184, 186), 41.166666666666664
(258, 237, 209, 298, 297, 86), 40.5
(175, 295, 262, 48, 121, 228), 39.5
(105, 153, 137, 171, 31, 21), 40.333333333333336
(30, 232, 183, 122, 254, 156), 36.5
(175, 210, 250, 33, 176, 100), 41.0
(121, 125, 121, 98, 39, 291), None
(53, 57, 53, 71, 109, 122), None
(56, 72, 103, 35, 134, 49), 48.166666666666664
(48, 76, 110, 36, 165, 43), 33.833333333333336
(217, 113, 34, 81, 217, 174), None
(8, 251, 9, 21, 140, 50), 43.0
(164, 195, 107, 122, 99, 223), 40.333333333333336
(114, 171, 50, 232, 70, 142), 37.0
(81, 98, 191, 145, 40, 5), 44.833333333333336
(98, 263, 148, 7, 243, 107), 30.5
(197, 229, 76, 42, 160, 54), 36.666666666666664
(79, 98, 201, 145, 45, 31), 40.666666666666664
(71, 68, 258, 185, 50, 62), 39.166666666666664
(25, 99, 179, 142, 21, 3), 42.666666666666664
(65, 134, 235, 97, 81, 6), 39.0
(159, 47, 157, 163, 20, 37), 40.666666666666664
(89, 94, 63, 220, 54, 210), 36.666666666666664
(124, 257, 195, 17, 278, 260), 41.166666666666664
(96, 24, 274, 258, 64, 85), 40.5
(36, 4, 88, 55, 200, 179), 39.0
(194, 296, 103, 83, 134, 155), 36.0
(63, 38, 84, 58, 123, 127), 42.0
(51, 54, 39, 135, 96, 122), 50.0
(44, 62, 31, 136, 107, 138), 36.5
(108, 80, 16, 158, 89, 196), 44.333333333333336
(76, 25, 68, 111, 68, 97), None
(15, 281, 31, 176, 149, 168), 43.333333333333336
(230, 89, 41, 197, 24, 18), 34.833333333333336
(143, 115, 20, 1, 232, 72), 45.166666666666664
(148, 119, 17, 2, 237, 66), 43.666666666666664
Sampler:CmaEsSampler
(0, 10, 131, 53, 287, 94), 40.833333333333336
(197, 201, 118, 138, 144, 160), 36.166666666666664
(150, 154, 179, 176, 32, 194), 47.333333333333336
(186, 49, 142, 247, 110, 236), 37.0
(176, 86, 110, 173, 162, 150), 39.5
(148, 96, 143, 147, 167, 123), 38.333333333333336
(188, 2, 22, 143, 145, 140), 42.666666666666664
(157, 137, 142, 97, 119, 179), 37.666666666666664
(169, 194, 104, 146, 144, 211), 45.0
(195, 225, 179, 176, 144, 12), 38.5
(207, 176, 43, 172, 86, 236), 40.0
(228, 213, 210, 158, 194, 174), 49.0
(154, 110, 139, 135, 144, 139), None
(173, 153, 67, 55, 9, 225), 42.0
(138, 165, 190, 155, 125, 199), 39.166666666666664
(196, 80, 76, 108, 59, 163), 40.666666666666664
(183, 62, 152, 228, 110, 217), 38.666666666666664
(128, 115, 189, 236, 121, 242), 34.333333333333336
(82, 156, 154, 136, 126, 225), 36.666666666666664
(161, 140, 38, 137, 166, 213), 40.5
(241, 165, 172, 124, 43, 260), 45.166666666666664
(152, 181, 152, 161, 84, 183), None
(125, 178, 103, 129, 122, 129), None
(121, 203, 150, 146, 111, 132), 41.5
(162, 131, 160, 140, 71, 192), 34.166666666666664
(195, 186, 190, 174, 171, 197), 49.666666666666664
(154, 163, 148, 124, 157, 160), 41.833333333333336
(199, 245, 92, 126, 159, 204), 37.833333333333336
(249, 203, 96, 192, 69, 244), 42.666666666666664
(179, 214, 182, 94, 92, 234), 38.666666666666664
(173, 182, 175, 72, 171, 203), 35.833333333333336
(203, 223, 241, 125, 131, 277), 45.333333333333336
(264, 190, 260, 54, 103, 187), 41.333333333333336
(260, 136, 138, 62, 30, 187), 35.666666666666664
(201, 217, 173, 257, 55, 186), 44.333333333333336
(198, 172, 180, 155, 121, 194), 36.0
(213, 149, 78, 117, 71, 273), 35.333333333333336
(262, 182, 177, 183, 142, 215), 41.666666666666664
(198, 160, 199, 125, 131, 239), 41.5
(214, 128, 128, 128, 163, 224), None
(284, 214, 170, 204, 91, 229), 45.0
(179, 217, 239, 164, 149, 230), 43.166666666666664
(175, 135, 182, 215, 165, 158), 42.333333333333336
(268, 214, 129, 97, 150, 297), 43.166666666666664
(230, 182, 229, 211, 146, 256), 36.0
(248, 211, 197, 164, 128, 286), 38.5
(183, 229, 140, 119, 118, 264), 44.666666666666664
(204, 267, 200, 156, 16, 280), 43.0
(228, 243, 238, 154, 150, 255), 39.333333333333336
(295, 257, 232, 230, 164, 291), 42.333333333333336
