Sampler:BoTorchSampler
(43, 96, 12, 11, 75, 25, 33, 96, 86), None
(25, 41, 82, 76, 40, 79, 82, 69, 55), None
(40, 57, 57, 30, 21, 59, 70, 87, 25), None
(95, 25, 46, 86, 59, 76, 17, 71, 15), 14.555555555555555
(26, 28, 16, 77, 81, 67, 80, 64, 41), 13.777777777777779
(43, 64, 34, 88, 62, 96, 45, 27, 83), None
(40, 41, 49, 21, 80, 23, 72, 28, 79), 13.11111111111111
(65, 48, 54, 14, 65, 18, 83, 42, 94), None
(2, 49, 58, 35, 85, 44, 98, 44, 50), None
(5, 94, 48, 35, 65, 74, 32, 59, 18), None
(70, 20, 1, 70, 70, 33, 64, 40, 28), None
(36, 47, 12, 42, 19, 15, 93, 98, 7), None
(36, 19, 52, 70, 89, 19, 91, 79, 32), None
(60, 59, 52, 90, 27, 74, 25, 88, 2), 15.444444444444445
(52, 83, 8, 83, 82, 54, 13, 89, 64), None
(88, 6, 86, 90, 36, 24, 92, 99, 53), None
(39, 4, 28, 68, 47, 11, 76, 48, 84), None
(52, 55, 58, 44, 2, 91, 84, 19, 47), 15.0
(54, 6, 16, 46, 9, 72, 77, 71, 92), None
(68, 62, 25, 6, 17, 5, 38, 13, 51), None
(61, 17, 46, 40, 79, 49, 12, 28, 58), 15.88888888888889
(66, 5, 93, 92, 14, 16, 54, 82, 38), None
(61, 74, 10, 40, 48, 95, 41, 95, 28), None
(2, 25, 93, 60, 3, 39, 15, 21, 48), None
(10, 22, 51, 86, 76, 95, 43, 19, 38), 13.88888888888889
(63, 99, 15, 80, 81, 39, 10, 18, 76), None
(64, 17, 12, 66, 25, 44, 19, 1, 88), 14.555555555555555
(41, 75, 31, 91, 1, 85, 61, 73, 69), 13.88888888888889
(58, 74, 98, 34, 47, 8, 6, 63, 80), None
(32, 18, 45, 58, 87, 44, 0, 22, 84), 14.777777777777779
(69, 14, 46, 39, 76, 51, 1, 29, 53), 14.444444444444445
(57, 14, 45, 43, 90, 50, 24, 24, 64), None
(57, 15, 45, 43, 89, 50, 24, 24, 64), None
(57, 14, 45, 43, 90, 51, 24, 24, 64), None
(57, 14, 45, 43, 91, 51, 24, 24, 64), None
(57, 13, 45, 43, 92, 51, 25, 23, 64), 14.11111111111111
(59, 58, 60, 73, 27, 62, 12, 80, 0), 14.11111111111111
(68, 58, 45, 79, 29, 91, 37, 74, 0), 13.222222222222221
(47, 31, 46, 44, 51, 39, 4, 34, 64), None
(48, 30, 45, 44, 55, 40, 5, 32, 64), None
(47, 30, 45, 44, 54, 40, 5, 33, 64), None
(67, 61, 79, 50, 42, 3, 87, 17, 85), None
(26, 36, 81, 28, 48, 91, 69, 76, 36), None
(16, 10, 62, 89, 27, 25, 86, 86, 78), None
(47, 30, 45, 44, 53, 40, 4, 33, 64), None
Sampler:TPESampler
(11, 20, 24, 66, 57, 87, 51, 25, 53), 16.0
(68, 31, 83, 52, 54, 36, 51, 65, 14), 14.666666666666666
(89, 49, 10, 9, 27, 30, 25, 76, 36), 13.88888888888889
(1, 50, 79, 33, 45, 34, 74, 54, 92), 14.666666666666666
(9, 52, 72, 98, 71, 59, 41, 62, 4), None
(59, 72, 6, 55, 58, 43, 75, 73, 15), None
(28, 22, 42, 37, 71, 56, 17, 55, 11), 12.88888888888889
(47, 68, 42, 42, 96, 62, 10, 48, 82), None
(82, 71, 4, 40, 8, 95, 27, 11, 83), None
(70, 22, 81, 99, 0, 99, 4, 90, 84), None
(29, 1, 25, 68, 95, 8, 99, 18, 55), None
(41, 25, 56, 70, 41, 77, 57, 36, 52), None
(20, 2, 98, 78, 64, 17, 48, 28, 34), None
(73, 94, 26, 57, 29, 76, 60, 1, 65), 15.333333333333334
(97, 93, 25, 18, 26, 80, 68, 0, 64), None
(57, 99, 24, 83, 27, 78, 90, 0, 68), None
(78, 87, 56, 59, 83, 86, 39, 18, 37), 12.0
(40, 35, 35, 85, 37, 69, 63, 35, 67), None
(12, 85, 19, 24, 17, 87, 80, 10, 47), 14.0
(58, 13, 34, 63, 34, 68, 37, 28, 27), None
(31, 42, 15, 47, 49, 49, 59, 43, 98), None
(71, 36, 95, 50, 59, 27, 52, 68, 24), 15.777777777777779
(73, 11, 63, 72, 64, 16, 49, 98, 44), None
(89, 57, 94, 50, 82, 27, 67, 81, 61), 13.88888888888889
(64, 37, 35, 28, 53, 93, 56, 12, 74), 14.0
(82, 61, 46, 61, 17, 3, 35, 26, 24), None
(51, 11, 62, 44, 79, 69, 45, 41, 58), 13.11111111111111
(98, 43, 16, 2, 62, 47, 83, 64, 43), None
(76, 28, 31, 77, 34, 22, 31, 7, 74), None
(62, 31, 72, 54, 48, 87, 53, 20, 20), None
(67, 81, 92, 65, 57, 43, 66, 58, 1), 12.777777777777779
(87, 17, 88, 53, 72, 34, 45, 70, 33), 14.88888888888889
(91, 17, 90, 54, 72, 39, 46, 72, 32), None
(87, 42, 86, 48, 74, 32, 54, 85, 40), 14.0
(83, 17, 98, 34, 42, 25, 63, 68, 29), None
(69, 6, 78, 59, 52, 34, 73, 78, 51), None
(2, 33, 74, 91, 89, 57, 22, 67, 11), 13.333333333333334
(52, 49, 11, 56, 66, 38, 32, 49, 20), None
(76, 19, 87, 73, 59, 18, 50, 59, 7), None
(93, 25, 41, 42, 69, 73, 41, 88, 18), None
(41, 62, 3, 66, 77, 10, 43, 55, 74), None
(84, 38, 85, 51, 55, 54, 59, 73, 26), 14.555555555555555
(71, 28, 81, 38, 45, 37, 52, 64, 11), 14.333333333333334
(1, 77, 71, 32, 26, 29, 73, 53, 97), None
(12, 6, 98, 20, 59, 62, 80, 41, 92), None
(19, 68, 77, 46, 42, 23, 62, 46, 85), None
(5, 55, 65, 56, 21, 42, 69, 33, 90), None
(64, 22, 54, 60, 88, 99, 43, 77, 56), None
(46, 49, 22, 51, 1, 53, 12, 4, 36), None
(77, 30, 29, 69, 68, 32, 26, 69, 47), None
Sampler:CmaEsSampler
(99, 38, 98, 32, 62, 62, 53, 72, 32), None
(91, 88, 57, 87, 89, 73, 4, 6, 83), None
(74, 34, 93, 69, 65, 48, 14, 90, 65), None
(66, 38, 35, 11, 91, 26, 18, 26, 25), None
(22, 41, 77, 53, 81, 23, 54, 14, 88), 15.333333333333334
(48, 53, 50, 44, 34, 87, 62, 20, 25), 15.555555555555555
(55, 24, 51, 68, 40, 49, 51, 31, 67), None
(46, 57, 56, 65, 48, 60, 51, 54, 68), 12.555555555555555
(68, 60, 50, 37, 16, 80, 82, 44, 73), 13.222222222222221
(46, 29, 57, 73, 67, 57, 45, 68, 68), None
(31, 46, 50, 46, 44, 25, 37, 56, 54), None
(48, 58, 14, 19, 60, 43, 69, 64, 63), 15.11111111111111
(45, 32, 76, 68, 45, 51, 39, 52, 33), None
(51, 72, 83, 31, 36, 49, 53, 41, 85), 14.555555555555555
(65, 69, 57, 71, 47, 71, 66, 56, 63), None
(29, 48, 42, 75, 27, 37, 51, 74, 32), 14.222222222222221
(35, 62, 52, 29, 49, 68, 34, 16, 36), 14.222222222222221
(43, 71, 52, 53, 63, 56, 66, 41, 63), None
(34, 55, 29, 42, 38, 44, 66, 35, 63), 14.88888888888889
(29, 67, 85, 52, 76, 60, 46, 35, 23), 15.222222222222221
(36, 68, 42, 48, 46, 37, 39, 53, 33), 14.0
(49, 61, 48, 7, 38, 81, 75, 74, 40), None
(35, 40, 44, 33, 63, 99, 51, 21, 38), None
(37, 47, 38, 45, 52, 68, 46, 45, 61), None
(31, 49, 89, 64, 48, 85, 29, 67, 5), None
(57, 68, 65, 17, 44, 66, 62, 23, 47), 13.333333333333334
(57, 59, 84, 34, 23, 56, 86, 32, 43), 15.0
(31, 31, 19, 58, 42, 64, 55, 23, 48), None
(39, 52, 52, 81, 56, 70, 61, 26, 37), None
(77, 44, 44, 44, 36, 83, 53, 4, 32), None
(33, 59, 72, 35, 62, 73, 85, 17, 10), 14.444444444444445
(67, 40, 37, 61, 42, 43, 74, 42, 32), None
(65, 48, 71, 36, 36, 71, 43, 45, 46), None
(49, 68, 90, 78, 51, 93, 47, 55, 32), 14.333333333333334
(58, 58, 66, 40, 28, 59, 65, 37, 36), None
(43, 70, 52, 11, 31, 68, 45, 28, 59), 14.333333333333334
(81, 40, 39, 24, 65, 88, 68, 12, 9), 14.777777777777779
(52, 53, 59, 40, 56, 50, 52, 33, 31), None
(56, 31, 66, 39, 67, 78, 75, 42, 0), 13.777777777777779
(28, 88, 30, 58, 40, 87, 43, 28, 58), None
(47, 65, 77, 53, 46, 68, 49, 30, 35), 13.777777777777779
(53, 63, 78, 52, 60, 48, 20, 30, 55), 13.88888888888889
(34, 63, 48, 39, 31, 37, 63, 44, 33), None
(40, 60, 42, 24, 34, 44, 49, 29, 25), 13.777777777777779
(64, 58, 66, 29, 43, 67, 57, 5, 10), None
(65, 44, 58, 24, 60, 62, 67, 49, 18), 15.0
(46, 20, 67, 9, 70, 70, 85, 7, 34), None
(38, 38, 83, 13, 55, 59, 68, 3, 7), None
(64, 44, 66, 34, 16, 88, 91, 34, 29), None
(82, 39, 68, 15, 42, 86, 65, 13, 0), 14.222222222222221
