Sampler:TPESampler
(83, 43, 1), 34.0
(46, 49, 13), 38.0
(25, 61, 47), 28.0
(19, 73, 97), 27.0
(4, 21, 50), 48.0
(84, 61, 79), 22.0
(93, 97, 54), 31.0
(53, 54, 48), 28.0
(22, 97, 94), 26.0
(45, 50, 71), 26.0
(1, 12, 26), 32.0
(58, 19, 22), 33.0
(1, 30, 28), 38.0
(44, 30, 0), 30.0
(68, 3, 63), 26.0
(39, 76, 37), 28.0
(32, 36, 12), 27.0
(13, 20, 36), 34.0
(64, 0, 18), 26.0
(73, 81, 39), 33.0
(36, 41, 61), 26.0
(0, 28, 29), 28.0
(9, 19, 11), 28.0
(13, 30, 11), 44.0
(12, 42, 8), 34.0
(6, 29, 32), 36.0
(28, 10, 42), 30.0
(16, 59, 20), 28.0
(28, 37, 56), 40.0
(20, 35, 55), 22.0
(30, 12, 79), 28.0
(7, 46, 5), 32.0
(24, 38, 64), 22.0
(38, 23, 47), 36.0
(52, 53, 55), 38.0
(51, 53, 55), 38.0
(15, 64, 73), 27.0
(5, 25, 44), 35.0
(25, 45, 90), 32.0
(20, 34, 17), 22.0
(46, 7, 4), 30.0
(60, 65, 52), 36.0
(55, 56, 59), 48.0
(80, 57, 70), 31.0
(59, 48, 59), None
(43, 67, 67), None
(55, 16, 77), 26.0
(48, 33, 48), None
(33, 40, 34), 42.0
(34, 40, 33), 44.0
(33, 26, 25), 31.0
(41, 41, 59), None
(35, 39, 33), 26.0
(98, 31, 42), 37.0
(27, 49, 51), 30.0
(17, 90, 44), 38.0
(11, 44, 15), 32.0
(3, 16, 38), 38.0
(22, 36, 23), 38.0
(31, 21, 34), 29.0
(40, 55, 28), 26.0
(0, 31, 29), 33.0
(48, 49, 10), 28.0
(10, 27, 58), 28.0
(3, 38, 39), 32.0
(18, 88, 44), 26.0
(52, 53, 64), 30.0
(14, 83, 47), 24.0
(28, 42, 21), 32.0
(4, 13, 37), 38.0
(36, 60, 55), 29.0
(55, 23, 52), 26.0
(23, 52, 25), 38.0
(8, 47, 57), 32.0
(13, 17, 31), 36.0
(65, 52, 61), 32.0
(43, 23, 50), 36.0
(26, 6, 35), 30.0
(55, 58, 66), 32.0
(18, 70, 6), 30.0
(17, 99, 41), 26.0
(3, 28, 26), 22.0
(32, 62, 13), 39.0
(21, 35, 15), 28.0
(34, 63, 2), 35.0
(52, 56, 49), 26.0
(29, 91, 44), 34.0
(6, 33, 9), 32.0
(30, 12, 18), 34.0
(62, 61, 54), 29.0
(23, 40, 23), None
(21, 37, 12), 38.0
(50, 44, 61), 32.0
(9, 51, 30), 35.0
(46, 54, 56), 24.0
(25, 31, 14), 32.0
(57, 80, 45), 24.0
(41, 76, 53), 39.0
(36, 72, 68), 22.0
(38, 76, 60), 26.0
(33, 47, 53), 20.0
(49, 68, 63), 28.0
(41, 33, 27), 36.0
(16, 85, 12), 28.0
(38, 78, 49), 29.0
(44, 18, 39), 28.0
(32, 43, 23), 28.0
(24, 38, 17), 34.0
(1, 40, 7), 42.0
(12, 94, 0), 31.0
(2, 15, 7), 20.0
(5, 25, 46), 31.0
(28, 40, 2), 38.0
(35, 40, 2), 29.0
(8, 62, 42), 24.0
(20, 36, 20), None
(0, 21, 37), 37.0
(52, 58, 57), 30.0
(30, 45, 4), 28.0
(4, 31, 33), 32.0
(46, 48, 54), 28.0
(15, 34, 51), 39.0
(15, 34, 52), 39.0
(16, 34, 52), 48.0
(14, 29, 51), 28.0
(11, 38, 10), 26.0
(10, 34, 53), 34.0
(7, 8, 48), None
(15, 42, 51), 48.0
(15, 43, 52), 46.0
(14, 42, 50), 36.0
(13, 33, 58), 25.0
(17, 43, 52), 44.0
(16, 43, 56), 26.0
(18, 46, 46), None
(11, 38, 52), 30.0
(26, 50, 50), None
(19, 41, 59), 23.0
(38, 45, 55), 26.0
(6, 39, 88), 33.0
(15, 35, 48), 33.0
(16, 43, 53), 32.0
(19, 37, 52), 25.0
(31, 29, 63), 26.0
(9, 32, 57), 26.0
(12, 41, 51), 34.0
(22, 35, 55), 26.0
(33, 40, 48), 26.0
(14, 27, 8), 34.0
(17, 36, 46), 38.0
(18, 36, 50), 38.0
(2, 66, 61), 20.0
(16, 39, 43), 24.0
(41, 30, 53), 37.0
(7, 44, 39), 28.0
(1, 34, 56), 36.0
(4, 32, 59), 28.0
(55, 50, 54), 40.0
(59, 50, 53), 34.0
(57, 46, 49), 32.0
(29, 41, 1), 34.0
(62, 37, 11), 22.0
(77, 55, 15), 32.0
(23, 48, 55), 28.0
(20, 84, 51), 30.0
(27, 42, 4), 30.0
(11, 15, 36), 32.0
(87, 26, 47), 34.0
(55, 93, 45), 30.0
(24, 51, 57), 28.0
(21, 75, 6), 26.0
(13, 86, 54), 26.0
(26, 52, 25), 36.0
(36, 38, 13), 28.0
(15, 70, 18), 28.0
(9, 34, 31), 20.0
(18, 44, 9), 38.0
(51, 54, 52), 38.0
(54, 47, 9), 28.0
(29, 39, 3), 43.0
(32, 39, 33), 20.0
(49, 49, 5), None
(28, 57, 50), 24.0
(31, 20, 50), 29.0
(52, 53, 54), 36.0
(22, 36, 22), None
(35, 42, 41), 38.0
(16, 89, 58), 22.0
(55, 55, 56), None
(53, 60, 52), 36.0
(47, 40, 3), 28.0
(17, 37, 49), 28.0
(30, 45, 60), 24.0
(58, 40, 0), 24.0
(33, 34, 52), 28.0
(1, 5, 47), 28.0
(4, 14, 50), 36.0
(39, 11, 45), 22.0
(34, 42, 7), 23.0
(14, 42, 41), 27.0
(42, 53, 53), None
(36, 38, 54), 26.0
(45, 32, 12), 27.0
(50, 2, 15), 46.0
(50, 58, 12), 24.0
(19, 36, 20), 30.0
(56, 50, 56), None
(48, 30, 16), 28.0
(19, 1, 48), 36.0
(12, 3, 29), 32.0
(3, 23, 34), 29.0
(28, 39, 6), 50.0
(15, 39, 6), 32.0
(28, 64, 10), 30.0
(25, 44, 54), 36.0
(30, 79, 2), 28.0
(26, 40, 4), 38.0
(28, 38, 14), 38.0
(34, 42, 6), 31.0
(21, 33, 38), 26.0
(18, 35, 51), 32.0
(32, 37, 10), 28.0
(56, 56, 55), None
(0, 17, 36), 30.0
(5, 13, 32), 41.0
(27, 40, 14), 38.0
(6, 47, 27), 38.0
(7, 9, 27), 32.0
(10, 18, 32), 30.0
(53, 7, 57), 22.0
(50, 52, 14), 26.0
(29, 51, 8), 28.0
(5, 44, 33), 26.0
(53, 49, 4), 26.0
(31, 55, 52), 31.0
(13, 96, 18), 22.0
(23, 44, 9), 30.0
(51, 4, 35), 29.0
(51, 38, 51), None
(2, 31, 30), 28.0
(0, 41, 16), 41.0
(3, 35, 17), 30.0
(0, 40, 20), 29.0
(14, 12, 11), 32.0
(21, 37, 13), 36.0
(16, 0, 11), 31.0
(4, 40, 58), 28.0
(20, 42, 55), 34.0
(15, 34, 53), 38.0
(13, 52, 49), 24.0
(24, 36, 32), 32.0
(17, 14, 8), 37.0
(1, 20, 51), 40.0
(0, 28, 53), 28.0
(61, 21, 50), 30.0
(2, 23, 55), 41.0
(6, 82, 51), 30.0
(1, 46, 55), 28.0
(3, 20, 48), 36.0
(8, 24, 62), 30.0
(0, 23, 16), 28.0
(3, 27, 57), 44.0
(2, 25, 59), 34.0
(2, 27, 57), 36.0
(5, 28, 53), 24.0
(3, 22, 55), 28.0
(38, 25, 58), 40.0
(37, 31, 60), 28.0
(34, 25, 58), 30.0
(5, 26, 57), 43.0
(4, 26, 57), 44.0
(5, 27, 64), 28.0
(40, 24, 61), 36.0
(7, 26, 57), 36.0
(4, 29, 58), 45.0
(4, 29, 60), 30.0
(2, 26, 58), 36.0
(5, 23, 62), 38.0
(2, 19, 56), 30.0
(6, 29, 59), 38.0
(8, 25, 64), 24.0
(4, 27, 59), 48.0
(9, 29, 59), 36.0
(4, 27, 56), 36.0
(0, 22, 60), 26.0
(2, 25, 57), 36.0
(6, 30, 55), 26.0
(4, 27, 62), 26.0
(0, 20, 58), 25.0
(3, 24, 61), 34.0
(69, 22, 54), 32.0
(10, 30, 56), 28.0
(6, 27, 97), 26.0
(2, 42, 54), 26.0
(4, 28, 59), 48.0
(8, 29, 63), 24.0
(4, 30, 67), 26.0
(7, 32, 58), 26.0
(6, 28, 60), 32.0
(4, 25, 65), 24.0
(10, 27, 59), 30.0
(5, 32, 6), 35.0
(2, 43, 56), 22.0
(0, 26, 3), 41.0
(0, 28, 2), 25.0
(3, 25, 6), 26.0
(2, 46, 3), 35.0
(0, 41, 0), None
(0, 22, 4), 34.0
(2, 17, 5), 27.0
(8, 26, 60), 34.0
(5, 31, 53), 29.0
(4, 28, 62), 26.0
(8, 10, 74), 24.0
(12, 43, 2), 34.0
(6, 2, 56), 28.0
(3, 39, 8), 44.0
(3, 32, 8), 38.0
(4, 42, 7), 37.0
(97, 38, 9), 28.0
(2, 39, 7), 45.0
(5, 39, 7), 40.0
(0, 39, 85), 26.0
(2, 40, 5), 42.0
(7, 41, 10), 42.0
(11, 40, 6), 46.0
(11, 40, 5), 42.0
(11, 38, 6), 41.0
(13, 44, 11), 33.0
(11, 41, 5), 44.0
(8, 41, 9), 30.0
(12, 45, 7), 28.0
(9, 37, 4), 33.0
(11, 39, 4), 28.0
(10, 41, 9), 31.0
(10, 43, 11), 30.0
(14, 34, 6), 36.0
(7, 41, 1), 36.0
(6, 36, 9), 37.0
(9, 39, 5), 45.0
(9, 38, 8), 35.0
(12, 33, 4), 38.0
(8, 44, 7), 30.0
(7, 36, 12), 30.0
(12, 38, 2), 24.0
(15, 30, 4), 40.0
(4, 43, 7), 32.0
(9, 47, 10), 32.0
(6, 40, 6), None
(11, 35, 1), 28.0
(6, 42, 8), 36.0
(8, 45, 4), 32.0
(44, 32, 59), 22.0
(4, 38, 5), 41.0
(14, 41, 62), 38.0
(17, 34, 57), 30.0
(11, 39, 5), 30.0
(14, 31, 0), 33.0
(13, 37, 48), 44.0
(17, 36, 50), 30.0
(9, 37, 61), 26.0
(13, 29, 47), 31.0
(3, 33, 64), 34.0
(7, 39, 58), 40.0
(15, 35, 3), 36.0
(3, 28, 48), 36.0
(10, 43, 52), 35.0
(12, 30, 60), 35.0
(19, 39, 57), 27.0
(5, 37, 54), 28.0
(13, 32, 49), 30.0
(16, 35, 7), 36.0
(10, 28, 59), 30.0
(15, 42, 2), 35.0
(47, 37, 43), 26.0
(13, 40, 52), 26.0
(9, 44, 62), 40.0
(11, 30, 56), 28.0
(6, 33, 66), 28.0
(8, 39, 54), 28.0
(16, 26, 8), 34.0
(13, 46, 58), 40.0
(58, 42, 6), 24.0
(5, 37, 60), 26.0
(65, 34, 3), 38.0
(18, 28, 46), 31.0
(10, 39, 51), 24.0
(88, 31, 10), 28.0
(8, 41, 56), 26.0
(12, 36, 63), 22.0
(4, 24, 13), 34.0
(6, 45, 8), 32.0
(3, 27, 54), 28.0
(15, 40, 5), 34.0
(7, 38, 57), 40.0
(10, 30, 49), 30.0
(14, 43, 61), 32.0
(2, 35, 52), 29.0
(19, 33, 2), 30.0
(5, 41, 68), 24.0
(12, 38, 55), 28.0
(17, 48, 93), 30.0
(9, 26, 59), 34.0
(4, 29, 8), 38.0
(60, 44, 6), 34.0
(7, 36, 58), 38.0
(49, 24, 12), 23.0
(2, 42, 50), 28.0
(14, 32, 44), 32.0
(5, 27, 56), 38.0
(2, 41, 10), 38.0
(7, 37, 0), 38.0
(21, 61, 53), 30.0
(9, 29, 60), 30.0
(4, 34, 6), 30.0
(16, 45, 54), 29.0
(13, 40, 83), 28.0
(6, 23, 24), 28.0
(2, 31, 3), 45.0
(2, 32, 2), None
(0, 35, 3), 34.0
(2, 32, 0), 37.0
(19, 30, 10), 35.0
(4, 28, 47), 30.0
(54, 31, 64), 28.0
(4, 25, 57), 41.0
(25, 37, 4), 24.0
(8, 27, 51), 32.0
(15, 43, 6), 42.0
(12, 34, 8), 28.0
(2, 7, 61), 34.0
(6, 29, 58), 42.0
(9, 30, 55), 30.0
(0, 26, 52), 27.0
(16, 39, 2), 34.0
(11, 42, 5), 34.0
(14, 47, 7), 35.0
(18, 37, 4), 28.0
(43, 40, 9), 28.0
(75, 33, 49), 26.0
(4, 28, 60), 30.0
(6, 31, 62), 36.0
(12, 35, 2), 32.0
(2, 38, 40), 30.0
(14, 43, 5), 47.0
(14, 46, 7), 30.0
(17, 45, 9), 28.0
(11, 43, 12), 30.0
(14, 44, 6), 34.0
(16, 48, 14), 46.0
(15, 47, 11), 36.0
(10, 48, 14), 28.0
(17, 48, 51), 24.0
(20, 50, 19), 28.0
(19, 42, 16), 32.0
(22, 44, 45), 33.0
(13, 46, 14), 37.0
(16, 41, 21), 38.0
(12, 33, 11), 32.0
(17, 58, 15), 42.0
(8, 5, 8), None
(48, 40, 12), 32.0
(57, 36, 6), 40.0
(16, 43, 4), 32.0
(0, 45, 8), 26.0
(3, 41, 5), 40.0
(18, 31, 49), 34.0
(10, 49, 3), 26.0
(52, 43, 53), 25.0
(14, 67, 65), 25.0
(13, 38, 72), 22.0
(46, 36, 10), 30.0
(15, 39, 13), 30.0
(11, 42, 47), 24.0
(14, 40, 17), 34.0
(2, 30, 55), 28.0
(20, 38, 99), 24.0
(7, 44, 59), 26.0
(4, 41, 1), 43.0
(12, 28, 57), 30.0
(10, 35, 6), 28.0
(62, 33, 9), 30.0
(5, 46, 7), 32.0
(1, 39, 69), 31.0
(7, 22, 4), 35.0
(3, 42, 53), 32.0
(5, 24, 10), 28.0
(17, 37, 50), 24.0
(13, 9, 5), 32.0
(9, 53, 48), 28.0
(16, 29, 63), 24.0
(15, 40, 8), 22.0
(12, 63, 55), 28.0
(1, 31, 52), 46.0
Sampler:BoTorchSampler
(97, 73, 74), 22.0
(42, 70, 30), 26.0
(37, 24, 24), None
(93, 58, 7), 28.0
(19, 49, 71), 24.0
(23, 43, 66), 24.0
(71, 44, 8), 38.0
(82, 96, 35), 25.0
(84, 36, 69), 26.0
(16, 67, 25), 35.0
(60, 47, 55), 24.0
(65, 33, 0), 35.0
(74, 31, 14), 26.0
(34, 49, 0), 31.0
(0, 79, 4), 28.0
(33, 13, 0), 30.0
(58, 61, 0), 24.0
(85, 10, 61), 30.0
(0, 61, 18), 27.0
(95, 3, 0), 31.0
(13, 88, 93), 23.0
(23, 39, 11), 30.0
(60, 21, 18), 24.0
(31, 94, 75), 32.0
(58, 78, 0), 28.0
(64, 19, 35), 22.0
(77, 19, 28), 32.0
(59, 67, 34), 24.0
(12, 89, 70), 24.0
(34, 3, 27), 28.0
(12, 3, 4), 35.0
(77, 59, 96), 44.0
(74, 65, 89), 37.0
(76, 39, 79), 37.0
(77, 39, 1), 28.0
(77, 43, 36), 26.0
(77, 35, 0), 30.0
(77, 35, 91), 28.0
(31, 98, 18), 26.0
(91, 6, 91), None
(11, 7, 44), 30.0
(77, 83, 78), 38.0
(33, 6, 34), 26.0
(77, 87, 20), 28.0
(77, 86, 42), 26.0
(19, 82, 75), 32.0
(18, 35, 43), 46.0
(51, 58, 79), 29.0
(58, 58, 8), None
(15, 53, 25), 29.0
(78, 4, 29), 41.0
(3, 87, 11), 26.0
(52, 67, 98), 26.0
(78, 82, 22), 24.0
(31, 33, 42), 32.0
(37, 98, 60), 26.0
(22, 56, 31), 26.0
(78, 88, 29), 30.0
(45, 45, 34), None
(9, 78, 0), 26.0
(10, 75, 48), 30.0
(46, 14, 31), 26.0
(20, 71, 99), 26.0
(91, 98, 20), 23.0
(7, 42, 39), 26.0
(26, 78, 89), 33.0
(84, 25, 48), 22.0
(82, 28, 32), 24.0
(20, 23, 49), 24.0
(29, 3, 8), 46.0
(92, 93, 92), None
(29, 92, 83), 30.0
(42, 7, 18), 30.0
(31, 49, 61), 22.0
(58, 54, 55), 34.0
(34, 76, 57), 24.0
(41, 16, 45), 22.0
(64, 71, 30), 32.0
(4, 65, 86), 24.0
(76, 96, 3), 28.0
(91, 41, 33), 38.0
(1, 58, 16), 30.0
(84, 68, 18), 30.0
(87, 91, 48), 30.0
(99, 10, 59), 26.0
(13, 7, 74), 26.0
(69, 99, 80), 38.0
(86, 93, 8), 26.0
(32, 1, 99), 29.0
(2, 3, 5), 27.0
(15, 92, 42), 28.0
(98, 91, 78), 34.0
(9, 52, 42), 32.0
(73, 43, 92), 39.0
(62, 51, 79), 30.0
(74, 41, 65), 30.0
(4, 96, 76), 26.0
(24, 50, 79), 30.0
(19, 82, 0), 23.0
(33, 35, 10), 38.0
(38, 48, 49), 32.0
(5, 48, 4), 39.0
(71, 3, 12), 36.0
(51, 56, 40), 25.0
(3, 8, 93), 24.0
(43, 66, 13), 26.0
(85, 76, 41), 35.0
(94, 66, 50), 32.0
(41, 10, 78), 27.0
(26, 34, 27), 31.0
(86, 88, 80), 26.0
(96, 68, 14), 28.0
(81, 14, 8), 28.0
(27, 89, 83), 28.0
(62, 51, 37), 23.0
(3, 95, 0), 31.0
(80, 68, 75), 22.0
(29, 86, 86), None
(4, 13, 20), 33.0
(82, 21, 56), 30.0
(85, 5, 67), 30.0
(31, 69, 24), 30.0
(62, 90, 83), 32.0
(27, 99, 98), 42.0
(4, 53, 90), 31.0
(90, 95, 87), 26.0
(8, 32, 26), 31.0
(98, 84, 44), 24.0
(55, 42, 89), 24.0
(63, 6, 83), 22.0
(68, 71, 49), 30.0
(81, 97, 13), 26.0
(62, 3, 73), 30.0
(43, 11, 47), 24.0
(1, 45, 89), 34.0
(64, 7, 55), 32.0
(5, 21, 99), 26.0
(7, 91, 30), 26.0
(22, 0, 3), 33.0
(62, 71, 13), 27.0
(89, 47, 50), 24.0
(65, 94, 90), 30.0
(97, 99, 74), 43.0
(31, 52, 46), 28.0
(78, 82, 92), 26.0
(13, 74, 41), 32.0
(88, 84, 23), 24.0
(48, 70, 80), 29.0
(21, 54, 92), 28.0
(38, 64, 41), 30.0
(81, 67, 43), 28.0
(38, 37, 36), 35.0
(24, 30, 84), 22.0
(82, 66, 35), 28.0
(86, 60, 20), 30.0
(99, 44, 23), 33.0
(7, 6, 98), 35.0
(88, 83, 48), 38.0
(27, 20, 24), 22.0
(25, 88, 40), 28.0
(0, 84, 69), 28.0
(96, 81, 47), 24.0
(34, 39, 83), 26.0
(91, 57, 81), 36.0
(52, 98, 3), 26.0
(88, 77, 14), 30.0
(25, 70, 42), 36.0
(4, 64, 47), 28.0
(42, 36, 4), 26.0
(27, 49, 98), 33.0
(18, 52, 77), 26.0
(15, 28, 19), 40.0
(9, 41, 91), 26.0
(88, 62, 7), 24.0
(58, 17, 89), 22.0
(4, 44, 70), 28.0
(8, 7, 38), 43.0
(74, 11, 79), 28.0
(10, 96, 86), 28.0
(91, 55, 31), 32.0
(97, 62, 56), 26.0
(31, 69, 35), 28.0
(44, 29, 53), 34.0
(63, 91, 96), 34.0
(55, 83, 91), 32.0
(89, 50, 86), 26.0
(16, 74, 58), 24.0
(85, 5, 88), 26.0
(90, 92, 42), 38.0
(29, 96, 46), 33.0
(62, 16, 5), 34.0
(16, 16, 30), None
(31, 91, 70), 39.0
(62, 46, 87), 28.0
(16, 54, 97), 24.0
(56, 51, 61), 26.0
(82, 47, 61), 26.0
(98, 67, 45), 30.0
(15, 52, 76), 24.0
(51, 87, 75), 26.0
(40, 68, 33), 30.0
(2, 32, 10), 34.0
(41, 84, 85), 37.0
(97, 80, 4), 24.0
(67, 59, 21), 29.0
(14, 57, 93), 30.0
(73, 20, 1), 36.0
(75, 20, 39), 28.0
(96, 27, 78), 42.0
(25, 47, 48), 27.0
(54, 42, 42), None
(37, 4, 46), 31.0
(39, 52, 18), 24.0
(78, 66, 82), 32.0
(57, 45, 63), 30.0
(72, 65, 31), 30.0
(51, 37, 44), 32.0
(66, 97, 15), 30.0
(99, 7, 47), 18.0
(61, 54, 1), 24.0
(6, 7, 14), 28.0
(38, 91, 44), 32.0
(49, 3, 30), 32.0
(55, 91, 33), 28.0
(95, 51, 37), 24.0
(93, 27, 64), 34.0
(47, 95, 82), 28.0
(44, 66, 12), 40.0
(96, 49, 8), 23.0
(72, 23, 3), 30.0
(8, 33, 88), 26.0
(61, 76, 84), 40.0
(28, 64, 60), 28.0
(68, 71, 62), 30.0
(76, 27, 74), 28.0
(28, 7, 28), None
(7, 43, 59), 28.0
(7, 45, 28), 26.0
(47, 20, 10), 34.0
(50, 32, 59), 28.0
(17, 56, 27), 36.0
(7, 99, 53), 28.0
(80, 82, 14), 32.0
(95, 32, 68), 24.0
(24, 92, 25), 28.0
(31, 55, 42), 29.0
(77, 65, 22), 32.0
(97, 96, 90), 24.0
(8, 82, 64), 34.0
(58, 15, 71), 26.0
(55, 47, 86), 30.0
(68, 81, 86), 34.0
(85, 94, 22), 32.0
(76, 29, 88), 32.0
(24, 54, 75), 32.0
(81, 62, 48), 26.0
(7, 57, 97), 16.0
(62, 3, 10), 42.0
(76, 84, 20), 30.0
(33, 50, 18), 30.0
(19, 17, 43), 31.0
(17, 99, 80), 23.0
(87, 31, 95), 33.0
(12, 13, 76), 24.0
(94, 46, 95), 31.0
(14, 23, 30), 39.0
(48, 31, 3), 32.0
(65, 18, 37), 37.0
(18, 85, 72), 26.0
(30, 15, 54), 26.0
(97, 78, 23), 26.0
(90, 8, 54), 36.0
(92, 18, 66), 32.0
(80, 73, 73), None
(36, 75, 45), 29.0
(68, 51, 83), 32.0
(0, 58, 93), 26.0
(96, 95, 91), 25.0
(8, 9, 71), 24.0
(85, 26, 72), 24.0
(24, 4, 16), 28.0
(53, 0, 39), 26.0
(7, 82, 95), 23.0
(91, 67, 14), 25.0
(62, 15, 31), 38.0
(99, 24, 21), 26.0
(58, 47, 60), 27.0
(93, 2, 58), 26.0
(67, 47, 8), 26.0
(90, 16, 69), 26.0
(10, 98, 2), 28.0
(96, 17, 58), 28.0
(75, 44, 85), 31.0
(99, 75, 46), 28.0
(26, 91, 74), 26.0
(82, 37, 17), 28.0
(83, 24, 81), 25.0
(43, 80, 96), 26.0
(84, 28, 56), 38.0
(31, 32, 11), 28.0
(66, 90, 1), 28.0
(89, 95, 15), 28.0
(11, 67, 39), 25.0
(53, 64, 70), 32.0
(74, 1, 96), 32.0
(30, 41, 11), 26.0
(66, 87, 11), 38.0
(57, 67, 18), 20.0
(28, 86, 36), 29.0
(32, 70, 2), 26.0
(85, 87, 73), 37.0
(2, 90, 6), 28.0
(26, 66, 1), 26.0
(23, 44, 14), 33.0
(34, 28, 60), 28.0
(77, 74, 3), 24.0
(21, 52, 79), 26.0
(67, 60, 87), 26.0
(43, 53, 90), 40.0
(45, 14, 7), 28.0
(32, 93, 57), 24.0
(48, 89, 54), 28.0
(51, 29, 35), 24.0
(22, 45, 27), 26.0
(0, 74, 28), 26.0
(73, 91, 61), 30.0
(16, 75, 90), 26.0
(59, 6, 53), 28.0
(94, 30, 60), 46.0
(43, 72, 34), 40.0
(81, 57, 84), 30.0
(37, 1, 60), 24.0
(16, 91, 90), 28.0
(26, 61, 17), 38.0
(46, 90, 67), 32.0
(0, 24, 21), 29.0
(27, 10, 96), 24.0
(63, 88, 34), 26.0
(16, 0, 70), 37.0
(46, 57, 32), 28.0
(80, 12, 62), 31.0
(91, 10, 30), 21.0
(56, 9, 16), 26.0
(51, 35, 61), 27.0
(14, 53, 37), 24.0
(82, 90, 24), 26.0
(90, 29, 29), None
(23, 0, 59), 28.0
(46, 83, 52), 20.0
(56, 23, 67), 47.0
(21, 10, 64), 33.0
(76, 28, 90), 26.0
(83, 20, 81), 34.0
(46, 91, 92), 29.0
(49, 83, 54), 30.0
(98, 50, 35), 26.0
(10, 20, 87), 25.0
(3, 14, 79), 31.0
(88, 5, 24), 29.0
(7, 50, 94), 26.0
(95, 32, 76), 24.0
(49, 49, 71), None
(15, 96, 8), 30.0
(97, 55, 53), 22.0
(55, 2, 33), 29.0
(47, 66, 4), 33.0
(76, 18, 99), 28.0
(55, 2, 99), 36.0
(16, 21, 38), 36.0
(40, 82, 41), 27.0
(33, 9, 62), 30.0
(91, 72, 71), 30.0
(33, 13, 46), 21.0
(56, 63, 1), 26.0
(81, 49, 58), 33.0
(0, 52, 98), 28.0
(13, 35, 34), 30.0
(93, 62, 51), 39.0
(71, 7, 67), 24.0
(7, 51, 78), 24.0
(85, 36, 80), 20.0
(96, 40, 86), 34.0
(61, 85, 63), 32.0
(58, 6, 44), 26.0
(41, 20, 99), 27.0
(63, 74, 38), 27.0
(62, 58, 43), 28.0
(6, 1, 15), 30.0
(73, 1, 57), 28.0
(60, 28, 88), 22.0
(7, 2, 46), 32.0
(89, 58, 12), 26.0
(1, 97, 95), 23.0
(37, 75, 89), 34.0
(11, 18, 82), 24.0
(78, 31, 80), 25.0
(40, 59, 30), 24.0
(16, 68, 25), 32.0
(12, 24, 93), 26.0
(8, 75, 48), 34.0
(90, 33, 71), 26.0
(39, 51, 19), 25.0
(40, 44, 83), 28.0
(1, 48, 94), 26.0
(95, 20, 1), 32.0
(69, 54, 25), 26.0
(69, 5, 93), 26.0
(23, 97, 46), 30.0
(33, 88, 5), 26.0
(98, 39, 10), 25.0
(79, 14, 79), None
(85, 86, 38), 42.0
(92, 58, 39), 31.0
(7, 42, 59), 26.0
(89, 99, 83), None
(95, 18, 96), 39.0
(55, 25, 80), 24.0
(38, 46, 17), 31.0
(27, 89, 9), 28.0
(10, 49, 46), 30.0
(84, 8, 57), 30.0
(86, 95, 82), 29.0
(92, 8, 30), 26.0
(7, 22, 18), 38.0
(46, 32, 47), 26.0
(3, 4, 24), 35.0
(60, 49, 81), 31.0
(40, 4, 72), 40.0
(29, 96, 85), 35.0
(9, 42, 79), 24.0
(23, 33, 77), 30.0
(67, 17, 3), 30.0
(30, 92, 3), 32.0
(78, 95, 34), 28.0
(72, 52, 62), 30.0
(30, 96, 28), 24.0
(1, 52, 81), 20.0
(27, 2, 70), 30.0
(12, 93, 7), 26.0
(67, 19, 37), 33.0
(83, 46, 39), 32.0
(34, 19, 76), 28.0
(23, 29, 6), 42.0
(38, 42, 18), 25.0
(51, 84, 77), 40.0
(19, 90, 86), 28.0
(24, 97, 27), 32.0
(9, 8, 95), 29.0
(68, 23, 50), 28.0
(52, 61, 77), 37.0
(70, 87, 1), 26.0
(69, 55, 35), 26.0
(50, 66, 25), 24.0
(86, 78, 10), 28.0
(85, 86, 76), 39.0
(76, 51, 71), 38.0
(82, 1, 90), 34.0
(60, 4, 62), 26.0
(8, 54, 93), 28.0
(53, 81, 64), 34.0
(14, 70, 0), 37.0
(86, 93, 54), 30.0
(14, 32, 73), 34.0
(0, 63, 85), 32.0
(23, 88, 62), 26.0
(60, 79, 32), 24.0
(92, 50, 13), 26.0
(70, 90, 56), 31.0
(2, 25, 43), 36.0
(49, 67, 48), 32.0
(38, 19, 98), 33.0
(17, 72, 73), 26.0
(20, 80, 76), 30.0
(69, 96, 52), 30.0
(64, 58, 92), 27.0
(53, 67, 79), 34.0
(66, 85, 76), 32.0
(19, 26, 46), 24.0
(84, 34, 96), 26.0
(5, 62, 97), 26.0
(80, 86, 84), 22.0
(5, 86, 66), 18.0
(86, 89, 14), 28.0
(38, 71, 51), 23.0
(9, 24, 8), 40.0
(56, 13, 83), 30.0
(9, 0, 73), 24.0
(91, 26, 42), 26.0
(56, 63, 85), 24.0
(64, 19, 36), 26.0
(14, 36, 34), 21.0
(41, 47, 84), 24.0
(46, 46, 56), None
(47, 10, 35), 28.0
(82, 79, 23), 24.0
(2, 37, 54), 28.0
(32, 61, 13), 35.0
(96, 53, 43), 36.0
(68, 48, 77), 35.0
(70, 56, 95), 31.0
Sampler:CmaEsSampler
(79, 77, 92), 30.0
(40, 35, 68), 28.0
(29, 61, 37), 33.0
(69, 52, 74), 28.0
(48, 24, 60), 32.0
(67, 59, 48), 27.0
(31, 64, 55), 30.0
(33, 40, 50), 34.0
(63, 73, 55), 28.0
(32, 51, 54), 32.0
(17, 58, 56), 28.0
(23, 22, 53), 30.0
(45, 45, 56), None
(34, 47, 47), None
(35, 31, 44), 28.0
(44, 9, 37), 28.0
(9, 48, 48), None
(44, 32, 31), 29.0
(49, 56, 29), 28.0
(39, 48, 35), 31.0
(28, 34, 36), 38.0
(24, 17, 29), 46.0
(29, 37, 44), 45.0
(33, 9, 61), 32.0
(33, 36, 59), 36.0
(6, 18, 44), 28.0
(15, 26, 16), 37.0
(28, 22, 50), 28.0
(35, 23, 3), 28.0
(7, 26, 39), 40.0
(26, 17, 28), 34.0
(23, 23, 59), None
(53, 17, 53), None
(41, 21, 55), 26.0
(12, 24, 20), 32.0
(23, 27, 32), 38.0
(26, 20, 23), 40.0
(3, 2, 4), 31.0
(41, 12, 2), 44.0
(25, 25, 20), None
(27, 39, 24), 48.0
(12, 24, 33), 35.0
(13, 14, 54), 30.0
(24, 6, 24), None
(37, 20, 32), 34.0
(28, 20, 19), 41.0
(47, 53, 30), 32.0
(33, 28, 20), 26.0
(0, 26, 10), None
(34, 35, 43), 28.0
(55, 33, 2), 29.0
(30, 37, 38), 26.0
(46, 32, 25), 23.0
(37, 2, 17), 40.0
(7, 25, 25), None
(42, 18, 9), 30.0
(23, 40, 29), 26.0
(27, 28, 35), 29.0
(67, 57, 47), 26.0
(50, 51, 20), 34.0
(52, 1, 26), 27.0
(53, 37, 16), 24.0
(55, 51, 21), 28.0
(40, 13, 11), 42.0
(64, 14, 27), 26.0
(44, 38, 4), 28.0
(39, 31, 16), 32.0
(46, 31, 12), 26.0
(39, 39, 13), None
(39, 21, 6), 34.0
(32, 60, 27), 28.0
(33, 32, 18), 22.0
(43, 63, 29), 24.0
(40, 13, 9), 30.0
(54, 30, 5), 26.0
(24, 29, 7), 40.0
(12, 42, 13), 32.0
(12, 15, 13), 30.0
(40, 10, 14), 43.0
(34, 11, 7), 28.0
(36, 3, 6), 32.0
(19, 32, 17), 32.0
(41, 40, 23), 37.0
(27, 13, 3), 32.0
(46, 14, 14), None
(21, 2, 33), 34.0
(48, 30, 16), 28.0
(44, 51, 32), 28.0
(36, 25, 0), 38.0
(50, 18, 4), 34.0
(33, 31, 13), 33.0
(39, 27, 5), 48.0
(33, 25, 8), 38.0
(26, 25, 8), 38.0
(48, 22, 3), 34.0
(35, 16, 20), 30.0
(43, 32, 11), 34.0
(49, 20, 6), 34.0
(26, 26, 17), None
(32, 39, 19), 38.0
(35, 31, 15), 24.0
(42, 26, 9), 30.0
(37, 20, 15), 34.0
(31, 38, 3), 38.0
(26, 33, 19), 34.0
(33, 41, 6), 41.0
(35, 58, 22), 36.0
(43, 36, 8), 30.0
(26, 50, 26), None
(49, 46, 15), 28.0
(23, 33, 8), 26.0
(46, 50, 18), 24.0
(39, 34, 8), 28.0
(26, 57, 13), 40.0
(41, 34, 16), 32.0
(35, 41, 24), 28.0
(31, 49, 17), 32.0
(33, 57, 20), 33.0
(43, 36, 4), 24.0
(40, 53, 22), 30.0
(32, 47, 1), 26.0
(32, 60, 19), 32.0
(30, 71, 31), 31.0
(27, 53, 13), 26.0
(34, 49, 13), 32.0
(36, 53, 25), 24.0
(25, 64, 15), 36.0
(36, 41, 16), 25.0
(28, 74, 43), 28.0
(30, 51, 25), 36.0
(25, 53, 32), 26.0
(36, 33, 6), 24.0
(37, 61, 23), 28.0
(26, 35, 32), 26.0
(20, 80, 33), 30.0
(32, 76, 19), 25.0
(19, 45, 18), 31.0
(20, 53, 29), 32.0
(30, 56, 12), 28.0
(32, 63, 29), 24.0
(10, 44, 37), 30.0
(35, 46, 23), 45.0
(30, 52, 29), 27.0
(19, 45, 14), 34.0
(18, 54, 35), 34.0
(19, 26, 20), 30.0
(29, 70, 37), 33.0
(29, 40, 18), 30.0
(28, 24, 22), 32.0
(34, 38, 17), 30.0
(28, 26, 20), 22.0
(14, 45, 32), 26.0
(37, 24, 16), 24.0
(19, 73, 30), 26.0
(27, 18, 11), 25.0
(29, 28, 28), None
(30, 44, 15), 28.0
(25, 48, 21), 26.0
(25, 38, 10), 22.0
(38, 44, 20), 28.0
(19, 15, 36), 30.0
(40, 19, 10), 35.0
(27, 27, 32), None
(21, 18, 33), 32.0
(19, 7, 22), 44.0
(38, 3, 12), 34.0
(26, 16, 21), 32.0
(32, 14, 16), 40.0
(25, 24, 28), 30.0
(41, 2, 15), 44.0
(19, 7, 25), 28.0
(13, 60, 36), 26.0
(27, 21, 26), 20.0
(18, 25, 31), 22.0
(26, 0, 24), 30.0
(26, 66, 28), 26.0
(26, 6, 20), 32.0
(40, 17, 15), 32.0
(15, 42, 26), 27.0
(34, 3, 18), 32.0
(7, 11, 31), 34.0
(27, 50, 26), 22.0
(33, 5, 24), 35.0
(3, 10, 29), 26.0
(21, 1, 25), 40.0
(25, 42, 17), 38.0
(41, 29, 23), 28.0
(8, 11, 43), 32.0
(4, 19, 33), 36.0
(25, 6, 36), 34.0
(19, 9, 33), 42.0
(15, 33, 29), 34.0
(23, 17, 26), 35.0
(11, 26, 35), 24.0
(27, 22, 26), 24.0
(30, 18, 32), 26.0
(14, 8, 26), 37.0
(1, 5, 46), 28.0
(23, 35, 21), 32.0
(7, 18, 30), 32.0
(16, 3, 21), 38.0
(18, 24, 27), 40.0
(19, 17, 32), 32.0
(16, 12, 26), 35.0
(7, 25, 38), 30.0
(15, 18, 28), 37.0
(12, 17, 29), 42.0
(18, 15, 20), 16.0
(17, 28, 24), 38.0
(24, 6, 22), 31.0
(16, 21, 25), 28.0
(12, 27, 30), 42.0
(8, 25, 21), 26.0
(14, 12, 18), 35.0
(9, 38, 30), 32.0
(14, 5, 26), 27.0
(10, 19, 25), 18.0
(18, 24, 20), 18.0
(9, 20, 25), 29.0
(6, 23, 17), 32.0
(15, 32, 15), None
(10, 33, 22), 39.0
(4, 30, 14), 36.0
(2, 36, 23), 34.0
(10, 8, 20), 38.0
(16, 14, 18), 30.0
(15, 29, 17), 42.0
(8, 36, 19), 36.0
(4, 40, 11), 52.0
(16, 8, 12), 26.0
(15, 36, 20), 34.0
(16, 22, 24), 28.0
(11, 12, 24), 34.0
(20, 15, 18), 16.0
(5, 13, 20), 34.0
(17, 21, 23), 26.0
(22, 38, 10), 30.0
(11, 12, 22), None
(7, 36, 14), 30.0
(4, 60, 25), 32.0
(4, 55, 20), 28.0
(2, 27, 9), 28.0
(3, 21, 32), 38.0
(5, 11, 16), 30.0
(2, 48, 15), 30.0
(4, 25, 15), 29.0
(13, 52, 13), None
(1, 48, 16), 32.0
(9, 2, 19), 34.0
(4, 13, 28), 32.0
(5, 18, 44), 28.0
(13, 42, 24), 34.0
(3, 9, 31), 38.0
(5, 21, 29), 30.0
(3, 18, 25), 28.0
(7, 9, 31), 24.0
(24, 13, 18), 28.0
(5, 23, 27), 32.0
(4, 7, 43), 32.0
(6, 0, 28), 28.0
(7, 2, 30), 45.0
(10, 26, 25), 24.0
(2, 17, 30), 44.0
(2, 41, 31), 38.0
(7, 24, 30), 28.0
(6, 18, 34), 24.0
(3, 27, 22), 38.0
(9, 32, 27), 30.0
(10, 22, 28), 28.0
(5, 6, 32), 37.0
(7, 25, 29), 34.0
(5, 32, 15), 36.0
(6, 16, 26), 30.0
(9, 28, 19), 32.0
(1, 26, 28), 22.0
(7, 10, 29), 32.0
(5, 31, 18), 28.0
(10, 37, 19), 29.0
(7, 37, 21), 36.0
(5, 20, 29), 24.0
(12, 34, 13), 29.0
(6, 40, 24), 36.0
(11, 18, 19), 30.0
(8, 28, 23), 32.0
(8, 33, 27), 30.0
(6, 33, 32), 26.0
(2, 26, 28), 24.0
(9, 37, 13), 28.0
(8, 48, 16), 38.0
(6, 34, 25), 45.0
(7, 46, 14), 30.0
(10, 24, 23), 38.0
(7, 24, 33), 43.0
(1, 24, 30), 38.0
(12, 17, 21), 43.0
(6, 56, 18), 28.0
(7, 49, 20), 36.0
(8, 35, 21), 30.0
(8, 39, 17), 32.0
(6, 45, 29), 28.0
(7, 30, 25), 31.0
(11, 18, 33), 30.0
(8, 0, 38), 38.0
(11, 1, 31), 37.0
(9, 26, 26), None
(4, 36, 23), 24.0
(11, 5, 26), 38.0
(3, 13, 31), 28.0
(11, 2, 26), 36.0
(9, 7, 30), 27.0
(6, 26, 27), 29.0
(11, 31, 24), 27.0
(5, 19, 15), 30.0
(9, 22, 21), 26.0
(15, 7, 17), 46.0
(12, 22, 25), 38.0
(13, 0, 27), 24.0
(16, 34, 12), 28.0
(17, 34, 14), 32.0
(8, 23, 17), 32.0
(16, 39, 13), 44.0
(10, 6, 29), 28.0
(5, 37, 24), 28.0
(11, 3, 22), 38.0
(18, 35, 11), 26.0
(14, 9, 20), 20.0
(22, 6, 17), 40.0
(20, 22, 8), 26.0
(17, 50, 9), 29.0
(17, 17, 8), None
(20, 40, 3), 40.0
(23, 36, 11), 34.0
(14, 27, 12), 30.0
(29, 4, 11), 26.0
(12, 12, 29), None
(12, 17, 19), 32.0
(14, 55, 10), 28.0
(16, 33, 9), 28.0
(20, 64, 12), 26.0
(20, 49, 19), 36.0
(15, 33, 6), 43.0
(19, 26, 5), 28.0
(17, 35, 18), 32.0
(16, 44, 12), 28.0
(21, 40, 15), 42.0
(13, 28, 15), 28.0
(20, 55, 2), 30.0
(18, 14, 20), 28.0
(23, 56, 9), 30.0
(17, 29, 15), 46.0
(21, 50, 10), 27.0
(22, 44, 9), 26.0
(15, 37, 17), 30.0
(14, 33, 22), 33.0
(18, 60, 5), 28.0
(24, 40, 10), 33.0
(17, 52, 16), 28.0
(17, 27, 23), 41.0
(25, 35, 11), 32.0
(13, 28, 17), 42.0
(26, 25, 15), 32.0
(13, 18, 30), 30.0
(21, 36, 15), 36.0
(16, 37, 22), 32.0
(16, 20, 25), 28.0
(13, 40, 15), 42.0
(10, 29, 18), 30.0
(16, 30, 18), 20.0
(10, 16, 30), 37.0
(19, 41, 12), 34.0
(18, 25, 23), 24.0
(13, 35, 17), 28.0
(18, 45, 6), 30.0
(9, 30, 21), 32.0
(10, 28, 24), 18.0
(15, 41, 13), 44.0
(7, 31, 32), 34.0
(8, 44, 14), 30.0
(11, 37, 23), 29.0
(11, 13, 30), 40.0
(11, 32, 19), 30.0
(13, 23, 22), 29.0
(11, 34, 25), 35.0
(13, 31, 18), 34.0
(9, 32, 28), 36.0
(8, 21, 34), 28.0
(13, 29, 17), 44.0
(13, 10, 28), 26.0
(11, 12, 26), 38.0
(13, 23, 24), 34.0
(10, 19, 21), 30.0
(14, 14, 28), None
(10, 37, 17), 34.0
(10, 42, 17), 31.0
(11, 9, 33), 32.0
(13, 35, 14), 27.0
(4, 11, 37), 32.0
(15, 23, 17), 41.0
(11, 14, 32), 28.0
(14, 18, 23), 36.0
(9, 23, 21), 18.0
(6, 26, 24), 32.0
(10, 19, 23), 28.0
(13, 13, 23), None
(13, 28, 16), 34.0
(15, 34, 13), 30.0
(13, 39, 14), 28.0
(15, 26, 17), 35.0
(13, 30, 19), 32.0
(10, 18, 26), 29.0
(13, 21, 22), 40.0
(15, 26, 15), None
(12, 24, 21), 34.0
(11, 26, 24), 24.0
(14, 17, 25), 25.0
(14, 14, 26), None
(14, 18, 26), 36.0
(14, 25, 21), 26.0
(13, 24, 22), 34.0
(15, 29, 13), 30.0
(15, 20, 20), None
(12, 21, 27), 46.0
(15, 16, 23), 29.0
(10, 21, 32), 29.0
(13, 28, 29), 32.0
(11, 11, 38), None
(15, 30, 20), 42.0
(12, 13, 29), 22.0
(14, 31, 23), 36.0
(16, 24, 18), 37.0
(13, 14, 26), 30.0
(14, 39, 14), None
(14, 36, 16), 36.0
(16, 36, 13), 30.0
(17, 41, 14), 36.0
(15, 28, 25), 36.0
(15, 31, 18), 22.0
(17, 41, 20), 42.0
(17, 45, 8), 32.0
(13, 43, 20), 27.0
(16, 39, 25), 32.0
(15, 54, 14), 28.0
(20, 51, 13), 40.0
(19, 39, 9), 38.0
(16, 38, 20), 32.0
(11, 41, 20), None
(18, 43, 22), 32.0
(9, 4, 31), 28.0
(23, 35, 1), 43.0
(12, 18, 41), 38.0
(14, 22, 19), 26.0
(13, 28, 20), 26.0
(16, 25, 33), 28.0
(9, 19, 40), 36.0
(23, 36, 23), None
(22, 47, 3), 22.0
(15, 2, 33), 28.0
(16, 17, 29), 44.0
(12, 30, 21), 43.0
(13, 19, 33), 26.0
(19, 21, 11), 38.0
(19, 35, 11), 32.0
(16, 24, 20), 22.0
(10, 6, 31), 40.0
(15, 22, 29), 32.0
(16, 8, 26), 36.0
(10, 21, 26), 38.0
(10, 7, 40), 39.0
(13, 9, 24), 28.0
(7, 20, 31), 34.0
(7, 12, 29), 44.0
(7, 0, 41), 37.0
(9, 9, 27), None
(6, 5, 32), 35.0
(8, 0, 26), 37.0
(14, 1, 30), 42.0
(7, 9, 23), 39.0
(15, 16, 19), 40.0
(11, 21, 26), 42.0
(16, 11, 21), 46.0
(13, 11, 26), 36.0
(10, 25, 17), 20.0
(15, 11, 31), 40.0
(20, 29, 15), 20.0
(12, 11, 24), 40.0
(21, 26, 10), 32.0
(19, 24, 19), None
(11, 14, 31), 38.0
(8, 3, 26), 35.0
(5, 6, 37), 41.0
(15, 17, 15), None
(18, 19, 8), 33.0
(16, 33, 10), 28.0
(7, 16, 31), 34.0
(10, 14, 35), 28.0
(11, 6, 31), 36.0
Sampler:TPESampler
(49, 16, 52), 24.0
(0, 13, 96), 27.0
(85, 47, 37), 34.0
(61, 81, 31), 28.0
(52, 84, 68), 22.0
(61, 23, 86), 28.0
(6, 56, 37), 38.0
(41, 7, 69), 23.0
(93, 5, 23), 28.0
(23, 32, 85), 30.0
(2, 68, 0), 25.0
(96, 48, 31), 22.0
(76, 52, 44), 30.0
(30, 48, 7), 30.0
(16, 63, 45), 34.0
(78, 36, 23), 28.0
(80, 64, 55), 36.0
(69, 96, 59), 42.0
(69, 99, 65), 30.0
(34, 97, 60), 30.0
(11, 81, 77), 24.0
(67, 65, 57), 30.0
(84, 73, 52), 45.0
(86, 90, 41), 37.0
(48, 78, 17), 26.0
(99, 75, 33), 26.0
(69, 55, 49), 30.0
(58, 89, 76), 34.0
(91, 72, 61), 35.0
(47, 57, 47), None
(73, 34, 53), 43.0
(76, 39, 52), 26.0
(84, 22, 52), 34.0
(70, 41, 37), 26.0
(88, 31, 74), 30.0
(58, 91, 39), 31.0
(63, 59, 62), 18.0
(55, 25, 27), 28.0
(37, 13, 93), 26.0
(74, 43, 70), 28.0
(82, 0, 54), 26.0
(88, 87, 41), 29.0
(84, 94, 35), 36.0
(91, 85, 46), 26.0
(72, 73, 40), 38.0
(73, 72, 15), 24.0
(62, 68, 57), 34.0
(0, 79, 30), 25.0
(24, 52, 66), 24.0
(66, 45, 42), 26.0
(41, 29, 49), 24.0
(79, 84, 42), 28.0
(73, 92, 26), 33.0
(96, 95, 36), 29.0
(80, 74, 58), 22.0
(7, 36, 45), 35.0
(86, 61, 51), 42.0
(65, 62, 64), 38.0
(66, 60, 64), 26.0
(54, 51, 82), 28.0
(73, 67, 72), 24.0
(77, 55, 54), 33.0
(70, 63, 49), 30.0
(81, 70, 59), 30.0
(64, 77, 68), 39.0
(59, 61, 68), 23.0
(64, 48, 80), 34.0
(68, 77, 64), 37.0
(50, 57, 62), 30.0
(46, 82, 55), 48.0
(25, 81, 51), 28.0
(44, 83, 56), 28.0
(56, 75, 69), 34.0
(15, 66, 53), 24.0
(31, 63, 61), 28.0
(86, 70, 39), 28.0
(76, 88, 47), 28.0
(93, 55, 56), 26.0
(60, 99, 72), 28.0
(20, 80, 50), 19.0
(64, 77, 66), 36.0
(72, 71, 45), 27.0
(83, 73, 60), 33.0
(88, 65, 54), 38.0
(90, 59, 53), 30.0
(99, 65, 58), 32.0
(88, 77, 47), 41.0
(93, 86, 48), 40.0
(94, 86, 48), 44.0
(96, 87, 48), 44.0
(94, 86, 43), 28.0
(96, 82, 48), 34.0
(99, 94, 51), 27.0
(90, 91, 44), 32.0
(95, 89, 47), 37.0
(87, 87, 50), None
(92, 77, 52), 32.0
(85, 85, 55), None
(97, 19, 34), 26.0
(90, 97, 38), 28.0
(82, 93, 46), 24.0
(93, 79, 41), 28.0
(88, 76, 55), 28.0
(79, 81, 59), 37.0
(50, 83, 63), 32.0
(89, 97, 48), 40.0
(84, 96, 48), 41.0
(85, 96, 49), 29.0
(44, 97, 48), 28.0
(97, 90, 52), 36.0
(91, 91, 45), None
(84, 85, 57), 44.0
(89, 88, 56), 30.0
(83, 99, 43), 30.0
(81, 95, 50), 46.0
(78, 96, 51), 38.0
(75, 93, 58), 37.0
(84, 85, 53), 40.0
(81, 89, 50), 32.0
(86, 84, 53), 32.0
(80, 94, 57), 34.0
(83, 92, 54), 33.0
(87, 95, 46), 36.0
(84, 79, 60), 22.0
(77, 84, 51), 34.0
(93, 86, 43), 30.0
(94, 88, 56), 32.0
(85, 98, 47), 30.0
(39, 82, 53), 31.0
(89, 90, 48), 32.0
(91, 36, 49), 28.0
(86, 87, 45), 26.0
(82, 85, 51), 48.0
(79, 80, 55), 30.0
(81, 92, 41), 40.0
(44, 86, 51), 28.0
(82, 83, 53), 30.0
(70, 39, 57), 30.0
(76, 95, 61), 30.0
(77, 93, 41), 29.0
(81, 92, 44), 28.0
(88, 99, 96), None
(84, 81, 50), 42.0
(80, 26, 50), 24.0
(84, 75, 54), 28.0
(46, 82, 47), 29.0
(87, 79, 49), 44.0
(87, 79, 50), 28.0
(53, 78, 58), 24.0
(83, 73, 52), 37.0
(86, 85, 55), 32.0
(89, 81, 1), 24.0
(92, 89, 48), 37.0
(85, 84, 52), 38.0
(95, 5, 46), 22.0
(97, 68, 49), 36.0
(74, 90, 39), 32.0
(81, 87, 42), 36.0
(79, 76, 44), 26.0
(90, 45, 49), 26.0
(84, 83, 91), 36.0
(92, 12, 45), 24.0
(82, 96, 51), 44.0
(87, 78, 51), 32.0
(82, 97, 56), 34.0
(78, 91, 59), 36.0
(94, 81, 47), 27.0
(81, 33, 51), 36.0
(83, 80, 55), 30.0
(87, 94, 49), 48.0
(87, 95, 49), 51.0
(87, 94, 50), 35.0
(86, 95, 46), 39.0
(89, 99, 49), 32.0
(85, 95, 52), 36.0
(91, 89, 54), 25.0
(78, 96, 47), 42.0
(72, 97, 50), 36.0
(76, 93, 58), 40.0
(79, 97, 47), 42.0
(79, 99, 46), 37.0
(74, 95, 48), 30.0
(77, 92, 52), 32.0
(79, 50, 54), 24.0
(82, 87, 44), 26.0
(80, 97, 47), 24.0
(82, 94, 49), 39.0
(75, 97, 51), 32.0
(88, 82, 56), 34.0
(47, 96, 47), None
(85, 90, 49), 28.0
(83, 93, 44), 35.0
(86, 99, 52), 32.0
(78, 96, 46), 28.0
(83, 91, 50), 30.0
(99, 88, 54), 33.0
(88, 70, 49), 30.0
(80, 79, 43), 28.0
(85, 75, 52), 26.0
(81, 92, 42), 46.0
(81, 84, 45), 28.0
(42, 94, 51), 32.0
(83, 91, 47), 30.0
(51, 86, 56), 26.0
(68, 94, 53), 26.0
(78, 89, 41), 25.0
(86, 83, 37), 30.0
(84, 92, 62), 34.0
(81, 92, 40), 44.0
(81, 93, 39), 29.0
(82, 96, 43), 32.0
(79, 87, 50), 28.0
(87, 98, 48), 39.0
(76, 90, 33), 24.0
(84, 80, 45), 28.0
(71, 85, 51), 42.0
(72, 84, 53), 30.0
(74, 81, 57), 34.0
(71, 85, 50), 40.0
(67, 95, 47), 46.0
(68, 88, 51), 24.0
(65, 95, 48), 38.0
(70, 82, 46), 28.0
(69, 78, 55), 36.0
(79, 93, 52), 26.0
(66, 95, 49), 38.0
(76, 86, 42), 30.0
(81, 54, 54), None
(85, 97, 47), 28.0
(83, 92, 50), 28.0
(87, 99, 47), 37.0
(81, 95, 52), 34.0
(78, 96, 50), 29.0
(83, 91, 53), 28.0
(73, 84, 45), 28.0
(85, 98, 17), 36.0
(80, 96, 51), 46.0
(80, 93, 51), 42.0
(79, 93, 54), 30.0
(80, 90, 52), 40.0
(77, 96, 56), 28.0
(49, 88, 51), 24.0
(80, 92, 51), 46.0
(80, 91, 51), 43.0
(82, 91, 54), 32.0
(78, 89, 49), 28.0
(75, 86, 49), 31.0
(97, 94, 59), 42.0
(95, 91, 57), 27.0
(81, 93, 52), 30.0
(97, 93, 60), 33.0
(77, 84, 47), 46.0
(74, 86, 55), 30.0
(83, 83, 50), None
(77, 85, 46), 30.0
(80, 89, 51), 31.0
(77, 87, 48), 40.0
(80, 83, 51), 36.0
(96, 96, 58), None
(85, 18, 53), 28.0
(83, 81, 53), 32.0
(76, 98, 45), 30.0
(78, 41, 47), 24.0
(86, 91, 56), 26.0
(91, 95, 41), 42.0
(82, 89, 49), 40.0
(90, 95, 37), 24.0
(92, 93, 43), 34.0
(46, 99, 47), 30.0
(95, 91, 40), 51.0
(93, 90, 41), 42.0
(80, 28, 40), 26.0
(94, 91, 41), 42.0
(82, 87, 37), 26.0
(96, 92, 55), 31.0
(88, 94, 30), 33.0
(95, 59, 40), 30.0
(98, 89, 44), 30.0
(92, 91, 36), 24.0
(57, 96, 48), 34.0
(71, 85, 52), 28.0
(84, 82, 50), 40.0
(61, 88, 38), 22.0
(97, 84, 59), 43.0
(78, 97, 44), 26.0
(94, 90, 60), 44.0
(94, 85, 64), 28.0
(96, 88, 59), 43.0
(99, 87, 58), 37.0
(96, 88, 60), 27.0
(92, 90, 61), 38.0
(97, 87, 61), 30.0
(96, 90, 56), 26.0
(93, 83, 63), 32.0
(43, 84, 57), 24.0
(90, 46, 59), 30.0
(95, 89, 55), 32.0
(99, 86, 53), 26.0
(94, 92, 65), 28.0
(82, 22, 62), 26.0
(86, 91, 35), 24.0
(97, 87, 58), 39.0
(81, 84, 54), 32.0
(89, 94, 53), 27.0
(84, 34, 49), 26.0
(39, 92, 46), 32.0
(94, 89, 60), 21.0
(80, 80, 57), None
(87, 86, 49), 44.0
(87, 85, 49), 40.0
(89, 82, 46), 30.0
(85, 87, 48), 42.0
(91, 84, 44), 30.0
(83, 0, 51), 22.0
(87, 94, 52), 34.0
(82, 91, 50), 37.0
(97, 82, 55), 30.0
(85, 88, 43), 26.0
(92, 86, 49), 36.0
(95, 84, 46), 28.0
(88, 92, 39), 34.0
(45, 86, 53), 28.0
(48, 95, 47), 30.0
(76, 90, 51), 43.0
(75, 90, 51), 30.0
(79, 93, 49), 47.0
(79, 93, 48), 45.0
(6, 97, 45), 18.0
(34, 94, 48), 24.0
(77, 93, 48), 42.0
(79, 95, 43), 24.0
(81, 92, 49), 33.0
(85, 98, 46), 28.0
(83, 94, 49), 35.0
(83, 89, 42), 24.0
(78, 12, 53), 28.0
(79, 92, 50), 33.0
(81, 97, 48), 33.0
(81, 92, 51), 46.0
(84, 99, 52), 28.0
(81, 93, 50), 42.0
(82, 96, 44), 26.0
(86, 93, 86), None
(79, 90, 47), 28.0
(84, 95, 39), 44.0
(84, 95, 32), 39.0
(90, 97, 39), 28.0
(83, 95, 38), 38.0
(81, 92, 36), 24.0
(85, 98, 54), 30.0
(88, 89, 21), 26.0
(52, 94, 42), 42.0
(79, 96, 41), 28.0
(81, 92, 34), 30.0
(76, 99, 45), 30.0
(83, 93, 48), 34.0
(78, 88, 9), 22.0
(85, 96, 40), 35.0
(89, 86, 45), 28.0
(86, 81, 47), 30.0
(81, 91, 50), 41.0
(27, 87, 43), 28.0
(83, 94, 55), 32.0
(84, 96, 52), 36.0
(82, 83, 48), 28.0
(86, 94, 50), 41.0
(91, 89, 53), 31.0
(89, 86, 49), 39.0
(87, 97, 52), 32.0
(78, 91, 46), 32.0
(84, 77, 54), 28.0
(79, 92, 38), 33.0
(75, 88, 48), 28.0
(77, 85, 51), 38.0
(93, 91, 98), 20.0
(90, 80, 56), 33.0
(82, 73, 45), 32.0
(20, 95, 42), 33.0
(80, 83, 50), 48.0
(80, 99, 49), 29.0
(85, 82, 47), 34.0
(80, 82, 39), 26.0
(77, 94, 51), 33.0
(81, 93, 44), 28.0
(82, 97, 54), 28.0
(79, 95, 52), 30.0
(48, 89, 80), 32.0
(83, 79, 47), 30.0
(77, 93, 50), 38.0
(74, 90, 40), 35.0
(12, 87, 45), 34.0
(80, 92, 56), 28.0
(84, 84, 36), None
(86, 85, 49), 40.0
(82, 96, 54), 28.0
(40, 83, 43), 28.0
(79, 98, 52), 28.0
(63, 94, 67), 24.0
(54, 86, 48), 26.0
(82, 76, 51), 38.0
(93, 97, 53), 32.0
(84, 92, 55), 29.0
(76, 90, 47), 28.0
(78, 81, 50), 32.0
(81, 95, 46), 28.0
(87, 88, 57), 30.0
(87, 83, 49), 40.0
(85, 80, 42), 36.0
(89, 99, 53), 36.0
(92, 91, 50), None
(80, 67, 52), 30.0
(74, 87, 48), 44.0
(59, 89, 51), 26.0
(73, 85, 47), 26.0
(77, 84, 48), 48.0
(75, 87, 44), 30.0
(78, 83, 49), 44.0
(78, 84, 46), 30.0
(76, 81, 48), 30.0
(74, 77, 49), 48.0
(74, 82, 49), 27.0
(77, 76, 38), 34.0
(76, 79, 48), 34.0
(72, 78, 46), 30.0
(73, 93, 44), 35.0
(78, 83, 50), 34.0
(75, 95, 89), 32.0
(73, 70, 50), 38.0
(71, 74, 48), 28.0
(80, 97, 54), 28.0
(74, 75, 45), 28.0
(42, 89, 46), 24.0
(69, 86, 48), 34.0
(78, 81, 39), 24.0
(78, 83, 53), 26.0
(76, 79, 56), 22.0
(45, 93, 54), 30.0
(82, 92, 43), 26.0
(75, 78, 49), 42.0
(3, 86, 47), 30.0
(79, 88, 51), 30.0
(83, 94, 35), 26.0
(81, 91, 52), 45.0
(80, 91, 53), 29.0
(78, 80, 50), 33.0
(83, 90, 52), 30.0
(80, 92, 52), 34.0
(81, 93, 51), 44.0
(75, 76, 48), 44.0
(76, 95, 50), 30.0
(79, 72, 51), 32.0
(85, 52, 55), 26.0
(83, 85, 46), 28.0
(85, 77, 56), 32.0
(73, 99, 49), 37.0
(75, 88, 41), 30.0
(66, 83, 44), 28.0
(77, 88, 42), 30.0
(49, 87, 47), 29.0
(70, 86, 45), 26.0
(81, 91, 53), 32.0
(80, 79, 41), 31.0
(99, 81, 46), 28.0
(84, 77, 55), 32.0
(77, 73, 49), 36.0
(79, 93, 51), 30.0
(78, 74, 51), 26.0
(90, 90, 58), None
(81, 96, 52), 36.0
(82, 93, 34), 28.0
(82, 97, 50), 38.0
(76, 94, 53), 28.0
(84, 95, 37), 24.0
(78, 75, 50), 20.0
(80, 92, 57), 33.0
(81, 92, 43), 42.0
(79, 97, 40), 34.0
(86, 91, 59), 30.0
(74, 82, 48), 31.0
(72, 88, 48), 38.0
(82, 99, 53), 32.0
(96, 90, 44), 28.0
(47, 85, 57), 40.0
(88, 81, 50), 32.0
(83, 97, 46), 30.0
(84, 94, 38), 34.0
Sampler:BoTorchSampler
(35, 25, 22), 32.0
(94, 51, 84), 28.0
(5, 69, 52), 24.0
(79, 83, 70), 26.0
(79, 56, 1), 37.0
(6, 42, 92), 28.0
(31, 89, 68), 22.0
(44, 57, 25), 28.0
(20, 21, 4), 42.0
(8, 66, 1), 24.0
(12, 7, 0), 28.0
(71, 28, 0), 25.0
(8, 30, 0), 39.0
(8, 24, 10), 21.0
(85, 13, 29), 24.0
(50, 62, 75), 42.0
(51, 46, 88), 26.0
(37, 40, 8), 28.0
(41, 60, 87), 38.0
(63, 27, 46), 32.0
(71, 6, 32), 36.0
(23, 2, 28), 26.0
(80, 91, 74), 43.0
(77, 87, 88), 29.0
(70, 52, 93), 30.0
(30, 23, 62), 25.0
(56, 64, 16), 26.0
(44, 53, 11), 32.0
(35, 71, 27), 34.0
(27, 31, 46), 28.0
(35, 9, 63), 32.0
(15, 1, 81), 33.0
(27, 64, 92), 38.0
(21, 0, 85), 29.0
(21, 67, 92), 26.0
(51, 75, 76), 34.0
(34, 27, 29), 37.0
(13, 89, 93), 24.0
(11, 79, 22), 34.0
(66, 3, 40), 24.0
(78, 58, 72), 38.0
(39, 49, 60), 24.0
(68, 63, 8), 24.0
(96, 76, 93), 32.0
(59, 74, 37), 28.0
(54, 53, 34), 23.0
(60, 75, 40), 37.0
(44, 1, 93), 30.0
(92, 13, 72), 26.0
(21, 33, 93), 33.0
(13, 85, 42), 30.0
(24, 69, 56), 28.0
(78, 2, 51), 26.0
(79, 83, 4), 24.0
(89, 9, 16), 43.0
(48, 10, 37), 32.0
(49, 65, 96), 34.0
(74, 23, 55), 31.0
(27, 19, 69), 26.0
(6, 63, 62), 27.0
(82, 58, 4), 24.0
(51, 80, 35), 26.0
(99, 17, 89), 26.0
(16, 88, 35), 28.0
(15, 57, 76), 30.0
(46, 54, 21), 30.0
(76, 98, 93), 36.0
(18, 88, 48), 24.0
(22, 13, 8), 32.0
(0, 93, 2), 37.0
(45, 82, 77), 26.0
(28, 7, 49), 45.0
(68, 67, 24), 30.0
(34, 55, 37), 26.0
(83, 95, 36), 22.0
(20, 30, 56), 28.0
(50, 19, 15), 26.0
(70, 22, 4), 36.0
(66, 56, 21), 24.0
(10, 14, 77), 24.0
(29, 5, 35), 32.0
(50, 6, 8), 26.0
(98, 84, 8), 32.0
(13, 71, 7), 30.0
(81, 75, 93), 34.0
(44, 34, 32), 24.0
(96, 8, 41), 26.0
(47, 86, 55), 30.0
(0, 65, 51), 24.0
(79, 68, 17), 29.0
(99, 12, 31), 28.0
(83, 45, 32), 26.0
(80, 22, 41), 27.0
(34, 62, 92), 32.0
(45, 88, 42), 26.0
(4, 87, 21), 24.0
(3, 96, 11), 28.0
(16, 36, 65), 30.0
(0, 38, 19), 38.0
(67, 79, 27), 30.0
(50, 84, 77), 32.0
(29, 88, 89), 34.0
(15, 51, 23), 48.0
(87, 92, 26), 28.0
(98, 68, 75), 32.0
(51, 11, 55), 28.0
(3, 73, 77), 24.0
(40, 87, 5), 24.0
(65, 4, 99), 28.0
(13, 21, 80), 36.0
(23, 7, 15), 37.0
(96, 39, 31), 22.0
(14, 77, 28), 30.0
(34, 54, 74), 38.0
(66, 52, 29), 28.0
(2, 6, 2), None
(86, 31, 92), 37.0
(99, 20, 12), 26.0
(58, 53, 67), 30.0
(37, 28, 98), 26.0
(98, 0, 61), 28.0
(74, 45, 17), 24.0
(93, 23, 28), 24.0
(59, 96, 41), 28.0
(29, 37, 25), 33.0
(20, 5, 30), 46.0
(0, 89, 96), 28.0
(14, 43, 61), 32.0
(84, 65, 62), 24.0
(59, 5, 51), 26.0
(68, 60, 25), 28.0
(56, 61, 25), 26.0
(80, 0, 18), 25.0
(21, 4, 56), 24.0
(72, 7, 89), 24.0
(17, 14, 70), 30.0
(75, 51, 93), 24.0
(43, 51, 2), 30.0
(13, 39, 99), 28.0
(46, 24, 85), 30.0
(98, 64, 95), 28.0
(68, 91, 87), 36.0
(48, 42, 25), 30.0
(13, 40, 31), 43.0
(52, 23, 57), 24.0
(97, 86, 82), 26.0
(33, 60, 31), 32.0
(17, 99, 21), 24.0
(86, 62, 70), 34.0
(22, 3, 42), 38.0
(0, 46, 85), 28.0
(91, 98, 77), 28.0
(18, 60, 38), 22.0
(62, 44, 10), 32.0
(3, 2, 13), 33.0
(62, 15, 26), 30.0
(18, 83, 88), 26.0
(28, 28, 37), None
(71, 49, 66), 29.0
(47, 35, 45), 23.0
(67, 21, 88), 29.0
(8, 36, 18), 35.0
(75, 77, 35), 26.0
(2, 69, 34), 40.0
(5, 1, 3), 31.0
(2, 14, 48), 29.0
(84, 56, 54), 28.0
(52, 80, 60), 30.0
(74, 97, 92), 31.0
(55, 3, 69), 34.0
(57, 76, 42), 22.0
(57, 59, 43), 36.0
(92, 54, 58), 28.0
(0, 61, 45), 32.0
(61, 60, 26), 24.0
(80, 25, 32), 32.0
(5, 40, 64), 28.0
(38, 64, 25), 20.0
(13, 18, 11), 20.0
(2, 35, 41), 29.0
(37, 91, 9), 30.0
(41, 16, 63), 26.0
(14, 61, 24), 34.0
(24, 43, 49), 28.0
(98, 38, 14), 26.0
(8, 42, 16), 33.0
(79, 92, 94), 23.0
(32, 73, 38), 24.0
(65, 10, 82), 32.0
(61, 84, 27), 24.0
(71, 18, 54), 36.0
(32, 39, 59), 31.0
(74, 90, 31), 33.0
(64, 29, 58), 26.0
(18, 92, 13), 24.0
(71, 42, 98), 32.0
(20, 5, 2), 43.0
(97, 76, 25), 34.0
(23, 44, 57), 28.0
(2, 72, 43), 24.0
(71, 40, 87), 36.0
(64, 41, 63), 37.0
(52, 69, 97), 28.0
(12, 24, 51), 30.0
(80, 16, 69), 26.0
(83, 54, 25), 30.0
(28, 92, 29), 34.0
(6, 59, 23), 36.0
(32, 29, 3), 28.0
(55, 69, 80), 24.0
(34, 97, 33), 24.0
(11, 68, 59), 36.0
(83, 17, 24), 26.0
(21, 72, 43), 30.0
(48, 57, 2), 32.0
(69, 1, 11), 34.0
(95, 83, 19), 33.0
(68, 34, 39), 30.0
(69, 81, 40), 28.0
(30, 54, 30), None
(49, 40, 76), 32.0
(78, 8, 65), 30.0
(36, 12, 43), 30.0
(42, 56, 19), 24.0
(6, 14, 15), 37.0
(85, 54, 10), 34.0
(58, 30, 68), 24.0
(96, 45, 76), 34.0
(63, 16, 79), 28.0
(31, 38, 66), 28.0
(1, 21, 21), None
(51, 58, 22), 24.0
(41, 20, 31), 35.0
(7, 39, 48), 30.0
(80, 83, 71), None
(90, 75, 14), 24.0
(5, 42, 46), 24.0
(80, 10, 48), 26.0
(10, 54, 7), 28.0
(18, 33, 48), 32.0
(62, 74, 14), 26.0
(56, 27, 78), 30.0
(68, 57, 69), 32.0
(53, 54, 15), 26.0
(97, 29, 11), 25.0
(28, 86, 9), 25.0
(33, 23, 41), 32.0
(5, 1, 38), 34.0
(1, 37, 94), 28.0
(82, 58, 71), 32.0
(65, 22, 54), 46.0
(59, 38, 7), 34.0
(52, 1, 90), 29.0
(82, 61, 77), 39.0
(37, 39, 42), 30.0
(10, 94, 37), 24.0
(7, 86, 49), 25.0
(6, 14, 87), 28.0
(74, 20, 76), 28.0
(66, 14, 90), 26.0
(61, 93, 58), 32.0
(61, 55, 70), 28.0
(28, 22, 27), 32.0
(88, 84, 36), 32.0
(86, 17, 35), 34.0
(53, 56, 54), 32.0
(93, 69, 28), 31.0
(74, 92, 52), 30.0
(93, 89, 97), 38.0
(67, 6, 77), 22.0
(87, 31, 73), 34.0
(40, 23, 14), 48.0
(19, 58, 13), 37.0
(2, 73, 88), 26.0
(48, 17, 65), 30.0
(99, 45, 41), 28.0
(37, 84, 43), 24.0
(34, 12, 69), 31.0
(34, 45, 32), 28.0
(16, 62, 63), 27.0
(57, 8, 31), 26.0
(16, 61, 80), 27.0
(25, 9, 66), 28.0
(95, 18, 62), 24.0
(9, 50, 4), 28.0
(15, 58, 19), 47.0
(53, 42, 48), 29.0
(67, 50, 17), 24.0
(50, 22, 49), 28.0
(52, 40, 16), 32.0
(88, 53, 34), 28.0
(54, 15, 33), 28.0
(64, 51, 34), 22.0
(22, 72, 17), 30.0
(92, 94, 99), 27.0
(73, 80, 67), 24.0
(29, 26, 38), 32.0
(12, 88, 61), 26.0
(19, 69, 3), 37.0
(93, 46, 92), 24.0
(17, 13, 46), 36.0
(0, 0, 64), None
(47, 63, 79), 26.0
(54, 43, 86), 47.0
(12, 54, 96), 30.0
(9, 95, 25), 28.0
(6, 85, 30), 24.0
(32, 87, 46), 26.0
(29, 26, 52), 28.0
(86, 53, 96), 32.0
(27, 69, 88), 38.0
(61, 97, 88), 33.0
(74, 18, 47), 30.0
(52, 97, 59), 26.0
(17, 56, 22), 28.0
(21, 45, 80), 32.0
(73, 8, 10), 26.0
(96, 6, 65), 26.0
(76, 85, 11), 24.0
(95, 38, 94), 37.0
(56, 96, 79), 28.0
(32, 24, 58), 32.0
(54, 93, 90), 30.0
(4, 8, 36), 34.0
(90, 24, 70), 32.0
(66, 85, 83), 42.0
(0, 91, 0), None
(19, 2, 95), 24.0
(2, 43, 41), 28.0
(4, 41, 75), 26.0
(66, 20, 34), 28.0
(85, 37, 23), 24.0
(68, 92, 57), 34.0
(46, 72, 71), 26.0
(53, 64, 90), 36.0
(32, 15, 36), 26.0
(15, 96, 20), 24.0
(97, 74, 11), 28.0
(79, 90, 53), 28.0
(42, 87, 83), 32.0
(48, 73, 20), 26.0
(92, 6, 83), 29.0
(73, 89, 23), 24.0
(55, 99, 64), 31.0
(72, 61, 44), 26.0
(9, 6, 46), 29.0
(32, 15, 79), 28.0
(56, 39, 50), 27.0
(93, 32, 49), 24.0
(79, 9, 15), 38.0
(75, 99, 75), None
(4, 63, 82), 31.0
(78, 97, 2), 27.0
(18, 67, 32), 22.0
(80, 53, 35), 36.0
(72, 13, 49), 22.0
(35, 65, 10), 26.0
(14, 2, 76), 24.0
(46, 33, 84), 24.0
(7, 99, 58), 24.0
(14, 94, 92), 24.0
(99, 36, 81), 28.0
(18, 30, 33), 28.0
(38, 77, 50), 24.0
(76, 49, 31), 28.0
(77, 58, 58), None
(83, 55, 1), 26.0
(76, 42, 81), 28.0
(27, 67, 51), 26.0
(58, 59, 73), 43.0
(32, 74, 5), 28.0
(89, 25, 67), 34.0
(87, 44, 99), 30.0
(69, 99, 23), 26.0
(13, 96, 19), 26.0
(73, 30, 66), 28.0
(75, 59, 10), 28.0
(29, 30, 94), 26.0
(99, 89, 50), 30.0
(86, 4, 77), 32.0
(92, 27, 59), 25.0
(28, 46, 12), 30.0
(78, 95, 67), 31.0
(76, 21, 85), 30.0
(47, 19, 15), 27.0
(62, 26, 12), 28.0
(56, 26, 2), 30.0
(30, 37, 11), 40.0
(90, 90, 55), None
(93, 6, 72), 30.0
(64, 10, 18), 30.0
(71, 28, 72), 30.0
(54, 35, 41), 24.0
(53, 19, 9), 30.0
(74, 44, 48), 24.0
(59, 5, 79), 35.0
(20, 70, 86), 34.0
(60, 20, 58), 24.0
(5, 29, 45), 28.0
(69, 45, 21), 30.0
(73, 96, 35), 22.0
(73, 96, 8), 24.0
(41, 88, 2), 28.0
(67, 15, 6), 28.0
(53, 33, 60), 28.0
(97, 8, 79), 31.0
(65, 27, 13), 24.0
(85, 97, 13), 24.0
(18, 71, 20), 26.0
(44, 21, 7), 28.0
(23, 56, 79), 38.0
(6, 60, 48), 24.0
(81, 76, 44), 28.0
(10, 86, 84), 26.0
(45, 36, 92), 40.0
(74, 3, 22), 32.0
(15, 22, 58), 34.0
(64, 76, 31), 42.0
(1, 50, 59), 26.0
(54, 12, 21), 28.0
(38, 37, 90), 31.0
(49, 65, 18), 31.0
(29, 22, 32), 34.0
(46, 14, 82), 30.0
(81, 6, 80), 34.0
(34, 3, 96), 26.0
(56, 51, 40), 25.0
(85, 4, 83), 20.0
(36, 59, 45), 26.0
(79, 22, 88), 24.0
(99, 67, 75), 34.0
(43, 17, 79), 30.0
(20, 94, 89), 27.0
(59, 43, 63), 20.0
(41, 44, 80), 30.0
(6, 14, 10), 18.0
(88, 98, 21), 30.0
(82, 6, 90), 26.0
(41, 78, 28), 20.0
(63, 95, 60), 36.0
(83, 1, 26), 22.0
(34, 77, 35), 27.0
(27, 75, 86), 37.0
(22, 49, 9), 36.0
(14, 89, 69), 27.0
(97, 7, 14), 29.0
(25, 18, 5), 36.0
(76, 36, 84), 32.0
(89, 27, 78), 31.0
(38, 17, 8), 34.0
(44, 66, 90), 26.0
(44, 22, 31), 29.0
(26, 7, 92), 34.0
(22, 61, 65), 26.0
(55, 64, 30), 30.0
(80, 63, 97), 28.0
(18, 69, 87), 31.0
(65, 0, 82), 28.0
(96, 52, 70), 30.0
(10, 15, 22), 38.0
(20, 46, 82), 28.0
(52, 26, 6), 29.0
(4, 95, 77), 32.0
(56, 30, 41), 21.0
(55, 42, 81), 30.0
(14, 73, 42), 36.0
(24, 40, 44), 28.0
(83, 39, 31), 26.0
(41, 36, 75), 24.0
(53, 38, 1), 24.0
(41, 66, 5), 24.0
(88, 63, 58), 32.0
(38, 88, 5), 30.0
(91, 12, 51), 22.0
(76, 10, 95), 30.0
(87, 25, 15), 28.0
(60, 46, 55), 30.0
(34, 62, 98), 28.0
(62, 8, 91), 29.0
(4, 67, 1), 24.0
(69, 19, 70), 23.0
(89, 66, 36), 36.0
(37, 68, 95), 38.0
(4, 95, 18), 24.0
(83, 98, 8), 25.0
(90, 46, 24), 28.0
(51, 8, 35), 28.0
(79, 49, 99), 39.0
(26, 95, 97), 33.0
(25, 77, 87), 32.0
(31, 74, 84), 33.0
(76, 33, 59), 26.0
(25, 39, 98), 27.0
(65, 25, 56), 25.0
(55, 85, 88), 32.0
(6, 64, 58), 24.0
(27, 38, 98), 42.0
(53, 26, 84), 30.0
(62, 39, 12), 20.0
(27, 6, 5), 42.0
Sampler:CmaEsSampler
(71, 49, 42), 24.0
(41, 49, 60), 24.0
(26, 45, 15), 33.0
(65, 44, 56), 26.0
(55, 35, 72), 26.0
(33, 69, 44), 35.0
(26, 86, 75), 34.0
(33, 41, 58), 28.0
(69, 46, 51), 32.0
(25, 98, 47), 30.0
(49, 40, 50), 22.0
(67, 45, 48), 32.0
(46, 61, 81), 28.0
(32, 20, 51), 36.0
(16, 77, 48), 36.0
(27, 41, 62), 24.0
(56, 28, 57), 33.0
(53, 25, 36), 24.0
(19, 69, 54), 28.0
(11, 36, 32), 32.0
(38, 60, 31), 24.0
(3, 21, 45), 26.0
(28, 57, 39), 29.0
(37, 45, 61), 32.0
(72, 59, 62), 24.0
(79, 17, 74), 28.0
(30, 36, 38), 24.0
(48, 5, 51), 26.0
(22, 59, 62), 24.0
(50, 61, 72), 37.0
(29, 41, 53), 26.0
(38, 61, 80), 22.0
(29, 67, 50), 26.0
(42, 34, 53), 30.0
(44, 36, 73), 31.0
(26, 60, 46), 24.0
(50, 60, 79), 27.0
(25, 43, 52), 51.0
(30, 48, 79), 24.0
(46, 61, 92), 28.0
(44, 62, 80), 36.0
(54, 38, 66), 28.0
(23, 54, 78), 28.0
(35, 44, 63), 43.0
(15, 71, 56), 26.0
(15, 53, 70), 36.0
(34, 42, 70), 42.0
(29, 41, 50), 30.0
(37, 59, 64), 30.0
(22, 35, 66), 28.0
(15, 52, 65), 24.0
(37, 37, 69), None
(54, 47, 67), 26.0
(34, 49, 65), 28.0
(35, 42, 63), 26.0
(31, 19, 61), 28.0
(50, 43, 77), 34.0
(23, 32, 49), 32.0
(33, 24, 75), 26.0
(37, 49, 61), 29.0
(45, 59, 76), 22.0
(42, 39, 53), 29.0
(34, 42, 59), 26.0
(44, 55, 62), 28.0
(21, 47, 65), 30.0
(42, 42, 63), None
(19, 38, 57), 46.0
(24, 48, 55), 27.0
(30, 46, 66), 24.0
(24, 40, 61), 36.0
(34, 36, 54), 24.0
(33, 55, 70), 30.0
(8, 46, 56), 36.0
(17, 39, 56), 28.0
(4, 30, 40), 46.0
(21, 39, 57), 27.0
(17, 62, 71), 34.0
(26, 42, 61), 33.0
(10, 42, 56), 24.0
(7, 18, 37), 36.0
(17, 25, 54), 30.0
(28, 43, 60), 28.0
(17, 33, 41), 36.0
(30, 29, 51), 30.0
(27, 64, 51), 30.0
(17, 23, 47), 26.0
(8, 29, 48), 35.0
(14, 32, 42), 43.0
(11, 21, 35), 26.0
(1, 33, 42), 37.0
(3, 2, 49), 21.0
(11, 35, 43), 33.0
(4, 39, 28), 48.0
(13, 9, 49), 38.0
(0, 55, 27), 28.0
(24, 25, 37), 35.0
(11, 24, 28), 26.0
(7, 58, 29), 42.0
(19, 30, 24), 22.0
(7, 25, 25), None
(2, 2, 31), None
(6, 44, 45), 24.0
(9, 37, 45), 30.0
(36, 49, 23), 38.0
(15, 49, 35), 33.0
(20, 45, 38), 24.0
(9, 57, 39), 33.0
(26, 52, 41), 30.0
(22, 27, 27), None
(20, 36, 41), 32.0
(27, 44, 49), 28.0
(16, 62, 9), 27.0
(48, 49, 43), 34.0
(30, 31, 25), 36.0
(1, 43, 52), 35.0
(39, 30, 26), 22.0
(32, 59, 33), 20.0
(20, 49, 28), 30.0
(34, 44, 29), 28.0
(25, 55, 25), None
(11, 27, 27), None
(35, 41, 55), 20.0
(25, 47, 37), 28.0
(18, 44, 34), 27.0
(28, 30, 30), None
(60, 56, 32), 22.0
(1, 15, 27), 28.0
(12, 43, 2), 34.0
(34, 61, 20), 36.0
(36, 59, 17), 30.0
(33, 33, 27), None
(29, 39, 29), None
(23, 15, 10), 30.0
(42, 55, 42), None
(51, 75, 6), 24.0
(43, 33, 27), 30.0
(29, 80, 24), 28.0
(5, 52, 12), 46.0
(13, 70, 22), 40.0
(21, 23, 36), 36.0
(11, 41, 28), 34.0
(20, 56, 29), 31.0
(25, 59, 32), 34.0
(21, 55, 28), 26.0
(45, 35, 25), 36.0
(30, 52, 38), 27.0
(40, 59, 36), 26.0
(38, 72, 40), 26.0
(26, 75, 30), 24.0
(5, 63, 21), 30.0
(34, 56, 38), 28.0
(31, 48, 48), None
(4, 16, 19), 36.0
(9, 47, 36), 34.0
(7, 36, 20), 28.0
(26, 31, 34), 26.0
(6, 25, 22), 26.0
(23, 17, 21), 26.0
(15, 10, 29), 20.0
(7, 30, 21), 40.0
(2, 41, 24), 27.0
(33, 36, 11), 34.0
(4, 31, 35), 26.0
(23, 32, 48), 32.0
(13, 11, 42), 30.0
(5, 30, 29), 26.0
(4, 31, 49), 32.0
(29, 21, 21), None
(24, 31, 30), 34.0
(8, 37, 27), 44.0
(24, 40, 28), 24.0
(31, 37, 41), 34.0
(36, 49, 18), 27.0
(39, 38, 22), 30.0
(31, 38, 12), 38.0
(12, 52, 13), 44.0
(37, 42, 20), 33.0
(1, 37, 22), 30.0
(10, 33, 21), 36.0
(17, 48, 39), 32.0
(1, 36, 17), 32.0
(34, 37, 31), 22.0
(16, 36, 16), None
(33, 63, 12), 40.0
(10, 33, 7), 28.0
(21, 53, 12), 32.0
(8, 32, 32), None
(21, 54, 29), 24.0
(16, 55, 11), 30.0
(16, 52, 15), 35.0
(10, 42, 12), 30.0
(41, 74, 5), 28.0
(21, 49, 14), 26.0
(14, 38, 8), 38.0
(45, 70, 6), 32.0
(15, 39, 26), 39.0
(29, 63, 12), 22.0
(33, 61, 7), 34.0
(17, 38, 13), 40.0
(20, 33, 14), 32.0
(10, 44, 21), 31.0
(21, 47, 24), 32.0
(10, 35, 27), 24.0
(30, 33, 12), 32.0
(19, 37, 19), None
(28, 44, 30), 22.0
(20, 22, 15), 40.0
(12, 36, 23), 39.0
(21, 40, 13), 42.0
(13, 41, 4), 43.0
(18, 30, 19), 26.0
(23, 36, 23), None
(16, 37, 14), 42.0
(9, 31, 16), 29.0
(1, 39, 21), 26.0
(17, 34, 8), 36.0
(19, 47, 4), 33.0
(20, 34, 12), 28.0
(26, 48, 6), 34.0
(22, 35, 3), 24.0
(21, 35, 6), 28.0
(16, 32, 0), 29.0
(20, 44, 5), 28.0
(23, 50, 9), 30.0
(30, 29, 24), 20.0
(24, 39, 14), 28.0
(24, 51, 8), 30.0
(14, 50, 4), 38.0
(12, 36, 11), 26.0
(28, 51, 5), 30.0
(35, 46, 16), 34.0
(21, 25, 11), 34.0
(14, 43, 9), 28.0
(29, 43, 7), 28.0
(18, 31, 12), 38.0
(24, 46, 11), 32.0
(9, 44, 8), 34.0
(16, 39, 13), 44.0
(20, 50, 9), 33.0
(28, 40, 18), 34.0
(18, 43, 5), 32.0
(23, 42, 9), 32.0
(17, 40, 11), 44.0
(7, 20, 14), 22.0
(12, 37, 13), 32.0
(16, 42, 10), 31.0
(17, 30, 18), 26.0
(10, 32, 17), 30.0
(14, 49, 5), 32.0
(20, 38, 8), 36.0
(20, 47, 12), 30.0
(18, 47, 9), 40.0
(19, 42, 13), 28.0
(24, 47, 11), 34.0
(19, 42, 11), 36.0
(20, 38, 7), 36.0
(16, 49, 10), 28.0
(21, 43, 8), 28.0
(14, 42, 10), 27.0
(15, 32, 11), 28.0
(20, 45, 11), 28.0
(23, 51, 4), 43.0
(13, 43, 11), 28.0
(23, 51, 2), 36.0
(26, 47, 6), 32.0
(20, 45, 3), 32.0
(23, 48, 4), 22.0
(20, 53, 1), 38.0
(21, 45, 5), 30.0
(23, 58, 0), 32.0
(27, 60, 0), 37.0
(17, 46, 2), 32.0
(24, 48, 5), 34.0
(21, 54, 1), 28.0
(17, 49, 7), 42.0
(24, 44, 10), 28.0
(17, 50, 5), 40.0
(24, 58, 1), 32.0
(14, 47, 9), 27.0
(24, 51, 5), 40.0
(12, 41, 17), 44.0
(17, 47, 8), 43.0
(15, 42, 10), 32.0
(8, 43, 11), 32.0
(18, 47, 0), 36.0
(11, 40, 19), 34.0
(17, 33, 16), 32.0
(12, 35, 11), 34.0
(20, 40, 10), 37.0
(11, 40, 17), 44.0
(11, 41, 19), 38.0
(10, 43, 12), 28.0
(0, 20, 33), 33.0
(15, 36, 19), 30.0
(13, 41, 10), 35.0
(8, 33, 17), 28.0
(20, 52, 5), 26.0
(4, 39, 25), 29.0
(22, 49, 10), 29.0
(12, 40, 17), 44.0
(7, 38, 18), 40.0
(13, 37, 14), 36.0
(6, 35, 18), 30.0
(12, 42, 16), 36.0
(0, 31, 29), 33.0
(9, 33, 25), 36.0
(5, 39, 21), 32.0
(8, 36, 19), 36.0
(14, 42, 14), None
(16, 47, 10), 28.0
(8, 43, 12), 30.0
(8, 47, 15), 35.0
(9, 43, 19), 34.0
(13, 43, 17), 30.0
(16, 40, 8), 28.0
(5, 33, 25), 28.0
(11, 43, 16), 36.0
(5, 30, 28), 30.0
(8, 39, 22), 36.0
(10, 38, 20), 34.0
(11, 36, 20), 33.0
(8, 41, 20), 40.0
(16, 48, 6), 30.0
(4, 27, 25), 30.0
(9, 46, 16), 28.0
(8, 37, 24), 37.0
(4, 42, 23), 43.0
(12, 40, 21), 43.0
(6, 31, 25), 26.0
(11, 43, 19), 32.0
(9, 47, 15), 31.0
(12, 41, 16), 40.0
(11, 45, 12), 28.0
(11, 47, 16), 36.0
(8, 39, 20), 34.0
(8, 43, 19), 32.0
(9, 51, 18), 26.0
(11, 39, 23), 30.0
(11, 45, 22), 32.0
(12, 48, 14), 36.0
(11, 42, 18), 32.0
(9, 39, 22), 36.0
(9, 41, 19), 36.0
(13, 43, 13), None
(9, 44, 18), 32.0
(15, 47, 11), 36.0
(10, 45, 21), 26.0
(10, 42, 20), 35.0
(15, 44, 14), 26.0
(9, 47, 18), 46.0
(12, 40, 18), 32.0
(11, 44, 17), 28.0
(7, 37, 25), 28.0
(10, 45, 18), 26.0
(8, 46, 19), 34.0
(8, 40, 25), 26.0
(10, 48, 19), 32.0
(12, 45, 16), 30.0
(9, 45, 20), 30.0
(6, 40, 24), 36.0
(12, 46, 18), 34.0
(5, 41, 24), 36.0
(8, 45, 21), 30.0
(6, 43, 24), 48.0
(6, 42, 23), 41.0
(4, 37, 28), 35.0
(7, 42, 19), 34.0
(13, 49, 15), 36.0
(4, 41, 26), 36.0
(8, 43, 23), 24.0
(5, 42, 25), 30.0
(8, 43, 21), 28.0
(5, 42, 23), 47.0
(7, 43, 24), 38.0
(3, 42, 25), 26.0
(5, 45, 23), 28.0
(3, 40, 26), 40.0
(3, 43, 23), 38.0
(9, 44, 21), 26.0
(1, 39, 28), 34.0
(3, 40, 27), 38.0
(2, 39, 27), 36.0
(2, 44, 25), 32.0
(3, 43, 24), 32.0
(6, 41, 22), 48.0
(6, 42, 22), 36.0
(9, 48, 17), 39.0
(5, 41, 27), 34.0
(2, 37, 26), 38.0
(7, 41, 21), 38.0
(5, 40, 24), 30.0
(8, 44, 20), 28.0
(4, 37, 25), 24.0
(2, 35, 26), 27.0
(0, 32, 32), None
(4, 37, 23), 23.0
(7, 41, 22), 40.0
(2, 34, 26), 30.0
(9, 44, 19), 32.0
(6, 44, 19), 28.0
(7, 43, 20), 28.0
(6, 44, 20), 26.0
(12, 44, 15), 34.0
(5, 40, 26), 30.0
(5, 43, 26), 26.0
(11, 44, 16), 32.0
(4, 40, 25), 30.0
(9, 42, 18), 30.0
(3, 39, 25), 31.0
(7, 42, 22), 34.0
(3, 39, 26), 34.0
(6, 43, 22), 30.0
(2, 40, 27), 34.0
(7, 43, 21), 30.0
(7, 42, 20), 28.0
(10, 44, 18), 30.0
(6, 42, 24), 42.0
(4, 42, 25), 28.0
(6, 43, 23), 32.0
(4, 40, 28), 36.0
(6, 41, 23), 40.0
(4, 41, 25), 30.0
(6, 40, 23), 38.0
(5, 41, 23), 48.0
(4, 41, 24), 30.0
(3, 40, 24), 34.0
(5, 40, 23), 46.0
(4, 40, 24), 30.0
(4, 38, 23), 30.0
(7, 42, 21), 28.0
(6, 41, 21), 42.0
(5, 40, 22), 52.0
(4, 40, 23), 40.0
(4, 39, 23), 38.0
(5, 41, 22), 49.0
(4, 41, 23), 42.0
(4, 39, 22), 38.0
(5, 40, 21), 51.0
(4, 40, 22), 48.0
(6, 40, 21), 46.0
