Sampler:TPESampler
(49, 97, 22, 22, 31, 77, 31, 61, 18), None
(1, 87, 97, 48, 94, 6, 71, 3, 92), None
(43, 15, 28, 42, 13, 48, 0, 29, 39), 17.0
(79, 12, 4, 58, 37, 40, 30, 26, 45), None
(31, 20, 81, 37, 53, 18, 74, 69, 24), 16.0
(56, 6, 42, 18, 1, 69, 9, 47, 71), None
(20, 7, 29, 44, 94, 60, 35, 2, 21), None
(52, 3, 41, 43, 31, 70, 31, 6, 55), None
(30, 38, 13, 7, 12, 60, 80, 6, 18), None
(34, 31, 20, 79, 98, 1, 66, 37, 30), None
(85, 64, 78, 94, 70, 25, 99, 96, 3), None
(14, 26, 67, 30, 59, 95, 8, 76, 43), 16.0
(7, 31, 68, 26, 63, 93, 56, 77, 60), None
(19, 57, 65, 65, 59, 98, 91, 72, 73), None
(16, 42, 93, 1, 76, 21, 49, 96, 0), None
(70, 23, 58, 31, 48, 32, 13, 80, 34), 17.0
(30, 70, 84, 69, 81, 14, 48, 61, 26), 18.0
(98, 48, 76, 33, 48, 86, 81, 63, 49), None
(8, 22, 54, 12, 56, 39, 63, 80, 9), 21.0
(38, 22, 88, 36, 38, 53, 18, 87, 64), None
(23, 35, 69, 62, 82, 84, 44, 54, 95), 15.0
(24, 35, 69, 58, 81, 85, 41, 49, 89), 15.0
(22, 39, 77, 56, 80, 82, 45, 49, 99), None
(12, 52, 68, 74, 86, 89, 22, 37, 85), 16.0
(2, 32, 46, 85, 69, 97, 40, 54, 85), None
(25, 15, 85, 57, 90, 76, 57, 66, 80), None
(10, 58, 59, 74, 86, 86, 22, 40, 98), None
(39, 76, 71, 83, 69, 68, 23, 18, 87), 20.0
(64, 48, 54, 65, 75, 60, 73, 56, 66), 18.0
(48, 29, 62, 53, 64, 77, 3, 44, 75), None
(27, 36, 91, 99, 43, 49, 57, 55, 92), None
(14, 54, 71, 62, 85, 92, 40, 28, 82), 16.0
(4, 56, 72, 63, 85, 89, 39, 32, 82), None
(36, 44, 97, 50, 77, 76, 41, 18, 93), None
(46, 97, 81, 39, 97, 81, 52, 67, 78), None
(22, 15, 75, 49, 91, 10, 30, 21, 94), 13.0
(17, 11, 53, 46, 92, 98, 30, 15, 41), None
(25, 0, 61, 73, 89, 12, 24, 22, 91), 16.0
(41, 16, 33, 72, 91, 13, 34, 11, 92), 16.0
(42, 16, 37, 50, 98, 8, 36, 10, 96), None
(22, 26, 47, 24, 24, 71, 7, 73, 55), None
(15, 34, 71, 64, 83, 82, 45, 28, 87), 15.0
(32, 19, 80, 41, 73, 2, 44, 44, 89), None
(54, 9, 74, 59, 82, 21, 28, 32, 99), None
(30, 36, 84, 53, 16, 31, 63, 26, 69), 14.0
(27, 36, 85, 55, 0, 31, 62, 25, 68), 18.0
(20, 44, 93, 48, 13, 42, 68, 31, 74), 15.0
(18, 43, 93, 46, 15, 44, 67, 23, 75), 17.0
(6, 46, 99, 51, 8, 35, 79, 32, 59), None
(0, 41, 91, 43, 22, 54, 53, 36, 68), 19.0
(33, 28, 87, 59, 27, 29, 86, 40, 78), 16.0
(20, 34, 66, 69, 16, 42, 46, 28, 86), 16.0
(11, 39, 82, 68, 4, 36, 66, 20, 96), None
(29, 62, 78, 48, 20, 54, 59, 14, 72), 15.0
(30, 67, 2, 61, 32, 25, 62, 4, 83), None
(24, 75, 78, 48, 10, 64, 70, 13, 61), 16.0
(29, 61, 94, 54, 20, 46, 59, 7, 71), None
(14, 61, 75, 36, 7, 52, 51, 15, 50), None
(34, 49, 90, 79, 34, 27, 77, 24, 72), None
(37, 26, 70, 66, 78, 82, 34, 46, 89), 15.0
(23, 33, 65, 57, 64, 71, 44, 52, 95), 14.0
(36, 25, 62, 66, 65, 79, 34, 0, 88), 16.0
(20, 30, 74, 53, 19, 72, 54, 43, 78), 19.0
(45, 19, 79, 46, 56, 57, 27, 58, 90), 17.0
(26, 33, 66, 78, 73, 67, 46, 60, 94), 18.0
(60, 39, 64, 58, 52, 87, 35, 52, 96), None
(17, 5, 57, 56, 94, 93, 14, 34, 86), None
(22, 36, 68, 62, 83, 90, 43, 51, 82), 16.0
(28, 46, 83, 39, 27, 40, 49, 48, 76), 14.0
(29, 52, 84, 41, 43, 38, 49, 49, 69), None
(15, 46, 87, 18, 26, 33, 37, 40, 76), 18.0
(39, 27, 70, 65, 80, 83, 42, 47, 90), 16.0
(8, 43, 73, 30, 89, 46, 50, 29, 94), 14.0
(9, 41, 10, 29, 95, 41, 48, 29, 80), None
(5, 45, 76, 32, 14, 48, 56, 20, 63), None
(13, 52, 73, 35, 18, 46, 68, 30, 84), 17.0
(24, 31, 81, 38, 88, 64, 55, 64, 94), None
(36, 23, 83, 27, 27, 57, 60, 38, 73), None
(32, 38, 64, 52, 67, 17, 32, 47, 98), None
(22, 42, 96, 20, 4, 44, 38, 57, 95), None
(19, 24, 89, 41, 78, 38, 73, 54, 92), 18.0
(29, 50, 76, 48, 13, 53, 64, 18, 11), 16.0
(16, 35, 69, 61, 88, 85, 47, 44, 87), 16.0
(8, 46, 80, 44, 11, 75, 59, 26, 57), 14.0
(26, 47, 79, 45, 10, 74, 60, 21, 57), 18.0
(3, 57, 77, 39, 93, 9, 58, 16, 51), None
(8, 32, 72, 58, 72, 79, 51, 35, 89), None
(11, 21, 59, 43, 77, 80, 32, 27, 80), None
(12, 44, 86, 34, 60, 75, 26, 26, 66), None
(71, 38, 73, 54, 84, 84, 40, 60, 37), None
(7, 40, 51, 71, 87, 3, 44, 24, 97), None
(28, 55, 83, 50, 16, 43, 65, 30, 76), 14.0
(21, 43, 83, 50, 17, 43, 70, 31, 76), None
(18, 55, 80, 48, 11, 50, 64, 33, 65), 19.0
(32, 61, 94, 44, 21, 40, 75, 39, 70), 14.0
(31, 62, 88, 44, 22, 35, 86, 27, 70), 17.0
(40, 52, 91, 56, 6, 21, 51, 47, 44), None
(27, 59, 94, 39, 24, 39, 83, 38, 62), None
(23, 66, 98, 51, 99, 46, 76, 41, 54), None
(34, 50, 86, 47, 14, 30, 75, 35, 74), 16.0
(15, 48, 89, 37, 30, 41, 68, 30, 59), None
(25, 69, 82, 52, 22, 51, 72, 22, 78), None
(98, 65, 78, 45, 20, 47, 62, 25, 67), None
(37, 13, 69, 63, 81, 78, 98, 50, 99), None
(28, 37, 65, 59, 85, 87, 53, 51, 94), 18.0
(42, 28, 75, 67, 91, 33, 30, 53, 91), None
(31, 55, 84, 55, 2, 69, 49, 19, 71), None
(23, 72, 80, 42, 16, 66, 56, 11, 81), 14.0
(93, 77, 81, 42, 12, 63, 66, 42, 81), None
(51, 79, 72, 30, 16, 67, 54, 37, 83), 16.0
(34, 87, 96, 49, 45, 36, 19, 12, 77), None
(24, 33, 70, 53, 75, 81, 42, 45, 85), 16.0
(19, 41, 67, 40, 10, 73, 61, 10, 92), None
(44, 62, 78, 43, 96, 54, 57, 6, 69), None
(1, 73, 93, 46, 17, 43, 70, 28, 88), 16.0
(26, 82, 75, 60, 89, 92, 38, 54, 47), 18.0
(21, 45, 85, 50, 9, 26, 46, 32, 85), None
(32, 53, 92, 13, 37, 57, 65, 23, 80), 15.0
(16, 30, 62, 63, 80, 76, 44, 49, 95), 15.0
(34, 59, 91, 8, 29, 59, 59, 16, 80), None
(10, 34, 74, 56, 83, 83, 50, 39, 87), None
(23, 36, 81, 64, 19, 39, 48, 91, 75), 16.0
(13, 69, 77, 48, 23, 77, 63, 29, 73), None
(30, 29, 63, 0, 36, 65, 65, 47, 90), None
(27, 50, 67, 57, 13, 71, 42, 58, 93), 18.0
(28, 54, 71, 9, 39, 62, 34, 23, 83), 16.0
(32, 46, 88, 36, 25, 45, 78, 26, 77), 15.0
(37, 47, 88, 33, 26, 45, 81, 8, 72), 17.0
(21, 43, 79, 44, 20, 49, 56, 14, 64), 15.0
(17, 18, 84, 51, 15, 0, 53, 34, 74), 18.0
(19, 43, 82, 44, 7, 49, 56, 17, 65), None
(24, 58, 92, 3, 18, 56, 68, 20, 97), None
(5, 53, 60, 25, 21, 70, 59, 49, 69), None
(25, 39, 23, 54, 79, 75, 46, 56, 95), 16.0
(16, 31, 76, 47, 61, 18, 44, 31, 99), None
(9, 35, 73, 22, 86, 73, 40, 22, 93), None
(28, 64, 95, 41, 12, 41, 61, 45, 88), None
(14, 41, 62, 70, 82, 88, 45, 25, 95), 17.0
(21, 50, 99, 38, 55, 48, 57, 24, 63), None
(20, 25, 80, 16, 49, 43, 55, 13, 53), 16.0
(23, 37, 56, 13, 34, 61, 71, 28, 79), 16.0
(30, 40, 71, 60, 15, 85, 52, 51, 90), None
(17, 30, 68, 66, 70, 79, 65, 36, 97), None
(32, 60, 79, 44, 28, 56, 50, 18, 67), 18.0
(32, 7, 44, 63, 25, 76, 37, 49, 76), None
(35, 28, 74, 68, 90, 82, 28, 46, 82), None
(29, 56, 70, 52, 79, 59, 48, 41, 84), 15.0
(27, 0, 87, 34, 32, 51, 33, 26, 77), 16.0
(21, 45, 90, 28, 24, 38, 73, 30, 58), 16.0
(25, 73, 77, 48, 19, 67, 55, 14, 72), 14.0
(26, 72, 83, 36, 19, 68, 79, 8, 71), 16.0
(24, 33, 77, 45, 92, 71, 55, 15, 91), 19.0
(30, 48, 80, 49, 20, 48, 62, 11, 71), None
(26, 67, 77, 42, 17, 46, 59, 14, 68), 16.0
(28, 72, 66, 76, 75, 90, 43, 52, 93), 16.0
(29, 52, 97, 52, 14, 65, 48, 41, 73), None
(33, 56, 72, 54, 67, 59, 53, 43, 85), 16.0
(35, 80, 70, 57, 77, 44, 30, 4, 77), None
(19, 43, 84, 40, 21, 37, 57, 27, 64), 16.0
(32, 47, 86, 31, 41, 66, 85, 22, 79), 18.0
(22, 46, 79, 47, 23, 42, 76, 13, 61), 16.0
(12, 38, 75, 60, 87, 34, 50, 20, 81), 19.0
(25, 44, 89, 43, 17, 40, 67, 26, 76), 15.0
(24, 35, 73, 50, 16, 81, 63, 24, 75), None
(47, 41, 82, 37, 18, 40, 58, 9, 70), 16.0
(22, 63, 88, 46, 12, 53, 69, 33, 74), 18.0
(18, 32, 64, 63, 84, 45, 45, 55, 96), None
(30, 55, 78, 49, 78, 23, 52, 17, 83), None
(38, 49, 85, 52, 16, 42, 64, 26, 77), 18.0
(7, 75, 93, 39, 22, 14, 26, 30, 79), None
(22, 38, 68, 65, 94, 85, 40, 29, 89), 17.0
(25, 70, 69, 43, 83, 83, 48, 47, 87), None
(27, 58, 81, 42, 20, 50, 47, 28, 72), 15.0
(28, 57, 76, 58, 81, 52, 47, 32, 72), 17.0
(25, 97, 72, 61, 89, 57, 43, 52, 92), None
(17, 53, 66, 55, 80, 60, 60, 49, 85), None
(31, 12, 38, 48, 72, 54, 61, 41, 81), 17.0
(14, 34, 90, 91, 46, 78, 67, 54, 94), 19.0
(24, 45, 86, 46, 11, 6, 74, 26, 74), None
(3, 10, 70, 51, 86, 40, 41, 46, 89), None
(20, 41, 79, 44, 13, 28, 54, 12, 66), 15.0
(20, 42, 74, 48, 8, 35, 51, 12, 68), 17.0
(28, 26, 75, 50, 52, 73, 65, 23, 79), 18.0
(23, 32, 81, 45, 18, 70, 36, 48, 97), None
(26, 44, 94, 41, 26, 47, 78, 21, 76), None
(33, 51, 88, 47, 21, 63, 71, 25, 75), 17.0
(15, 30, 68, 53, 75, 80, 39, 45, 91), 14.0
(10, 36, 83, 44, 15, 87, 53, 35, 66), 16.0
(13, 29, 65, 62, 81, 80, 44, 51, 56), 21.0
(30, 60, 77, 53, 24, 75, 56, 44, 87), 16.0
(19, 40, 79, 38, 15, 49, 54, 10, 70), 18.0
(22, 85, 70, 57, 75, 44, 35, 38, 92), 18.0
(11, 30, 68, 54, 79, 76, 38, 44, 90), 14.0
(8, 57, 68, 55, 20, 51, 38, 43, 91), 16.0
(27, 48, 84, 43, 18, 50, 46, 28, 74), 14.0
(12, 22, 92, 49, 18, 76, 31, 19, 74), 16.0
(27, 27, 67, 53, 78, 32, 39, 40, 90), None
(56, 61, 81, 42, 17, 40, 47, 28, 72), 19.0
(6, 66, 83, 51, 13, 68, 49, 32, 70), None
(29, 49, 73, 52, 13, 28, 41, 45, 68), 17.0
(15, 47, 86, 55, 74, 55, 45, 42, 78), None
(32, 31, 61, 45, 10, 78, 82, 50, 95), 15.0
(26, 31, 89, 40, 10, 72, 82, 27, 96), None
(28, 58, 84, 59, 80, 11, 42, 48, 93), 16.0
(24, 33, 81, 43, 14, 37, 37, 30, 72), None
(11, 24, 78, 47, 5, 80, 58, 23, 73), None
(17, 47, 85, 40, 23, 17, 67, 16, 76), None
(31, 51, 82, 36, 20, 47, 85, 29, 71), 15.0
(20, 44, 82, 43, 17, 42, 50, 29, 69), 16.0
(35, 29, 55, 42, 63, 77, 90, 25, 99), None
(15, 55, 71, 49, 78, 74, 63, 45, 84), 14.0
(80, 51, 87, 36, 20, 45, 87, 28, 75), None
(10, 43, 79, 32, 21, 74, 55, 14, 65), 15.0
(27, 55, 71, 49, 76, 59, 63, 44, 83), 19.0
(8, 43, 75, 47, 16, 72, 66, 11, 66), None
(23, 91, 73, 45, 13, 82, 60, 33, 86), 13.0
(18, 46, 77, 45, 19, 74, 60, 27, 87), 12.0
(15, 94, 76, 44, 14, 24, 60, 34, 86), 14.0
(15, 86, 79, 45, 14, 25, 60, 33, 86), None
(19, 96, 76, 45, 12, 31, 61, 35, 81), None
(18, 94, 73, 46, 18, 69, 62, 31, 88), None
(14, 91, 72, 45, 9, 78, 58, 37, 87), 16.0
(12, 54, 74, 42, 11, 82, 63, 27, 84), 15.0
(11, 54, 95, 50, 15, 66, 64, 39, 85), 15.0
(13, 99, 76, 40, 12, 75, 63, 33, 83), None
(10, 90, 95, 50, 16, 71, 65, 47, 89), 18.0
(15, 29, 66, 43, 18, 23, 33, 46, 94), 15.0
(16, 91, 77, 48, 91, 79, 58, 30, 86), None
(22, 49, 83, 37, 25, 47, 56, 30, 91), 15.0
(16, 94, 69, 53, 79, 72, 59, 34, 84), 15.0
(34, 46, 91, 6, 31, 77, 60, 23, 30), None
(21, 48, 83, 41, 77, 27, 55, 6, 90), None
(9, 83, 79, 33, 22, 74, 55, 15, 60), 16.0
(14, 4, 77, 32, 20, 73, 46, 28, 72), None
(17, 52, 81, 47, 14, 50, 52, 31, 70), None
(25, 45, 72, 49, 19, 47, 93, 36, 87), 16.0
(24, 46, 74, 51, 16, 44, 61, 25, 77), 14.0
(24, 17, 75, 47, 67, 39, 69, 26, 80), 14.0
(23, 14, 74, 51, 57, 39, 68, 25, 81), 18.0
(18, 19, 75, 47, 82, 43, 61, 27, 82), None
(22, 18, 71, 52, 71, 81, 62, 42, 79), None
(25, 16, 70, 34, 68, 74, 28, 29, 88), 16.0
(30, 50, 73, 26, 16, 83, 66, 24, 80), 14.0
(28, 49, 76, 29, 15, 42, 60, 45, 79), 17.0
(29, 57, 73, 23, 65, 29, 48, 25, 84), None
(32, 50, 74, 46, 10, 79, 70, 32, 74), None
(5, 64, 74, 26, 8, 83, 62, 21, 82), None
(11, 78, 77, 50, 16, 82, 65, 39, 86), 18.0
(12, 54, 66, 44, 14, 21, 63, 27, 94), 16.0
(19, 46, 72, 20, 13, 38, 59, 24, 78), 18.0
(26, 41, 80, 43, 18, 84, 57, 24, 77), 15.0
(23, 16, 78, 48, 19, 51, 58, 27, 91), 18.0
(27, 61, 50, 45, 21, 45, 80, 29, 74), None
(24, 47, 97, 50, 16, 40, 66, 50, 85), None
(27, 93, 65, 42, 17, 35, 68, 26, 95), 17.0
(21, 52, 70, 55, 84, 6, 44, 22, 80), None
(20, 45, 75, 46, 12, 44, 32, 18, 48), 16.0
(21, 42, 80, 44, 74, 76, 52, 9, 67), 16.0
(15, 34, 68, 55, 79, 69, 48, 42, 52), 18.0
(30, 48, 78, 28, 62, 80, 54, 12, 88), 19.0
(29, 59, 82, 39, 19, 48, 90, 29, 71), None
(24, 95, 69, 53, 95, 43, 76, 35, 77), None
(23, 45, 76, 49, 13, 86, 78, 53, 75), 14.0
(23, 46, 73, 57, 11, 90, 77, 25, 76), 16.0
(26, 50, 76, 49, 15, 85, 69, 31, 78), 18.0
(7, 31, 72, 52, 12, 86, 80, 51, 81), None
(14, 89, 96, 48, 15, 67, 64, 46, 41), None
(65, 44, 77, 47, 27, 3, 21, 57, 75), None
(17, 48, 63, 12, 36, 76, 73, 22, 80), 17.0
(19, 26, 59, 52, 76, 78, 71, 49, 96), None
(31, 99, 72, 16, 73, 72, 61, 33, 83), None
(22, 94, 75, 54, 23, 71, 59, 33, 90), 16.0
(26, 93, 69, 50, 78, 70, 59, 37, 73), 14.0
(25, 43, 80, 49, 18, 73, 61, 37, 73), None
(24, 93, 68, 51, 77, 69, 39, 53, 92), 18.0
(29, 21, 68, 83, 7, 81, 57, 49, 93), None
(26, 56, 71, 51, 71, 61, 66, 40, 80), None
(21, 49, 84, 44, 17, 24, 57, 37, 92), 17.0
(8, 88, 79, 31, 22, 74, 56, 14, 69), 17.0
(22, 38, 10, 45, 9, 88, 60, 83, 9), None
(26, 41, 75, 48, 97, 83, 30, 24, 77), None
(23, 52, 70, 24, 81, 70, 51, 44, 90), None
(12, 75, 74, 42, 66, 83, 64, 27, 75), None
(27, 69, 81, 46, 19, 85, 58, 20, 73), 15.0
(25, 92, 78, 46, 17, 19, 57, 17, 78), None
(28, 11, 76, 50, 39, 15, 62, 26, 77), 16.0
(16, 7, 69, 54, 58, 41, 78, 31, 85), None
(19, 45, 77, 42, 89, 11, 46, 28, 72), 16.0
(30, 51, 81, 39, 14, 31, 50, 29, 70), 15.0
(3, 81, 75, 48, 11, 37, 64, 34, 75), None
(26, 40, 85, 41, 54, 84, 76, 25, 78), 16.0
(9, 47, 65, 50, 14, 65, 63, 39, 82), None
(24, 45, 80, 35, 69, 76, 84, 23, 71), 15.0
(29, 54, 72, 48, 93, 81, 36, 45, 88), 20.0
(18, 37, 71, 53, 78, 67, 42, 41, 62), 19.0
(27, 35, 74, 46, 17, 86, 60, 23, 76), 16.0
(21, 42, 80, 44, 13, 33, 54, 98, 64), None
(37, 33, 71, 57, 74, 45, 74, 26, 86), None
(13, 29, 66, 26, 15, 68, 34, 38, 84), 16.0
(32, 67, 76, 52, 64, 76, 67, 21, 80), None
(24, 49, 31, 48, 23, 47, 60, 32, 73), 17.0
(22, 48, 84, 39, 18, 39, 66, 30, 94), None
(11, 53, 73, 50, 11, 65, 62, 36, 84), None
(30, 13, 78, 31, 21, 73, 17, 41, 82), 15.0
(41, 97, 69, 54, 77, 73, 58, 35, 89), None
(33, 73, 87, 35, 25, 46, 88, 54, 46), None
(6, 44, 74, 43, 12, 42, 63, 28, 75), None
(17, 95, 69, 53, 80, 71, 70, 34, 83), 16.0
(27, 32, 64, 46, 84, 78, 82, 50, 98), None
(15, 72, 72, 52, 87, 85, 59, 20, 87), None
(25, 85, 71, 55, 83, 81, 49, 24, 79), 18.0
(9, 59, 83, 41, 15, 36, 64, 39, 74), 16.0
(19, 68, 99, 21, 16, 89, 44, 48, 73), None
(30, 15, 81, 39, 14, 87, 3, 30, 69), None
(89, 39, 80, 44, 19, 34, 56, 25, 68), 16.0
(20, 47, 67, 50, 79, 63, 47, 31, 86), None
(23, 50, 77, 47, 33, 43, 72, 32, 79), 17.0
(21, 27, 84, 44, 17, 9, 24, 47, 92), 17.0
(23, 91, 67, 49, 2, 23, 31, 43, 93), None
(50, 13, 78, 25, 20, 71, 10, 43, 83), 15.0
(29, 94, 73, 56, 74, 69, 60, 34, 89), 19.0
(15, 96, 70, 69, 76, 80, 38, 52, 87), None
(13, 30, 75, 45, 8, 79, 62, 27, 96), None
(17, 92, 73, 51, 14, 75, 55, 5, 81), None
(32, 36, 62, 37, 91, 77, 81, 54, 15), 17.0
(34, 46, 92, 3, 29, 44, 78, 22, 77), None
(27, 65, 76, 46, 51, 41, 67, 1, 74), 16.0
(25, 42, 83, 42, 17, 40, 53, 24, 77), None
(24, 51, 82, 28, 25, 46, 45, 30, 91), 20.0
(18, 17, 68, 53, 82, 83, 59, 71, 85), 17.0
(20, 9, 79, 45, 11, 29, 87, 52, 55), 18.0
(10, 43, 78, 48, 19, 37, 57, 28, 76), 16.0
(26, 44, 76, 48, 17, 38, 61, 19, 71), 18.0
(24, 45, 86, 41, 66, 77, 84, 23, 71), 17.0
(22, 40, 78, 50, 60, 73, 9, 38, 81), 17.0
(4, 47, 71, 51, 88, 41, 49, 41, 85), None
(30, 13, 74, 28, 21, 74, 37, 46, 82), None
(28, 74, 82, 47, 13, 94, 52, 14, 73), 15.0
(28, 56, 75, 56, 9, 56, 68, 36, 35), None
(28, 62, 73, 51, 72, 52, 66, 10, 75), 18.0
(0, 57, 70, 59, 81, 49, 49, 8, 87), None
(17, 88, 0, 54, 78, 71, 43, 33, 80), 18.0
(21, 41, 80, 43, 16, 43, 56, 25, 77), None
(7, 9, 87, 31, 22, 74, 18, 27, 82), None
(20, 77, 25, 40, 13, 43, 74, 31, 68), 17.0
(54, 83, 78, 49, 19, 20, 59, 16, 75), 14.0
(59, 84, 77, 12, 41, 16, 65, 16, 79), None
(56, 81, 76, 49, 72, 26, 34, 56, 89), None
(24, 79, 48, 35, 68, 12, 79, 22, 75), None
(50, 71, 78, 25, 20, 70, 1, 43, 73), 17.0
(53, 90, 80, 47, 99, 84, 58, 21, 77), None
(46, 48, 78, 46, 18, 19, 59, 18, 78), None
(61, 54, 94, 50, 15, 64, 64, 37, 75), None
(26, 58, 85, 43, 19, 5, 61, 26, 72), None
(53, 46, 64, 49, 13, 39, 42, 49, 95), None
(48, 77, 73, 47, 85, 91, 62, 19, 73), None
(9, 49, 83, 37, 26, 68, 55, 14, 91), 14.0
(5, 28, 75, 41, 23, 21, 33, 46, 93), None
(8, 50, 67, 58, 76, 68, 40, 58, 98), None
(56, 98, 17, 53, 16, 71, 55, 17, 25), None
(12, 49, 72, 52, 95, 87, 51, 11, 95), None
(10, 20, 82, 38, 27, 67, 54, 14, 61), 19.0
(14, 34, 74, 45, 16, 66, 61, 29, 91), 16.0
(7, 47, 71, 49, 18, 69, 57, 15, 0), None
(8, 44, 79, 55, 23, 75, 54, 11, 91), 16.0
(25, 86, 89, 44, 93, 36, 70, 24, 76), 16.0
(13, 32, 76, 51, 90, 96, 45, 13, 50), None
(49, 23, 84, 29, 21, 71, 60, 44, 83), 15.0
(31, 52, 83, 37, 20, 46, 63, 29, 70), 17.0
(23, 51, 85, 38, 70, 32, 59, 27, 90), 17.0
(28, 51, 81, 40, 15, 31, 52, 29, 71), 18.0
(36, 89, 69, 47, 10, 79, 29, 47, 93), None
(26, 71, 81, 46, 16, 87, 58, 23, 79), 16.0
(11, 30, 66, 53, 62, 78, 40, 51, 97), None
(23, 73, 82, 49, 6, 18, 52, 13, 74), None
(58, 1, 71, 52, 79, 14, 50, 42, 88), 14.0
(57, 3, 39, 56, 47, 13, 50, 40, 88), None
(57, 6, 74, 54, 78, 13, 56, 44, 89), None
(68, 83, 72, 50, 12, 16, 65, 41, 85), 17.0
(62, 48, 76, 52, 18, 99, 47, 17, 88), None
(58, 2, 77, 51, 74, 11, 62, 42, 91), 16.0
(6, 25, 74, 48, 80, 22, 60, 93, 86), None
(52, 1, 70, 45, 14, 8, 57, 38, 93), 18.0
(59, 92, 73, 43, 19, 7, 63, 36, 89), None
(22, 49, 77, 96, 14, 27, 53, 45, 80), None
(16, 46, 79, 56, 31, 67, 50, 26, 87), 15.0
(55, 46, 75, 52, 86, 10, 61, 33, 90), 18.0
(54, 5, 86, 48, 76, 18, 55, 16, 94), None
(2, 0, 72, 54, 17, 15, 59, 55, 78), 19.0
(61, 96, 70, 42, 29, 20, 65, 48, 84), None
(19, 48, 68, 23, 13, 75, 58, 8, 81), 20.0
(25, 44, 79, 89, 10, 72, 47, 19, 91), 15.0
(9, 93, 76, 58, 21, 81, 68, 35, 76), None
(22, 46, 72, 46, 59, 69, 62, 39, 58), None
(27, 37, 43, 50, 56, 42, 26, 32, 86), 14.0
(26, 37, 84, 48, 55, 42, 27, 32, 86), 18.0
(29, 39, 34, 50, 56, 40, 23, 31, 42), 14.0
(30, 35, 39, 50, 50, 40, 24, 34, 44), None
(15, 34, 47, 52, 48, 38, 20, 32, 30), 14.0
(29, 38, 47, 44, 54, 39, 21, 31, 15), 16.0
(27, 36, 57, 54, 63, 42, 26, 27, 88), None
(15, 39, 52, 52, 57, 25, 15, 33, 27), None
(63, 34, 33, 56, 43, 38, 22, 62, 37), 17.0
(24, 42, 28, 46, 24, 35, 19, 29, 20), None
(77, 37, 43, 52, 52, 44, 24, 30, 93), None
(20, 87, 45, 40, 16, 34, 53, 27, 3), None
(28, 39, 46, 50, 55, 41, 15, 31, 34), 16.0
(12, 8, 35, 54, 65, 38, 64, 35, 39), None
(31, 44, 68, 42, 68, 76, 75, 25, 43), None
(10, 41, 17, 44, 61, 74, 66, 44, 96), None
(34, 80, 80, 48, 56, 40, 26, 11, 49), None
(5, 37, 42, 50, 61, 44, 22, 37, 84), None
(18, 32, 41, 57, 49, 37, 21, 53, 83), 16.0
(13, 34, 51, 49, 60, 29, 24, 32, 99), None
(26, 39, 45, 51, 53, 42, 19, 29, 34), 17.0
(23, 50, 75, 45, 18, 14, 56, 76, 79), 18.0
(16, 63, 35, 17, 70, 35, 17, 40, 31), None
(15, 33, 49, 53, 59, 38, 28, 46, 53), None
(11, 35, 46, 41, 35, 9, 25, 20, 86), None
(19, 91, 42, 47, 80, 45, 60, 42, 88), None
(25, 36, 74, 51, 93, 40, 25, 34, 29), None
(21, 42, 71, 47, 66, 69, 50, 13, 42), None
(43, 53, 85, 55, 22, 45, 45, 30, 90), None
(30, 30, 50, 52, 58, 41, 22, 32, 47), None
(17, 40, 29, 60, 11, 43, 20, 28, 86), 14.0
(18, 39, 27, 60, 9, 42, 23, 29, 24), None
(14, 96, 32, 61, 46, 64, 18, 36, 87), None
(23, 40, 34, 58, 19, 44, 19, 31, 73), None
(16, 44, 27, 44, 11, 48, 20, 27, 81), None
(28, 43, 23, 49, 7, 46, 69, 25, 85), None
(26, 41, 82, 51, 44, 82, 22, 28, 76), None
(9, 32, 88, 54, 48, 37, 41, 22, 22), None
(12, 89, 83, 53, 28, 72, 48, 34, 92), 17.0
(24, 49, 77, 39, 16, 67, 62, 16, 74), None
(7, 36, 79, 47, 64, 39, 28, 32, 89), None
(13, 27, 87, 42, 90, 36, 51, 31, 38), 18.0
(18, 46, 32, 59, 82, 76, 72, 48, 86), 13.0
(15, 11, 48, 57, 77, 78, 71, 47, 91), 16.0
(19, 46, 31, 60, 87, 77, 73, 50, 85), 15.0
(18, 38, 28, 60, 22, 43, 46, 45, 88), 17.0
(52, 21, 41, 55, 81, 33, 71, 49, 93), 15.0
(20, 38, 30, 60, 85, 75, 13, 48, 90), 16.0
(17, 99, 25, 58, 4, 80, 21, 52, 87), None
(16, 48, 30, 57, 83, 79, 74, 42, 86), 15.0
(65, 49, 19, 61, 79, 20, 72, 44, 83), 17.0
(32, 42, 29, 27, 13, 41, 68, 25, 95), 17.0
(27, 94, 35, 45, 25, 5, 78, 36, 79), None
(21, 24, 67, 63, 75, 73, 52, 47, 84), 15.0
(21, 47, 73, 34, 82, 76, 58, 50, 81), 16.0
(23, 52, 69, 55, 78, 71, 69, 43, 69), None
(13, 33, 25, 46, 74, 0, 66, 28, 67), 15.0
(8, 38, 33, 19, 51, 40, 17, 26, 94), 14.0
(2, 45, 77, 42, 15, 24, 6, 22, 77), None
(5, 44, 13, 18, 11, 70, 12, 24, 95), None
(15, 30, 54, 64, 91, 82, 35, 54, 83), None
(17, 43, 37, 49, 80, 47, 75, 34, 56), 14.0
(17, 42, 71, 56, 80, 78, 76, 51, 89), 16.0
(7, 45, 37, 15, 97, 17, 55, 20, 60), None
(11, 75, 74, 58, 12, 12, 64, 15, 92), None
(99, 61, 44, 53, 15, 77, 61, 10, 86), None
(19, 65, 53, 52, 20, 44, 38, 67, 87), 18.0
(24, 54, 29, 47, 9, 38, 23, 33, 81), 16.0
(59, 47, 70, 55, 77, 75, 67, 27, 78), 14.0
(56, 47, 70, 59, 74, 74, 67, 24, 90), None
(60, 51, 5, 56, 76, 83, 43, 45, 97), None
(58, 45, 75, 51, 72, 80, 72, 26, 84), None
(64, 35, 30, 18, 53, 85, 16, 26, 85), None
(21, 82, 32, 49, 6, 73, 49, 48, 94), None
(14, 17, 35, 23, 41, 48, 12, 28, 75), 14.0
(28, 18, 34, 37, 56, 49, 13, 30, 82), 18.0
(33, 37, 38, 53, 51, 47, 77, 35, 96), None
(54, 48, 72, 14, 77, 73, 75, 38, 57), 15.0
(25, 43, 77, 49, 83, 30, 64, 31, 54), 15.0
(22, 15, 74, 23, 13, 49, 9, 28, 72), 16.0
(23, 50, 78, 44, 19, 61, 56, 40, 79), 16.0
(25, 53, 65, 40, 17, 66, 59, 45, 77), 16.0
(20, 55, 81, 43, 16, 80, 54, 13, 75), 15.0
(31, 39, 33, 51, 58, 40, 17, 32, 48), 16.0
(58, 41, 73, 54, 38, 43, 26, 23, 78), 16.0
(18, 40, 37, 20, 8, 89, 73, 34, 53), 15.0
(17, 17, 39, 22, 14, 45, 74, 6, 81), None
(26, 43, 27, 33, 87, 47, 69, 59, 64), 18.0
(22, 43, 33, 46, 11, 46, 75, 24, 79), None
(71, 45, 66, 58, 80, 76, 70, 27, 91), 16.0
(11, 35, 35, 38, 41, 52, 20, 30, 70), None
(29, 59, 37, 48, 51, 39, 30, 26, 82), None
(30, 37, 36, 47, 81, 41, 72, 30, 40), None
(13, 40, 32, 20, 48, 50, 12, 28, 50), None
(18, 19, 31, 50, 63, 44, 78, 32, 51), 16.0
(14, 84, 32, 56, 18, 71, 59, 17, 56), None
(15, 41, 34, 18, 50, 49, 7, 28, 46), None
(57, 16, 29, 25, 30, 46, 11, 21, 76), 16.0
(6, 46, 33, 50, 84, 44, 76, 37, 88), None
(29, 18, 38, 25, 54, 47, 66, 24, 99), None
(3, 15, 36, 23, 47, 36, 67, 26, 62), None
(55, 69, 35, 20, 89, 91, 71, 27, 74), 17.0
(60, 36, 43, 62, 57, 33, 19, 29, 83), 18.0
(9, 13, 40, 52, 45, 43, 17, 33, 28), 16.0
(17, 43, 58, 50, 79, 9, 80, 42, 93), 16.0
(25, 27, 76, 30, 69, 83, 23, 55, 91), 16.0
Sampler:BoTorchSampler
(74, 52, 98, 26, 82, 5, 40, 3, 48), None
(55, 29, 73, 86, 58, 37, 93, 49, 2), 15.0
(58, 86, 62, 56, 43, 81, 29, 35, 4), None
(89, 69, 78, 17, 68, 3, 51, 29, 5), None
(93, 92, 61, 92, 99, 59, 54, 80, 71), None
(23, 24, 17, 34, 5, 6, 34, 45, 49), None
(43, 11, 37, 77, 25, 51, 34, 15, 97), None
(18, 44, 58, 51, 25, 52, 6, 71, 17), None
(54, 94, 95, 99, 27, 36, 83, 5, 18), None
(93, 8, 58, 10, 38, 64, 87, 34, 35), 18.0
(38, 51, 70, 98, 66, 54, 23, 45, 75), None
(91, 54, 16, 75, 33, 51, 78, 18, 51), None
(67, 42, 23, 85, 65, 1, 44, 48, 72), 17.0
(35, 15, 63, 27, 8, 29, 8, 88, 16), None
(61, 45, 15, 50, 71, 81, 41, 62, 79), 16.0
(52, 4, 30, 14, 70, 36, 14, 74, 45), None
(98, 72, 47, 75, 75, 38, 84, 37, 30), None
(26, 50, 95, 1, 69, 9, 33, 2, 96), None
(64, 99, 89, 1, 69, 57, 30, 14, 56), None
(93, 85, 12, 72, 95, 97, 82, 54, 98), None
(49, 6, 43, 27, 75, 0, 24, 67, 17), None
(52, 80, 32, 27, 60, 48, 62, 96, 65), None
(33, 12, 75, 30, 62, 65, 71, 47, 78), 15.0
(88, 65, 16, 50, 53, 99, 27, 11, 95), None
(59, 92, 53, 16, 81, 50, 61, 94, 6), None
(5, 44, 98, 32, 14, 22, 81, 92, 9), None
(63, 51, 50, 40, 54, 74, 71, 72, 82), None
(90, 66, 38, 27, 48, 45, 50, 52, 91), 18.0
(44, 40, 20, 97, 47, 50, 88, 93, 88), None
(55, 26, 72, 77, 42, 12, 99, 30, 23), None
(82, 57, 91, 18, 28, 17, 68, 49, 97), None
(61, 98, 59, 16, 54, 53, 28, 44, 99), None
(88, 77, 19, 58, 91, 64, 86, 44, 4), None
(93, 58, 42, 89, 12, 55, 63, 35, 2), 15.0
(23, 32, 97, 55, 9, 38, 54, 58, 33), None
(34, 12, 48, 20, 48, 6, 55, 97, 57), None
(4, 13, 24, 8, 74, 87, 93, 66, 54), None
(80, 50, 21, 14, 44, 46, 40, 56, 65), 15.0
(0, 97, 10, 98, 99, 83, 57, 71, 59), None
(33, 67, 46, 16, 31, 96, 13, 82, 85), None
(91, 66, 41, 36, 66, 17, 19, 33, 30), None
(94, 15, 50, 80, 46, 86, 74, 10, 80), None
(75, 59, 22, 50, 53, 17, 58, 56, 51), 18.0
(2, 68, 60, 76, 9, 91, 87, 13, 59), 15.0
(71, 44, 61, 94, 32, 50, 80, 40, 0), 15.0
(44, 40, 71, 90, 40, 56, 88, 39, 7), None
(44, 40, 71, 90, 40, 56, 88, 39, 6), None
(74, 43, 11, 1, 41, 53, 29, 59, 58), 14.0
(61, 35, 20, 0, 39, 53, 21, 64, 60), 17.0
(87, 49, 0, 0, 42, 57, 33, 55, 53), None
(41, 44, 70, 90, 34, 62, 87, 35, 14), 17.0
(96, 41, 61, 16, 32, 39, 78, 46, 0), None
(86, 49, 0, 0, 42, 57, 32, 55, 53), None
(96, 41, 61, 6, 32, 40, 78, 46, 0), None
(96, 41, 61, 67, 32, 40, 78, 46, 0), None
(95, 41, 61, 27, 32, 40, 78, 46, 0), 17.0
(85, 48, 0, 0, 42, 56, 32, 55, 54), None
(85, 48, 0, 0, 42, 56, 32, 56, 54), None
(94, 40, 61, 4, 30, 42, 78, 45, 0), None
(80, 30, 68, 37, 51, 33, 88, 51, 0), None
(81, 30, 68, 75, 51, 32, 88, 51, 0), None
(94, 41, 60, 31, 30, 43, 78, 45, 0), 15.0
(99, 40, 61, 97, 29, 41, 79, 47, 0), None
(44, 40, 62, 98, 29, 40, 79, 47, 0), None
(90, 50, 0, 0, 41, 59, 31, 54, 50), None
(3, 40, 62, 98, 29, 41, 79, 47, 0), None
(99, 40, 61, 98, 29, 41, 79, 47, 0), None
(90, 50, 0, 0, 41, 60, 31, 54, 50), None
(53, 40, 62, 98, 29, 41, 79, 47, 0), None
(91, 50, 0, 0, 41, 60, 31, 54, 49), None
(89, 50, 0, 0, 41, 59, 31, 54, 50), None
(21, 40, 62, 98, 29, 41, 79, 47, 0), None
(31, 39, 62, 98, 29, 40, 79, 48, 0), None
(76, 40, 62, 98, 29, 41, 79, 47, 0), None
(89, 50, 0, 0, 41, 59, 31, 54, 51), None
(63, 40, 61, 98, 29, 41, 79, 47, 0), None
(99, 40, 62, 98, 29, 41, 79, 47, 0), None
(67, 40, 61, 98, 29, 41, 79, 47, 0), None
(59, 40, 61, 98, 29, 41, 79, 47, 0), None
(15, 40, 61, 98, 29, 41, 79, 47, 0), None
(36, 40, 62, 98, 29, 41, 79, 47, 0), None
(15, 40, 62, 98, 29, 40, 79, 47, 0), None
(45, 40, 62, 98, 29, 40, 79, 47, 0), None
(44, 40, 62, 98, 29, 41, 79, 47, 0), None
(20, 40, 62, 98, 29, 41, 79, 47, 0), None
(90, 50, 0, 0, 41, 60, 31, 54, 49), None
(13, 40, 61, 98, 29, 41, 79, 47, 0), None
(9, 40, 62, 98, 29, 40, 79, 48, 0), None
(27, 40, 61, 98, 29, 41, 79, 47, 0), None
Sampler:CmaEsSampler
(52, 45, 91, 23, 21, 13, 40, 42, 23), None
(70, 84, 57, 16, 58, 20, 4, 56, 21), None
(76, 47, 97, 57, 83, 15, 35, 57, 78), None
(3, 40, 1, 45, 33, 16, 68, 35, 39), None
(24, 90, 44, 71, 47, 54, 15, 44, 75), None
(99, 87, 28, 55, 41, 96, 53, 37, 15), None
(45, 14, 32, 40, 62, 18, 85, 70, 33), 17.0
(53, 61, 57, 48, 52, 55, 44, 34, 63), 19.0
(40, 36, 48, 56, 32, 67, 80, 45, 33), 16.0
(43, 64, 58, 40, 59, 66, 58, 40, 56), None
(48, 37, 59, 38, 69, 35, 46, 57, 39), None
(51, 41, 60, 66, 66, 46, 53, 50, 19), None
(53, 60, 30, 46, 58, 20, 59, 57, 53), None
(25, 61, 33, 43, 50, 37, 16, 45, 62), 17.0
(46, 44, 39, 39, 20, 33, 62, 65, 36), None
(52, 38, 46, 36, 55, 58, 55, 36, 56), None
(68, 54, 43, 65, 45, 67, 52, 45, 31), None
(36, 53, 51, 46, 37, 60, 37, 44, 44), None
(5, 53, 60, 42, 30, 59, 55, 34, 48), None
(48, 64, 46, 23, 53, 43, 62, 65, 36), 20.0
(47, 48, 60, 62, 53, 52, 63, 58, 16), 17.0
(47, 70, 58, 58, 71, 55, 61, 81, 50), None
(61, 46, 49, 50, 62, 47, 63, 43, 31), 16.0
(20, 59, 24, 56, 64, 44, 74, 33, 44), None
(26, 71, 50, 55, 48, 46, 30, 71, 41), None
(63, 58, 23, 24, 35, 85, 25, 62, 95), 16.0
(67, 44, 49, 32, 43, 36, 55, 59, 73), 16.0
(45, 70, 33, 33, 58, 67, 68, 68, 39), None
(69, 46, 34, 65, 69, 43, 61, 36, 58), None
(43, 51, 32, 46, 41, 34, 48, 32, 44), None
(63, 65, 64, 76, 69, 49, 55, 26, 55), None
(15, 53, 57, 16, 41, 32, 70, 58, 23), 17.0
(25, 42, 46, 33, 36, 52, 6, 53, 73), None
(68, 27, 73, 58, 29, 59, 77, 55, 77), None
(36, 46, 68, 12, 28, 60, 39, 54, 43), 17.0
(50, 37, 51, 43, 34, 78, 50, 65, 48), None
(59, 26, 28, 45, 63, 57, 45, 46, 27), None
(54, 58, 44, 67, 42, 62, 61, 33, 34), 18.0
(40, 39, 40, 37, 57, 39, 52, 44, 40), None
(48, 47, 43, 23, 50, 43, 62, 46, 38), None
(79, 56, 77, 31, 40, 72, 66, 74, 65), 16.0
(72, 12, 26, 44, 46, 59, 72, 72, 16), None
(60, 48, 58, 38, 54, 66, 56, 34, 42), 19.0
(25, 44, 56, 58, 17, 70, 86, 39, 43), 16.0
(50, 57, 52, 46, 42, 29, 76, 56, 87), 14.0
(60, 17, 48, 40, 46, 59, 66, 67, 57), 18.0
(43, 29, 47, 48, 27, 57, 82, 17, 56), 14.0
(75, 50, 10, 40, 42, 56, 80, 52, 54), 15.0
(85, 75, 62, 53, 62, 28, 82, 39, 40), None
(67, 59, 49, 54, 34, 89, 46, 52, 50), 16.0
(64, 59, 31, 44, 47, 53, 47, 47, 48), None
(45, 47, 42, 28, 60, 81, 74, 49, 63), 16.0
(40, 58, 27, 35, 47, 46, 72, 66, 86), 17.0
(46, 47, 26, 45, 47, 40, 76, 29, 63), None
(47, 52, 43, 48, 24, 52, 78, 43, 70), None
(54, 75, 38, 43, 50, 53, 71, 60, 89), 16.0
(62, 61, 36, 57, 22, 33, 80, 36, 95), None
(54, 65, 51, 73, 54, 54, 77, 28, 77), None
(47, 51, 40, 43, 33, 63, 86, 35, 58), 17.0
(65, 60, 44, 37, 46, 61, 71, 47, 54), 14.0
(47, 34, 35, 59, 34, 51, 83, 43, 70), None
(70, 46, 55, 45, 35, 49, 77, 55, 65), None
(71, 68, 46, 56, 55, 53, 70, 41, 84), 17.0
(37, 35, 33, 58, 45, 69, 79, 40, 84), 18.0
(51, 32, 71, 44, 55, 54, 73, 43, 73), None
(52, 48, 45, 18, 36, 64, 73, 35, 57), 16.0
(70, 40, 59, 40, 50, 55, 47, 57, 85), None
(62, 50, 34, 42, 13, 36, 84, 32, 60), 13.0
(39, 42, 41, 50, 14, 70, 76, 73, 78), 17.0
(55, 46, 67, 67, 43, 46, 72, 48, 84), None
(66, 65, 67, 65, 32, 46, 94, 31, 76), None
(68, 56, 32, 73, 56, 16, 92, 31, 52), None
(75, 59, 52, 24, 25, 53, 91, 35, 75), None
(79, 41, 27, 31, 43, 31, 47, 61, 85), None
(53, 36, 60, 66, 38, 7, 56, 39, 71), None
(54, 38, 56, 65, 29, 75, 67, 47, 66), 14.0
(64, 50, 43, 52, 19, 18, 63, 72, 63), None
(60, 50, 33, 39, 19, 70, 84, 52, 75), 17.0
(68, 58, 38, 34, 8, 55, 85, 35, 40), 16.0
(56, 63, 27, 55, 20, 33, 71, 36, 88), 19.0
(63, 65, 27, 34, 18, 56, 70, 31, 53), 19.0
(59, 51, 52, 61, 6, 57, 58, 44, 69), None
(57, 23, 24, 36, 30, 77, 85, 39, 72), 16.0
(39, 65, 30, 44, 40, 32, 91, 36, 79), 16.0
(50, 52, 41, 19, 35, 63, 72, 40, 84), 17.0
(65, 50, 55, 61, 29, 70, 82, 35, 59), 16.0
(39, 57, 34, 35, 57, 41, 71, 43, 36), None
(40, 39, 56, 42, 30, 36, 90, 51, 57), 16.0
(59, 48, 50, 45, 57, 42, 98, 71, 70), None
(28, 39, 36, 56, 26, 51, 71, 40, 57), 18.0
(54, 42, 42, 36, 20, 56, 71, 31, 43), None
(20, 49, 27, 26, 9, 42, 77, 31, 72), 17.0
(43, 34, 24, 42, 6, 30, 85, 18, 72), None
(68, 65, 33, 53, 27, 63, 61, 56, 55), 18.0
(53, 35, 34, 53, 25, 62, 95, 47, 79), None
(58, 42, 33, 51, 16, 59, 85, 37, 68), 20.0
(44, 39, 54, 29, 20, 80, 61, 31, 62), 17.0
(68, 43, 40, 41, 4, 62, 61, 11, 64), None
(77, 73, 19, 27, 28, 54, 89, 26, 65), 14.0
(51, 40, 14, 24, 25, 33, 75, 42, 61), 17.0
(62, 42, 30, 42, 12, 65, 83, 44, 64), None
(38, 51, 61, 33, 13, 47, 75, 24, 61), None
(56, 63, 36, 52, 14, 80, 69, 25, 69), None
(75, 41, 21, 29, 41, 57, 82, 49, 66), None
(64, 61, 18, 35, 33, 56, 75, 32, 44), 16.0
(44, 57, 9, 46, 31, 79, 99, 39, 53), None
(41, 48, 27, 36, 47, 43, 72, 30, 65), 16.0
(51, 49, 41, 40, 20, 58, 81, 28, 51), None
(70, 59, 27, 38, 35, 43, 81, 38, 57), None
(64, 50, 31, 52, 24, 50, 95, 25, 53), None
(65, 32, 19, 34, 28, 45, 87, 44, 84), 17.0
(64, 39, 18, 15, 31, 73, 83, 25, 60), 14.0
(66, 67, 5, 26, 23, 81, 74, 41, 49), None
(90, 71, 29, 11, 47, 54, 82, 13, 87), 15.0
(83, 32, 27, 42, 8, 67, 82, 28, 80), 16.0
(90, 52, 24, 36, 34, 73, 64, 35, 58), 19.0
(53, 62, 16, 39, 22, 71, 72, 20, 50), 16.0
(70, 59, 41, 32, 22, 58, 82, 38, 33), 15.0
(54, 68, 28, 19, 58, 69, 79, 23, 67), 12.0
(77, 69, 28, 30, 28, 36, 42, 42, 61), None
(84, 43, 24, 23, 29, 43, 67, 65, 49), None
(62, 50, 13, 23, 33, 62, 88, 52, 47), None
(45, 80, 33, 38, 20, 44, 64, 44, 51), None
(63, 60, 18, 37, 11, 68, 75, 32, 63), None
(74, 20, 5, 24, 44, 67, 92, 24, 46), None
(82, 64, 19, 13, 27, 59, 80, 12, 71), 16.0
(75, 67, 33, 8, 36, 41, 86, 31, 78), 16.0
(74, 54, 27, 32, 24, 76, 99, 29, 69), None
(83, 63, 20, 43, 37, 44, 99, 12, 54), None
(44, 79, 31, 0, 44, 47, 58, 39, 84), None
(30, 58, 54, 22, 43, 10, 74, 34, 76), 15.0
(70, 33, 25, 24, 33, 62, 79, 32, 29), None
(53, 54, 26, 13, 29, 35, 55, 28, 45), 19.0
(62, 96, 34, 23, 47, 47, 61, 43, 64), None
(73, 64, 40, 18, 49, 69, 82, 12, 29), 19.0
(93, 78, 30, 11, 33, 60, 64, 16, 77), 17.0
(63, 68, 34, 9, 21, 71, 71, 2, 47), None
(68, 70, 34, 28, 73, 70, 80, 10, 79), None
(60, 57, 18, 22, 53, 70, 64, 25, 86), 19.0
(76, 67, 45, 27, 45, 81, 63, 33, 55), None
(91, 69, 31, 22, 55, 56, 67, 52, 52), None
(50, 91, 59, 34, 43, 33, 77, 51, 55), 14.0
(50, 44, 29, 9, 59, 64, 71, 20, 65), 16.0
(38, 66, 22, 26, 50, 66, 59, 42, 64), None
(47, 72, 51, 13, 41, 51, 86, 45, 78), None
(44, 26, 55, 34, 79, 62, 75, 25, 30), 16.0
(67, 64, 66, 6, 48, 59, 96, 34, 82), None
(77, 73, 50, 22, 31, 41, 73, 49, 87), None
(56, 49, 47, 4, 57, 60, 73, 26, 53), None
(79, 64, 19, 13, 55, 36, 84, 21, 75), 17.0
(46, 81, 40, 45, 46, 41, 92, 21, 57), None
(69, 53, 36, 32, 16, 60, 95, 54, 65), 16.0
(41, 57, 43, 9, 20, 67, 96, 22, 78), None
(64, 82, 30, 51, 55, 48, 80, 22, 54), 17.0
(53, 59, 53, 17, 26, 32, 78, 7, 64), None
(80, 66, 40, 32, 41, 55, 78, 62, 85), 16.0
(35, 57, 31, 22, 39, 70, 72, 35, 53), None
(47, 76, 42, 29, 90, 79, 71, 59, 68), 18.0
(48, 95, 44, 43, 39, 74, 61, 65, 41), 16.0
(49, 70, 65, 11, 56, 73, 79, 40, 56), None
(44, 84, 18, 21, 55, 54, 92, 30, 51), 17.0
(66, 59, 43, 20, 54, 54, 85, 73, 45), None
(58, 75, 68, 39, 81, 25, 84, 25, 74), None
(39, 65, 44, 43, 67, 54, 84, 15, 50), 16.0
(72, 66, 42, 17, 52, 53, 55, 45, 56), 16.0
(52, 50, 23, 6, 39, 66, 98, 14, 57), None
(39, 76, 66, 28, 88, 54, 80, 49, 67), 16.0
(81, 72, 44, 41, 62, 38, 75, 56, 39), 15.0
(52, 65, 51, 31, 29, 38, 95, 26, 60), 16.0
(48, 63, 53, 30, 50, 38, 90, 43, 70), 17.0
(61, 57, 35, 7, 91, 33, 71, 32, 54), None
(21, 69, 57, 18, 40, 50, 47, 44, 46), 17.0
(58, 68, 57, 50, 56, 45, 77, 48, 31), 18.0
(59, 76, 45, 33, 52, 27, 69, 43, 66), 17.0
(50, 76, 50, 56, 46, 27, 87, 41, 36), None
(65, 85, 67, 39, 64, 40, 68, 76, 45), 16.0
(75, 75, 51, 26, 62, 52, 56, 50, 39), None
(60, 88, 50, 38, 30, 59, 63, 47, 18), 15.0
(66, 65, 58, 33, 45, 43, 79, 39, 43), None
(58, 77, 43, 57, 34, 57, 80, 22, 32), None
(62, 59, 43, 35, 58, 51, 62, 42, 69), None
(44, 75, 37, 40, 55, 40, 61, 40, 28), None
(75, 73, 60, 52, 45, 45, 57, 85, 35), None
(52, 73, 32, 20, 51, 46, 66, 35, 68), 19.0
(44, 33, 57, 50, 74, 48, 74, 40, 60), None
(68, 87, 40, 67, 50, 54, 70, 82, 41), 17.0
(57, 73, 69, 34, 41, 71, 87, 53, 41), None
(82, 55, 41, 23, 47, 83, 58, 38, 54), 18.0
(37, 86, 50, 30, 65, 58, 74, 78, 39), 17.0
(65, 89, 49, 28, 22, 59, 80, 72, 57), 16.0
(66, 88, 40, 37, 68, 53, 87, 51, 47), 16.0
(51, 65, 48, 39, 35, 54, 81, 67, 38), 15.0
(43, 90, 66, 55, 54, 53, 63, 80, 28), 17.0
(66, 95, 66, 46, 25, 39, 75, 81, 28), None
(42, 85, 58, 48, 55, 43, 79, 70, 33), 16.0
(46, 84, 49, 15, 60, 54, 57, 60, 25), None
(78, 65, 56, 27, 48, 53, 64, 59, 36), 18.0
(75, 85, 37, 50, 51, 65, 62, 67, 1), 16.0
(73, 77, 36, 48, 49, 75, 84, 63, 1), 17.0
(59, 78, 54, 28, 16, 51, 79, 45, 25), 18.0
(50, 83, 69, 38, 33, 44, 66, 50, 53), None
(76, 81, 27, 38, 26, 58, 81, 57, 30), None
(69, 68, 52, 33, 69, 67, 79, 24, 31), None
(59, 87, 51, 45, 27, 49, 60, 66, 37), 19.0
(47, 44, 48, 32, 57, 57, 59, 44, 28), None
(52, 86, 44, 42, 54, 37, 81, 39, 35), 17.0
(59, 82, 35, 26, 40, 43, 74, 68, 34), 18.0
(34, 49, 59, 59, 53, 54, 76, 49, 24), None
(43, 79, 59, 32, 57, 30, 72, 90, 5), None
(40, 24, 57, 53, 60, 60, 56, 56, 52), None
(37, 93, 68, 53, 55, 52, 55, 81, 3), None
(35, 74, 72, 46, 88, 53, 89, 56, 43), 16.0
(73, 86, 30, 53, 45, 54, 83, 82, 26), 12.0
(74, 75, 72, 50, 31, 44, 60, 91, 25), 17.0
(46, 97, 56, 45, 28, 61, 54, 51, 39), None
(96, 63, 55, 55, 46, 51, 60, 62, 42), None
(62, 78, 28, 28, 17, 57, 92, 39, 56), None
(33, 93, 42, 37, 42, 65, 59, 66, 24), None
(50, 94, 55, 32, 75, 77, 69, 77, 39), None
(15, 74, 46, 57, 43, 38, 66, 55, 48), 16.0
(52, 75, 33, 42, 53, 61, 98, 76, 38), None
(50, 72, 39, 30, 35, 48, 75, 72, 29), None
(30, 66, 44, 52, 62, 54, 82, 58, 33), 17.0
(68, 81, 44, 36, 51, 45, 45, 75, 15), None
(62, 31, 37, 38, 19, 41, 85, 66, 29), 18.0
(71, 98, 67, 31, 50, 71, 87, 48, 23), None
(32, 71, 66, 40, 65, 57, 84, 71, 31), None
(37, 75, 12, 50, 54, 58, 46, 56, 11), 16.0
(55, 68, 36, 32, 60, 52, 82, 33, 22), 17.0
(57, 79, 73, 25, 64, 46, 59, 67, 61), 17.0
(72, 67, 51, 58, 25, 32, 74, 71, 29), 16.0
(66, 92, 39, 54, 76, 75, 88, 96, 10), None
(77, 69, 27, 71, 74, 53, 86, 66, 28), 16.0
(59, 98, 27, 59, 40, 22, 53, 66, 37), None
(35, 62, 44, 50, 23, 67, 61, 54, 8), 18.0
(66, 70, 39, 28, 60, 71, 77, 46, 41), 14.0
(30, 77, 52, 52, 81, 44, 55, 68, 26), None
(45, 81, 46, 37, 68, 38, 80, 56, 53), 16.0
(46, 71, 36, 61, 60, 79, 51, 37, 30), 16.0
(44, 82, 35, 59, 64, 41, 63, 71, 25), 16.0
(50, 79, 32, 46, 54, 63, 74, 81, 40), 15.0
(66, 82, 11, 58, 54, 69, 97, 38, 26), None
(41, 83, 31, 40, 61, 65, 80, 45, 16), 17.0
(53, 69, 74, 56, 60, 30, 69, 75, 42), None
(37, 78, 15, 42, 63, 58, 90, 55, 35), 17.0
(38, 76, 50, 67, 62, 52, 88, 76, 7), None
(41, 84, 53, 45, 53, 52, 93, 73, 51), None
(53, 75, 27, 65, 83, 50, 59, 72, 19), 15.0
(51, 55, 36, 49, 79, 75, 71, 73, 36), None
(68, 80, 21, 26, 76, 86, 73, 60, 39), 16.0
(63, 82, 50, 58, 47, 61, 78, 70, 39), 15.0
(47, 72, 35, 50, 76, 72, 67, 66, 28), None
(53, 49, 30, 39, 64, 97, 70, 47, 47), None
(60, 70, 45, 48, 54, 51, 95, 41, 56), 18.0
(60, 97, 28, 32, 71, 74, 85, 91, 51), None
(78, 70, 28, 52, 63, 47, 96, 44, 45), None
(34, 87, 56, 35, 68, 56, 71, 58, 32), None
(78, 99, 33, 54, 76, 54, 83, 82, 27), None
(71, 87, 20, 36, 59, 55, 82, 47, 44), 17.0
(70, 80, 31, 29, 48, 67, 80, 38, 56), None
(65, 69, 34, 45, 67, 54, 75, 71, 17), 18.0
(62, 75, 53, 50, 73, 52, 72, 61, 38), 16.0
(64, 88, 40, 48, 68, 60, 84, 90, 25), 14.0
(57, 56, 49, 45, 76, 58, 70, 31, 22), 16.0
(31, 85, 28, 57, 66, 72, 72, 54, 33), None
(80, 88, 30, 50, 62, 61, 83, 81, 32), None
(39, 55, 35, 49, 64, 69, 88, 48, 53), 17.0
(76, 85, 23, 43, 52, 72, 72, 37, 61), None
(49, 69, 30, 40, 53, 53, 56, 48, 48), None
(66, 81, 28, 41, 64, 70, 69, 64, 23), None
(43, 82, 47, 64, 64, 45, 71, 55, 43), None
(53, 66, 37, 37, 76, 71, 82, 48, 40), None
(51, 87, 55, 41, 56, 46, 72, 67, 43), 16.0
(71, 83, 70, 47, 69, 57, 74, 81, 49), 15.0
(73, 74, 37, 41, 56, 76, 83, 58, 42), 14.0
(68, 65, 11, 40, 52, 80, 72, 70, 32), None
(45, 87, 37, 55, 61, 77, 82, 59, 33), 14.0
(81, 83, 29, 56, 55, 55, 88, 59, 55), None
(44, 90, 12, 43, 42, 59, 64, 61, 27), 17.0
(48, 93, 44, 51, 79, 49, 82, 52, 14), 16.0
(81, 85, 29, 32, 63, 65, 79, 59, 18), 17.0
(49, 56, 41, 43, 75, 75, 74, 90, 31), None
(62, 92, 45, 38, 82, 64, 95, 60, 23), 16.0
(62, 69, 62, 60, 80, 53, 76, 81, 44), None
(79, 95, 70, 48, 48, 70, 95, 92, 42), None
(62, 85, 50, 32, 88, 42, 55, 85, 17), None
(82, 68, 13, 23, 68, 50, 77, 53, 43), None
(40, 90, 33, 42, 79, 62, 74, 73, 53), 15.0
(61, 89, 57, 53, 90, 39, 84, 82, 34), 15.0
(60, 83, 50, 50, 66, 67, 88, 89, 48), None
(57, 87, 48, 49, 59, 50, 84, 82, 45), 16.0
(65, 67, 40, 52, 70, 57, 86, 60, 28), 16.0
(42, 85, 52, 54, 48, 42, 81, 71, 28), None
(69, 74, 22, 63, 62, 68, 89, 58, 41), 14.0
(61, 76, 24, 50, 70, 74, 83, 71, 38), 17.0
(69, 86, 30, 48, 49, 78, 81, 52, 41), 17.0
(65, 88, 16, 40, 57, 73, 91, 67, 51), 18.0
(77, 79, 57, 65, 61, 52, 78, 61, 42), None
(66, 82, 26, 58, 73, 76, 51, 50, 37), 15.0
(52, 48, 45, 60, 75, 76, 91, 59, 32), 16.0
(46, 80, 46, 40, 76, 58, 87, 67, 52), None
(65, 66, 61, 41, 53, 53, 95, 80, 39), None
(85, 72, 53, 49, 46, 64, 94, 34, 63), 16.0
(66, 74, 30, 63, 66, 56, 75, 60, 37), None
(60, 83, 29, 49, 69, 54, 73, 61, 54), None
(54, 78, 39, 41, 34, 75, 87, 46, 65), 19.0
(69, 91, 13, 54, 40, 59, 78, 66, 52), 15.0
(72, 85, 15, 70, 56, 87, 69, 60, 35), 16.0
(70, 77, 12, 74, 65, 75, 91, 82, 33), 13.0
(61, 71, 46, 49, 55, 65, 71, 37, 48), None
(60, 84, 24, 84, 45, 56, 81, 58, 38), None
(48, 58, 37, 76, 65, 71, 82, 61, 13), 17.0
(76, 54, 24, 66, 91, 78, 83, 35, 55), 19.0
(67, 83, 38, 57, 58, 48, 71, 73, 33), 18.0
(68, 81, 31, 74, 66, 55, 75, 46, 52), 16.0
(76, 81, 42, 64, 47, 41, 90, 55, 42), None
(68, 64, 21, 56, 53, 58, 97, 54, 32), None
(80, 79, 31, 54, 54, 43, 73, 57, 52), None
(61, 55, 17, 51, 73, 73, 79, 50, 36), None
(68, 89, 11, 59, 92, 91, 70, 58, 45), 18.0
(64, 81, 4, 74, 58, 74, 70, 56, 46), None
(60, 70, 29, 45, 71, 88, 94, 58, 45), None
(53, 67, 10, 70, 72, 59, 73, 59, 21), None
(83, 82, 39, 77, 89, 85, 76, 60, 41), 12.0
(42, 86, 34, 72, 85, 60, 79, 57, 29), 19.0
(72, 84, 30, 62, 61, 56, 90, 56, 30), None
(51, 79, 49, 67, 59, 57, 81, 68, 56), 16.0
(86, 77, 11, 69, 75, 80, 62, 83, 40), 16.0
(83, 76, 39, 93, 92, 74, 68, 48, 57), None
(80, 79, 28, 83, 51, 73, 47, 53, 25), 15.0
(68, 66, 7, 54, 89, 83, 74, 59, 36), None
(76, 87, 19, 82, 78, 73, 98, 50, 39), None
(89, 98, 25, 83, 65, 57, 81, 71, 45), None
(74, 93, 41, 59, 72, 86, 65, 33, 56), 13.0
(79, 81, 33, 59, 60, 76, 83, 82, 33), None
(85, 76, 30, 73, 78, 76, 74, 44, 53), None
(72, 69, 45, 65, 71, 83, 94, 67, 29), 18.0
(94, 71, 30, 62, 62, 73, 83, 51, 33), None
(77, 85, 33, 91, 73, 73, 62, 75, 27), None
(61, 94, 39, 70, 68, 68, 80, 65, 38), None
(55, 69, 25, 76, 97, 78, 56, 57, 36), None
(89, 77, 21, 50, 65, 81, 94, 28, 48), 16.0
(79, 98, 23, 58, 62, 75, 78, 65, 36), None
(56, 97, 49, 85, 82, 87, 48, 86, 21), None
(80, 68, 34, 57, 61, 73, 88, 52, 40), 14.0
(82, 92, 42, 91, 77, 96, 95, 78, 29), None
(61, 95, 35, 45, 84, 93, 87, 65, 48), 17.0
(83, 74, 23, 64, 86, 58, 68, 82, 25), 17.0
(76, 60, 25, 82, 51, 93, 72, 68, 38), 16.0
(76, 73, 5, 97, 79, 81, 86, 76, 32), None
(95, 64, 28, 91, 74, 91, 93, 67, 50), None
(96, 82, 24, 48, 58, 52, 90, 51, 47), None
(58, 87, 32, 73, 77, 61, 93, 89, 53), 16.0
(88, 95, 19, 55, 77, 94, 77, 61, 45), None
(69, 70, 28, 61, 69, 65, 79, 57, 32), None
(77, 57, 36, 89, 87, 70, 54, 29, 61), 18.0
(60, 76, 36, 69, 47, 81, 51, 50, 46), 14.0
(88, 76, 38, 56, 77, 79, 51, 39, 39), None
(46, 71, 77, 31, 67, 74, 68, 55, 31), None
(53, 48, 8, 47, 62, 74, 73, 47, 27), None
(90, 95, 34, 67, 78, 49, 66, 64, 40), 15.0
(59, 71, 67, 67, 72, 72, 73, 46, 53), None
(82, 86, 27, 58, 90, 89, 55, 19, 38), 16.0
(65, 90, 48, 47, 70, 96, 67, 29, 57), None
(92, 58, 20, 80, 49, 61, 82, 33, 36), 16.0
(71, 86, 71, 66, 76, 79, 71, 58, 42), None
(91, 89, 21, 54, 62, 76, 60, 33, 38), 15.0
(81, 98, 43, 44, 75, 77, 68, 30, 46), None
(72, 77, 6, 64, 82, 82, 87, 40, 39), None
(98, 68, 27, 40, 46, 75, 80, 50, 50), None
(78, 60, 17, 67, 44, 90, 81, 70, 31), 17.0
(59, 93, 40, 60, 80, 84, 65, 31, 25), 16.0
(80, 53, 38, 76, 76, 78, 54, 52, 47), None
(85, 80, 49, 72, 73, 86, 59, 54, 50), 15.0
(95, 87, 32, 82, 70, 91, 72, 49, 42), 17.0
(66, 58, 29, 78, 54, 96, 45, 41, 49), None
(63, 74, 25, 41, 42, 88, 87, 60, 53), 14.0
(86, 78, 50, 62, 58, 79, 73, 48, 58), None
(69, 86, 24, 68, 65, 81, 70, 86, 40), None
(76, 79, 37, 48, 63, 60, 69, 61, 64), 16.0
(88, 87, 26, 55, 51, 65, 66, 57, 64), 16.0
(79, 84, 51, 69, 98, 67, 50, 56, 42), None
(63, 63, 27, 52, 76, 77, 72, 65, 29), None
(75, 84, 45, 68, 75, 60, 61, 67, 43), None
(73, 75, 30, 50, 31, 97, 57, 32, 52), None
(88, 86, 20, 62, 55, 60, 85, 46, 52), 16.0
(74, 82, 34, 76, 53, 59, 69, 66, 40), 16.0
(67, 82, 22, 54, 62, 68, 42, 45, 52), 18.0
(62, 45, 34, 58, 53, 37, 48, 23, 63), 14.0
(71, 91, 45, 76, 64, 73, 41, 56, 35), 15.0
(79, 65, 25, 56, 30, 53, 51, 45, 52), 17.0
(84, 90, 28, 78, 74, 78, 44, 56, 39), None
(66, 84, 24, 63, 46, 54, 66, 35, 51), None
(87, 76, 41, 64, 49, 58, 59, 16, 54), 17.0
(42, 72, 25, 31, 34, 58, 62, 42, 63), None
(52, 84, 43, 55, 28, 68, 57, 40, 64), 18.0
(53, 90, 55, 50, 54, 79, 49, 74, 45), 16.0
(67, 46, 23, 74, 46, 67, 65, 35, 66), None
(67, 79, 49, 55, 44, 82, 39, 54, 43), 18.0
(46, 65, 45, 47, 50, 66, 77, 47, 47), None
(45, 64, 31, 49, 57, 73, 45, 53, 40), None
(42, 55, 34, 39, 58, 65, 58, 33, 56), None
(53, 78, 36, 71, 55, 72, 65, 67, 50), 16.0
(56, 63, 40, 47, 34, 61, 81, 19, 83), 19.0
(97, 81, 25, 66, 75, 61, 51, 56, 59), None
(70, 87, 46, 53, 64, 66, 75, 56, 55), 15.0
(51, 66, 19, 43, 43, 48, 70, 31, 69), None
(74, 50, 32, 37, 29, 76, 83, 57, 58), 16.0
(62, 84, 46, 60, 42, 68, 70, 49, 55), 16.0
(89, 60, 32, 43, 26, 67, 73, 60, 71), None
(60, 94, 53, 64, 62, 79, 65, 48, 45), 16.0
(59, 59, 40, 45, 50, 46, 51, 38, 53), None
(70, 86, 43, 85, 40, 66, 67, 41, 45), 14.0
(63, 84, 29, 69, 53, 67, 52, 38, 39), 16.0
(73, 90, 28, 59, 34, 64, 78, 54, 73), None
(72, 73, 38, 70, 60, 79, 45, 59, 41), 20.0
(66, 90, 38, 66, 56, 69, 82, 55, 53), None
(84, 88, 46, 67, 45, 76, 64, 54, 48), 17.0
(73, 85, 32, 69, 58, 70, 54, 46, 44), 17.0
(72, 88, 48, 78, 90, 80, 56, 53, 40), 16.0
(55, 81, 38, 62, 56, 76, 77, 35, 53), 16.0
(55, 65, 45, 69, 41, 77, 78, 48, 35), 16.0
(85, 89, 50, 81, 49, 76, 77, 71, 51), 16.0
(52, 83, 56, 86, 61, 76, 62, 55, 54), 15.0
(58, 91, 49, 73, 45, 61, 53, 52, 50), 14.0
(61, 88, 37, 62, 41, 78, 38, 39, 39), None
(54, 81, 50, 92, 57, 61, 62, 58, 55), 13.0
(48, 94, 49, 79, 47, 48, 54, 37, 63), None
(59, 77, 57, 86, 61, 53, 69, 72, 39), 18.0
(52, 81, 50, 52, 45, 49, 62, 32, 59), None
(59, 85, 36, 94, 35, 71, 37, 39, 48), 17.0
(70, 56, 41, 67, 43, 58, 43, 39, 57), None
(76, 87, 53, 79, 64, 56, 68, 66, 43), 16.0
(62, 83, 46, 85, 63, 71, 63, 57, 66), None
(64, 80, 40, 74, 57, 67, 44, 33, 60), 17.0
(69, 91, 46, 74, 48, 80, 56, 57, 48), None
(58, 84, 44, 68, 44, 65, 53, 55, 42), None
(69, 96, 42, 88, 79, 75, 53, 61, 47), None
(53, 82, 42, 63, 36, 97, 63, 46, 74), None
(53, 95, 66, 76, 71, 76, 58, 33, 67), None
(57, 82, 44, 63, 40, 57, 56, 31, 58), None
(52, 71, 41, 89, 85, 78, 58, 30, 35), 19.0
(62, 77, 43, 71, 40, 70, 52, 59, 49), 17.0
(56, 75, 62, 71, 52, 59, 38, 46, 35), 16.0
(44, 89, 48, 94, 48, 47, 48, 44, 56), None
(41, 85, 65, 89, 34, 67, 42, 44, 46), 18.0
(53, 87, 72, 75, 65, 75, 42, 45, 54), None
(59, 91, 37, 62, 49, 78, 59, 53, 33), None
(66, 95, 41, 70, 51, 80, 55, 64, 57), 16.0
(62, 73, 49, 78, 63, 93, 87, 37, 66), 17.0
(52, 94, 55, 85, 64, 62, 57, 72, 52), None
(51, 83, 64, 96, 64, 64, 51, 73, 39), None
(76, 90, 63, 81, 49, 52, 45, 47, 66), 17.0
(41, 82, 69, 86, 62, 46, 45, 53, 41), None
(73, 73, 55, 54, 61, 62, 69, 45, 56), None
(45, 92, 73, 90, 62, 55, 49, 55, 54), None
(70, 71, 33, 92, 57, 58, 44, 49, 53), 19.0
(53, 90, 71, 80, 60, 63, 53, 75, 43), None
(49, 73, 58, 83, 64, 45, 64, 55, 43), None
(58, 86, 54, 87, 57, 55, 52, 53, 51), 14.0
(50, 89, 56, 82, 57, 36, 40, 41, 42), 15.0
(41, 64, 64, 88, 57, 55, 39, 75, 36), None
(57, 68, 54, 90, 59, 83, 50, 52, 45), 14.0
(79, 68, 34, 64, 68, 65, 64, 52, 45), None
(61, 72, 50, 83, 74, 71, 60, 66, 54), None
(52, 77, 57, 97, 38, 60, 62, 51, 69), None
(39, 65, 53, 95, 56, 53, 48, 62, 40), None
(75, 87, 40, 75, 56, 63, 78, 56, 44), None
(49, 58, 69, 65, 61, 68, 66, 63, 46), 18.0
(43, 64, 42, 79, 50, 59, 73, 37, 64), None
(61, 77, 58, 87, 53, 54, 68, 54, 47), None
(72, 74, 49, 72, 38, 69, 47, 43, 84), None
(57, 86, 38, 70, 52, 56, 50, 49, 37), 18.0
(44, 84, 34, 85, 58, 56, 50, 54, 25), 15.0
(77, 78, 57, 69, 61, 66, 61, 56, 49), None
(65, 74, 52, 85, 58, 70, 54, 57, 53), 14.0
(66, 83, 57, 88, 62, 79, 52, 55, 51), 17.0
(36, 70, 75, 99, 63, 67, 32, 47, 53), None
(63, 82, 61, 59, 49, 48, 67, 72, 63), None
(52, 85, 74, 77, 54, 46, 47, 57, 58), 20.0
(59, 62, 58, 94, 49, 45, 60, 46, 39), 14.0
(51, 89, 62, 79, 58, 62, 49, 46, 51), None
(62, 80, 56, 88, 51, 56, 59, 39, 56), None
(72, 80, 45, 83, 59, 59, 56, 50, 57), None
(59, 64, 54, 69, 44, 75, 71, 60, 37), 18.0
(52, 78, 64, 98, 84, 77, 33, 40, 63), None
(69, 70, 62, 65, 49, 72, 58, 33, 68), 17.0
(40, 71, 58, 89, 71, 48, 55, 45, 55), None
(37, 64, 55, 90, 48, 81, 55, 58, 56), None
(67, 74, 35, 80, 76, 54, 37, 42, 38), 17.0
(61, 77, 59, 68, 53, 69, 49, 34, 65), 18.0
(65, 68, 53, 98, 60, 60, 62, 69, 53), None
(76, 85, 47, 65, 65, 48, 46, 40, 41), None
(55, 64, 49, 65, 34, 52, 56, 39, 46), 15.0
(55, 73, 50, 87, 47, 77, 45, 54, 44), 19.0
(52, 75, 45, 92, 59, 54, 51, 47, 56), 19.0
(55, 49, 49, 83, 34, 40, 48, 32, 57), None
(58, 73, 57, 89, 49, 36, 67, 49, 35), None
(53, 59, 55, 88, 53, 65, 50, 50, 41), None
(51, 58, 51, 70, 44, 51, 62, 50, 46), None
