Sampler:TPESampler
(72, 76, 55, 62, 9, 36, 89, 58, 68), 15.0
(37, 89, 29, 66, 50, 72, 48, 62, 4), None
(79, 82, 10, 33, 52, 15, 76, 90, 19), 14.0
(82, 1, 85, 25, 55, 62, 98, 56, 49), None
(80, 1, 1, 25, 19, 24, 63, 76, 7), None
(7, 10, 31, 6, 65, 39, 36, 76, 26), None
(35, 88, 66, 90, 57, 49, 74, 50, 61), 18.0
(85, 21, 15, 44, 19, 92, 8, 67, 15), None
(72, 97, 19, 97, 56, 68, 68, 40, 68), None
(88, 4, 51, 80, 32, 59, 2, 69, 6), None
(35, 55, 83, 99, 91, 3, 32, 12, 98), None
(58, 68, 58, 69, 2, 37, 96, 35, 68), None
(54, 73, 69, 79, 78, 42, 82, 25, 62), 17.0
(18, 59, 70, 85, 80, 51, 82, 12, 46), 17.0
(52, 45, 97, 84, 74, 82, 59, 28, 85), None
(33, 34, 69, 52, 98, 47, 77, 22, 35), None
(61, 99, 72, 77, 39, 31, 51, 1, 60), None
(10, 61, 42, 92, 79, 54, 72, 46, 46), None
(20, 39, 83, 56, 66, 79, 87, 1, 36), 17.0
(22, 40, 92, 55, 66, 91, 90, 51, 36), 17.0
(26, 26, 97, 39, 37, 95, 54, 96, 78), None
(0, 51, 79, 86, 87, 78, 85, 9, 41), 16.0
(43, 40, 89, 59, 64, 89, 91, 49, 32), None
(22, 33, 62, 51, 71, 99, 90, 38, 35), None
(15, 19, 90, 0, 62, 82, 99, 51, 55), None
(97, 69, 43, 73, 44, 46, 68, 29, 56), None
(52, 86, 75, 91, 84, 24, 78, 23, 78), None
(28, 57, 64, 88, 99, 55, 37, 44, 45), None
(45, 63, 46, 71, 73, 68, 82, 15, 23), 16.0
(0, 44, 93, 61, 59, 88, 91, 57, 39), 18.0
(0, 42, 99, 62, 44, 90, 92, 57, 29), None
(10, 31, 91, 59, 61, 76, 89, 55, 39), 15.0
(27, 45, 80, 55, 68, 84, 86, 65, 53), 16.0
(17, 39, 92, 45, 57, 71, 72, 79, 19), 17.0
(6, 50, 90, 44, 50, 71, 72, 85, 15), None
(16, 27, 93, 33, 57, 62, 62, 73, 19), None
(39, 79, 78, 27, 46, 97, 42, 60, 12), None
(4, 51, 82, 45, 53, 75, 73, 82, 22), None
(13, 18, 87, 18, 27, 66, 68, 99, 28), None
(24, 37, 28, 65, 59, 87, 25, 62, 0), 19.0
(31, 35, 24, 65, 58, 85, 25, 82, 2), 18.0
(34, 36, 31, 64, 58, 88, 26, 80, 0), 17.0
(31, 11, 29, 66, 59, 85, 21, 88, 1), 17.0
(43, 8, 20, 66, 53, 84, 21, 90, 1), 14.0
(37, 25, 35, 73, 50, 87, 25, 72, 9), None
(60, 93, 21, 81, 70, 42, 14, 64, 63), 13.0
(27, 45, 8, 47, 39, 94, 11, 75, 6), None
(21, 86, 24, 94, 77, 32, 5, 69, 47), None
(66, 54, 55, 76, 92, 16, 33, 41, 78), 17.0
(68, 75, 50, 69, 17, 1, 45, 33, 75), None
(49, 65, 37, 77, 31, 6, 35, 44, 83), None
(66, 54, 58, 40, 94, 10, 30, 79, 97), None
(56, 75, 7, 61, 64, 43, 94, 53, 64), None
(22, 37, 15, 54, 55, 91, 81, 59, 12), 17.0
(10, 32, 14, 51, 82, 58, 81, 60, 10), None
(39, 36, 25, 64, 58, 73, 28, 80, 5), None
(30, 15, 1, 68, 47, 80, 17, 89, 3), None
(19, 45, 68, 99, 74, 52, 55, 69, 51), None
(18, 28, 74, 85, 68, 50, 77, 48, 42), 17.0
(78, 22, 56, 75, 54, 20, 39, 42, 72), 19.0
(76, 25, 15, 58, 54, 21, 40, 62, 71), 17.0
(79, 15, 65, 81, 61, 22, 38, 55, 70), 15.0
(31, 4, 27, 74, 60, 94, 21, 90, 13), None
(83, 29, 53, 88, 87, 16, 34, 40, 87), None
(74, 21, 15, 56, 54, 26, 48, 64, 71), 15.0
(24, 24, 14, 56, 48, 20, 44, 52, 59), None
(90, 22, 59, 60, 65, 30, 42, 47, 58), 15.0
(13, 42, 94, 49, 42, 99, 96, 94, 17), None
(36, 48, 96, 70, 66, 79, 84, 16, 37), None
(32, 9, 32, 65, 59, 88, 25, 85, 2), None
(45, 37, 39, 52, 51, 92, 28, 36, 9), 18.0
(48, 41, 37, 53, 62, 93, 96, 33, 30), None
(42, 37, 86, 48, 50, 82, 87, 1, 8), 15.0
(54, 95, 43, 63, 43, 38, 27, 36, 64), None
(90, 34, 23, 58, 52, 12, 39, 43, 74), 16.0
(46, 30, 32, 80, 77, 87, 30, 18, 5), None
(24, 57, 47, 95, 46, 91, 79, 29, 11), 17.0
(3, 47, 47, 95, 46, 96, 66, 25, 15), None
(39, 15, 29, 58, 56, 85, 20, 56, 3), None
(16, 39, 99, 43, 69, 70, 58, 36, 22), None
(25, 43, 41, 39, 64, 65, 17, 50, 32), 17.0
(35, 28, 73, 84, 52, 34, 78, 47, 42), 17.0
(34, 34, 41, 39, 58, 65, 24, 84, 0), None
(29, 36, 60, 91, 56, 89, 75, 72, 7), None
(22, 39, 93, 67, 61, 76, 12, 44, 24), 15.0
(40, 51, 88, 62, 73, 82, 31, 75, 20), 17.0
(33, 18, 35, 72, 56, 85, 23, 78, 0), 16.0
(13, 32, 85, 53, 66, 90, 89, 58, 33), 12.0
(25, 47, 18, 29, 63, 97, 15, 50, 39), None
(40, 51, 91, 62, 73, 78, 30, 54, 16), 15.0
(63, 69, 56, 76, 85, 29, 83, 41, 79), 17.0
(59, 68, 53, 76, 94, 26, 35, 41, 82), 18.0
(61, 71, 55, 78, 94, 27, 28, 39, 88), 14.0
(29, 79, 29, 64, 59, 86, 20, 87, 5), None
(96, 88, 76, 69, 67, 93, 93, 3, 92), None
(52, 66, 50, 93, 40, 92, 36, 27, 67), 17.0
(70, 62, 52, 75, 0, 18, 33, 32, 81), 14.0
(43, 67, 39, 89, 34, 45, 48, 94, 67), None
(31, 4, 27, 66, 49, 81, 23, 68, 9), None
(18, 58, 47, 83, 51, 59, 79, 46, 51), None
(87, 56, 10, 51, 45, 24, 40, 62, 74), 19.0
(64, 80, 66, 45, 97, 28, 51, 41, 79), None
(37, 43, 71, 71, 52, 24, 27, 49, 43), None
(76, 25, 11, 51, 54, 34, 40, 66, 73), 16.0
(81, 37, 23, 67, 58, 74, 18, 82, 2), 16.0
(86, 0, 35, 47, 48, 12, 36, 61, 4), None
(93, 55, 45, 56, 70, 78, 32, 8, 32), None
(27, 35, 19, 42, 13, 84, 26, 78, 0), 13.0
(85, 84, 62, 61, 60, 88, 29, 81, 61), None
(69, 53, 54, 9, 90, 16, 43, 51, 83), 17.0
(55, 60, 5, 72, 24, 5, 46, 43, 87), None
(57, 30, 63, 37, 91, 33, 66, 46, 76), 14.0
(37, 39, 30, 59, 45, 91, 74, 32, 11), 15.0
(77, 44, 96, 54, 55, 26, 86, 62, 71), None
(72, 64, 33, 75, 57, 18, 34, 37, 4), None
(45, 49, 26, 97, 42, 97, 31, 76, 7), None
(8, 7, 38, 69, 87, 40, 70, 88, 91), None
(21, 41, 16, 51, 54, 21, 39, 59, 56), None
(20, 38, 11, 58, 49, 24, 41, 64, 25), 14.0
(79, 26, 60, 11, 80, 14, 44, 52, 81), 15.0
(59, 53, 53, 82, 63, 49, 42, 48, 48), None
(16, 32, 79, 50, 94, 56, 91, 57, 13), 17.0
(33, 22, 57, 86, 61, 9, 22, 42, 76), None
(24, 31, 82, 96, 46, 57, 98, 56, 14), None
(26, 27, 48, 85, 51, 52, 77, 29, 44), 16.0
(24, 57, 45, 33, 53, 88, 71, 71, 39), None
(41, 52, 88, 64, 97, 95, 38, 54, 84), None
(69, 47, 49, 21, 64, 83, 35, 39, 21), None
(83, 91, 4, 4, 90, 36, 82, 45, 81), None
(35, 42, 42, 90, 37, 19, 9, 35, 17), None
(29, 99, 41, 37, 57, 62, 18, 21, 41), None
(51, 12, 34, 93, 42, 92, 81, 87, 68), 17.0
(50, 11, 34, 92, 44, 90, 80, 93, 66), 18.0
(99, 33, 73, 86, 55, 22, 79, 99, 66), None
(47, 45, 21, 55, 71, 90, 32, 50, 27), 17.0
(51, 19, 68, 92, 47, 24, 75, 62, 73), 18.0
(46, 17, 66, 89, 40, 90, 84, 48, 35), 17.0
(49, 13, 69, 88, 38, 31, 75, 48, 37), 16.0
(44, 46, 44, 99, 44, 69, 73, 75, 19), None
(53, 22, 9, 46, 49, 22, 36, 62, 72), None
(74, 20, 68, 79, 47, 55, 88, 66, 69), 18.0
(63, 71, 67, 77, 85, 28, 88, 58, 69), None
(66, 11, 29, 79, 47, 30, 24, 93, 74), 14.0
(50, 55, 51, 94, 40, 62, 37, 26, 64), 16.0
(88, 21, 75, 92, 44, 49, 76, 66, 66), None
(74, 20, 71, 66, 52, 86, 26, 63, 71), None
(39, 28, 76, 83, 50, 40, 70, 71, 46), 18.0
(52, 14, 61, 81, 35, 94, 28, 96, 2), None
(76, 24, 77, 91, 47, 24, 68, 70, 46), None
(54, 7, 25, 87, 6, 44, 39, 91, 69), None
(57, 17, 64, 83, 50, 20, 95, 66, 62), 14.0
(38, 28, 69, 62, 51, 41, 79, 68, 6), None
(47, 35, 22, 73, 60, 16, 33, 73, 0), None
(71, 19, 50, 70, 42, 14, 46, 63, 78), 16.0
(42, 16, 31, 79, 57, 87, 32, 61, 76), 16.0
(40, 29, 74, 84, 53, 47, 70, 77, 51), 17.0
(35, 40, 89, 53, 55, 33, 81, 75, 73), 19.0
(40, 60, 58, 96, 45, 47, 85, 76, 53), None
(35, 11, 34, 68, 59, 85, 82, 87, 68), None
(32, 41, 36, 65, 55, 26, 20, 84, 73), 18.0
(31, 43, 38, 76, 49, 26, 14, 38, 74), None
(3, 66, 84, 93, 56, 29, 89, 83, 79), None
(44, 50, 89, 60, 47, 25, 83, 71, 73), 16.0
(63, 41, 56, 49, 82, 37, 16, 67, 81), 16.0
(38, 39, 92, 74, 54, 34, 87, 84, 76), 17.0
(33, 76, 28, 65, 62, 31, 22, 80, 72), 16.0
(37, 37, 97, 74, 54, 35, 20, 84, 77), None
(31, 17, 79, 50, 51, 56, 91, 56, 65), None
(49, 40, 94, 52, 43, 92, 64, 74, 69), 17.0
(73, 23, 53, 0, 40, 99, 43, 60, 60), None
(35, 36, 32, 53, 58, 23, 61, 73, 70), 17.0
(50, 41, 95, 55, 95, 17, 76, 41, 74), None
(34, 26, 31, 57, 59, 22, 51, 69, 70), 16.0
(51, 71, 58, 93, 41, 27, 80, 86, 68), 16.0
(52, 13, 35, 91, 36, 92, 25, 90, 66), 17.0
(82, 34, 13, 60, 56, 51, 72, 64, 85), 14.0
(15, 33, 90, 43, 99, 54, 93, 59, 10), None
(46, 24, 66, 63, 48, 82, 85, 79, 72), 18.0
(28, 19, 70, 91, 29, 89, 25, 92, 49), 16.0
(47, 43, 65, 78, 49, 72, 85, 78, 72), None
(42, 5, 73, 82, 52, 80, 77, 80, 62), None
(0, 45, 80, 48, 93, 83, 30, 54, 17), 19.0
(0, 38, 18, 53, 54, 33, 88, 61, 72), 15.0
(0, 49, 81, 88, 96, 20, 29, 54, 70), None
(6, 20, 38, 90, 92, 94, 80, 58, 66), None
(3, 45, 27, 63, 45, 84, 27, 81, 3), None
(32, 24, 36, 67, 47, 87, 20, 30, 0), 19.0
(32, 24, 37, 67, 35, 88, 24, 97, 57), None
(55, 23, 67, 64, 48, 82, 18, 35, 3), None
(36, 31, 34, 71, 44, 87, 30, 82, 0), 14.0
(44, 64, 47, 97, 45, 90, 35, 30, 8), None
(49, 46, 30, 63, 46, 86, 28, 52, 2), None
(46, 44, 36, 61, 50, 90, 32, 50, 75), None
(41, 26, 72, 47, 48, 81, 78, 31, 46), 17.0
(26, 42, 39, 95, 42, 60, 80, 23, 5), None
(38, 30, 77, 52, 52, 23, 64, 74, 69), None
(29, 40, 86, 48, 55, 92, 74, 78, 0), 19.0
(30, 40, 92, 67, 55, 39, 86, 79, 0), 14.0
(92, 21, 87, 49, 56, 83, 90, 77, 34), 13.0
(33, 37, 85, 62, 61, 77, 74, 76, 5), None
(29, 14, 40, 48, 25, 91, 22, 91, 65), None
(34, 36, 33, 65, 58, 88, 75, 72, 71), 16.0
(24, 68, 83, 81, 50, 29, 83, 44, 40), None
(59, 23, 63, 79, 47, 25, 84, 83, 74), 17.0
(28, 44, 41, 69, 46, 94, 13, 27, 29), 12.0
(22, 32, 79, 50, 53, 45, 71, 57, 13), 19.0
(66, 40, 94, 50, 92, 42, 69, 74, 77), 16.0
(20, 34, 89, 41, 53, 45, 71, 55, 15), 15.0
(17, 28, 80, 46, 51, 47, 73, 57, 11), 18.0
(36, 28, 80, 46, 51, 44, 54, 65, 11), 15.0
(31, 26, 82, 44, 49, 50, 72, 57, 13), 16.0
(30, 29, 76, 48, 55, 48, 20, 85, 2), None
(79, 28, 79, 58, 54, 46, 66, 62, 54), None
(23, 32, 85, 51, 48, 85, 74, 60, 19), None
(26, 39, 87, 45, 44, 93, 73, 55, 7), None
(22, 48, 24, 54, 51, 89, 76, 33, 27), 19.0
(88, 49, 83, 54, 51, 83, 78, 33, 18), None
(2, 9, 24, 56, 52, 97, 76, 34, 9), None
(18, 47, 68, 34, 57, 67, 18, 51, 31), None
(5, 25, 78, 75, 53, 88, 73, 37, 78), None
(8, 55, 54, 48, 49, 53, 34, 53, 75), None
(76, 77, 5, 57, 55, 28, 82, 58, 73), None
(22, 83, 17, 54, 53, 86, 40, 64, 37), 16.0
(40, 31, 74, 50, 51, 47, 75, 79, 21), 14.0
(18, 35, 80, 52, 93, 90, 92, 57, 12), 16.0
(11, 27, 71, 84, 46, 42, 0, 28, 42), None
(28, 24, 77, 46, 47, 92, 78, 30, 15), 16.0
(33, 37, 75, 64, 60, 38, 77, 39, 2), 16.0
(25, 42, 36, 66, 56, 87, 23, 53, 25), None
(21, 29, 69, 85, 53, 48, 70, 77, 50), 17.0
(22, 38, 20, 52, 58, 46, 71, 60, 10), 15.0
(31, 20, 27, 77, 90, 51, 69, 81, 0), 17.0
(32, 95, 22, 68, 56, 85, 74, 59, 13), 17.0
(37, 38, 91, 73, 50, 89, 88, 84, 3), None
(27, 43, 31, 54, 64, 19, 56, 51, 83), 17.0
(38, 41, 96, 49, 54, 43, 66, 76, 72), None
(59, 22, 62, 79, 74, 25, 85, 82, 74), None
(71, 51, 51, 10, 89, 96, 36, 24, 67), None
(51, 52, 55, 66, 38, 13, 38, 31, 5), None
(45, 35, 31, 52, 58, 22, 59, 73, 69), 16.0
(35, 33, 33, 60, 43, 23, 63, 70, 71), None
(14, 62, 49, 87, 49, 26, 30, 43, 17), None
(34, 12, 34, 51, 62, 91, 25, 88, 0), None
(35, 35, 29, 64, 59, 80, 26, 75, 2), None
(32, 36, 25, 63, 60, 82, 20, 78, 1), 17.0
(48, 10, 35, 90, 58, 87, 23, 88, 44), 17.0
(85, 40, 93, 76, 55, 40, 81, 56, 77), None
(54, 24, 66, 80, 47, 25, 25, 78, 74), None
(34, 22, 64, 92, 48, 21, 28, 67, 63), 15.0
(46, 16, 66, 91, 34, 89, 27, 94, 0), 15.0
(27, 18, 27, 71, 31, 92, 22, 90, 4), None
(39, 44, 87, 46, 51, 82, 77, 32, 21), 17.0
(68, 48, 54, 14, 97, 85, 36, 26, 87), None
(2, 50, 0, 61, 42, 84, 31, 36, 81), 15.0
(65, 58, 20, 55, 85, 28, 32, 39, 27), 15.0
(61, 87, 98, 53, 44, 18, 20, 72, 70), None
(11, 32, 79, 48, 95, 54, 91, 81, 8), 18.0
(12, 19, 81, 89, 94, 31, 84, 41, 84), None
(19, 30, 68, 48, 53, 50, 70, 80, 5), None
(22, 32, 80, 94, 52, 47, 95, 63, 9), 16.0
(48, 17, 8, 59, 38, 54, 90, 48, 35), None
(29, 46, 85, 68, 81, 89, 31, 55, 7), None
(30, 21, 26, 76, 95, 52, 72, 83, 0), 15.0
(42, 90, 72, 43, 98, 28, 79, 45, 45), None
(43, 81, 70, 48, 48, 30, 86, 46, 47), None
(68, 27, 56, 47, 95, 16, 41, 31, 80), 15.0
(16, 25, 57, 50, 89, 79, 45, 35, 11), 17.0
(0, 27, 76, 28, 50, 23, 75, 52, 72), 13.0
(95, 44, 87, 45, 51, 95, 81, 61, 15), None
(61, 54, 58, 78, 46, 26, 92, 82, 79), 17.0
(79, 42, 39, 37, 56, 60, 17, 65, 68), 19.0
(77, 46, 38, 56, 45, 49, 92, 66, 67), 16.0
(81, 42, 78, 36, 56, 59, 16, 49, 39), 16.0
(74, 38, 90, 31, 54, 55, 15, 63, 76), 16.0
(78, 40, 60, 51, 93, 92, 68, 69, 69), None
(8, 41, 44, 49, 57, 57, 88, 66, 73), None
(20, 31, 11, 84, 53, 48, 72, 58, 10), 14.0
(84, 34, 29, 62, 59, 87, 21, 85, 3), None
(24, 45, 16, 55, 78, 64, 75, 60, 13), 17.0
(18, 73, 82, 53, 49, 52, 77, 68, 70), 17.0
(57, 23, 65, 17, 48, 20, 84, 64, 75), 16.0
(48, 37, 36, 51, 57, 93, 59, 74, 68), 16.0
(32, 39, 22, 69, 55, 86, 74, 59, 7), None
(4, 36, 39, 39, 57, 88, 23, 62, 48), None
(27, 43, 33, 71, 61, 17, 18, 55, 82), 13.0
(41, 28, 73, 43, 51, 54, 90, 34, 48), 17.0
(80, 33, 83, 49, 95, 61, 94, 57, 14), 17.0
(51, 39, 37, 57, 22, 92, 25, 62, 12), 16.0
(86, 33, 81, 49, 45, 63, 39, 56, 94), 17.0
(35, 31, 75, 65, 53, 36, 79, 79, 41), None
(21, 29, 67, 80, 52, 45, 70, 78, 71), 19.0
(20, 25, 68, 82, 50, 44, 73, 38, 73), None
(16, 30, 78, 81, 68, 50, 77, 78, 71), None
(23, 47, 52, 74, 92, 45, 34, 81, 72), 15.0
(25, 29, 41, 77, 99, 44, 67, 77, 77), None
(38, 45, 84, 45, 50, 81, 76, 34, 64), None
(88, 25, 64, 50, 89, 83, 44, 36, 8), 16.0
(75, 26, 7, 59, 55, 42, 11, 65, 70), None
(19, 22, 60, 47, 52, 40, 48, 80, 11), 14.0
(10, 41, 92, 41, 42, 90, 70, 75, 68), None
(6, 74, 79, 79, 54, 27, 98, 41, 74), None
(22, 29, 69, 85, 52, 48, 68, 97, 52), None
(91, 29, 70, 83, 47, 47, 73, 78, 61), None
(25, 85, 42, 66, 63, 53, 17, 52, 67), 18.0
(25, 89, 41, 66, 60, 56, 18, 54, 66), None
(29, 88, 42, 64, 57, 51, 19, 54, 67), 16.0
(2, 91, 37, 22, 56, 54, 14, 52, 65), 16.0
(23, 94, 38, 66, 63, 52, 17, 60, 69), 18.0
(24, 85, 40, 67, 64, 54, 16, 60, 71), 14.0
(22, 94, 43, 62, 62, 46, 16, 59, 69), None
(23, 32, 37, 69, 50, 52, 13, 62, 6), None
(26, 78, 3, 67, 63, 57, 29, 57, 59), None
(20, 99, 39, 73, 59, 51, 71, 65, 64), None
(82, 93, 39, 64, 65, 58, 20, 50, 67), 17.0
(26, 92, 67, 65, 55, 54, 17, 58, 71), 16.0
(17, 35, 35, 70, 47, 88, 86, 70, 73), None
(28, 97, 43, 62, 53, 84, 21, 29, 23), None
(31, 84, 76, 66, 61, 52, 18, 53, 4), None
(33, 20, 24, 53, 49, 49, 75, 64, 2), None
(13, 48, 62, 97, 52, 33, 89, 68, 55), None
(1, 43, 81, 87, 45, 89, 82, 81, 8), None
(22, 97, 46, 80, 47, 50, 71, 61, 69), None
(46, 37, 66, 60, 55, 42, 27, 75, 75), None
(30, 41, 78, 47, 51, 85, 80, 72, 72), None
(25, 86, 36, 64, 59, 38, 22, 55, 62), 14.0
(21, 27, 85, 67, 57, 24, 87, 59, 65), 17.0
(24, 34, 89, 52, 54, 86, 15, 79, 67), 16.0
(78, 24, 38, 72, 13, 74, 73, 85, 69), 14.0
(19, 5, 82, 45, 49, 56, 92, 63, 2), None
(23, 96, 40, 26, 44, 45, 11, 61, 16), None
(99, 20, 72, 54, 48, 49, 90, 56, 71), None
(27, 39, 34, 61, 52, 90, 24, 67, 76), 16.0
(53, 31, 80, 58, 50, 87, 19, 65, 73), 16.0
(36, 42, 63, 68, 58, 53, 28, 83, 10), 18.0
(37, 1, 36, 68, 66, 46, 28, 82, 9), 18.0
(34, 43, 63, 70, 60, 45, 29, 81, 7), None
(36, 42, 13, 66, 58, 53, 27, 83, 4), None
(33, 45, 45, 70, 65, 46, 31, 83, 9), None
(36, 37, 48, 65, 67, 43, 28, 86, 10), 16.0
(50, 80, 67, 50, 76, 94, 76, 52, 68), None
(40, 3, 65, 72, 56, 48, 25, 84, 13), None
(31, 2, 61, 69, 58, 21, 29, 82, 6), None
(37, 6, 33, 68, 59, 91, 33, 80, 0), None
(45, 1, 37, 75, 62, 84, 17, 79, 75), None
(38, 47, 35, 93, 63, 51, 69, 57, 17), 20.0
(39, 48, 31, 94, 97, 49, 69, 77, 11), None
(38, 50, 25, 49, 62, 47, 68, 32, 15), 18.0
(29, 47, 28, 82, 63, 51, 68, 57, 18), 14.0
(80, 51, 41, 48, 63, 55, 65, 30, 2), 18.0
(83, 52, 43, 56, 46, 0, 66, 27, 20), 17.0
(78, 56, 35, 77, 54, 26, 70, 29, 2), 15.0
(38, 51, 41, 48, 65, 41, 69, 34, 99), None
(33, 39, 32, 92, 56, 60, 26, 49, 12), 16.0
(0, 46, 36, 63, 71, 24, 97, 58, 15), None
(94, 43, 39, 66, 62, 53, 30, 84, 9), 19.0
(97, 49, 24, 50, 63, 58, 34, 32, 18), None
(86, 45, 42, 90, 67, 52, 74, 53, 4), None
(94, 34, 38, 99, 61, 35, 20, 55, 30), None
(96, 44, 38, 64, 53, 96, 5, 76, 7), None
(93, 47, 35, 68, 65, 53, 29, 86, 70), 18.0
(90, 46, 74, 52, 51, 19, 30, 84, 78), 17.0
(94, 44, 38, 43, 61, 50, 38, 94, 25), None
(36, 41, 90, 67, 60, 48, 27, 88, 90), None
(92, 47, 22, 95, 69, 53, 31, 32, 14), 18.0
(89, 23, 34, 73, 68, 22, 31, 86, 16), 17.0
(91, 49, 21, 94, 69, 89, 36, 60, 13), 16.0
(42, 39, 40, 62, 66, 27, 23, 81, 95), 17.0
(92, 50, 28, 48, 63, 56, 65, 30, 13), 17.0
(20, 42, 19, 46, 61, 55, 94, 37, 10), 19.0
(17, 26, 19, 42, 43, 30, 99, 37, 73), None
(37, 41, 24, 68, 62, 54, 95, 82, 10), 16.0
(21, 36, 77, 44, 54, 56, 13, 37, 5), None
(80, 42, 64, 52, 61, 94, 67, 33, 15), 16.0
(19, 31, 82, 88, 49, 77, 72, 39, 8), 14.0
(55, 28, 84, 36, 46, 38, 94, 73, 72), 18.0
(52, 40, 39, 30, 44, 32, 41, 43, 72), 15.0
(44, 27, 30, 35, 56, 38, 98, 73, 23), None
(81, 43, 36, 70, 64, 55, 17, 27, 0), 19.0
(26, 70, 33, 71, 60, 57, 15, 36, 4), None
(35, 43, 85, 31, 58, 43, 27, 25, 0), None
(24, 39, 36, 66, 65, 51, 52, 21, 1), 18.0
(23, 39, 51, 71, 64, 52, 53, 38, 0), 13.0
(30, 42, 37, 70, 58, 54, 21, 35, 10), 17.0
(14, 82, 87, 35, 60, 59, 96, 28, 7), None
(87, 45, 17, 40, 55, 55, 71, 86, 3), None
(83, 48, 35, 45, 64, 46, 65, 30, 15), 16.0
(20, 38, 27, 69, 67, 47, 68, 17, 11), 14.0
(5, 43, 25, 67, 62, 50, 61, 24, 1), None
(81, 51, 23, 46, 67, 58, 29, 32, 12), 16.0
(21, 44, 32, 50, 62, 87, 76, 59, 17), 20.0
(21, 43, 32, 65, 60, 87, 17, 79, 17), None
(92, 47, 22, 51, 65, 48, 72, 32, 16), 19.0
(24, 90, 31, 51, 65, 51, 74, 20, 19), None
(98, 46, 33, 54, 66, 51, 72, 12, 17), None
(79, 53, 25, 39, 63, 54, 47, 26, 20), 15.0
(84, 8, 29, 50, 64, 68, 63, 31, 16), 15.0
(95, 50, 25, 48, 62, 56, 70, 28, 18), 19.0
(95, 49, 20, 51, 63, 56, 28, 28, 21), None
(93, 47, 26, 47, 62, 60, 67, 30, 16), None
(96, 52, 26, 48, 62, 55, 72, 26, 18), None
(17, 33, 22, 38, 40, 37, 70, 72, 19), 18.0
(32, 45, 23, 50, 58, 49, 76, 28, 14), 17.0
(97, 44, 54, 47, 70, 58, 72, 27, 2), None
(89, 49, 21, 54, 65, 10, 69, 76, 18), 19.0
(92, 48, 18, 52, 60, 8, 16, 62, 21), 15.0
(90, 50, 21, 49, 66, 5, 68, 33, 18), None
(88, 52, 24, 53, 64, 11, 51, 34, 2), 13.0
(93, 49, 20, 49, 69, 8, 66, 33, 14), None
(94, 49, 21, 54, 72, 62, 69, 30, 14), 16.0
(92, 46, 22, 54, 68, 53, 33, 41, 17), 18.0
(85, 51, 26, 44, 61, 57, 70, 28, 19), 18.0
(87, 15, 19, 80, 48, 91, 75, 68, 24), 13.0
(94, 47, 23, 56, 65, 56, 35, 30, 0), None
(90, 41, 23, 96, 58, 86, 24, 35, 17), None
(89, 42, 19, 99, 56, 98, 25, 32, 12), None
(90, 45, 14, 56, 59, 88, 31, 36, 14), None
(92, 41, 29, 52, 57, 2, 23, 24, 21), 17.0
(73, 45, 27, 75, 61, 55, 18, 70, 4), None
(95, 47, 42, 51, 64, 54, 26, 88, 5), None
(77, 48, 25, 55, 67, 59, 78, 32, 16), 15.0
(91, 54, 22, 50, 62, 57, 83, 33, 15), 16.0
(82, 50, 30, 46, 66, 44, 67, 29, 18), 16.0
(76, 44, 34, 59, 64, 82, 73, 61, 3), None
(79, 21, 40, 47, 63, 13, 9, 59, 0), 15.0
(28, 0, 44, 53, 61, 90, 71, 76, 5), None
(97, 18, 31, 77, 66, 15, 56, 64, 70), None
(21, 36, 39, 48, 65, 50, 69, 21, 2), None
(88, 43, 71, 72, 42, 10, 79, 96, 22), None
(39, 43, 10, 81, 61, 41, 70, 64, 20), 13.0
(95, 39, 34, 68, 66, 47, 21, 14, 0), 16.0
(15, 35, 17, 41, 52, 92, 73, 57, 13), 15.0
(17, 46, 21, 39, 69, 53, 70, 26, 19), 16.0
(81, 59, 28, 50, 60, 46, 67, 39, 9), 17.0
(84, 40, 36, 52, 54, 83, 77, 77, 9), None
(24, 37, 15, 78, 59, 51, 39, 46, 2), 18.0
(22, 52, 24, 50, 63, 52, 68, 23, 16), None
(11, 30, 79, 38, 51, 40, 71, 74, 19), 15.0
(93, 47, 85, 66, 69, 52, 30, 60, 0), 16.0
(26, 38, 36, 56, 66, 5, 49, 75, 6), None
(19, 57, 20, 54, 68, 85, 36, 42, 17), 21.0
(19, 62, 16, 57, 67, 85, 38, 42, 17), 16.0
(92, 56, 19, 53, 69, 48, 33, 37, 15), 16.0
(41, 56, 20, 55, 72, 85, 37, 34, 12), 15.0
(8, 60, 31, 45, 65, 87, 40, 21, 8), None
(18, 34, 18, 42, 36, 71, 11, 54, 23), None
(98, 48, 22, 54, 83, 84, 43, 31, 17), None
(96, 59, 88, 59, 71, 35, 32, 77, 14), None
(22, 40, 76, 75, 93, 79, 41, 43, 89), 16.0
(90, 57, 24, 36, 75, 86, 35, 5, 0), None
(94, 54, 27, 36, 70, 53, 32, 14, 20), 15.0
(26, 38, 36, 70, 64, 56, 14, 80, 3), None
(36, 54, 26, 49, 62, 46, 63, 28, 13), 16.0
(13, 44, 29, 68, 57, 61, 26, 84, 8), 14.0
(9, 42, 2, 69, 58, 58, 29, 85, 10), None
(24, 50, 12, 51, 60, 50, 74, 46, 28), None
(20, 46, 17, 78, 59, 43, 75, 44, 17), None
(25, 49, 15, 52, 61, 49, 40, 45, 18), None
(85, 53, 22, 33, 39, 36, 35, 41, 22), None
(20, 16, 14, 46, 45, 55, 96, 66, 75), None
(19, 33, 8, 44, 56, 88, 94, 46, 3), None
(15, 36, 87, 33, 4, 33, 94, 47, 5), None
(23, 41, 39, 54, 79, 94, 43, 59, 76), 15.0
(22, 37, 15, 58, 63, 90, 15, 50, 16), None
(16, 44, 82, 47, 53, 49, 72, 51, 58), 17.0
(28, 43, 37, 82, 55, 55, 19, 71, 69), None
(30, 39, 33, 49, 55, 66, 21, 80, 7), None
(34, 58, 25, 52, 65, 7, 69, 20, 11), None
(37, 45, 52, 72, 57, 89, 29, 40, 13), 16.0
(23, 89, 10, 65, 63, 51, 38, 49, 1), 17.0
(18, 30, 82, 46, 53, 45, 73, 56, 11), 17.0
(20, 42, 58, 73, 51, 45, 74, 59, 11), 14.0
(17, 27, 83, 37, 41, 37, 78, 74, 20), None
(88, 46, 20, 55, 59, 81, 34, 44, 15), 17.0
(86, 48, 23, 44, 68, 32, 34, 40, 19), 18.0
(18, 24, 34, 47, 43, 3, 80, 57, 20), None
(29, 37, 17, 61, 59, 83, 83, 99, 2), None
(82, 48, 32, 44, 65, 48, 72, 22, 22), None
(92, 45, 21, 54, 67, 80, 76, 78, 18), 18.0
(16, 25, 20, 38, 48, 39, 71, 72, 73), 15.0
(20, 30, 84, 40, 39, 41, 76, 72, 26), 16.0
(53, 68, 86, 32, 68, 29, 38, 37, 92), None
(90, 50, 18, 24, 61, 49, 41, 32, 15), 20.0
(86, 51, 18, 56, 70, 57, 36, 28, 17), 16.0
(89, 51, 22, 51, 61, 59, 70, 26, 19), None
(79, 55, 15, 14, 60, 93, 42, 35, 3), None
(89, 62, 28, 20, 88, 87, 40, 91, 14), 16.0
(85, 50, 26, 27, 62, 58, 38, 29, 17), 15.0
(91, 46, 22, 54, 63, 53, 16, 55, 16), None
(99, 53, 45, 23, 62, 49, 63, 29, 15), None
(87, 47, 23, 8, 68, 53, 32, 31, 18), 18.0
(35, 65, 18, 3, 57, 86, 23, 62, 12), None
(78, 53, 19, 50, 60, 50, 66, 31, 0), None
(22, 19, 16, 51, 59, 12, 43, 61, 21), 15.0
(15, 32, 20, 48, 46, 84, 79, 75, 15), None
(82, 50, 91, 49, 54, 76, 66, 33, 13), 19.0
(81, 43, 92, 47, 55, 74, 75, 32, 9), 16.0
(90, 41, 95, 23, 54, 89, 45, 35, 13), 15.0
(32, 35, 12, 49, 57, 76, 41, 47, 2), 14.0
(27, 49, 90, 34, 52, 35, 69, 75, 19), 17.0
(83, 40, 93, 52, 56, 88, 39, 34, 3), None
Sampler:BoTorchSampler
(90, 10, 2, 47, 74, 98, 5, 48, 43), None
(37, 19, 27, 26, 45, 58, 9, 33, 40), 16.0
(24, 56, 90, 69, 29, 28, 67, 50, 73), 20.0
(75, 40, 15, 38, 2, 78, 46, 14, 64), 17.0
(73, 23, 49, 56, 37, 10, 9, 5, 75), None
(11, 10, 64, 23, 78, 53, 36, 58, 48), 19.0
(60, 72, 16, 11, 46, 27, 47, 6, 83), None
(52, 43, 46, 42, 72, 55, 42, 99, 63), None
(81, 90, 33, 69, 81, 87, 21, 82, 97), None
(16, 59, 22, 7, 98, 71, 4, 90, 97), None
(89, 19, 2, 94, 99, 29, 9, 17, 55), None
(67, 64, 45, 76, 5, 35, 84, 20, 59), None
(16, 4, 34, 85, 26, 55, 77, 30, 95), None
(24, 18, 40, 20, 68, 64, 87, 24, 4), None
(66, 21, 73, 52, 40, 81, 19, 0, 54), 16.0
(2, 49, 1, 83, 61, 75, 90, 74, 32), 16.0
(94, 28, 7, 7, 97, 6, 12, 16, 91), None
(84, 17, 90, 15, 3, 87, 48, 30, 91), None
(52, 92, 57, 65, 79, 12, 31, 98, 35), None
(44, 13, 51, 54, 32, 81, 66, 98, 5), None
(64, 38, 95, 38, 35, 37, 65, 72, 44), None
(1, 52, 6, 58, 25, 70, 92, 67, 94), None
(7, 23, 68, 3, 55, 94, 96, 39, 72), None
(61, 36, 83, 84, 54, 44, 10, 16, 58), 14.0
(46, 87, 94, 66, 18, 98, 92, 64, 45), None
(85, 48, 7, 44, 88, 81, 69, 68, 19), None
(36, 74, 96, 38, 52, 59, 51, 97, 98), None
(13, 4, 50, 46, 17, 38, 81, 22, 16), None
(21, 82, 70, 78, 23, 17, 36, 21, 86), None
(86, 62, 45, 81, 61, 62, 76, 52, 3), None
(2, 13, 17, 44, 81, 0, 87, 73, 16), 18.0
(46, 48, 97, 85, 97, 31, 47, 22, 97), None
(97, 32, 63, 93, 53, 26, 77, 52, 32), None
(52, 71, 75, 19, 89, 23, 78, 8, 57), 14.0
(85, 74, 61, 31, 73, 23, 41, 61, 92), None
(64, 0, 67, 93, 58, 24, 9, 14, 14), None
(61, 71, 62, 89, 41, 63, 48, 8, 96), None
(56, 54, 71, 30, 64, 57, 1, 59, 8), 14.0
(14, 47, 87, 63, 31, 30, 69, 59, 72), 16.0
(34, 69, 95, 78, 22, 24, 69, 41, 76), None
(34, 69, 95, 78, 22, 24, 68, 42, 76), 14.0
(4, 8, 52, 29, 78, 38, 53, 65, 43), None
(4, 8, 53, 29, 78, 39, 53, 64, 43), None
(4, 8, 51, 30, 78, 36, 55, 65, 41), None
(4, 8, 52, 29, 78, 38, 53, 64, 43), None
(4, 8, 51, 30, 78, 37, 54, 65, 42), None
(4, 8, 52, 29, 78, 37, 54, 65, 42), None
(4, 8, 53, 29, 78, 38, 53, 64, 43), None
(4, 8, 52, 29, 78, 38, 54, 65, 42), None
(4, 8, 51, 30, 78, 36, 55, 65, 42), None
(4, 8, 52, 30, 78, 37, 54, 65, 42), None
(3, 8, 48, 31, 79, 33, 58, 66, 40), None
(3, 8, 50, 30, 78, 35, 56, 65, 41), None
(3, 8, 48, 31, 79, 32, 58, 66, 39), None
(3, 8, 50, 30, 79, 35, 56, 65, 41), None
(4, 8, 52, 29, 78, 38, 54, 65, 43), None
(4, 8, 50, 30, 78, 36, 55, 65, 41), None
(3, 8, 49, 31, 79, 33, 57, 66, 40), None
(3, 8, 50, 31, 79, 34, 56, 65, 40), None
(3, 8, 49, 31, 79, 34, 56, 65, 40), None
(3, 8, 49, 31, 79, 34, 57, 66, 40), None
(3, 8, 50, 30, 78, 35, 55, 65, 41), None
Sampler:CmaEsSampler
(21, 92, 71, 23, 86, 44, 89, 84, 2), 15.0
(92, 76, 67, 51, 49, 34, 76, 33, 26), None
(19, 47, 52, 66, 64, 38, 33, 74, 71), 18.0
(41, 17, 87, 42, 63, 47, 46, 47, 75), None
(47, 56, 59, 46, 36, 58, 61, 39, 40), 16.0
(58, 71, 65, 37, 39, 43, 27, 51, 36), 15.0
(52, 56, 80, 21, 71, 13, 57, 47, 17), 16.0
(58, 57, 40, 37, 45, 50, 37, 48, 64), None
(48, 52, 64, 23, 66, 78, 40, 32, 34), 19.0
(56, 3, 54, 29, 33, 39, 76, 29, 45), None
(67, 39, 65, 40, 48, 82, 33, 61, 59), 17.0
(54, 34, 52, 36, 58, 59, 36, 43, 38), None
(63, 53, 82, 41, 61, 68, 57, 51, 42), 15.0
(31, 61, 61, 42, 73, 54, 72, 50, 49), None
(50, 50, 51, 46, 42, 44, 31, 52, 87), None
(56, 21, 68, 41, 60, 58, 21, 43, 20), None
(40, 30, 49, 33, 58, 42, 39, 84, 71), 13.0
(10, 65, 82, 58, 51, 45, 68, 63, 17), 14.0
(49, 31, 47, 49, 40, 73, 43, 64, 37), None
(48, 41, 18, 36, 16, 47, 36, 57, 52), None
(75, 32, 41, 68, 42, 43, 54, 37, 37), None
(51, 50, 44, 64, 74, 58, 58, 93, 61), None
(13, 21, 60, 46, 48, 40, 22, 52, 30), None
(39, 21, 36, 71, 59, 54, 47, 47, 44), None
(47, 46, 36, 57, 65, 28, 45, 80, 28), None
(33, 13, 64, 64, 38, 58, 71, 43, 49), None
(39, 46, 82, 68, 62, 55, 38, 46, 65), None
(62, 52, 27, 62, 61, 41, 51, 34, 35), None
(32, 58, 14, 30, 58, 59, 65, 59, 47), None
(57, 41, 55, 18, 56, 46, 56, 61, 47), None
(41, 77, 57, 14, 65, 45, 20, 19, 74), 17.0
(69, 72, 66, 25, 36, 84, 42, 36, 17), None
(44, 25, 78, 35, 68, 30, 17, 32, 62), 16.0
(24, 29, 28, 28, 57, 86, 37, 47, 40), None
(45, 60, 32, 29, 97, 86, 51, 48, 58), None
(59, 28, 59, 39, 76, 58, 49, 69, 33), None
(38, 72, 46, 59, 50, 62, 20, 55, 66), 14.0
(41, 54, 50, 41, 48, 90, 35, 24, 54), None
(52, 33, 70, 40, 63, 59, 26, 53, 79), 17.0
(68, 24, 60, 20, 36, 76, 54, 45, 40), 17.0
(55, 79, 36, 46, 43, 86, 30, 68, 74), 16.0
(24, 47, 60, 38, 64, 85, 20, 52, 56), 19.0
(44, 40, 49, 19, 32, 59, 44, 29, 22), None
(25, 81, 44, 45, 68, 50, 44, 40, 66), None
(69, 84, 71, 29, 55, 75, 12, 24, 17), 16.0
(26, 54, 90, 55, 77, 63, 17, 26, 57), None
(35, 23, 55, 38, 53, 74, 58, 52, 28), 16.0
(21, 54, 51, 57, 50, 75, 6, 56, 38), None
(35, 20, 49, 33, 98, 72, 14, 34, 38), None
(55, 68, 45, 52, 86, 62, 29, 52, 33), None
(38, 91, 57, 21, 85, 84, 44, 32, 76), 19.0
(58, 15, 53, 29, 50, 81, 46, 36, 45), 14.0
(42, 47, 71, 5, 61, 89, 10, 51, 71), None
(24, 66, 59, 30, 65, 94, 8, 35, 68), 17.0
(40, 85, 67, 18, 66, 80, 23, 25, 63), 14.0
(33, 49, 71, 36, 99, 87, 21, 28, 64), None
(45, 59, 81, 34, 62, 97, 38, 47, 67), None
(22, 49, 89, 24, 69, 99, 8, 38, 45), None
(51, 57, 45, 38, 76, 95, 20, 53, 39), 18.0
(23, 61, 93, 56, 88, 61, 48, 53, 54), None
(31, 81, 65, 29, 84, 66, 56, 46, 38), 16.0
(17, 63, 58, 33, 58, 53, 42, 41, 65), None
(15, 51, 61, 33, 63, 77, 50, 41, 62), 15.0
(43, 34, 94, 36, 48, 95, 41, 57, 61), 18.0
(36, 46, 57, 17, 71, 74, 34, 43, 66), 18.0
(31, 36, 31, 34, 64, 93, 7, 47, 63), None
(19, 49, 44, 28, 81, 85, 52, 51, 95), 14.0
(11, 56, 59, 43, 62, 88, 31, 40, 62), None
(24, 60, 32, 22, 68, 88, 26, 65, 68), None
(12, 51, 62, 57, 90, 57, 34, 46, 64), None
(56, 71, 65, 40, 54, 70, 57, 52, 70), None
(38, 46, 61, 19, 40, 93, 47, 47, 75), None
(43, 47, 69, 44, 40, 58, 19, 51, 45), 19.0
(39, 36, 58, 42, 59, 81, 13, 64, 86), 17.0
(37, 29, 44, 67, 41, 67, 28, 31, 51), None
(43, 49, 77, 61, 51, 73, 58, 67, 69), 16.0
(36, 43, 70, 29, 44, 54, 37, 51, 23), 16.0
(32, 54, 54, 60, 81, 86, 38, 38, 45), None
(54, 88, 73, 51, 96, 98, 36, 35, 45), None
(62, 57, 67, 38, 54, 41, 68, 39, 40), 16.0
(29, 37, 33, 68, 74, 69, 22, 58, 18), 16.0
(29, 41, 56, 55, 45, 61, 32, 42, 29), None
(25, 53, 79, 27, 75, 83, 20, 43, 60), 14.0
(63, 63, 40, 29, 43, 80, 44, 56, 58), None
(43, 42, 71, 53, 61, 88, 21, 36, 45), 15.0
(27, 52, 67, 38, 72, 53, 26, 33, 54), 18.0
(38, 41, 65, 44, 54, 76, 36, 42, 45), 19.0
(67, 67, 62, 52, 59, 70, 38, 64, 56), None
(64, 32, 43, 50, 37, 51, 34, 30, 46), 17.0
(59, 33, 55, 54, 61, 56, 11, 68, 70), 17.0
(54, 38, 52, 52, 55, 66, 21, 48, 48), None
(41, 28, 56, 65, 50, 44, 52, 47, 49), 17.0
(41, 35, 72, 60, 49, 65, 44, 46, 60), None
(44, 21, 49, 59, 61, 39, 60, 43, 37), 18.0
(28, 39, 70, 33, 49, 55, 32, 44, 44), None
(29, 47, 82, 23, 53, 74, 4, 44, 58), None
(24, 29, 60, 29, 41, 80, 49, 43, 37), None
(57, 61, 65, 57, 40, 60, 35, 43, 43), None
(44, 32, 62, 42, 58, 49, 49, 27, 40), None
(43, 20, 76, 49, 93, 62, 21, 40, 48), 16.0
(42, 44, 53, 26, 74, 67, 32, 32, 37), None
(31, 41, 57, 41, 59, 68, 20, 37, 50), None
(41, 59, 64, 30, 55, 42, 40, 51, 56), 16.0
(57, 50, 60, 64, 53, 47, 4, 33, 48), None
(34, 52, 41, 39, 43, 53, 24, 41, 58), None
(35, 34, 64, 20, 68, 63, 9, 24, 63), None
(20, 40, 64, 48, 43, 69, 34, 29, 49), 18.0
(38, 60, 75, 32, 55, 59, 40, 52, 44), 16.0
(38, 43, 68, 46, 45, 37, 30, 26, 38), None
(27, 37, 59, 54, 76, 62, 47, 13, 60), 17.0
(52, 25, 44, 56, 60, 59, 25, 61, 41), None
(39, 31, 68, 31, 52, 47, 1, 38, 57), None
(29, 44, 54, 34, 26, 52, 22, 47, 21), 17.0
(38, 46, 79, 21, 43, 69, 15, 33, 31), 15.0
(36, 26, 65, 37, 68, 59, 14, 34, 73), 18.0
(55, 37, 82, 61, 54, 48, 45, 57, 32), 15.0
(55, 49, 53, 61, 74, 34, 30, 61, 45), None
(5, 23, 33, 54, 84, 67, 61, 43, 48), None
(43, 23, 43, 49, 35, 38, 38, 11, 25), None
(47, 32, 64, 57, 48, 62, 44, 53, 39), 15.0
(16, 33, 62, 30, 49, 49, 46, 24, 48), None
(11, 36, 55, 46, 33, 32, 42, 18, 31), 15.0
(34, 21, 54, 63, 54, 38, 81, 40, 50), None
(42, 35, 60, 59, 58, 48, 44, 44, 53), None
(33, 10, 66, 54, 59, 60, 44, 9, 35), 17.0
(37, 51, 44, 52, 66, 54, 41, 27, 52), None
(24, 26, 64, 61, 39, 39, 58, 36, 35), None
(25, 17, 54, 57, 69, 70, 30, 47, 29), 16.0
(36, 20, 55, 52, 80, 65, 46, 61, 49), 17.0
(37, 29, 59, 52, 49, 55, 44, 28, 50), 14.0
(28, 28, 59, 34, 71, 58, 23, 21, 49), None
(32, 20, 55, 58, 71, 58, 54, 50, 49), None
(34, 29, 55, 52, 47, 43, 48, 52, 37), None
(47, 20, 36, 28, 84, 60, 25, 24, 52), 17.0
(23, 33, 54, 41, 71, 49, 44, 59, 42), 16.0
(29, 21, 30, 48, 56, 50, 43, 45, 17), 16.0
(47, 42, 29, 38, 64, 66, 59, 32, 24), 16.0
(28, 18, 89, 42, 59, 79, 19, 31, 44), 16.0
(34, 10, 50, 46, 58, 48, 31, 26, 60), 18.0
(38, 20, 66, 39, 80, 57, 41, 22, 57), None
(54, 49, 35, 31, 69, 50, 48, 39, 47), 18.0
(55, 10, 63, 26, 70, 58, 35, 45, 33), 14.0
(39, 12, 51, 42, 84, 71, 53, 66, 35), 14.0
(7, 43, 66, 37, 69, 75, 22, 15, 49), None
(44, 7, 58, 47, 82, 80, 19, 35, 29), None
(22, 25, 56, 67, 79, 56, 22, 43, 25), None
(20, 18, 79, 56, 68, 52, 43, 48, 62), 16.0
(36, 44, 62, 50, 66, 61, 43, 48, 33), 18.0
(26, 22, 73, 39, 66, 57, 51, 46, 32), 16.0
(27, 15, 75, 60, 73, 54, 28, 23, 39), 15.0
(39, 20, 38, 42, 95, 43, 21, 43, 48), None
(48, 40, 65, 44, 39, 36, 23, 47, 47), None
(64, 22, 52, 47, 59, 26, 46, 46, 42), None
(40, 22, 38, 35, 47, 49, 33, 39, 56), 18.0
(49, 37, 30, 21, 50, 58, 47, 34, 42), 16.0
(32, 22, 71, 45, 37, 72, 39, 58, 39), None
(28, 11, 43, 39, 44, 38, 17, 61, 50), 15.0
(25, 13, 55, 44, 61, 41, 37, 37, 47), None
(49, 16, 31, 42, 65, 41, 51, 37, 44), 17.0
(33, 30, 38, 29, 74, 59, 44, 7, 61), None
(47, 47, 33, 40, 62, 36, 13, 55, 33), None
(43, 24, 39, 45, 71, 38, 36, 35, 52), 17.0
(51, 23, 35, 47, 51, 45, 57, 32, 26), None
(54, 52, 44, 52, 63, 35, 14, 55, 61), None
(59, 25, 43, 21, 57, 76, 39, 46, 50), 17.0
(35, 23, 45, 19, 72, 57, 23, 24, 50), None
(54, 45, 50, 55, 77, 69, 28, 27, 44), 18.0
(25, 30, 43, 48, 65, 52, 24, 20, 37), 17.0
(56, 33, 40, 46, 88, 65, 51, 28, 33), None
(47, 22, 32, 59, 73, 56, 49, 6, 44), None
(44, 26, 58, 37, 73, 57, 23, 15, 14), 15.0
(28, 37, 41, 54, 58, 63, 16, 47, 68), 19.0
(61, 60, 31, 53, 60, 63, 27, 74, 51), None
(30, 33, 28, 78, 62, 74, 36, 41, 88), 13.0
(29, 11, 32, 32, 63, 40, 28, 32, 69), None
(30, 33, 29, 35, 64, 78, 28, 39, 48), 18.0
(25, 19, 41, 46, 62, 66, 31, 51, 76), 20.0
(22, 46, 46, 41, 45, 66, 21, 53, 63), None
(39, 31, 38, 49, 53, 55, 33, 43, 52), 15.0
(49, 2, 56, 59, 60, 53, 32, 30, 32), None
(43, 31, 20, 48, 44, 71, 48, 36, 51), None
(45, 44, 34, 58, 51, 59, 32, 39, 52), 15.0
(45, 46, 34, 37, 67, 48, 40, 30, 49), 19.0
(33, 32, 46, 43, 85, 68, 9, 38, 67), 18.0
(26, 11, 33, 57, 52, 56, 46, 31, 59), 19.0
(47, 46, 54, 52, 66, 46, 21, 26, 56), None
(39, 31, 51, 52, 78, 53, 44, 32, 46), 17.0
(31, 21, 41, 40, 60, 64, 22, 36, 70), 13.0
(52, 18, 34, 33, 52, 55, 29, 41, 72), None
(33, 16, 22, 47, 69, 68, 40, 18, 65), 18.0
(45, 21, 32, 38, 53, 54, 33, 27, 49), 16.0
(12, 20, 45, 50, 48, 80, 30, 47, 46), 17.0
(33, 25, 45, 22, 68, 56, 39, 38, 69), 18.0
(23, 22, 23, 24, 69, 72, 23, 31, 61), None
(19, 36, 23, 28, 41, 77, 30, 53, 78), 15.0
(44, 79, 36, 48, 57, 71, 28, 44, 58), None
(61, 25, 22, 21, 52, 67, 26, 43, 65), 16.0
(19, 26, 53, 45, 76, 79, 38, 47, 61), 16.0
(38, 37, 34, 51, 60, 61, 11, 33, 61), None
(17, 12, 41, 59, 66, 51, 58, 41, 63), None
(35, 19, 43, 31, 64, 86, 16, 38, 66), 17.0
(9, 24, 24, 39, 69, 64, 40, 34, 80), None
(56, 22, 19, 63, 62, 30, 59, 47, 53), 16.0
(58, 24, 35, 38, 38, 51, 42, 29, 63), None
(28, 44, 25, 50, 70, 57, 49, 30, 71), 14.0
(54, 29, 34, 52, 56, 49, 27, 36, 62), 19.0
(8, 16, 30, 35, 59, 58, 48, 22, 50), 17.0
(42, 32, 39, 37, 68, 73, 32, 51, 73), None
(14, 11, 45, 47, 58, 64, 41, 20, 64), None
(29, 22, 30, 53, 73, 69, 13, 38, 55), 14.0
(14, 19, 58, 45, 78, 59, 45, 32, 71), None
(12, 9, 46, 48, 32, 70, 22, 40, 45), 17.0
(28, 21, 31, 62, 57, 54, 37, 32, 63), 19.0
(43, 21, 40, 47, 76, 68, 27, 37, 76), None
(22, 31, 29, 38, 50, 63, 37, 36, 61), 17.0
(29, 25, 40, 23, 71, 75, 22, 40, 81), None
(27, 23, 44, 47, 87, 70, 42, 23, 56), None
(40, 13, 41, 46, 59, 66, 45, 30, 53), 18.0
(28, 23, 16, 25, 75, 48, 27, 32, 64), 17.0
(25, 45, 19, 42, 55, 94, 14, 28, 61), 14.0
(33, 13, 43, 51, 53, 70, 44, 28, 57), 16.0
(21, 28, 24, 62, 56, 65, 45, 39, 52), 17.0
(57, 31, 18, 55, 49, 50, 14, 51, 76), 16.0
(37, 21, 36, 58, 41, 51, 36, 32, 77), None
(56, 15, 43, 75, 57, 43, 23, 31, 61), None
(32, 22, 33, 67, 37, 64, 42, 39, 55), 16.0
(32, 30, 49, 57, 61, 58, 27, 30, 57), None
(39, 36, 46, 62, 56, 43, 43, 47, 65), None
(45, 6, 35, 46, 41, 56, 22, 40, 68), None
(18, 27, 33, 32, 78, 76, 43, 15, 61), 18.0
(48, 23, 22, 43, 60, 45, 39, 31, 55), 16.0
(31, 33, 34, 54, 47, 62, 27, 39, 64), 18.0
(51, 24, 45, 70, 47, 47, 45, 34, 72), None
(39, 26, 45, 43, 56, 54, 43, 48, 52), None
(43, 16, 29, 52, 36, 52, 49, 27, 62), None
(40, 15, 28, 59, 67, 54, 44, 49, 48), 16.0
(41, 11, 59, 48, 65, 56, 13, 26, 62), 15.0
(43, 29, 57, 38, 53, 89, 32, 39, 53), None
(43, 46, 23, 50, 60, 40, 22, 51, 60), None
(45, 9, 35, 41, 66, 56, 41, 22, 52), None
(49, 16, 39, 49, 63, 41, 20, 26, 66), None
(23, 18, 30, 60, 63, 55, 36, 18, 66), None
(45, 25, 15, 52, 50, 36, 26, 34, 55), 15.0
(31, 29, 33, 51, 69, 59, 27, 17, 35), 17.0
(26, 34, 32, 44, 66, 85, 29, 40, 56), 17.0
(48, 34, 40, 55, 85, 61, 16, 26, 71), 15.0
(23, 31, 34, 61, 49, 58, 37, 45, 42), 18.0
(21, 26, 25, 42, 55, 69, 55, 23, 69), None
(10, 36, 28, 33, 65, 81, 46, 23, 64), 16.0
(24, 20, 28, 39, 93, 50, 25, 23, 54), 15.0
(40, 29, 22, 46, 68, 62, 34, 43, 52), 16.0
(31, 38, 20, 50, 46, 76, 19, 29, 68), 16.0
(35, 45, 20, 48, 64, 79, 41, 18, 70), 13.0
(28, 42, 40, 42, 68, 74, 66, 18, 56), None
(31, 33, 21, 52, 62, 83, 40, 9, 54), 15.0
(22, 15, 33, 59, 64, 54, 14, 38, 47), 16.0
(31, 28, 17, 47, 81, 61, 41, 30, 47), None
(32, 12, 30, 47, 73, 62, 27, 38, 62), None
(30, 46, 39, 58, 61, 74, 35, 53, 65), 15.0
(7, 36, 36, 42, 64, 95, 47, 29, 46), None
(45, 43, 37, 39, 64, 64, 43, 39, 42), None
(2, 30, 27, 47, 59, 71, 53, 35, 56), 17.0
(38, 38, 44, 54, 66, 65, 48, 41, 45), None
(26, 21, 24, 56, 63, 86, 34, 23, 43), 15.0
(25, 33, 43, 61, 58, 47, 24, 43, 55), None
(39, 49, 33, 53, 73, 63, 49, 34, 59), None
(48, 29, 13, 38, 58, 71, 41, 33, 38), None
(15, 44, 16, 44, 57, 69, 29, 50, 71), None
(24, 52, 28, 50, 66, 83, 37, 47, 40), 16.0
(22, 36, 33, 48, 59, 60, 35, 45, 69), 15.0
(30, 24, 43, 50, 69, 73, 35, 44, 44), None
(26, 29, 36, 51, 53, 69, 29, 29, 57), None
(23, 38, 33, 32, 51, 74, 24, 36, 56), 15.0
(28, 41, 48, 51, 64, 68, 41, 37, 62), None
(8, 25, 30, 63, 51, 59, 22, 41, 57), 15.0
(14, 53, 36, 58, 60, 60, 22, 47, 49), None
(37, 44, 32, 48, 43, 72, 35, 39, 55), 14.0
(13, 32, 36, 55, 52, 74, 27, 44, 54), 18.0
(38, 31, 24, 41, 58, 65, 47, 35, 51), 17.0
(15, 26, 43, 62, 37, 86, 33, 61, 45), 17.0
(34, 36, 33, 52, 45, 54, 36, 48, 49), None
(29, 27, 29, 47, 70, 85, 29, 24, 50), None
(1, 38, 28, 38, 51, 75, 33, 40, 49), None
(23, 35, 45, 47, 57, 58, 38, 39, 60), 17.0
(21, 39, 31, 46, 43, 54, 56, 55, 43), None
(21, 25, 24, 61, 61, 69, 28, 17, 48), None
(14, 25, 36, 66, 51, 64, 23, 40, 35), 16.0
(8, 34, 11, 56, 57, 70, 43, 41, 51), 17.0
(10, 21, 15, 42, 54, 51, 54, 37, 48), None
(16, 57, 40, 52, 48, 73, 39, 48, 49), None
(12, 48, 38, 56, 59, 69, 52, 44, 41), 19.0
(18, 40, 38, 58, 58, 68, 23, 42, 56), None
(12, 26, 24, 51, 69, 48, 44, 20, 70), 19.0
(11, 14, 50, 57, 45, 65, 40, 29, 59), 15.0
(12, 26, 39, 59, 60, 81, 30, 39, 58), None
(13, 35, 39, 43, 65, 92, 49, 39, 46), None
(17, 34, 31, 62, 38, 72, 33, 42, 41), 16.0
(8, 45, 24, 53, 68, 67, 27, 40, 54), 16.0
(13, 55, 32, 44, 59, 74, 35, 45, 41), 18.0
(17, 36, 21, 58, 57, 67, 36, 40, 45), None
(21, 51, 35, 46, 59, 61, 35, 54, 41), None
(6, 46, 33, 54, 49, 79, 44, 47, 57), None
(7, 35, 33, 63, 55, 70, 31, 49, 54), None
(10, 52, 42, 67, 55, 56, 49, 53, 54), 14.0
(4, 51, 36, 51, 61, 78, 38, 41, 46), None
(5, 38, 16, 48, 55, 69, 49, 49, 58), None
(36, 36, 43, 56, 63, 49, 40, 25, 37), None
(16, 42, 41, 43, 53, 69, 55, 40, 46), 16.0
(14, 45, 47, 51, 75, 72, 36, 34, 46), 19.0
(9, 24, 40, 43, 75, 71, 31, 30, 45), 15.0
(29, 43, 24, 53, 71, 60, 36, 37, 38), 16.0
(11, 46, 44, 47, 53, 74, 40, 34, 59), 16.0
(23, 25, 23, 66, 52, 31, 55, 28, 62), None
(4, 58, 51, 48, 59, 62, 37, 40, 41), None
(15, 43, 32, 41, 66, 64, 66, 22, 49), None
(11, 21, 25, 61, 44, 34, 54, 21, 44), None
(26, 41, 35, 41, 61, 74, 30, 35, 46), None
(3, 36, 40, 41, 66, 78, 67, 31, 50), None
(1, 47, 33, 61, 67, 69, 57, 52, 56), 16.0
(10, 40, 34, 49, 58, 67, 30, 40, 36), None
(6, 49, 27, 52, 62, 72, 37, 47, 31), None
(5, 35, 35, 47, 62, 43, 79, 31, 54), None
(18, 40, 40, 67, 58, 64, 41, 50, 57), None
(17, 37, 40, 47, 71, 60, 54, 39, 40), None
(8, 47, 17, 51, 67, 74, 53, 31, 59), 16.0
(23, 44, 21, 70, 78, 74, 44, 40, 39), None
(21, 40, 32, 55, 48, 66, 35, 49, 55), None
(9, 41, 34, 47, 69, 80, 50, 33, 35), 16.0
(5, 38, 41, 55, 54, 70, 30, 51, 47), None
(16, 45, 35, 46, 78, 50, 58, 25, 39), 16.0
(13, 28, 37, 62, 61, 58, 25, 28, 49), None
(10, 45, 47, 57, 51, 76, 46, 51, 41), None
(16, 43, 46, 66, 66, 74, 52, 36, 46), None
(17, 44, 33, 46, 79, 79, 38, 30, 40), None
(24, 41, 43, 63, 59, 80, 41, 48, 38), None
(11, 51, 39, 46, 83, 83, 46, 41, 50), None
(31, 48, 42, 48, 69, 65, 45, 38, 44), None
(28, 50, 50, 58, 77, 75, 42, 26, 51), None
(15, 51, 35, 34, 67, 53, 56, 33, 47), 16.0
(19, 37, 55, 45, 56, 78, 47, 48, 45), None
(7, 46, 42, 45, 60, 77, 56, 34, 53), None
(16, 40, 27, 44, 57, 71, 38, 44, 54), None
(12, 27, 32, 52, 63, 64, 46, 25, 42), 15.0
(24, 55, 53, 47, 86, 74, 46, 29, 51), 16.0
(5, 64, 56, 52, 70, 58, 47, 54, 43), None
(14, 51, 62, 37, 64, 69, 23, 46, 56), 16.0
(9, 47, 30, 48, 87, 72, 34, 34, 54), None
(23, 49, 33, 58, 58, 60, 55, 44, 45), None
(0, 31, 46, 52, 71, 89, 38, 41, 55), 16.0
(17, 48, 40, 44, 68, 83, 17, 39, 44), None
(8, 48, 31, 63, 57, 54, 41, 58, 27), 16.0
(24, 52, 41, 56, 75, 76, 53, 42, 44), 16.0
(13, 29, 36, 52, 59, 63, 53, 41, 51), 17.0
(15, 43, 35, 72, 73, 65, 34, 48, 48), None
(9, 44, 45, 46, 75, 74, 42, 46, 44), None
(29, 39, 42, 34, 79, 76, 42, 32, 63), None
(29, 57, 52, 52, 64, 67, 40, 49, 38), None
(23, 56, 45, 54, 58, 78, 37, 60, 35), 17.0
(36, 38, 42, 47, 58, 55, 46, 35, 52), 14.0
(22, 42, 22, 54, 57, 62, 42, 41, 37), None
(7, 45, 22, 46, 54, 55, 64, 40, 41), None
(22, 62, 54, 57, 70, 72, 42, 60, 45), 14.0
(15, 36, 37, 47, 57, 79, 52, 48, 41), 16.0
(17, 62, 38, 39, 74, 81, 47, 53, 31), 16.0
(10, 49, 37, 60, 66, 66, 33, 55, 54), None
(13, 52, 55, 48, 63, 66, 57, 53, 48), None
(24, 30, 38, 56, 58, 57, 55, 45, 36), 20.0
(8, 33, 40, 49, 57, 64, 46, 45, 35), 16.0
(11, 52, 37, 37, 64, 77, 52, 37, 51), None
(9, 51, 40, 59, 62, 75, 33, 42, 40), None
(21, 56, 36, 55, 66, 65, 48, 49, 46), 16.0
(16, 42, 29, 36, 61, 63, 65, 48, 31), 14.0
(22, 31, 40, 45, 61, 62, 54, 37, 39), 19.0
(19, 44, 48, 43, 63, 67, 45, 45, 36), None
(5, 44, 41, 66, 39, 67, 44, 56, 48), None
(19, 41, 38, 47, 62, 56, 52, 40, 53), 17.0
(5, 32, 45, 49, 61, 75, 53, 51, 53), None
(16, 33, 51, 38, 82, 70, 61, 21, 37), 15.0
(32, 24, 38, 54, 54, 51, 63, 43, 56), None
(21, 41, 40, 49, 75, 41, 74, 30, 32), None
(15, 40, 39, 54, 58, 69, 56, 42, 44), 15.0
(5, 25, 30, 39, 57, 55, 65, 37, 45), None
(19, 36, 32, 53, 56, 69, 55, 39, 53), None
(40, 25, 39, 49, 53, 42, 59, 40, 26), None
(3, 25, 31, 55, 67, 53, 49, 23, 35), None
(14, 32, 39, 47, 56, 69, 54, 44, 37), 16.0
(22, 23, 41, 44, 60, 59, 53, 45, 39), 17.0
(12, 23, 40, 57, 52, 61, 57, 31, 41), None
(17, 29, 42, 47, 70, 72, 38, 40, 37), 14.0
(11, 32, 25, 48, 55, 53, 45, 31, 49), 16.0
(4, 45, 43, 52, 69, 69, 39, 38, 35), None
(7, 15, 34, 61, 65, 73, 42, 44, 42), None
(29, 39, 43, 52, 71, 69, 56, 49, 34), 18.0
(25, 42, 41, 42, 65, 66, 49, 30, 42), None
(20, 30, 32, 43, 70, 70, 52, 35, 38), None
(21, 28, 39, 43, 59, 63, 39, 54, 47), None
(23, 15, 36, 52, 51, 57, 54, 40, 50), 15.0
(23, 32, 35, 51, 47, 64, 60, 53, 32), None
(15, 34, 31, 53, 59, 64, 57, 48, 40), 16.0
(21, 33, 33, 46, 61, 78, 46, 44, 46), None
(22, 42, 32, 49, 58, 74, 55, 44, 47), 15.0
(20, 34, 54, 62, 62, 77, 40, 52, 38), None
(20, 35, 47, 45, 51, 55, 57, 42, 44), 14.0
(16, 35, 42, 53, 57, 61, 56, 49, 32), 14.0
(7, 28, 41, 55, 56, 70, 54, 53, 38), None
(19, 24, 36, 55, 65, 70, 62, 50, 41), 16.0
(26, 40, 59, 62, 50, 53, 55, 51, 36), 18.0
(11, 41, 37, 39, 82, 72, 66, 37, 30), None
(21, 19, 50, 46, 63, 68, 49, 39, 32), 16.0
(11, 37, 49, 39, 71, 67, 55, 50, 46), 17.0
(12, 36, 45, 45, 70, 85, 55, 45, 40), None
(14, 36, 33, 48, 74, 64, 51, 35, 38), 16.0
(13, 29, 48, 55, 62, 64, 50, 40, 30), 17.0
(33, 23, 52, 43, 50, 67, 48, 51, 41), 17.0
(25, 30, 30, 50, 60, 70, 45, 42, 46), None
(33, 27, 48, 47, 60, 61, 51, 62, 53), 14.0
(23, 45, 34, 43, 62, 60, 53, 45, 32), None
(33, 25, 57, 48, 76, 69, 60, 48, 39), None
(17, 32, 41, 49, 58, 59, 57, 49, 35), None
(13, 26, 36, 45, 70, 76, 69, 44, 35), 17.0
(8, 38, 59, 55, 51, 60, 54, 41, 15), 18.0
(22, 37, 56, 72, 55, 62, 47, 52, 32), 18.0
(26, 28, 66, 51, 51, 69, 62, 50, 36), None
(25, 33, 55, 68, 67, 64, 60, 48, 38), 16.0
(23, 38, 56, 45, 53, 61, 56, 54, 39), None
(21, 35, 43, 47, 57, 74, 50, 61, 39), 15.0
(23, 34, 60, 60, 50, 49, 59, 55, 38), None
(18, 30, 55, 55, 63, 69, 43, 43, 39), None
(26, 32, 57, 53, 69, 68, 55, 50, 36), 16.0
(21, 37, 43, 30, 59, 66, 58, 47, 39), 16.0
(17, 21, 47, 48, 56, 66, 52, 30, 38), 16.0
(25, 45, 52, 58, 57, 51, 43, 54, 54), None
(18, 41, 64, 45, 58, 69, 46, 63, 41), None
(36, 38, 58, 56, 45, 62, 46, 50, 42), 18.0
(22, 31, 52, 59, 61, 59, 63, 50, 38), None
(26, 43, 67, 41, 57, 53, 63, 54, 49), 15.0
(19, 33, 58, 51, 56, 54, 55, 30, 42), 14.0
(18, 42, 54, 52, 72, 73, 59, 44, 52), None
(27, 33, 48, 59, 42, 65, 60, 39, 15), 16.0
(17, 33, 44, 52, 39, 49, 50, 51, 30), 20.0
(23, 25, 51, 58, 52, 65, 43, 34, 33), 14.0
(25, 41, 61, 72, 48, 48, 44, 58, 21), None
(24, 33, 49, 58, 57, 57, 47, 59, 43), None
(27, 29, 63, 72, 57, 55, 61, 48, 18), 17.0
(12, 43, 55, 57, 57, 68, 51, 56, 30), None
(26, 33, 50, 60, 60, 65, 47, 39, 38), None
(22, 28, 59, 67, 38, 48, 57, 53, 12), 18.0
(12, 35, 66, 56, 55, 71, 40, 42, 32), 17.0
(23, 44, 48, 51, 64, 60, 61, 42, 11), 15.0
(3, 53, 47, 60, 58, 70, 51, 39, 32), None
(13, 41, 57, 64, 50, 59, 44, 45, 24), 17.0
(20, 31, 51, 60, 50, 56, 54, 49, 38), 17.0
(23, 40, 65, 58, 63, 58, 53, 43, 27), None
(5, 48, 65, 42, 53, 68, 56, 53, 27), None
(20, 42, 68, 65, 58, 44, 60, 53, 9), 17.0
(22, 23, 54, 77, 49, 32, 59, 54, 15), None
(33, 35, 63, 62, 35, 51, 54, 51, 22), None
(15, 34, 67, 65, 42, 45, 70, 37, 17), 17.0
(17, 18, 31, 48, 44, 49, 59, 45, 30), 16.0
(29, 34, 47, 63, 50, 32, 46, 42, 22), 16.0
(37, 13, 32, 71, 42, 42, 51, 36, 23), None
(31, 30, 40, 60, 37, 51, 39, 49, 27), 19.0
(31, 36, 57, 75, 52, 44, 58, 46, 16), 17.0
(19, 28, 38, 68, 37, 40, 43, 62, 25), 19.0
(0, 35, 44, 73, 36, 74, 74, 60, 19), None
(21, 42, 65, 79, 27, 56, 55, 54, 23), 19.0
(16, 35, 41, 58, 50, 50, 35, 49, 20), None
(13, 18, 43, 67, 27, 48, 44, 61, 34), 16.0
(10, 31, 67, 57, 49, 50, 49, 45, 10), None
(32, 37, 47, 64, 51, 43, 59, 50, 27), 13.0
(23, 36, 61, 51, 42, 63, 45, 37, 13), 17.0
(24, 37, 66, 57, 33, 39, 38, 59, 34), None
(22, 11, 22, 64, 42, 67, 60, 54, 50), None
(9, 23, 64, 70, 37, 50, 50, 35, 30), None
(15, 19, 37, 72, 31, 34, 76, 48, 15), None
(13, 30, 34, 54, 27, 58, 33, 45, 30), None
(18, 28, 43, 60, 29, 42, 57, 48, 27), 15.0
(26, 44, 56, 86, 20, 53, 49, 57, 24), 20.0
(9, 12, 41, 56, 39, 57, 54, 56, 20), None
(29, 33, 45, 71, 29, 52, 33, 68, 20), None
(33, 37, 49, 65, 30, 37, 39, 54, 27), None
(20, 20, 48, 70, 39, 59, 49, 62, 19), None
(14, 24, 60, 78, 32, 55, 37, 51, 37), None
(17, 4, 38, 69, 39, 52, 41, 55, 34), None
(26, 29, 51, 67, 28, 54, 45, 65, 8), 16.0
(25, 30, 43, 56, 34, 50, 36, 54, 19), 16.0
(13, 38, 49, 76, 40, 58, 50, 53, 39), 18.0
(29, 27, 58, 82, 33, 33, 54, 67, 12), None
(24, 28, 42, 64, 25, 44, 44, 60, 12), None
(3, 40, 54, 53, 32, 64, 50, 45, 31), None
(36, 23, 51, 89, 23, 39, 50, 45, 28), None
(36, 22, 41, 53, 47, 65, 26, 52, 50), 16.0
(25, 33, 50, 70, 28, 70, 40, 64, 8), None
(35, 30, 54, 84, 21, 34, 43, 47, 40), 16.0
(29, 29, 51, 89, 27, 42, 53, 49, 0), None
(30, 47, 57, 68, 35, 61, 51, 57, 14), None
(21, 30, 52, 82, 32, 43, 55, 47, 11), 17.0
(19, 43, 45, 73, 40, 49, 52, 52, 7), None
(29, 33, 46, 71, 37, 37, 31, 51, 39), None
(24, 34, 58, 59, 34, 47, 59, 42, 40), None
