Sampler:TPESampler
(249, 184, 178), 72.0
(188, 247, 264), 60.0
(280, 69, 130), 54.0
(117, 198, 247), 58.0
(188, 138, 18), 54.0
(265, 39, 284), 65.0
(69, 122, 67), 82.0
(52, 221, 256), None
(190, 63, 269), 66.0
(271, 109, 225), 52.0
(1, 297, 43), 64.0
(105, 173, 143), 60.0
(57, 124, 86), None
(134, 11, 193), 82.0
(129, 20, 191), 72.0
(72, 5, 89), None
(3, 91, 101), None
(156, 62, 195), 68.0
(87, 154, 54), 90.0
(224, 159, 121), 67.0
(157, 254, 170), 62.0
(89, 96, 49), None
(35, 146, 63), 68.0
(136, 207, 5), None
(90, 0, 70), 72.0
(31, 38, 27), 70.0
(94, 121, 217), 54.0
(70, 164, 113), None
(142, 82, 158), 52.0
(29, 187, 72), 72.0
(169, 138, 143), 64.0
(297, 230, 180), 70.0
(221, 252, 210), 56.0
(109, 175, 231), 62.0
(240, 189, 162), 70.0
(119, 211, 38), 72.0
(186, 123, 198), 72.0
(36, 153, 61), 66.0
(76, 268, 39), 66.0
(201, 47, 295), 52.0
(123, 233, 143), None
(181, 123, 238), 58.0
(208, 108, 195), 52.0
(54, 195, 74), 70.0
(245, 133, 249), 74.0
(255, 135, 262), None
(292, 171, 254), 70.0
(265, 74, 130), 52.0
(237, 106, 176), 58.0
(280, 179, 273), 65.0
(98, 23, 246), None
(249, 146, 204), 54.0
(193, 116, 188), 86.0
(176, 94, 185), 52.0
(222, 135, 221), 66.0
(197, 163, 103), 54.0
(152, 110, 25), None
(85, 25, 3), None
(65, 0, 52), 77.0
(67, 10, 90), None
(103, 61, 55), None
(45, 37, 172), 68.0
(84, 0, 73), 71.0
(18, 148, 154), 76.0
(14, 151, 156), 68.0
(12, 131, 123), 58.0
(59, 113, 48), None
(135, 86, 147), 68.0
(43, 12, 27), 68.0
(23, 143, 18), 74.0
(22, 160, 13), 70.0
(3, 144, 15), None
(162, 130, 33), 58.0
(20, 51, 134), 62.0
(60, 117, 107), 60.0
(112, 98, 83), None
(45, 155, 214), 64.0
(77, 170, 186), None
(26, 145, 166), 51.0
(38, 127, 58), None
(66, 102, 94), 70.0
(214, 185, 231), 73.0
(214, 286, 228), 68.0
(229, 183, 236), 68.0
(233, 139, 246), None
(198, 210, 206), 62.0
(144, 198, 274), 64.0
(245, 32, 42), 64.0
(49, 169, 66), 72.0
(8, 118, 51), None
(214, 219, 157), 68.0
(259, 198, 180), 74.0
(259, 197, 201), 70.0
(269, 189, 176), 66.0
(275, 235, 81), 62.0
(255, 202, 194), None
(126, 179, 187), 60.0
(175, 156, 21), 70.0
(79, 223, 262), None
(33, 140, 287), 56.0
(99, 164, 253), None
(53, 168, 68), 70.0
(134, 239, 44), 60.0
(187, 124, 180), 64.0
(94, 19, 166), 74.0
(118, 15, 165), 58.0
(93, 6, 35), None
(283, 17, 219), 51.0
(86, 25, 153), 76.0
(86, 43, 133), 70.0
(69, 29, 150), 74.0
(64, 33, 148), 68.0
(70, 26, 155), 74.0
(109, 1, 141), 74.0
(108, 7, 138), None
(73, 25, 153), 68.0
(81, 21, 140), 61.0
(91, 55, 119), None
(100, 0, 171), 56.0
(60, 11, 11), None
(111, 20, 169), None
(72, 34, 151), 74.0
(88, 32, 163), 82.0
(87, 38, 180), 68.0
(76, 31, 161), 79.0
(105, 73, 163), 66.0
(81, 29, 124), 76.0
(77, 49, 128), None
(99, 59, 191), None
(95, 15, 172), 58.0
(83, 41, 160), 70.0
(64, 27, 162), 86.0
(17, 150, 159), 72.0
(62, 46, 145), 70.0
(92, 28, 182), 76.0
(39, 132, 53), 66.0
(88, 27, 0), 75.0
(91, 21, 166), 64.0
(77, 30, 185), None
(84, 9, 98), None
(57, 39, 0), None
(25, 27, 9), None
(90, 16, 32), 66.0
(69, 29, 156), 82.0
(69, 31, 209), 66.0
(74, 28, 156), 74.0
(55, 6, 114), None
(51, 67, 151), 72.0
(165, 52, 62), 68.0
(121, 9, 142), None
(95, 21, 175), 78.0
(83, 36, 176), 76.0
(82, 35, 175), 80.0
(80, 44, 192), None
(80, 34, 175), None
(63, 40, 181), 77.0
(63, 38, 186), 66.0
(73, 20, 201), 64.0
(69, 45, 180), 82.0
(66, 45, 178), 56.0
(47, 13, 184), 68.0
(65, 82, 196), 58.0
(146, 22, 169), 76.0
(104, 24, 163), 58.0
(159, 56, 172), None
(150, 35, 169), 62.0
(131, 40, 175), 62.0
(145, 49, 189), 60.0
(75, 17, 175), 70.0
(97, 4, 161), None
(56, 33, 180), None
(141, 22, 183), 68.0
(84, 26, 168), 64.0
(78, 42, 196), None
(69, 13, 158), 76.0
(70, 14, 155), 78.0
(64, 17, 164), 68.0
(85, 31, 49), 70.0
(73, 36, 148), 74.0
(68, 16, 159), 72.0
(61, 8, 154), None
(73, 11, 190), 74.0
(53, 23, 173), 76.0
(51, 0, 173), 72.0
(89, 27, 59), None
(83, 31, 182), 68.0
(94, 22, 165), 72.0
(69, 13, 159), 80.0
(68, 12, 156), 70.0
(60, 3, 146), None
(70, 14, 160), 72.0
(56, 23, 176), None
(42, 160, 153), 64.0
(78, 39, 170), None
(68, 5, 160), None
(88, 32, 135), 86.0
(75, 18, 138), 70.0
(88, 48, 178), 60.0
(60, 90, 166), 58.0
(63, 11, 170), 69.0
(101, 34, 189), 68.0
(77, 25, 148), None
(96, 30, 125), None
(78, 18, 74), None
(153, 152, 159), 84.0
(81, 153, 162), 66.0
(51, 21, 155), 64.0
(179, 141, 131), 52.0
(71, 150, 180), 56.0
(192, 42, 185), 56.0
(167, 37, 168), 49.0
(88, 30, 198), 74.0
(128, 159, 46), 60.0
(65, 103, 173), 60.0
(91, 13, 160), 66.0
(144, 147, 167), 52.0
(157, 115, 151), None
(81, 35, 144), 68.0
(114, 46, 135), None
(70, 27, 158), 68.0
(59, 25, 53), None
(152, 7, 151), None
(93, 18, 155), 78.0
(99, 17, 154), None
(84, 35, 178), 78.0
(93, 40, 180), 63.0
(86, 10, 163), None
(106, 30, 142), 80.0
(105, 31, 139), 73.0
(74, 21, 142), 76.0
(86, 31, 149), 66.0
(94, 37, 187), 72.0
(79, 21, 130), None
(75, 21, 143), 76.0
(74, 19, 143), 84.0
(74, 16, 143), 80.0
(66, 15, 143), 76.0
(75, 6, 137), None
(65, 20, 146), 68.0
(84, 26, 153), 78.0
(70, 13, 147), 86.0
(82, 29, 135), 64.0
(83, 35, 149), 60.0
(90, 14, 193), 88.0
(71, 0, 201), 77.0
(101, 11, 40), 74.0
(72, 2, 207), 64.0
(90, 0, 154), 58.0
(79, 13, 161), None
(71, 7, 197), None
(89, 0, 190), 66.0
(96, 8, 204), None
(77, 16, 212), None
(61, 25, 197), 58.0
(85, 18, 194), 64.0
(66, 80, 65), None
(58, 26, 147), None
(81, 43, 158), 56.0
(74, 14, 165), 67.0
(72, 4, 151), None
(108, 33, 174), 78.0
(110, 29, 174), None
(107, 25, 155), 80.0
(104, 270, 158), 70.0
(111, 25, 164), None
(118, 33, 143), 66.0
(99, 20, 154), None
(106, 25, 168), 78.0
(137, 33, 148), 54.0
(119, 24, 170), 60.0
(108, 16, 159), 82.0
(116, 18, 162), 80.0
(125, 165, 162), 74.0
(117, 18, 156), 62.0
(100, 14, 149), 58.0
(112, 155, 138), 88.0
(116, 158, 134), 77.0
(111, 153, 140), None
(106, 164, 120), 78.0
(93, 143, 163), 62.0
(112, 29, 108), 74.0
(123, 154, 137), 60.0
(108, 147, 145), 58.0
(135, 10, 127), None
(101, 138, 186), 68.0
(127, 16, 154), 78.0
(98, 21, 166), None
(105, 109, 172), 72.0
(68, 176, 116), 77.0
(172, 167, 123), 74.0
(76, 161, 133), 76.0
(91, 17, 157), 88.0
(115, 24, 162), None
(89, 97, 158), None
(107, 11, 177), 67.0
(90, 38, 142), 70.0
(95, 53, 148), 72.0
(121, 14, 156), 74.0
(114, 44, 182), None
(105, 156, 139), 65.0
(207, 174, 93), 52.0
(77, 11, 152), None
(80, 17, 81), None
(87, 121, 190), 58.0
(97, 129, 170), None
(131, 31, 165), 54.0
(103, 20, 176), 76.0
(85, 37, 148), 68.0
(112, 148, 128), 66.0
(97, 29, 161), None
(124, 165, 144), 64.0
(81, 25, 168), 54.0
(63, 26, 167), 62.0
(139, 160, 133), 59.0
(125, 169, 139), 66.0
(55, 8, 158), None
(73, 8, 151), None
(126, 17, 159), 74.0
(67, 20, 152), 60.0
(90, 154, 190), 60.0
(85, 34, 180), 68.0
(103, 18, 138), 78.0
(185, 47, 146), 54.0
(118, 13, 145), 62.0
(74, 299, 162), 57.0
(226, 8, 154), None
(66, 15, 156), 68.0
(94, 68, 168), 70.0
(71, 149, 58), None
(129, 23, 132), 69.0
(83, 40, 195), 76.0
(104, 135, 139), 58.0
(98, 19, 185), None
(76, 24, 163), 70.0
(59, 142, 122), None
(110, 30, 173), None
(80, 164, 149), None
(91, 7, 154), None
(65, 12, 162), 78.0
(86, 60, 200), 85.0
(117, 50, 189), 66.0
(85, 61, 203), 74.0
(82, 44, 183), 80.0
(79, 55, 197), None
(79, 47, 199), None
(88, 41, 207), 56.0
(71, 44, 192), 76.0
(78, 63, 145), None
(89, 77, 184), None
(196, 32, 215), 58.0
(69, 38, 203), 70.0
(75, 87, 191), 70.0
(63, 27, 183), 80.0
(60, 29, 184), 88.0
(56, 26, 186), None
(52, 36, 181), 76.0
(68, 52, 196), 74.0
(47, 33, 184), 68.0
(65, 23, 193), 59.0
(61, 41, 72), 78.0
(60, 29, 181), 75.0
(57, 22, 176), None
(99, 5, 201), None
(161, 31, 188), 64.0
(62, 28, 185), 78.0
(49, 45, 170), 76.0
(151, 16, 141), 72.0
(94, 57, 211), None
(204, 14, 150), 58.0
(85, 38, 178), 72.0
(299, 19, 29), 74.0
(70, 23, 159), 60.0
(75, 152, 193), 80.0
(56, 149, 225), None
(75, 153, 101), 72.0
(64, 10, 167), None
(215, 28, 145), 52.0
(92, 101, 173), 72.0
(111, 156, 193), None
(82, 5, 179), None
(71, 133, 205), 56.0
(82, 158, 197), 66.0
(88, 144, 188), 56.0
(242, 142, 193), 70.0
(65, 13, 198), 76.0
(120, 20, 158), 54.0
(69, 94, 169), 70.0
(101, 32, 46), 70.0
(75, 150, 164), 50.0
(80, 50, 23), None
(59, 70, 129), None
(54, 110, 210), None
(72, 146, 202), 68.0
(44, 26, 140), 72.0
(235, 18, 135), 76.0
(109, 22, 38), 66.0
(88, 43, 85), 78.0
(93, 35, 184), 66.0
(142, 37, 178), 68.0
(98, 125, 151), None
(136, 7, 157), None
(104, 32, 169), 68.0
(114, 41, 176), None
(65, 14, 55), None
(81, 12, 110), None
(74, 140, 145), 70.0
(86, 27, 186), 72.0
(95, 155, 192), 76.0
(61, 18, 165), 68.0
(181, 4, 151), None
(79, 117, 174), None
(69, 159, 65), 60.0
(174, 27, 133), 82.0
(169, 249, 131), 58.0
(200, 25, 134), 66.0
(179, 19, 139), 62.0
(169, 36, 160), 58.0
(185, 46, 189), 50.0
(91, 171, 195), 60.0
(187, 30, 125), 64.0
(165, 27, 143), 60.0
(161, 9, 77), None
(158, 13, 290), 50.0
(194, 25, 138), 70.0
(173, 31, 147), 53.0
(52, 150, 202), 50.0
(148, 50, 184), 66.0
(76, 59, 192), None
(154, 134, 217), 64.0
(85, 159, 154), 68.0
(121, 19, 240), 68.0
(65, 0, 143), 59.0
(62, 152, 128), 74.0
(76, 22, 118), 72.0
(69, 40, 180), 81.0
(103, 36, 151), 68.0
(70, 222, 134), 62.0
(60, 38, 180), 66.0
(135, 19, 163), 64.0
(66, 32, 196), 74.0
(70, 9, 173), None
(81, 43, 206), 82.0
(81, 42, 206), 80.0
(86, 48, 136), 76.0
(80, 43, 209), None
(91, 56, 221), None
(80, 52, 199), None
(56, 146, 208), None
(108, 40, 203), 68.0
(89, 50, 213), 80.0
(73, 33, 146), 68.0
(48, 24, 188), 64.0
(83, 43, 206), 86.0
(85, 50, 213), 80.0
(75, 44, 271), 62.0
(97, 43, 216), None
(91, 45, 202), 66.0
(81, 59, 208), None
(79, 39, 212), None
(64, 36, 182), 68.0
(67, 64, 189), 62.0
(190, 84, 200), 56.0
(72, 167, 220), 72.0
(84, 185, 210), 54.0
(88, 54, 218), 84.0
(96, 48, 207), None
(84, 53, 222), 64.0
(92, 56, 50), None
(91, 69, 279), 67.0
(85, 62, 222), 62.0
(177, 49, 230), 54.0
(97, 54, 231), None
(89, 37, 198), 76.0
(144, 63, 221), 54.0
(80, 45, 214), None
(129, 28, 155), 54.0
(218, 104, 193), 66.0
(76, 257, 203), 54.0
(99, 159, 198), None
(205, 15, 57), None
(73, 4, 129), None
(210, 41, 178), 68.0
(86, 46, 167), 74.0
(86, 37, 187), 66.0
(60, 11, 205), 70.0
(53, 30, 69), 82.0
(62, 30, 74), 67.0
(38, 31, 64), 68.0
(51, 291, 66), 54.0
(46, 54, 214), 89.0
(44, 61, 89), 98.0
(34, 140, 50), 68.0
(45, 73, 87), 70.0
(36, 57, 75), None
(33, 68, 69), 68.0
(29, 64, 44), 75.0
(44, 57, 60), None
(43, 59, 213), None
(50, 68, 80), None
(48, 60, 97), None
(39, 53, 215), 68.0
(40, 193, 106), 60.0
(51, 73, 225), 70.0
(57, 58, 90), None
(54, 23, 72), 76.0
(47, 51, 65), 68.0
(51, 119, 238), 74.0
(42, 129, 61), 76.0
(154, 51, 218), 52.0
(57, 112, 204), None
(147, 65, 54), 67.0
(93, 208, 82), 64.0
(173, 36, 228), 60.0
(54, 77, 112), None
(164, 47, 70), 76.0
(196, 32, 37), 78.0
(28, 23, 207), 68.0
(57, 178, 215), None
(39, 90, 200), 60.0
(46, 42, 54), 67.0
(93, 54, 209), 61.0
(87, 29, 122), 70.0
(77, 164, 196), None
(67, 19, 42), 68.0
(139, 38, 150), 72.0
(80, 15, 219), None
(89, 24, 93), 68.0
(99, 47, 225), None
(180, 34, 207), 68.0
(60, 8, 135), None
(71, 27, 158), 70.0
(78, 53, 80), None
(188, 61, 62), 70.0
(94, 136, 195), 79.0
(156, 19, 148), 68.0
(54, 41, 203), 69.0
(85, 32, 213), 72.0
(65, 147, 158), 52.0
(77, 80, 140), None
(90, 14, 57), None
(48, 23, 69), 82.0
(43, 27, 78), None
(48, 23, 88), 62.0
(33, 4, 73), None
(51, 13, 72), 82.0
(42, 12, 127), 68.0
(57, 0, 63), None
(39, 8, 68), None
(48, 17, 103), 68.0
(53, 8, 74), None
(101, 154, 69), 62.0
(51, 20, 75), 68.0
(47, 25, 67), 66.0
(37, 20, 198), 76.0
(70, 124, 150), 70.0
(61, 14, 208), 70.0
(44, 30, 86), 69.0
(50, 12, 56), None
(53, 18, 61), 70.0
(95, 32, 115), None
(36, 64, 189), 68.0
(64, 48, 68), 66.0
(60, 40, 82), 71.0
(225, 240, 50), 54.0
(73, 162, 219), 58.0
(247, 6, 62), None
(56, 171, 78), None
(46, 12, 69), 66.0
(131, 21, 61), 76.0
(86, 143, 48), 94.0
(86, 135, 27), 72.0
(167, 143, 31), 62.0
(88, 101, 142), 71.0
(27, 139, 41), 56.0
(84, 54, 46), 74.0
(77, 150, 47), None
(82, 129, 52), 62.0
(95, 153, 131), 84.0
(94, 157, 137), 78.0
(95, 147, 131), 76.0
(103, 157, 165), 58.0
(78, 143, 122), None
(90, 162, 129), 60.0
(102, 167, 145), 74.0
(89, 153, 38), 74.0
(40, 152, 57), None
(255, 36, 155), None
(263, 163, 163), None
(20, 176, 153), 64.0
(202, 27, 124), 60.0
(55, 156, 139), None
(98, 43, 132), None
(84, 48, 147), 66.0
(99, 149, 116), None
(94, 33, 136), 64.0
(91, 35, 210), 80.0
(276, 108, 232), None
(149, 118, 47), 54.0
(84, 132, 125), 76.0
(83, 56, 158), None
(49, 67, 97), None
(60, 142, 71), 83.0
(70, 135, 142), 60.0
(43, 142, 64), 77.0
(77, 140, 52), None
(81, 146, 132), 68.0
(55, 150, 78), None
(185, 158, 148), 58.0
(65, 140, 155), 64.0
(141, 130, 57), None
(57, 113, 76), None
(33, 146, 85), 70.0
(70, 153, 201), 62.0
(46, 73, 70), 68.0
(41, 170, 72), 74.0
(58, 162, 216), None
(100, 145, 34), 68.0
(90, 16, 173), 78.0
(160, 38, 193), 74.0
(63, 128, 60), 74.0
(75, 134, 299), 54.0
(6, 123, 211), None
(193, 23, 132), 73.0
(88, 139, 204), 52.0
(175, 155, 44), 78.0
(96, 60, 224), None
(67, 52, 170), 68.0
(61, 149, 138), 62.0
(51, 27, 94), 70.0
(47, 182, 69), 80.0
(83, 4, 192), None
(291, 30, 219), 63.0
(70, 23, 142), 78.0
(53, 45, 87), 68.0
(61, 60, 53), 82.0
(94, 69, 49), 70.0
(108, 61, 45), 78.0
(50, 74, 55), None
(62, 65, 60), 76.0
(90, 13, 128), 88.0
(87, 57, 120), None
(95, 8, 132), None
(79, 18, 126), None
(91, 160, 209), 56.0
(104, 51, 203), 62.0
(86, 12, 149), 66.0
(72, 61, 37), 78.0
(90, 151, 71), 80.0
(83, 15, 129), 60.0
(80, 43, 117), None
(75, 99, 136), None
(66, 142, 53), 82.0
(57, 146, 62), None
(98, 141, 18), None
(170, 6, 187), None
(65, 138, 35), 72.0
(179, 214, 125), 72.0
(74, 120, 111), None
(89, 156, 138), 74.0
(81, 34, 218), 64.0
(135, 21, 121), 78.0
(99, 202, 142), None
(75, 0, 189), 68.0
(87, 27, 128), 72.0
(44, 11, 80), None
(208, 145, 40), 80.0
(69, 92, 77), None
(64, 67, 167), 66.0
(52, 18, 91), 72.0
(110, 6, 199), None
(68, 134, 53), 80.0
(94, 29, 160), 82.0
(101, 267, 103), 75.0
(102, 15, 159), 72.0
(234, 47, 211), 59.0
(95, 55, 143), None
(80, 54, 150), None
(90, 165, 235), 60.0
(89, 40, 136), 60.0
(34, 22, 66), 68.0
(39, 173, 215), 78.0
(104, 10, 153), None
(93, 126, 45), 70.0
(82, 41, 173), 66.0
(77, 46, 195), None
(55, 14, 70), None
(45, 156, 76), 74.0
(86, 49, 205), 70.0
(191, 23, 133), 72.0
(38, 17, 82), 68.0
(111, 114, 56), None
(98, 149, 51), None
(73, 143, 180), 54.0
(84, 30, 226), 64.0
(93, 26, 147), 70.0
(151, 4, 140), None
(60, 142, 61), 80.0
(106, 13, 163), 68.0
(77, 62, 50), None
(94, 36, 143), 76.0
(68, 70, 132), 56.0
(83, 53, 204), 68.0
(124, 1, 197), 54.0
(58, 8, 244), None
(61, 79, 193), None
(50, 23, 84), 74.0
(33, 164, 127), 78.0
(74, 41, 137), 64.0
(78, 160, 150), None
(86, 154, 188), 68.0
(88, 64, 42), 84.0
(97, 57, 29), None
(86, 64, 43), 89.0
(87, 76, 33), 80.0
(92, 67, 42), 72.0
(91, 64, 42), 68.0
(116, 72, 27), 66.0
(96, 149, 40), None
(82, 87, 45), 82.0
(83, 68, 44), 96.0
(87, 72, 37), 81.0
(199, 60, 36), 68.0
(101, 63, 32), 66.0
(103, 77, 41), None
(79, 66, 46), None
(83, 69, 25), 84.0
(83, 82, 11), 64.0
(87, 69, 5), None
(79, 74, 22), None
(90, 68, 26), 84.0
(91, 78, 13), None
(85, 81, 28), 70.0
(91, 76, 31), 76.0
(87, 57, 28), None
(95, 72, 31), 79.0
(84, 68, 23), 78.0
(89, 64, 19), 66.0
(79, 68, 46), None
(94, 63, 26), 70.0
(81, 69, 38), 66.0
(97, 83, 39), None
(89, 62, 17), 64.0
(84, 59, 31), None
(74, 72, 20), 82.0
(91, 67, 4), None
(78, 58, 34), None
(88, 74, 15), 86.0
(97, 88, 21), None
(88, 75, 15), 86.0
(98, 76, 9), None
(91, 66, 20), 80.0
(103, 82, 13), 80.0
(87, 75, 10), None
(98, 83, 3), None
(14, 69, 30), 80.0
(83, 74, 6), None
(92, 63, 22), 90.0
(220, 79, 16), None
(93, 63, 13), 70.0
(99, 56, 113), None
(90, 70, 25), 68.0
(102, 58, 15), None
(83, 87, 19), 66.0
(86, 71, 23), 76.0
(94, 94, 12), None
(78, 65, 11), None
(89, 63, 23), 98.0
(95, 57, 5), None
(88, 64, 12), 68.0
(106, 51, 17), 70.0
(77, 54, 2), None
(95, 78, 21), None
(101, 63, 14), 66.0
(82, 74, 26), 70.0
(84, 71, 17), 74.0
(78, 59, 25), None
(89, 59, 22), None
(95, 70, 26), 69.0
(88, 61, 20), 90.0
(101, 59, 9), None
(86, 63, 19), 68.0
(95, 55, 8), None
(89, 64, 14), 62.0
(104, 77, 18), None
(84, 68, 24), 74.0
(76, 62, 35), 74.0
(74, 52, 33), 74.0
(93, 64, 28), 72.0
(88, 53, 16), 79.0
(90, 55, 0), None
(97, 79, 7), None
(82, 74, 23), 74.0
(79, 59, 8), None
(90, 49, 38), 66.0
(85, 59, 261), None
(82, 67, 34), 66.0
(90, 73, 27), 68.0
(99, 52, 42), None
(75, 64, 49), 70.0
(83, 70, 30), 76.0
(93, 86, 14), 62.0
(77, 82, 27), None
(105, 166, 16), 68.0
(83, 71, 20), 78.0
(71, 55, 47), None
(75, 93, 7), None
(87, 49, 227), 66.0
(99, 60, 40), None
(94, 63, 44), 74.0
(81, 76, 33), 66.0
(90, 53, 17), 82.0
(106, 66, 22), 60.0
(72, 71, 24), 67.0
(99, 82, 36), None
(93, 64, 10), None
(111, 69, 31), None
(100, 77, 21), None
(91, 59, 38), None
(85, 192, 31), 78.0
(78, 48, 214), None
(108, 173, 23), 74.0
(85, 55, 13), None
(87, 68, 24), 68.0
(82, 105, 224), 64.0
(69, 48, 217), 77.0
(72, 87, 1), 74.0
(95, 60, 18), 78.0
(76, 65, 43), 68.0
(85, 74, 30), 74.0
(90, 57, 18), None
(27, 68, 35), 68.0
(99, 51, 201), None
(79, 58, 210), None
(93, 76, 122), 84.0
(93, 79, 11), None
(72, 84, 124), 72.0
(103, 97, 110), None
(79, 65, 137), None
(97, 51, 49), None
(81, 56, 220), None
(72, 47, 7), None
(89, 58, 48), None
(88, 62, 99), None
(83, 77, 118), None
(68, 45, 145), 64.0
(77, 73, 15), None
(231, 158, 19), 78.0
(84, 72, 22), 76.0
(101, 153, 196), 54.0
(95, 59, 203), None
(81, 51, 213), 60.0
(91, 81, 134), 66.0
(86, 17, 128), 68.0
(97, 54, 209), None
(21, 68, 41), 90.0
(1, 63, 41), None
(20, 157, 184), 54.0
(24, 66, 49), 68.0
(9, 46, 54), None
(8, 52, 0), None
(14, 62, 39), 69.0
(71, 12, 142), 98.0
(66, 15, 144), 74.0
(22, 6, 138), None
(26, 74, 27), 71.0
(30, 90, 123), 74.0
(20, 9, 150), None
(76, 69, 35), 78.0
(13, 277, 29), 74.0
(69, 1, 13), 68.0
(77, 71, 30), None
(3, 6, 147), None
(69, 57, 192), None
(30, 11, 153), 73.0
(18, 66, 38), 78.0
(239, 81, 17), 62.0
(74, 77, 128), None
(72, 84, 8), None
(81, 67, 22), 83.0
(87, 45, 200), 66.0
(65, 59, 221), None
(92, 77, 105), None
(106, 86, 138), 52.0
(98, 18, 134), None
(92, 0, 47), 74.0
(82, 62, 41), None
(78, 70, 32), None
(87, 60, 52), 68.0
(74, 65, 41), 66.0
(113, 106, 187), None
(64, 167, 157), 70.0
(87, 68, 26), 64.0
(71, 179, 153), 69.0
(94, 78, 127), None
(80, 10, 34), None
(98, 90, 120), None
(90, 73, 118), 78.0
(69, 20, 197), 60.0
(80, 50, 204), None
(103, 73, 137), 62.0
(288, 79, 144), None
(268, 66, 25), 86.0
(63, 62, 11), 72.0
(264, 57, 17), None
(272, 18, 20), 62.0
(249, 11, 46), 63.0
(224, 65, 23), 76.0
(73, 6, 35), None
(210, 40, 13), 70.0
(33, 24, 190), 72.0
(283, 55, 26), None
(293, 71, 54), 76.0
(244, 36, 5), None
(83, 63, 195), 56.0
(65, 12, 183), 72.0
(76, 68, 36), 82.0
(254, 21, 43), 62.0
(85, 59, 16), None
(79, 15, 30), None
(14, 52, 48), 80.0
(70, 34, 200), 74.0
(270, 232, 21), None
(88, 62, 9), None
(81, 44, 144), 84.0
(229, 27, 193), 60.0
(259, 71, 30), 73.0
(92, 54, 16), 76.0
(215, 66, 23), 58.0
(75, 8, 56), None
(67, 17, 206), 66.0
(86, 74, 39), 71.0
(100, 57, 183), None
(84, 116, 141), 67.0
(93, 188, 198), 50.0
(0, 22, 189), 67.0
(26, 48, 45), 72.0
(109, 39, 32), 76.0
(279, 31, 7), None
(59, 62, 27), None
(79, 99, 50), None
(73, 6, 177), None
(88, 68, 14), 66.0
(96, 12, 148), None
(66, 25, 37), 74.0
(83, 0, 21), 71.0
(104, 56, 57), None
(90, 71, 201), 72.0
(295, 62, 13), 56.0
(79, 17, 44), None
(74, 82, 142), 76.0
(37, 42, 207), 70.0
(59, 53, 28), None
(96, 67, 191), None
(86, 35, 34), 66.0
(284, 76, 1), 68.0
(92, 60, 21), 88.0
(103, 28, 27), 78.0
(111, 12, 18), None
(99, 50, 25), None
(92, 21, 10), None
(251, 61, 19), 70.0
(98, 71, 20), None
(93, 66, 14), 58.0
(238, 6, 22), None
(117, 57, 27), None
(107, 109, 35), 82.0
(89, 45, 16), 64.0
(64, 17, 4), None
(7, 32, 31), None
(81, 75, 8), None
(100, 123, 22), 79.0
(72, 94, 40), 88.0
(71, 86, 42), 80.0
(77, 105, 40), None
(68, 105, 52), 78.0
(61, 93, 46), 74.0
(65, 115, 39), None
(56, 97, 38), None
(70, 101, 50), 82.0
(76, 89, 35), 84.0
(72, 97, 48), None
(65, 120, 42), 74.0
(86, 85, 32), 66.0
(59, 91, 239), None
(69, 52, 43), 66.0
(299, 79, 28), None
(74, 67, 33), 76.0
(18, 23, 54), 86.0
(23, 85, 53), 84.0
(30, 10, 59), None
(93, 81, 24), 80.0
(13, 20, 59), None
(266, 14, 49), 66.0
(19, 32, 51), 70.0
(11, 73, 47), 66.0
(81, 60, 11), 82.0
(28, 78, 52), None
(1, 13, 59), None
(79, 64, 30), None
(37, 44, 57), None
(6, 23, 44), None
(62, 258, 36), 60.0
(71, 72, 20), 67.0
(17, 4, 55), None
(55, 127, 173), None
(11, 65, 100), 80.0
(87, 59, 25), None
(13, 26, 40), 72.0
(74, 51, 146), 70.0
(43, 53, 133), 72.0
(96, 92, 164), None
(83, 28, 140), 80.0
(21, 20, 45), None
(92, 82, 154), 70.0
(105, 109, 14), 62.0
(101, 75, 149), 66.0
(88, 71, 32), 88.0
(86, 66, 35), 70.0
(18, 8, 34), None
(91, 16, 42), 82.0
(27, 18, 38), 78.0
(67, 69, 28), 88.0
(84, 70, 29), 74.0
(76, 71, 32), 76.0
(65, 243, 39), 67.0
(58, 2, 48), None
(18, 72, 29), 80.0
(34, 74, 27), 74.0
(50, 80, 24), None
(96, 67, 33), None
(82, 78, 22), None
(9, 95, 42), None
(33, 12, 106), 82.0
(90, 89, 33), 88.0
(99, 111, 35), None
(90, 72, 45), 66.0
(18, 64, 35), 78.0
(122, 88, 30), 64.0
(96, 199, 43), None
(68, 59, 36), None
(61, 60, 29), 94.0
(57, 56, 29), None
(60, 62, 38), 66.0
(54, 84, 31), 74.0
(80, 58, 29), None
(90, 82, 21), 98.0
(62, 96, 34), None
(64, 90, 30), 74.0
(55, 87, 39), None
(65, 219, 26), 82.0
(88, 84, 22), 72.0
(74, 78, 22), None
(106, 82, 27), 64.0
(70, 227, 37), 64.0
(44, 57, 41), None
(108, 80, 34), None
(98, 93, 20), None
(64, 64, 253), None
(57, 62, 34), None
(93, 78, 14), None
(84, 86, 25), 70.0
(79, 56, 38), None
(43, 98, 25), None
(24, 69, 45), 82.0
(113, 91, 52), None
(75, 68, 30), 70.0
(101, 100, 20), 70.0
(92, 50, 33), 80.0
(95, 74, 24), 69.0
(53, 83, 50), 68.0
(86, 75, 19), 74.0
(26, 79, 44), None
(102, 88, 45), 94.0
(103, 91, 46), 80.0
(109, 85, 39), 60.0
(99, 90, 39), None
(114, 98, 244), None
(103, 88, 45), 78.0
(104, 90, 38), 76.0
(96, 102, 31), None
(103, 81, 28), 64.0
(93, 85, 40), 80.0
(110, 65, 31), None
(92, 76, 19), 80.0
(99, 71, 55), None
(47, 292, 45), 54.0
(88, 95, 36), 86.0
(96, 69, 33), None
(103, 68, 26), 84.0
(92, 77, 279), None
(89, 82, 17), 66.0
(64, 93, 48), 68.0
(51, 87, 44), 70.0
(83, 58, 40), None
(99, 96, 31), None
(83, 56, 38), None
(90, 64, 50), 68.0
(95, 77, 20), None
(89, 79, 25), None
(107, 72, 93), 78.0
(79, 63, 34), None
(100, 111, 42), None
(38, 84, 56), None
(87, 73, 14), 86.0
(94, 79, 25), None
(83, 68, 48), 64.0
(95, 61, 31), 65.0
(73, 0, 233), None
(68, 8, 250), None
(60, 205, 36), 68.0
(54, 168, 41), 67.0
(70, 88, 30), 86.0
(104, 104, 44), None
(86, 100, 36), 66.0
(77, 54, 27), None
(89, 84, 40), 78.0
(98, 62, 130), None
(70, 87, 33), 65.0
(78, 91, 28), None
(85, 54, 45), 94.0
(82, 58, 51), None
(92, 51, 50), 86.0
(80, 62, 47), None
(85, 161, 55), None
(92, 67, 44), 66.0
(112, 55, 59), None
(85, 65, 40), 62.0
(78, 71, 50), None
(98, 59, 62), None
(89, 50, 43), 60.0
(79, 68, 35), None
(94, 60, 47), 70.0
(102, 74, 263), 61.0
(86, 52, 38), 70.0
(91, 60, 24), 86.0
(75, 64, 53), 72.0
(85, 71, 35), 82.0
(97, 173, 45), None
(107, 55, 30), None
(82, 78, 40), None
(92, 68, 50), 84.0
(79, 72, 22), None
(97, 62, 34), None
(116, 55, 28), None
(86, 64, 44), 72.0
(75, 82, 108), 66.0
(101, 48, 38), 68.0
(90, 76, 57), None
(82, 162, 18), 68.0
(74, 69, 24), 67.0
(95, 59, 32), None
(89, 212, 63), 62.0
(107, 186, 48), 62.0
(81, 94, 39), 81.0
(40, 54, 43), 61.0
(101, 68, 29), 66.0
(48, 81, 51), 66.0
(86, 61, 22), 70.0
(69, 71, 95), 78.0
(93, 51, 35), 78.0
(76, 75, 43), None
(87, 62, 26), 71.0
(80, 56, 35), None
(95, 65, 18), 63.0
(72, 81, 56), None
(100, 88, 47), 80.0
(90, 68, 29), 80.0
(79, 46, 39), None
(61, 77, 22), None
(107, 57, 33), None
(86, 49, 42), 74.0
(93, 72, 17), 68.0
(68, 63, 51), 68.0
(84, 152, 25), 68.0
(100, 60, 115), None
(79, 94, 38), None
(91, 75, 30), 72.0
(73, 84, 45), 74.0
(96, 67, 63), None
(84, 158, 52), 72.0
(105, 180, 32), 62.0
(45, 54, 23), 67.0
(60, 68, 13), 66.0
(90, 60, 37), 78.0
(119, 72, 233), None
(75, 48, 18), 80.0
(82, 55, 57), None
(67, 81, 28), 66.0
(98, 65, 45), None
(112, 73, 41), 74.0
(89, 170, 34), 66.0
(78, 90, 10), None
(51, 77, 25), None
(96, 62, 49), None
(85, 149, 19), 60.0
(103, 99, 100), None
(66, 55, 31), None
(92, 164, 41), 68.0
(72, 67, 34), 68.0
(84, 87, 26), 69.0
(78, 60, 88), None
(92, 51, 54), 78.0
(58, 6, 46), None
(88, 74, 21), 68.0
(96, 68, 39), None
(42, 82, 14), 72.0
(81, 47, 29), 70.0
(73, 58, 36), None
(104, 63, 47), 86.0
(87, 73, 61), 70.0
(67, 80, 240), None
(54, 63, 24), 74.0
(100, 56, 41), None
(82, 159, 110), None
(94, 68, 31), 77.0
(34, 49, 53), 74.0
(78, 93, 36), None
(63, 4, 48), None
(89, 86, 18), 64.0
(109, 76, 10), None
(73, 60, 26), 74.0
(85, 68, 31), 68.0
(93, 55, 42), None
(98, 154, 20), None
(77, 72, 57), None
(87, 102, 37), 66.0
(71, 65, 28), 64.0
(48, 81, 43), 76.0
(60, 196, 50), 60.0
(102, 46, 21), 94.0
(116, 41, 11), 55.0
(82, 50, 18), 68.0
(121, 45, 256), None
(105, 45, 9), None
(103, 46, 15), 76.0
(105, 52, 22), 84.0
(91, 49, 21), 78.0
(114, 57, 7), None
(112, 56, 15), None
(110, 43, 25), None
(109, 51, 27), 68.0
(99, 52, 14), None
(101, 60, 7), None
(96, 59, 33), None
(105, 42, 25), 74.0
(66, 64, 18), 66.0
(98, 52, 19), None
(92, 65, 30), 68.0
(40, 55, 59), None
(101, 12, 53), 74.0
(96, 146, 42), None
(130, 70, 36), 80.0
(58, 47, 23), None
(108, 59, 11), None
(75, 162, 48), 80.0
(66, 60, 65), 72.0
(52, 40, 40), None
(82, 10, 35), None
(115, 50, 4), None
(87, 64, 28), 62.0
(72, 55, 31), None
(93, 15, 50), 84.0
(89, 77, 244), None
(81, 66, 18), 66.0
(101, 44, 13), 78.0
(77, 83, 44), None
(95, 96, 25), None
(47, 61, 38), 68.0
(60, 72, 33), 80.0
(31, 56, 137), None
(86, 70, 25), 69.0
(67, 63, 30), 68.0
(83, 75, 21), 74.0
(106, 39, 176), 76.0
(96, 48, 55), None
(91, 152, 45), 80.0
(100, 90, 37), 78.0
(71, 266, 20), 58.0
(77, 56, 293), None
(38, 66, 31), 72.0
(63, 69, 270), 56.0
(87, 52, 25), 70.0
(81, 5, 37), None
(86, 60, 227), 54.0
(76, 0, 43), 70.0
(94, 8, 64), None
(56, 77, 15), None
(111, 61, 31), None
(70, 72, 22), 67.0
(89, 167, 35), 76.0
(55, 54, 91), None
(100, 11, 112), 67.0
(94, 15, 50), 76.0
(76, 66, 16), 72.0
(48, 80, 46), None
(89, 89, 97), None
(81, 45, 40), 80.0
(105, 84, 27), 68.0
(69, 138, 21), 60.0
(62, 59, 31), None
(99, 50, 9), None
(96, 66, 119), None
(84, 74, 103), 72.0
(120, 56, 130), None
(92, 96, 53), None
(103, 175, 168), 74.0
(87, 106, 39), 74.0
(90, 78, 26), None
(81, 63, 32), 72.0
(78, 71, 42), None
(72, 160, 47), 82.0
(42, 47, 37), 68.0
(83, 278, 18), 62.0
(97, 18, 139), None
(92, 156, 47), 78.0
(54, 54, 60), None
(109, 67, 26), 92.0
(73, 67, 21), 68.0
(114, 145, 56), None
(117, 84, 12), 68.0
(62, 71, 28), 75.0
(103, 53, 13), 74.0
(110, 38, 4), None
(125, 61, 16), 78.0
(124, 58, 23), None
(114, 47, 7), None
(113, 76, 31), None
(114, 64, 123), None
(106, 58, 128), None
(107, 10, 179), None
(108, 72, 25), 68.0
(119, 78, 35), None
(108, 70, 27), 68.0
(128, 52, 17), 66.0
(102, 65, 21), 78.0
(121, 85, 84), 85.0
(96, 63, 22), None
(103, 149, 42), 58.0
(47, 103, 258), 66.0
(84, 69, 27), 68.0
(66, 75, 33), 66.0
(100, 81, 38), 66.0
(109, 67, 32), 64.0
(77, 59, 26), None
(86, 70, 33), 64.0
(99, 40, 52), None
(93, 50, 135), 74.0
(35, 93, 13), 82.0
(58, 62, 22), None
(111, 61, 15), None
(96, 91, 0), None
(67, 67, 17), None
(118, 22, 285), 68.0
(78, 76, 38), None
(89, 79, 29), None
(105, 73, 44), 70.0
(53, 55, 237), None
(91, 59, 21), None
(98, 86, 34), None
(62, 6, 141), None
(74, 16, 173), 65.0
(42, 167, 52), 68.0
(30, 154, 57), None
(90, 66, 11), 73.0
(51, 43, 145), 70.0
(64, 134, 228), 68.0
(85, 16, 46), 74.0
(100, 71, 29), 82.0
(133, 226, 21), 66.0
(92, 238, 25), 70.0
(83, 79, 37), None
(102, 52, 51), 67.0
(73, 64, 39), 76.0
(82, 70, 28), 84.0
(79, 60, 34), None
(72, 55, 44), None
(87, 67, 39), 70.0
(69, 85, 41), 70.0
(58, 89, 46), None
(96, 75, 29), None
(107, 50, 47), 68.0
(112, 43, 6), None
(46, 48, 17), 68.0
(77, 98, 63), None
(95, 22, 141), 72.0
(103, 36, 104), 73.0
(62, 58, 25), None
(93, 63, 18), 74.0
(37, 75, 33), 62.0
(68, 59, 10), None
(84, 83, 116), 67.0
(53, 55, 57), None
(99, 9, 150), None
(24, 78, 41), None
(79, 150, 35), None
(89, 157, 137), 72.0
(89, 46, 48), 72.0
(95, 100, 133), 76.0
(84, 88, 40), 78.0
(80, 66, 20), None
(89, 71, 28), 68.0
(109, 22, 184), 58.0
(102, 3, 66), None
(142, 15, 125), 68.0
(97, 13, 132), None
(87, 28, 170), 76.0
(115, 36, 146), None
(72, 53, 14), 80.0
(95, 9, 179), None
(77, 64, 23), None
(104, 45, 16), 70.0
(82, 70, 31), 71.0
(69, 61, 36), 66.0
(90, 58, 53), None
(89, 53, 44), 66.0
(86, 73, 25), 70.0
(94, 66, 21), 68.0
(59, 162, 40), None
(64, 65, 5), None
(78, 94, 48), None
(81, 251, 34), 62.0
(75, 82, 29), 70.0
(84, 72, 27), 76.0
(107, 143, 58), None
(49, 5, 223), None
(69, 59, 33), None
(76, 67, 25), 68.0
(30, 18, 165), 70.0
(59, 40, 11), None
(100, 60, 22), 91.0
(107, 55, 231), None
(66, 78, 30), None
(112, 56, 9), None
(102, 60, 87), 72.0
(115, 64, 18), None
(95, 69, 22), 69.0
(121, 80, 36), None
(111, 75, 40), None
(124, 69, 34), 72.0
(101, 62, 16), 72.0
(101, 62, 24), 88.0
(104, 73, 19), 82.0
(98, 65, 25), None
(118, 53, 15), 66.0
(98, 50, 43), None
(98, 48, 11), None
(40, 47, 10), None
(87, 88, 36), 68.0
(55, 81, 49), None
(104, 58, 20), None
(109, 61, 16), 68.0
(112, 53, 22), 74.0
(93, 69, 28), 70.0
(93, 73, 0), 66.0
(94, 58, 6), None
(84, 95, 42), 74.0
(107, 54, 23), 68.0
(100, 61, 23), 80.0
(105, 43, 20), 88.0
(110, 62, 16), None
(101, 34, 94), 78.0
(91, 50, 53), 86.0
(116, 40, 12), 56.0
(111, 43, 7), None
(120, 57, 16), None
(107, 35, 144), 76.0
(75, 66, 32), 70.0
(91, 174, 44), 72.0
(104, 40, 11), 84.0
(3, 49, 132), None
(71, 69, 247), 69.0
(101, 49, 20), 90.0
(46, 48, 15), 68.0
(64, 50, 25), 78.0
(106, 46, 14), 70.0
(107, 53, 14), 78.0
(115, 44, 142), None
(86, 65, 112), 64.0
(82, 79, 30), None
(99, 54, 22), None
(95, 215, 26), 82.0
(101, 56, 8), None
(104, 43, 280), 52.0
(116, 61, 29), 60.0
(104, 66, 26), 76.0
(26, 85, 35), 82.0
(113, 54, 19), None
(98, 58, 20), None
(126, 46, 13), 68.0
(98, 49, 9), None
(55, 62, 27), None
(108, 40, 16), 66.0
(34, 37, 21), 70.0
(113, 59, 3), None
(109, 67, 299), 73.0
(89, 74, 32), 82.0
(89, 74, 31), 89.0
(96, 26, 158), None
(99, 51, 24), None
(95, 38, 21), 72.0
Sampler:BoTorchSampler
(26, 112, 236), 71.0
(95, 206, 97), None
(28, 262, 12), 68.0
(56, 113, 221), None
(245, 118, 284), 78.0
(200, 243, 28), 74.0
(77, 228, 142), None
(62, 107, 265), 64.0
(6, 160, 248), None
(36, 212, 148), 62.0
(245, 62, 220), 76.0
(160, 163, 252), 84.0
(67, 191, 291), 52.0
(173, 136, 207), 74.0
(182, 207, 25), 50.0
(222, 196, 271), 68.0
(191, 67, 295), 66.0
(269, 129, 203), 56.0
(161, 5, 177), None
(160, 18, 182), 70.0
(233, 0, 114), None
(0, 0, 102), None
(0, 0, 111), None
(290, 0, 237), 70.0
(0, 0, 98), None
(184, 288, 225), 69.0
(77, 232, 176), None
(38, 2, 183), 70.0
(0, 0, 18), None
(81, 44, 5), None
(292, 14, 74), 58.0
(275, 246, 71), 52.0
(150, 0, 256), None
(145, 144, 240), 69.0
(88, 182, 184), 66.0
(224, 283, 261), 82.0
(166, 259, 48), 51.0
(275, 81, 105), 60.0
(99, 285, 184), None
(275, 26, 46), 94.0
(150, 52, 231), 50.0
(82, 87, 215), 58.0
(187, 203, 148), 59.0
(86, 293, 145), 52.0
(217, 189, 138), 72.0
(102, 83, 169), 58.0
(93, 7, 258), None
(260, 102, 121), 46.0
(165, 47, 124), 88.0
(288, 85, 91), 56.0
(155, 201, 199), 70.0
(44, 28, 91), 74.0
(74, 19, 42), 76.0
(28, 263, 81), 72.0
(141, 276, 160), 72.0
(182, 150, 182), None
(64, 72, 49), 66.0
(280, 1, 150), 64.0
(274, 54, 98), None
(93, 273, 46), 60.0
(84, 274, 57), None
(0, 240, 206), 66.0
(61, 209, 31), 66.0
(246, 5, 288), None
(120, 97, 257), None
(96, 251, 286), None
(158, 104, 201), 60.0
(274, 0, 156), 62.0
(27, 283, 275), 52.0
(181, 154, 92), 60.0
(43, 289, 157), 70.0
(94, 278, 190), 78.0
(43, 213, 4), None
(23, 266, 188), 58.0
(245, 234, 299), 85.0
(24, 58, 145), None
(268, 77, 74), None
(242, 175, 144), 70.0
(278, 105, 107), 62.0
(254, 107, 169), 62.0
(104, 59, 104), None
(47, 100, 133), 74.0
(177, 252, 148), 68.0
(126, 76, 218), 68.0
(63, 74, 93), 77.0
(182, 285, 125), 88.0
(227, 245, 99), None
(23, 61, 93), 82.0
(72, 71, 218), 80.0
(94, 96, 133), None
(195, 283, 139), 76.0
(152, 153, 68), 62.0
(24, 178, 209), 72.0
(137, 129, 283), 52.0
(204, 218, 157), 72.0
(247, 152, 130), 60.0
(281, 243, 162), 72.0
(187, 220, 215), 64.0
(279, 74, 189), 67.0
(87, 141, 66), 62.0
(198, 134, 42), 60.0
(72, 26, 102), 80.0
(90, 252, 26), 64.0
(256, 245, 296), None
(49, 219, 63), 62.0
(285, 79, 109), None
(142, 70, 6), None
(85, 40, 293), 58.0
(101, 112, 298), 58.0
(94, 73, 179), 81.0
(278, 116, 121), 51.0
(37, 80, 52), None
(105, 108, 263), 64.0
(46, 162, 186), 56.0
(23, 69, 31), 66.0
(169, 240, 27), 60.0
(13, 53, 61), 68.0
(114, 198, 129), None
(126, 262, 32), 60.0
(241, 23, 175), 64.0
(137, 219, 104), 52.0
(86, 235, 50), 78.0
(86, 253, 11), 63.0
(153, 123, 246), 62.0
(162, 208, 186), 86.0
(149, 94, 56), None
(102, 269, 195), 70.0
(259, 32, 203), 56.0
(43, 74, 137), 76.0
(1, 68, 98), None
(97, 205, 166), None
(58, 247, 297), None
(262, 251, 105), 60.0
(170, 42, 207), 66.0
(249, 26, 287), 52.0
(201, 0, 0), None
(168, 170, 160), 74.0
(117, 35, 291), 70.0
(150, 36, 278), 80.0
(160, 283, 95), 61.0
(210, 94, 230), 56.0
(12, 241, 5), None
(31, 279, 293), 73.0
(175, 23, 266), 66.0
(49, 187, 130), 58.0
(81, 217, 33), 64.0
(61, 92, 4), None
(278, 142, 158), 54.0
(206, 125, 294), 56.0
(29, 132, 65), 60.0
(53, 85, 167), 70.0
(203, 167, 144), 64.0
(66, 58, 143), None
(18, 41, 205), 68.0
(112, 120, 288), 58.0
(83, 290, 106), 59.0
(192, 133, 227), 76.0
(96, 142, 126), None
(66, 177, 245), 56.0
(26, 156, 281), 56.0
(34, 232, 96), None
(34, 98, 224), None
(83, 297, 35), 56.0
(219, 42, 221), 53.0
(257, 198, 187), 63.0
(75, 276, 293), 74.0
(16, 160, 87), 70.0
(60, 268, 129), 60.0
(244, 131, 289), 60.0
(10, 29, 272), None
(208, 58, 249), None
(185, 148, 199), 58.0
(125, 163, 36), 68.0
(104, 126, 235), 69.0
(8, 31, 210), None
(255, 87, 13), None
(20, 25, 122), 85.0
(288, 231, 112), 68.0
(135, 144, 83), 70.0
(240, 191, 267), 72.0
(33, 171, 271), 44.0
(244, 241, 260), None
(228, 13, 58), None
(94, 67, 279), 64.0
(9, 166, 253), None
(268, 42, 137), 70.0
(59, 119, 266), None
(173, 145, 84), 60.0
(212, 74, 111), None
(222, 79, 294), None
(100, 26, 17), 72.0
(84, 195, 69), 72.0
(132, 65, 10), None
(160, 16, 69), 70.0
(214, 204, 189), 60.0
(280, 153, 204), 76.0
(264, 108, 150), 62.0
(164, 229, 183), 66.0
(140, 12, 204), 66.0
(51, 278, 134), 54.0
(2, 83, 237), 70.0
(245, 292, 245), None
(130, 263, 215), 54.0
(127, 287, 251), 53.0
(159, 145, 163), 64.0
(152, 65, 137), 64.0
(150, 144, 218), 58.0
(180, 256, 44), None
(69, 110, 155), None
(248, 291, 250), 72.0
(22, 280, 90), 58.0
(45, 243, 205), 80.0
(230, 34, 218), 60.0
(123, 270, 138), 70.0
(92, 95, 102), 79.0
(290, 24, 169), 64.0
(166, 177, 171), 66.0
(180, 99, 175), None
(135, 220, 33), 62.0
(76, 184, 4), None
(66, 174, 71), 78.0
(117, 134, 134), None
(217, 174, 60), 62.0
(203, 249, 82), 66.0
(54, 249, 105), 63.0
(231, 244, 61), 54.0
(106, 132, 188), 59.0
(32, 182, 165), 68.0
(88, 157, 48), 60.0
(233, 10, 121), None
(43, 156, 164), 54.0
(269, 60, 153), 56.0
(189, 157, 183), 56.0
(100, 82, 32), 60.0
(184, 206, 182), 68.0
(239, 286, 146), 71.0
(210, 34, 139), 59.0
(83, 185, 151), 68.0
(120, 269, 150), 60.0
(257, 52, 39), 76.0
(232, 50, 57), None
(244, 274, 130), 54.0
(265, 264, 105), 66.0
(137, 224, 293), 76.0
(38, 99, 98), None
(150, 77, 33), None
(32, 246, 20), 62.0
(177, 62, 31), 69.0
(150, 69, 291), 40.0
(243, 225, 66), 60.0
(201, 269, 3), None
(173, 202, 81), 64.0
(110, 170, 137), None
(282, 89, 39), 68.0
(33, 110, 122), None
(210, 103, 108), 58.0
(64, 36, 150), 64.0
(260, 266, 230), 78.0
(152, 174, 28), 64.0
(32, 21, 171), 70.0
(186, 44, 60), 64.0
(262, 291, 185), 68.0
(137, 195, 250), 86.0
(190, 148, 104), 80.0
(132, 71, 171), 71.0
(266, 85, 213), 64.0
(150, 248, 178), 52.0
(282, 8, 161), None
(97, 117, 22), None
(200, 248, 234), 70.0
(39, 272, 228), 56.0
(240, 288, 276), 72.0
(155, 19, 231), 64.0
(117, 95, 161), 54.0
(41, 52, 16), 76.0
(208, 214, 111), None
(208, 188, 16), 46.0
(47, 29, 10), None
(287, 1, 192), 66.0
(197, 267, 232), None
(160, 298, 174), 73.0
(268, 278, 296), 76.0
(268, 261, 90), 56.0
(170, 116, 256), None
(261, 105, 257), 55.0
(281, 184, 55), None
(142, 201, 10), None
(73, 90, 191), 66.0
(142, 259, 50), 60.0
(210, 287, 200), 78.0
(43, 238, 57), None
(158, 13, 97), None
(194, 234, 227), 97.0
(294, 257, 298), 72.0
(115, 255, 44), None
(185, 281, 52), 68.0
(228, 166, 148), 50.0
(284, 165, 38), 64.0
(245, 284, 50), 81.0
(141, 108, 247), 56.0
(176, 256, 222), None
(152, 135, 160), 58.0
(269, 179, 287), 68.0
(272, 35, 40), 60.0
(59, 73, 4), None
(214, 210, 98), None
(92, 292, 133), 44.0
(187, 59, 262), None
(264, 44, 51), 58.0
(123, 152, 113), None
(196, 52, 233), None
(85, 27, 36), 78.0
(116, 54, 19), 70.0
(103, 143, 298), 52.0
(181, 97, 155), None
(101, 289, 28), 53.0
(284, 56, 182), None
(13, 76, 148), 68.0
(101, 60, 232), None
(75, 283, 87), 66.0
(14, 261, 206), 68.0
(88, 288, 55), None
(59, 247, 7), None
(185, 252, 298), 74.0
(86, 161, 42), 72.0
(155, 85, 256), None
(277, 259, 153), 80.0
(95, 236, 100), 50.0
(266, 177, 199), 89.0
(187, 230, 114), None
(92, 154, 158), 68.0
(268, 253, 6), None
(233, 266, 9), None
(194, 224, 132), 55.0
(222, 76, 204), 78.0
(113, 295, 113), None
(272, 298, 212), 72.0
(107, 52, 65), 68.0
(284, 71, 242), 54.0
(138, 108, 173), 70.0
(262, 10, 16), None
(43, 199, 134), 64.0
(288, 176, 82), 70.0
(43, 221, 246), 72.0
(20, 235, 42), 54.0
(231, 50, 134), 68.0
(188, 77, 83), None
(245, 154, 14), 52.0
(24, 172, 191), 71.0
(151, 290, 6), None
(197, 109, 189), 60.0
(251, 108, 104), 60.0
(237, 244, 185), 72.0
(253, 292, 118), 90.0
(225, 191, 101), 68.0
(206, 147, 156), 68.0
(185, 247, 126), 80.0
(256, 55, 98), None
(216, 242, 209), 60.0
(174, 6, 294), None
(137, 221, 102), 68.0
(231, 212, 51), 44.0
(44, 203, 41), 84.0
(65, 46, 76), 72.0
(229, 168, 186), 56.0
(152, 157, 261), 64.0
(257, 43, 180), 51.0
(274, 121, 297), 68.0
(153, 161, 168), 72.0
(56, 33, 88), None
(96, 159, 198), None
(214, 208, 235), 72.0
(142, 150, 170), 52.0
(174, 285, 292), 84.0
(92, 0, 205), 60.0
(58, 146, 261), None
(28, 214, 168), 52.0
(241, 236, 262), 66.0
(109, 289, 25), 64.0
(267, 177, 143), 68.0
(104, 212, 108), 72.0
(178, 219, 208), 75.0
(33, 231, 139), 65.0
(43, 2, 54), 70.0
(210, 217, 228), 68.0
(276, 118, 90), 80.0
(137, 74, 133), 72.0
(144, 167, 153), 68.0
(248, 126, 216), 72.0
(272, 292, 279), 68.0
(67, 291, 251), 80.0
(127, 291, 147), 54.0
(170, 192, 261), 54.0
(299, 261, 283), 72.0
(124, 258, 31), 63.0
(158, 66, 138), 64.0
(285, 193, 53), 50.0
(270, 180, 242), 76.0
(229, 5, 108), None
(134, 276, 27), 62.0
(40, 110, 142), None
(95, 221, 154), 56.0
(114, 191, 175), None
(83, 97, 11), None
(7, 147, 120), None
(82, 251, 66), 56.0
(92, 17, 84), 78.0
(148, 51, 298), 56.0
(82, 217, 14), 80.0
(95, 70, 220), 78.0
(162, 291, 268), 70.0
(43, 46, 199), 56.0
(37, 265, 156), 52.0
(39, 280, 43), 65.0
(214, 45, 86), 82.0
(228, 93, 205), 58.0
(254, 213, 271), 72.0
(176, 282, 293), 72.0
(48, 102, 39), 68.0
(25, 107, 143), 60.0
(263, 91, 168), 72.0
(94, 12, 198), 68.0
(87, 147, 157), 50.0
(195, 170, 110), None
(75, 251, 71), 72.0
(264, 15, 210), 48.0
(248, 175, 153), 72.0
(259, 63, 194), 70.0
(14, 161, 190), 58.0
(142, 269, 218), 68.0
(141, 6, 248), None
(270, 292, 161), 72.0
(169, 15, 109), 79.0
(281, 173, 179), 71.0
(32, 102, 282), 58.0
(269, 232, 62), None
(297, 252, 152), 71.0
(235, 33, 294), 48.0
(268, 56, 73), None
(268, 280, 71), 54.0
(185, 80, 55), None
(147, 167, 259), 64.0
(145, 267, 238), 72.0
(80, 122, 90), None
(224, 35, 284), 58.0
(72, 71, 96), None
(255, 72, 228), None
(152, 268, 132), 56.0
(200, 0, 56), None
(263, 94, 33), 62.0
(136, 10, 141), None
(116, 105, 226), 69.0
(218, 158, 87), 64.0
(263, 279, 212), 73.0
(246, 151, 227), 86.0
(206, 100, 245), 56.0
(215, 39, 293), 56.0
(30, 116, 161), 60.0
(267, 34, 253), 52.0
(137, 256, 110), None
(35, 76, 281), 60.0
(117, 294, 134), 77.0
(281, 203, 105), 64.0
(149, 5, 124), None
(277, 277, 190), None
(93, 100, 179), 52.0
(208, 265, 147), 58.0
(202, 205, 14), 64.0
(181, 211, 235), 64.0
(88, 44, 21), 96.0
(193, 137, 286), 70.0
(3, 283, 69), None
(189, 243, 90), 54.0
(290, 218, 64), 70.0
(85, 225, 205), 48.0
(4, 102, 134), None
(244, 34, 246), 60.0
(31, 33, 215), 62.0
(248, 88, 130), 60.0
(290, 177, 103), 70.0
(245, 40, 206), 55.0
(144, 108, 75), 68.0
(67, 299, 284), 55.0
(205, 290, 9), None
(245, 79, 85), None
(267, 238, 160), 72.0
(160, 173, 277), 68.0
(112, 161, 289), 55.0
(56, 209, 146), None
(252, 189, 218), 80.0
(273, 46, 38), 60.0
(49, 197, 192), 72.0
(130, 77, 245), None
(179, 63, 190), 70.0
(75, 150, 216), 88.0
(234, 245, 171), 55.0
(206, 205, 280), 80.0
(194, 250, 182), 68.0
(38, 29, 73), 66.0
(199, 122, 147), 66.0
(11, 12, 63), 69.0
(83, 17, 64), 76.0
(124, 20, 205), 62.0
(0, 48, 252), 54.0
(174, 116, 174), None
(71, 138, 123), 62.0
(227, 180, 178), 68.0
(178, 58, 255), None
(159, 267, 35), 47.0
(23, 34, 265), 68.0
(67, 154, 250), 70.0
(80, 178, 183), None
(169, 106, 71), 70.0
(217, 282, 278), 76.0
(250, 230, 267), 66.0
(225, 268, 198), 72.0
(24, 233, 280), None
(96, 88, 171), None
(96, 87, 6), None
(234, 193, 295), 82.0
(130, 135, 108), 62.0
(110, 99, 23), None
(296, 83, 203), 54.0
(6, 121, 52), None
(198, 21, 87), 56.0
(292, 206, 59), None
(282, 123, 154), 64.0
(137, 195, 161), 64.0
(181, 67, 208), 50.0
(15, 231, 32), 78.0
(55, 120, 35), None
(268, 249, 242), 80.0
(297, 169, 172), 72.0
(220, 191, 157), 58.0
(192, 256, 189), None
(196, 239, 242), 80.0
(35, 97, 112), None
(221, 175, 246), 70.0
(244, 82, 68), 70.0
(101, 57, 273), None
(225, 214, 41), 60.0
(197, 294, 299), 105.0
(293, 95, 248), 82.0
(78, 2, 202), None
(144, 0, 65), 81.0
(43, 185, 94), 70.0
(297, 203, 128), 54.0
(147, 89, 192), 52.0
(38, 294, 256), None
(3, 204, 178), None
(272, 271, 73), 73.0
(292, 5, 85), None
(176, 169, 163), 60.0
(94, 117, 105), 66.0
(251, 102, 260), 62.0
(223, 13, 153), 54.0
(198, 31, 261), 54.0
(251, 129, 170), 63.0
(113, 168, 200), None
(146, 265, 292), 56.0
(201, 256, 204), None
(189, 175, 58), None
(291, 119, 86), 70.0
(97, 203, 270), None
(31, 180, 41), 78.0
(265, 118, 173), 73.0
(193, 93, 48), 88.0
(220, 264, 183), 82.0
(5, 166, 270), None
(135, 241, 166), 70.0
(113, 250, 266), None
(267, 56, 274), None
(263, 237, 214), 71.0
(292, 8, 1), None
(196, 100, 91), 58.0
(15, 93, 58), None
(124, 104, 42), 64.0
(29, 230, 11), 69.0
(254, 260, 284), 70.0
(39, 215, 71), 84.0
(191, 69, 99), None
(9, 11, 130), None
(29, 138, 2), 56.0
(291, 290, 174), 105.0
(287, 137, 167), 64.0
(254, 167, 287), 56.0
(51, 4, 256), None
(278, 260, 296), 68.0
(202, 143, 241), 68.0
(255, 157, 236), None
(93, 135, 51), 74.0
(129, 89, 133), 62.0
(133, 77, 8), None
(97, 288, 272), None
(51, 166, 16), 72.0
(15, 200, 183), 86.0
(257, 84, 34), 64.0
(213, 20, 171), 68.0
(67, 191, 103), 62.0
(86, 117, 86), None
(284, 42, 144), 48.0
(129, 285, 250), 52.0
(162, 148, 38), 60.0
(165, 134, 202), 64.0
(10, 78, 171), None
(111, 23, 23), None
(139, 65, 56), None
(68, 20, 166), 58.0
(68, 220, 120), 73.0
(216, 274, 109), 60.0
(10, 251, 275), None
(5, 94, 142), None
(59, 288, 105), None
(264, 20, 36), 70.0
(58, 132, 5), None
(62, 247, 241), 72.0
(44, 46, 295), 56.0
(66, 192, 255), None
(61, 221, 276), 54.0
(92, 285, 237), 52.0
(4, 259, 189), None
(77, 137, 14), None
(91, 205, 220), 62.0
(35, 9, 46), None
(284, 249, 294), 66.0
(32, 254, 23), 58.0
(122, 10, 6), None
(247, 279, 180), 80.0
(35, 266, 28), 66.0
(250, 129, 161), 56.0
(39, 74, 75), None
(152, 235, 227), 66.0
(199, 161, 264), 67.0
(261, 122, 282), 74.0
(10, 188, 66), None
(240, 221, 263), 56.0
(159, 208, 62), 69.0
(218, 144, 145), 66.0
(98, 238, 12), None
(218, 169, 88), 58.0
(236, 296, 211), 70.0
(288, 100, 179), 67.0
(272, 110, 265), None
(74, 105, 217), 72.0
(18, 294, 290), 56.0
(140, 244, 125), 84.0
(99, 147, 92), None
(201, 168, 165), 66.0
(92, 36, 184), 62.0
(51, 232, 274), None
(72, 28, 55), None
(101, 222, 58), None
(82, 58, 280), None
(269, 47, 242), 52.0
(107, 156, 151), 66.0
(241, 134, 79), None
(103, 169, 242), 68.0
(229, 101, 255), None
(86, 198, 178), 62.0
(63, 45, 200), 85.0
(123, 10, 149), None
(221, 280, 156), 70.0
(288, 238, 111), None
(289, 279, 148), 71.0
(156, 39, 43), 66.0
(47, 12, 109), 64.0
(200, 202, 182), None
(97, 73, 126), None
(42, 250, 111), None
(101, 85, 213), 52.0
(69, 173, 87), 70.0
(26, 292, 231), 78.0
(93, 59, 192), None
(201, 102, 121), 57.0
(240, 53, 240), None
(45, 124, 212), 52.0
(219, 59, 150), None
(145, 271, 154), 56.0
(88, 90, 16), 84.0
(132, 144, 289), 51.0
(4, 4, 32), None
(225, 165, 18), 68.0
(184, 93, 13), 62.0
(214, 120, 223), 64.0
(64, 133, 136), 64.0
(159, 146, 7), None
(243, 151, 131), 48.0
(292, 63, 281), 52.0
(39, 149, 68), 65.0
(112, 129, 25), 68.0
(189, 237, 26), 58.0
(161, 4, 23), None
(232, 180, 28), None
(168, 57, 89), None
(255, 105, 31), None
(31, 74, 26), 72.0
(109, 138, 147), 62.0
(173, 153, 34), 64.0
(105, 194, 248), 72.0
(31, 195, 150), 50.0
(113, 174, 233), None
(112, 1, 205), 68.0
(265, 112, 95), 66.0
(295, 48, 153), 60.0
(72, 264, 140), 56.0
(289, 195, 287), 70.0
(226, 103, 184), 78.0
(1, 156, 281), 70.0
(216, 95, 160), 54.0
(63, 280, 282), 68.0
(280, 77, 42), None
(87, 181, 159), 52.0
(19, 180, 259), 56.0
(191, 118, 285), 58.0
(103, 166, 15), 68.0
(15, 215, 191), 60.0
(23, 292, 239), 69.0
(265, 45, 105), 52.0
(239, 154, 261), 70.0
(129, 62, 81), 83.0
(26, 203, 45), 67.0
(247, 285, 61), 65.0
(20, 109, 12), 66.0
(166, 180, 181), 79.0
(221, 145, 153), 62.0
(184, 173, 160), 70.0
(19, 12, 213), 84.0
(116, 70, 53), 70.0
(72, 206, 141), 60.0
(223, 111, 100), None
(96, 227, 14), None
(195, 43, 52), 76.0
(166, 13, 6), None
(260, 30, 223), 82.0
(170, 113, 219), None
(96, 70, 170), None
(122, 38, 75), 82.0
(247, 52, 48), 70.0
(258, 113, 20), None
(196, 47, 230), 64.0
(252, 7, 292), None
(201, 71, 234), 56.0
(181, 150, 108), 60.0
(156, 69, 103), 60.0
(85, 11, 124), 76.0
(260, 65, 22), 75.0
(270, 100, 110), None
(184, 209, 221), 66.0
(165, 266, 122), 62.0
(203, 259, 14), 51.0
(272, 32, 204), 52.0
(30, 157, 90), 76.0
(106, 133, 3), None
(234, 31, 109), 81.0
(5, 47, 271), None
(49, 265, 156), 52.0
(236, 26, 103), 64.0
(22, 250, 41), 60.0
(250, 174, 221), 62.0
(49, 218, 61), 60.0
(97, 290, 262), None
(51, 120, 62), 80.0
(152, 292, 173), 76.0
(145, 205, 23), 46.0
(296, 19, 25), 62.0
(142, 138, 98), None
(287, 21, 45), 60.0
(174, 143, 25), 56.0
(83, 95, 85), 69.0
(108, 58, 87), None
(253, 151, 223), 58.0
(187, 156, 252), 70.0
(205, 121, 133), 62.0
(181, 254, 265), 66.0
(123, 234, 295), 72.0
(45, 117, 130), 70.0
(115, 51, 74), None
(261, 134, 52), 54.0
(215, 24, 105), 54.0
(92, 187, 246), 62.0
(86, 211, 114), None
(10, 155, 286), None
(167, 5, 185), None
(273, 238, 157), 70.0
(72, 140, 48), 70.0
(196, 62, 294), 60.0
(93, 32, 231), 78.0
(110, 19, 12), None
(121, 164, 264), 56.0
(185, 69, 279), 51.0
(106, 110, 106), None
(102, 16, 54), 73.0
(21, 229, 207), 58.0
(238, 250, 139), 80.0
(291, 8, 151), None
(212, 229, 146), 74.0
(162, 250, 156), 68.0
(227, 115, 176), None
(123, 246, 90), 56.0
(73, 157, 29), 78.0
(4, 54, 259), None
(98, 72, 283), None
(1, 287, 54), 61.0
(255, 157, 30), None
(295, 39, 286), 52.0
(42, 270, 71), 56.0
(197, 214, 239), 68.0
(179, 200, 82), 53.0
(77, 249, 232), None
(238, 277, 179), 60.0
(192, 202, 190), 66.0
(35, 180, 182), 70.0
(17, 150, 114), None
(9, 53, 279), None
(111, 224, 285), None
(35, 15, 89), 78.0
(48, 8, 218), None
(253, 242, 276), 68.0
(198, 118, 296), 50.0
(257, 152, 270), 77.0
(83, 246, 95), 69.0
(133, 63, 10), None
(68, 151, 7), None
(283, 149, 24), 58.0
(164, 290, 281), 88.0
(229, 169, 232), None
(89, 134, 135), 72.0
(74, 182, 125), 65.0
(18, 2, 69), 66.0
(124, 165, 227), 79.0
(18, 103, 176), 74.0
(245, 10, 0), None
(13, 260, 20), 62.0
(154, 40, 72), 68.0
(54, 124, 158), 70.0
(58, 98, 138), None
(193, 44, 251), 64.0
(59, 204, 156), None
(248, 16, 145), 68.0
(92, 12, 36), 88.0
(78, 45, 34), None
(157, 190, 11), 66.0
(267, 94, 90), 66.0
(173, 50, 13), 72.0
(90, 54, 127), 82.0
(189, 92, 128), 68.0
(258, 247, 158), 76.0
(220, 167, 173), 66.0
(18, 212, 274), 65.0
(75, 78, 258), None
(91, 96, 73), None
(66, 78, 266), None
(108, 112, 134), 74.0
(185, 148, 139), 58.0
(53, 136, 197), 57.0
(122, 126, 113), None
(268, 164, 57), None
(215, 104, 3), None
(216, 31, 50), 93.0
(279, 204, 264), 76.0
(14, 214, 80), None
(48, 273, 215), 56.0
(191, 202, 52), 60.0
(231, 166, 69), 52.0
(176, 50, 61), 56.0
(102, 265, 201), 88.0
(110, 11, 93), None
(117, 88, 11), 89.0
(227, 85, 23), 82.0
(130, 2, 180), 58.0
(35, 107, 57), None
(219, 13, 131), 62.0
(262, 187, 195), 64.0
(164, 75, 265), 60.0
(128, 82, 217), 62.0
(143, 240, 77), None
(103, 27, 282), 56.0
(154, 36, 147), 56.0
(20, 172, 81), 59.0
(298, 17, 195), 54.0
(254, 21, 279), 71.0
(204, 19, 263), 62.0
(105, 268, 53), 60.0
(40, 19, 21), 68.0
(119, 54, 270), 70.0
(68, 4, 253), None
(189, 41, 42), 64.0
(118, 16, 18), None
(196, 95, 79), None
(245, 128, 203), 62.0
(178, 152, 6), None
(90, 161, 274), 52.0
(99, 235, 275), None
(233, 291, 241), None
(96, 222, 15), None
(99, 99, 296), None
(16, 225, 42), 68.0
(293, 284, 173), 85.0
(99, 209, 163), None
(18, 19, 146), 84.0
(162, 114, 185), None
(291, 165, 42), 52.0
(173, 207, 183), 70.0
(189, 143, 299), 66.0
(88, 128, 17), 66.0
(67, 164, 133), 60.0
(28, 266, 235), 52.0
(294, 125, 110), None
(245, 218, 287), 74.0
(55, 237, 87), None
(196, 106, 292), 66.0
(11, 81, 101), 71.0
(241, 196, 298), 76.0
(240, 50, 67), 66.0
(27, 87, 9), None
(113, 212, 62), None
(246, 179, 22), 69.0
(297, 80, 115), None
(53, 230, 262), 56.0
(237, 182, 92), 56.0
(21, 7, 98), None
(186, 286, 63), 56.0
(79, 57, 3), None
(237, 57, 92), None
(57, 50, 272), None
(163, 179, 162), 70.0
(136, 41, 101), 78.0
(232, 158, 249), None
(284, 56, 184), None
(76, 40, 171), 76.0
(117, 227, 18), 58.0
(233, 285, 244), None
(219, 3, 235), None
(223, 296, 86), 54.0
(176, 177, 115), None
(126, 179, 107), 62.0
(264, 277, 135), 80.0
(155, 73, 243), 54.0
(139, 123, 14), 76.0
(182, 138, 206), 66.0
(102, 103, 86), 87.0
(219, 55, 19), None
(134, 243, 177), 60.0
(287, 40, 117), 70.0
(240, 272, 182), 66.0
(134, 69, 241), 56.0
(186, 266, 213), 66.0
(108, 261, 175), 56.0
(183, 36, 115), None
(237, 151, 11), 56.0
(90, 241, 195), 54.0
(140, 75, 138), 58.0
(65, 296, 153), 58.0
(107, 93, 192), 70.0
(281, 246, 261), 86.0
(82, 276, 149), 68.0
(131, 126, 224), 62.0
(150, 210, 157), 66.0
(251, 297, 170), 66.0
(298, 30, 225), 52.0
(103, 115, 176), None
(292, 295, 207), 70.0
(164, 187, 102), 58.0
(133, 12, 17), 68.0
(287, 163, 111), None
(26, 93, 281), 64.0
(140, 94, 99), None
(279, 161, 65), 51.0
(116, 27, 19), 68.0
(223, 184, 17), 66.0
(139, 154, 291), 73.0
(4, 134, 103), None
(178, 183, 299), 78.0
(123, 101, 236), 83.0
(9, 48, 179), None
(237, 68, 133), 66.0
(100, 83, 91), 63.0
(17, 233, 102), None
(172, 3, 91), None
(76, 108, 202), 76.0
(264, 244, 256), None
(245, 10, 166), None
(216, 241, 236), 68.0
(105, 11, 261), 57.0
(290, 296, 178), 80.0
(189, 278, 2), 66.0
(140, 260, 87), 70.0
(35, 6, 159), None
(167, 219, 297), 60.0
(256, 119, 84), None
(151, 6, 84), None
(156, 178, 252), 78.0
(157, 146, 82), 70.0
(108, 21, 140), 76.0
(20, 206, 111), None
(297, 160, 32), 56.0
(265, 87, 94), 66.0
(45, 179, 211), 65.0
(131, 6, 181), None
(11, 281, 219), 51.0
(279, 86, 187), 51.0
(159, 95, 242), 53.0
(158, 292, 192), 70.0
(91, 136, 135), 82.0
(132, 265, 138), 54.0
(173, 61, 237), 64.0
(184, 147, 270), 52.0
(130, 158, 249), 50.0
(128, 246, 252), 52.0
(79, 28, 251), None
(69, 186, 114), None
(96, 252, 169), None
(0, 161, 0), None
(208, 193, 115), None
(72, 281, 30), 68.0
(262, 143, 72), 58.0
(14, 202, 125), 66.0
(45, 64, 281), 61.0
(45, 65, 212), 64.0
(275, 137, 145), 56.0
(241, 80, 123), None
(96, 121, 159), None
(290, 180, 197), 68.0
(16, 166, 36), 80.0
(117, 254, 219), 57.0
(154, 253, 40), 56.0
(198, 270, 9), None
(278, 138, 216), 62.0
(192, 230, 55), None
(193, 156, 186), 68.0
(138, 191, 252), 68.0
(9, 109, 85), None
(128, 168, 158), 54.0
(207, 235, 174), 78.0
(92, 93, 158), 82.0
(93, 206, 104), 62.0
(159, 186, 161), 76.0
(165, 80, 62), None
(6, 244, 211), None
(146, 82, 20), 59.0
(270, 53, 257), 57.0
(34, 104, 244), 66.0
(58, 0, 133), None
(79, 213, 218), None
(285, 71, 217), 52.0
(53, 259, 192), 62.0
(199, 287, 216), 75.0
(44, 213, 152), 64.0
(79, 89, 91), None
(222, 182, 156), 72.0
(121, 245, 61), 76.0
(1, 101, 248), 51.0
(207, 128, 169), 56.0
(159, 168, 210), 65.0
(9, 127, 214), None
(225, 273, 26), 52.0
(137, 221, 193), 62.0
(64, 122, 166), 58.0
(151, 224, 89), 54.0
(143, 84, 180), 71.0
(206, 214, 111), None
(32, 174, 15), 74.0
(94, 27, 131), 70.0
(269, 27, 13), 68.0
(35, 216, 62), 60.0
(161, 282, 214), 72.0
(106, 51, 175), 70.0
(206, 162, 293), 78.0
(21, 205, 250), 52.0
(223, 265, 297), 74.0
(11, 16, 114), None
(51, 247, 297), 52.0
(181, 254, 232), None
(10, 142, 222), None
(1, 12, 40), 86.0
(53, 45, 117), 72.0
(29, 216, 115), None
(106, 212, 175), 68.0
(209, 212, 58), None
(269, 102, 259), 69.0
(37, 152, 277), 74.0
(176, 90, 123), 62.0
(50, 81, 249), 56.0
(202, 189, 62), 58.0
(269, 6, 17), None
(201, 290, 129), 52.0
(239, 31, 118), 60.0
(165, 200, 107), 66.0
(291, 40, 151), 58.0
(163, 284, 202), 86.0
(59, 221, 241), None
(178, 192, 138), 66.0
(93, 40, 291), 56.0
(96, 59, 242), None
(192, 132, 37), 84.0
(122, 62, 17), 74.0
(68, 138, 28), 82.0
(192, 14, 223), 52.0
(167, 17, 139), 58.0
(150, 232, 107), None
(126, 277, 142), 54.0
(117, 105, 8), None
(168, 11, 89), 87.0
(195, 7, 166), None
(6, 239, 283), None
(67, 97, 136), None
(38, 234, 290), 57.0
(96, 175, 98), None
(209, 77, 98), None
(24, 206, 249), 52.0
(227, 298, 49), 52.0
(294, 3, 119), None
(215, 254, 223), 75.0
(154, 31, 173), 74.0
(259, 188, 267), 56.0
(217, 173, 191), 66.0
(291, 193, 284), 81.0
(134, 234, 148), 60.0
(58, 243, 63), None
(176, 158, 28), 74.0
(149, 267, 81), 62.0
(177, 112, 21), 57.0
(53, 121, 69), 66.0
(135, 200, 229), 66.0
(267, 167, 94), 60.0
(136, 246, 278), 74.0
(183, 199, 117), 54.0
(248, 241, 230), 70.0
(40, 249, 61), 69.0
(247, 170, 280), 70.0
(251, 166, 217), 70.0
(215, 130, 286), 54.0
(151, 160, 150), 67.0
(58, 4, 122), None
(13, 160, 80), None
(26, 13, 110), None
(121, 279, 241), 53.0
(228, 53, 142), 64.0
(260, 34, 182), 58.0
(116, 82, 191), 66.0
(172, 107, 97), None
(138, 245, 49), 52.0
(175, 169, 42), 74.0
(173, 114, 251), None
(156, 191, 78), None
(143, 12, 293), 52.0
(167, 123, 210), 78.0
(216, 139, 225), 68.0
(139, 15, 34), 76.0
(163, 52, 154), 68.0
(58, 63, 4), None
(153, 82, 98), None
(21, 160, 233), None
(130, 10, 127), None
(186, 214, 209), 74.0
(232, 85, 140), None
(288, 137, 130), 58.0
(29, 255, 200), None
(40, 289, 214), 72.0
(161, 160, 200), 63.0
(148, 215, 52), 54.0
(282, 94, 97), None
(153, 17, 295), 62.0
(130, 293, 86), 66.0
(289, 197, 35), 46.0
(68, 259, 80), None
(139, 114, 150), None
(111, 238, 190), None
(135, 138, 265), 86.0
(223, 63, 44), 78.0
(164, 58, 37), None
(293, 123, 97), None
(149, 8, 280), None
(248, 215, 274), 63.0
(196, 140, 257), 70.0
(183, 169, 108), 52.0
(68, 177, 216), 68.0
(173, 29, 185), 52.0
(242, 97, 146), None
(179, 291, 295), 86.0
(241, 189, 280), 69.0
(240, 230, 167), 66.0
(24, 211, 167), 54.0
(217, 167, 148), 57.0
(245, 126, 38), 68.0
(159, 210, 82), 70.0
(267, 9, 186), None
(275, 111, 278), None
(263, 73, 261), 56.0
(236, 290, 28), 50.0
(175, 28, 211), 64.0
(64, 198, 79), None
(191, 105, 35), 70.0
(234, 80, 94), None
(9, 114, 288), None
(167, 288, 1), 66.0
(61, 59, 192), None
(52, 200, 204), 62.0
(132, 165, 46), 61.0
(96, 73, 54), None
(267, 122, 221), 88.0
(131, 30, 228), 56.0
(295, 184, 33), 58.0
(84, 241, 116), 69.0
(72, 141, 241), 58.0
(221, 166, 265), 62.0
(88, 61, 46), 86.0
(193, 110, 9), None
(21, 207, 240), 68.0
(40, 234, 110), None
(289, 132, 196), 70.0
(260, 165, 73), 62.0
(261, 17, 52), 58.0
(220, 294, 66), 54.0
(195, 101, 20), 52.0
(53, 196, 168), 52.0
(39, 30, 86), 68.0
(222, 268, 167), 62.0
(20, 290, 242), 52.0
(96, 152, 183), None
(290, 192, 16), 54.0
(287, 177, 293), 80.0
(172, 252, 164), 58.0
(209, 102, 297), 72.0
(157, 158, 256), None
(265, 136, 9), None
(11, 185, 87), 76.0
(178, 201, 31), 56.0
(143, 240, 28), 58.0
(140, 155, 170), 62.0
(191, 15, 209), 58.0
(3, 277, 115), None
(124, 93, 60), 82.0
(212, 34, 24), 78.0
(219, 161, 0), 51.0
(42, 288, 213), 68.0
(225, 137, 213), 80.0
(246, 31, 144), 60.0
(224, 170, 176), 54.0
(142, 192, 66), 58.0
(239, 33, 186), 51.0
(121, 143, 62), 58.0
(190, 41, 55), None
(292, 292, 51), None
(24, 217, 147), 58.0
(99, 234, 5), None
(22, 182, 37), 68.0
(58, 284, 24), None
(99, 235, 232), None
(78, 169, 225), None
(151, 193, 2), 72.0
(219, 299, 156), 94.0
(284, 251, 184), 88.0
(105, 131, 55), None
(124, 205, 13), 66.0
(233, 249, 190), None
(146, 165, 287), 62.0
(45, 33, 269), 64.0
(176, 66, 60), 52.0
(102, 212, 165), 66.0
(88, 240, 158), 52.0
(1, 279, 9), None
(141, 183, 299), 63.0
(109, 42, 297), 60.0
(163, 222, 294), 74.0
(271, 124, 287), 65.0
(251, 62, 247), 55.0
(260, 214, 106), 54.0
(137, 161, 209), 68.0
(40, 229, 60), 49.0
(193, 204, 240), 82.0
(13, 180, 276), 58.0
(83, 233, 170), None
(162, 115, 52), None
(125, 14, 29), 80.0
(4, 214, 182), None
(47, 23, 262), 62.0
(285, 295, 144), 64.0
(195, 121, 266), 72.0
(160, 134, 127), 68.0
(127, 284, 93), 62.0
(172, 185, 54), 52.0
(91, 296, 226), 52.0
(279, 194, 295), 95.0
(263, 238, 132), 54.0
(271, 244, 176), 70.0
(170, 240, 250), 54.0
(294, 279, 3), None
(149, 26, 171), 62.0
(204, 24, 137), 54.0
(214, 258, 270), 76.0
(163, 238, 241), 62.0
(7, 97, 79), None
(16, 105, 69), 70.0
(160, 251, 146), 62.0
(162, 274, 151), 55.0
(163, 248, 229), 69.0
(14, 240, 212), 58.0
(9, 256, 198), None
(13, 103, 239), 66.0
(113, 69, 4), None
(199, 147, 238), 65.0
(289, 258, 36), 46.0
(125, 178, 286), 68.0
(270, 166, 79), None
(70, 229, 78), None
(92, 173, 47), 70.0
(122, 69, 217), 60.0
(256, 136, 73), None
(137, 281, 287), 68.0
(294, 143, 143), None
(245, 180, 88), 56.0
(256, 136, 119), None
(14, 293, 186), 54.0
(31, 47, 280), 66.0
(139, 51, 185), 54.0
(108, 285, 287), 51.0
(140, 287, 55), None
(279, 291, 24), 71.0
(39, 38, 96), None
(140, 43, 157), 52.0
(269, 175, 159), 87.0
(198, 233, 192), None
(299, 29, 249), 45.0
(265, 115, 119), None
(172, 9, 83), None
(273, 44, 154), 56.0
(114, 238, 127), None
(257, 46, 222), 51.0
(31, 88, 128), 68.0
(274, 145, 249), 63.0
(25, 22, 204), 94.0
(269, 256, 252), None
(137, 62, 3), None
(4, 294, 134), None
(3, 203, 208), None
(288, 80, 244), None
(157, 178, 21), 62.0
(297, 291, 254), 73.0
(194, 160, 137), 62.0
(267, 101, 118), 70.0
(49, 73, 13), 76.0
(3, 57, 81), None
(100, 201, 69), 71.0
(119, 238, 207), 64.0
(104, 110, 171), None
(213, 285, 215), 68.0
(299, 299, 276), None
(61, 25, 122), 82.0
(185, 140, 127), 60.0
(183, 5, 244), None
(102, 195, 146), 76.0
(114, 124, 118), None
(160, 269, 63), 68.0
(266, 135, 166), 62.0
(237, 109, 67), 77.0
(188, 222, 173), 72.0
(41, 66, 235), 54.0
(52, 243, 33), 68.0
(120, 40, 140), 45.0
(188, 160, 170), 70.0
(216, 215, 257), 62.0
(287, 175, 227), 74.0
(267, 169, 5), None
(219, 32, 66), 74.0
(20, 231, 235), 70.0
(176, 138, 64), 67.0
(174, 293, 17), 52.0
(39, 242, 284), 65.0
(150, 237, 240), 52.0
(123, 55, 171), None
(256, 132, 183), None
(80, 103, 221), None
(273, 52, 149), 50.0
(116, 220, 164), 66.0
(115, 102, 22), None
(113, 66, 61), None
(265, 59, 295), None
(102, 253, 58), None
(81, 8, 87), None
(47, 285, 77), None
(52, 48, 116), 62.0
(218, 104, 290), 68.0
(249, 186, 139), 68.0
(278, 252, 170), 68.0
(11, 7, 9), None
(125, 10, 200), None
(158, 173, 176), 92.0
(100, 39, 52), 69.0
(87, 192, 254), 72.0
(163, 44, 96), None
(163, 232, 108), None
(295, 151, 215), 82.0
(29, 296, 77), None
(169, 143, 286), 70.0
(20, 264, 206), 74.0
(148, 85, 130), 62.0
(231, 244, 4), None
(291, 240, 173), 63.0
(124, 96, 91), None
(176, 43, 181), 56.0
(111, 185, 178), None
(213, 110, 290), None
(221, 272, 30), 56.0
(217, 219, 232), None
(266, 32, 233), None
(0, 145, 116), 69.0
(203, 182, 15), 66.0
(56, 6, 51), None
(147, 212, 31), 53.0
(12, 83, 110), None
(176, 131, 108), 72.0
(150, 180, 263), 62.0
(235, 58, 48), None
(225, 181, 79), None
(26, 165, 234), 51.0
(83, 27, 271), 54.0
(248, 174, 292), 92.0
(235, 264, 75), 50.0
(5, 64, 255), None
(186, 247, 6), None
(212, 274, 35), 71.0
(299, 162, 72), 58.0
(187, 125, 69), 60.0
(169, 105, 108), 68.0
(131, 188, 29), 66.0
(122, 242, 13), 60.0
(124, 191, 101), 67.0
(124, 221, 211), 58.0
(16, 188, 246), 46.0
(92, 39, 2), 71.0
(54, 47, 199), 74.0
(107, 136, 220), 52.0
(51, 132, 220), 55.0
(143, 237, 29), 62.0
(130, 213, 77), None
(240, 242, 160), 75.0
(95, 174, 54), 75.0
(15, 214, 19), 76.0
(195, 152, 202), 52.0
(129, 212, 13), 82.0
(90, 132, 3), None
(223, 249, 252), 66.0
(183, 201, 215), 76.0
(205, 288, 132), 61.0
(95, 25, 189), 67.0
(123, 7, 288), None
(86, 205, 212), 56.0
(215, 110, 244), None
(140, 49, 23), 88.0
(124, 178, 163), 54.0
(110, 215, 102), None
(275, 129, 146), 64.0
(160, 216, 206), 70.0
(163, 219, 27), 51.0
(115, 111, 44), None
(277, 156, 264), 85.0
(60, 205, 64), 84.0
(130, 285, 259), 51.0
(257, 8, 167), None
(228, 116, 252), 82.0
(235, 33, 29), 76.0
(235, 40, 198), 76.0
(16, 137, 239), 44.0
(211, 258, 108), 68.0
(279, 68, 60), 56.0
(78, 14, 9), None
(29, 67, 92), 66.0
(5, 223, 205), None
(295, 266, 168), 58.0
(52, 102, 8), None
(288, 52, 124), 56.0
(94, 47, 40), 72.0
(127, 219, 64), 76.0
(40, 13, 221), 66.0
(217, 12, 50), 80.0
(246, 157, 211), 80.0
(214, 243, 52), 52.0
(143, 157, 24), 52.0
(224, 288, 60), 56.0
(191, 161, 24), 52.0
(288, 26, 233), None
(166, 176, 291), 62.0
(49, 204, 97), None
(63, 98, 253), None
(151, 210, 293), 72.0
(140, 245, 87), 70.0
(206, 132, 35), 59.0
(223, 39, 55), None
(210, 204, 93), 54.0
(86, 120, 90), 84.0
(283, 176, 128), 52.0
(168, 2, 81), 52.0
(154, 45, 53), 74.0
(118, 48, 78), None
(292, 209, 9), None
(269, 97, 53), None
(235, 285, 77), None
(4, 231, 162), None
Sampler:CmaEsSampler
(280, 29, 113), None
(222, 266, 9), None
(273, 56, 185), None
(175, 196, 166), 66.0
(170, 68, 137), 66.0
(248, 215, 11), 52.0
(65, 212, 140), 52.0
(212, 133, 47), 76.0
(158, 95, 166), 56.0
(225, 75, 108), 68.0
(220, 130, 216), 54.0
(242, 80, 51), None
(127, 224, 53), 66.0
(204, 281, 56), None
(239, 141, 85), 56.0
(207, 159, 61), 67.0
(130, 157, 115), None
(255, 150, 15), None
(208, 157, 108), 52.0
(228, 146, 128), 54.0
(294, 108, 63), 60.0
(256, 155, 57), None
(146, 111, 45), None
(190, 145, 110), None
(147, 79, 52), None
(257, 95, 153), 84.0
(221, 163, 34), 58.0
(247, 72, 47), 64.0
(268, 149, 141), 56.0
(238, 99, 185), None
(204, 19, 163), 68.0
(281, 189, 46), 53.0
(235, 126, 43), 76.0
(247, 215, 71), 50.0
(297, 50, 68), 80.0
(278, 37, 26), 72.0
(262, 31, 54), 69.0
(264, 163, 36), 64.0
(202, 50, 66), 72.0
(211, 139, 64), 64.0
(253, 165, 56), None
(262, 98, 50), None
(285, 76, 67), 66.0
(294, 111, 58), None
(287, 85, 75), 64.0
(283, 87, 1), 68.0
(151, 93, 106), 60.0
(280, 131, 2), 62.0
(268, 28, 123), 56.0
(185, 93, 156), 56.0
(215, 21, 74), 68.0
(211, 45, 33), 78.0
(182, 79, 56), None
(233, 133, 78), None
(277, 45, 26), 82.0
(166, 123, 6), None
(253, 37, 108), 74.0
(177, 146, 104), 72.0
(231, 128, 87), 69.0
(259, 19, 26), 76.0
(290, 42, 57), None
(252, 70, 68), 68.0
(284, 38, 14), 62.0
(223, 99, 82), None
(294, 33, 50), 70.0
(280, 68, 31), 68.0
(220, 92, 32), 66.0
(175, 98, 113), None
(222, 16, 14), 72.0
(117, 104, 59), None
(269, 113, 50), None
(257, 132, 95), 86.0
(286, 53, 109), 62.0
(204, 139, 100), 69.0
(218, 26, 3), None
(178, 51, 18), 78.0
(183, 126, 126), None
(290, 54, 2), 59.0
(238, 121, 42), 52.0
(246, 114, 107), None
(264, 10, 6), None
(248, 49, 20), 56.0
(291, 127, 87), 50.0
(202, 152, 122), 68.0
(223, 61, 45), 78.0
(224, 80, 53), None
(195, 149, 101), 60.0
(164, 93, 43), 72.0
(208, 71, 44), 66.0
(214, 96, 55), None
(199, 43, 26), 58.0
(235, 151, 122), 56.0
(142, 141, 108), 87.0
(245, 87, 27), 64.0
(73, 136, 127), 76.0
(43, 155, 97), None
(196, 88, 2), 62.0
(199, 121, 59), None
(145, 136, 34), 56.0
(197, 55, 23), None
(166, 90, 93), 76.0
(204, 67, 41), 86.0
(171, 57, 64), None
(241, 156, 128), 52.0
(148, 108, 75), 68.0
(148, 128, 97), None
(100, 119, 144), 75.0
(162, 46, 113), None
(108, 105, 100), 94.0
(106, 68, 89), 72.0
(172, 84, 108), 74.0
(92, 139, 105), 62.0
(152, 191, 167), 55.0
(129, 121, 129), None
(17, 116, 123), 76.0
(63, 74, 139), 64.0
(167, 90, 83), 60.0
(68, 128, 149), 55.0
(164, 90, 19), 64.0
(107, 148, 168), 62.0
(110, 121, 141), None
(118, 90, 68), 65.0
(124, 26, 92), 70.0
(89, 68, 37), 64.0
(23, 156, 104), 54.0
(120, 91, 133), 68.0
(127, 110, 81), None
(142, 47, 132), 66.0
(79, 111, 60), None
(57, 136, 99), None
(80, 77, 157), None
(76, 143, 129), 58.0
(137, 52, 138), 67.0
(124, 37, 119), 74.0
(171, 68, 165), 52.0
(113, 86, 98), None
(40, 116, 111), None
(15, 40, 188), 68.0
(246, 92, 99), None
(46, 43, 76), 68.0
(218, 93, 61), 56.0
(129, 35, 105), 60.0
(1, 82, 172), 64.0
(48, 77, 66), None
(20, 141, 152), 64.0
(211, 7, 103), None
(74, 50, 149), 69.0
(156, 9, 117), None
(99, 45, 137), None
(85, 122, 41), 72.0
(141, 76, 71), 86.0
(8, 52, 44), None
(4, 130, 110), None
(241, 63, 134), 68.0
(62, 86, 139), 56.0
(30, 34, 87), 80.0
(79, 112, 85), None
(121, 57, 91), None
(240, 43, 42), 77.0
(198, 48, 28), 82.0
(18, 178, 127), 68.0
(143, 53, 77), None
(91, 140, 106), 74.0
(125, 27, 90), 66.0
(73, 56, 129), None
(3, 136, 40), None
(194, 18, 94), 72.0
(34, 100, 77), None
(169, 122, 29), 58.0
(188, 56, 27), None
(180, 75, 53), 74.0
(161, 59, 105), None
(192, 46, 105), 60.0
(90, 125, 122), 76.0
(220, 51, 113), None
(117, 61, 65), 53.0
(231, 25, 9), None
(259, 2, 47), 58.0
(92, 138, 92), None
(139, 83, 63), 56.0
(125, 7, 77), None
(113, 77, 25), None
(206, 35, 56), None
(112, 77, 29), None
(180, 71, 43), 72.0
(227, 58, 101), None
(196, 15, 114), None
(290, 92, 0), 56.0
(194, 123, 20), 56.0
(41, 135, 162), 66.0
(217, 108, 71), 70.0
(187, 106, 164), 48.0
(170, 104, 110), None
(147, 104, 105), 78.0
(245, 106, 98), None
(201, 113, 92), None
(297, 83, 46), 62.0
(7, 212, 74), None
(139, 70, 129), 59.0
(16, 158, 148), 58.0
(130, 108, 169), 70.0
(110, 124, 152), None
(200, 99, 104), None
(108, 162, 164), 65.0
(128, 136, 83), 62.0
(164, 106, 68), 90.0
(270, 87, 53), 64.0
(30, 157, 190), 66.0
(84, 106, 123), 54.0
(185, 133, 78), None
(207, 61, 17), 68.0
(244, 69, 47), 68.0
(46, 90, 159), 68.0
(93, 83, 85), 68.0
(47, 90, 167), 72.0
(137, 31, 97), None
(39, 88, 92), 70.0
(86, 111, 114), None
(156, 125, 98), None
(128, 34, 55), None
(18, 96, 135), None
(148, 30, 30), None
(75, 128, 160), 66.0
(71, 119, 113), None
(117, 107, 129), 65.0
(22, 153, 139), 68.0
(50, 124, 194), 66.0
(132, 86, 124), 78.0
(230, 44, 17), 70.0
(166, 85, 131), 64.0
(144, 84, 117), 72.0
(155, 76, 40), 72.0
(160, 73, 106), 68.0
(102, 48, 84), 88.0
(98, 76, 136), None
(30, 78, 134), None
(146, 83, 101), 58.0
(130, 97, 103), None
(201, 77, 58), None
(87, 91, 170), 72.0
(91, 41, 105), 72.0
(5, 80, 139), None
(78, 73, 100), None
(96, 75, 85), None
(42, 53, 124), 66.0
(132, 56, 69), None
(142, 59, 99), None
(95, 80, 122), None
(146, 88, 72), 74.0
(122, 80, 110), None
(166, 75, 115), None
(131, 13, 58), None
(131, 36, 91), 80.0
(73, 94, 72), 83.0
(93, 77, 92), None
(102, 20, 153), 62.0
(152, 79, 65), None
(81, 92, 56), None
(138, 51, 84), 68.0
(45, 103, 119), 62.0
(30, 68, 170), 76.0
(95, 112, 81), 82.0
(125, 83, 56), None
(139, 82, 95), 58.0
(168, 41, 36), 68.0
(31, 116, 112), 71.0
(76, 64, 46), 68.0
(51, 57, 137), None
(79, 119, 125), None
(99, 116, 72), None
(42, 105, 140), 64.0
(22, 140, 198), 52.0
(10, 156, 116), None
(34, 123, 109), 60.0
(11, 128, 143), 60.0
(80, 49, 106), None
(74, 112, 51), 73.0
(96, 111, 110), None
(84, 67, 115), None
(156, 50, 46), 76.0
(139, 97, 95), None
(23, 98, 143), None
(54, 118, 123), 64.0
(113, 72, 76), None
(114, 111, 44), None
(148, 63, 59), None
(83, 91, 76), 80.0
(134, 32, 62), 70.0
(193, 50, 1), 74.0
(104, 64, 7), None
(61, 51, 102), 82.0
(109, 77, 69), None
(126, 28, 68), 82.0
(70, 78, 68), None
(108, 60, 92), 70.0
(197, 21, 25), 52.0
(74, 111, 87), None
(72, 84, 110), None
(81, 42, 97), None
(100, 85, 122), 75.0
(134, 57, 55), None
(36, 55, 136), None
(123, 51, 88), 68.0
(40, 78, 94), None
(82, 25, 72), 80.0
(97, 64, 79), None
(106, 22, 61), 64.0
(13, 51, 134), 80.0
(69, 120, 108), 64.0
(48, 38, 85), 70.0
(73, 23, 146), 68.0
(64, 50, 71), 68.0
(66, 24, 67), 75.0
(28, 49, 112), 73.0
(106, 5, 42), None
(36, 124, 84), 72.0
(10, 11, 139), None
(59, 37, 157), None
(82, 20, 108), 74.0
(10, 61, 158), None
(39, 82, 105), 70.0
(129, 28, 52), 68.0
(72, 25, 122), 82.0
(83, 61, 123), 72.0
(70, 13, 51), 68.0
(30, 41, 93), 68.0
(67, 24, 78), None
(36, 48, 81), 68.0
(80, 80, 108), None
(97, 19, 90), None
(40, 44, 83), 86.0
(98, 39, 47), None
(90, 41, 80), None
(54, 37, 118), 74.0
(61, 45, 120), 82.0
(82, 49, 123), 70.0
(73, 1, 57), None
(71, 51, 106), 74.0
(51, 48, 123), 72.0
(93, 72, 94), 78.0
(100, 63, 73), 60.0
(60, 54, 108), 68.0
(80, 52, 106), None
(16, 41, 158), 70.0
(90, 60, 109), 65.0
(93, 21, 126), 66.0
(59, 99, 162), None
(90, 32, 101), 82.0
(87, 44, 116), 64.0
(52, 52, 153), None
(87, 28, 65), 64.0
(81, 16, 112), 80.0
(85, 63, 132), 68.0
(83, 28, 120), 68.0
(90, 23, 99), None
(2, 20, 142), 80.0
(14, 41, 160), 68.0
(103, 9, 76), None
(94, 58, 105), None
(98, 43, 83), None
(39, 70, 136), 74.0
(49, 0, 122), 71.0
(31, 3, 126), None
(16, 23, 131), 64.0
(26, 11, 122), 78.0
(78, 26, 94), None
(16, 15, 138), None
(58, 1, 148), None
(55, 5, 117), None
(72, 40, 110), None
(35, 14, 139), 85.0
(23, 17, 122), 72.0
(16, 40, 140), 69.0
(66, 32, 111), None
(71, 28, 118), 66.0
(94, 16, 108), 86.0
(94, 5, 92), None
(69, 12, 113), None
(40, 11, 137), 57.0
(46, 2, 143), 56.0
(49, 5, 133), None
(86, 21, 98), None
(96, 6, 119), None
(29, 1, 160), 84.0
(89, 33, 84), 62.0
(93, 62, 130), 68.0
(88, 55, 88), None
(57, 2, 117), None
(98, 35, 100), None
(100, 17, 84), 66.0
(17, 18, 148), 71.0
(35, 25, 175), 76.0
(49, 23, 134), 64.0
(84, 15, 122), 68.0
(81, 5, 117), None
(41, 28, 145), 70.0
(17, 38, 139), None
(48, 24, 166), 64.0
(65, 8, 135), None
(41, 29, 162), 84.0
(30, 22, 132), 70.0
(61, 35, 145), 68.0
(9, 30, 184), None
(2, 9, 143), None
(29, 58, 170), None
(33, 45, 165), 74.0
(49, 26, 170), 72.0
(12, 12, 174), None
(49, 11, 166), 74.0
(15, 37, 159), 80.0
(1, 30, 194), 66.0
(24, 59, 159), None
(18, 23, 174), 60.0
(54, 51, 141), 72.0
(37, 17, 147), 74.0
(18, 51, 151), 76.0
(5, 54, 173), None
(53, 53, 146), None
(50, 17, 172), 82.0
(63, 8, 136), None
(17, 25, 160), 68.0
(38, 53, 149), 69.0
(64, 36, 151), 74.0
(68, 7, 125), None
(41, 15, 146), 68.0
(48, 11, 152), 77.0
(37, 31, 191), 76.0
(77, 14, 135), None
(67, 4, 116), None
(47, 43, 145), 64.0
(20, 25, 180), 78.0
(7, 47, 199), None
(67, 20, 166), 58.0
(18, 37, 203), 68.0
(26, 13, 192), 92.0
(36, 17, 161), 84.0
(16, 33, 172), 78.0
(60, 8, 124), None
(17, 36, 179), 68.0
(30, 29, 141), 78.0
(35, 8, 155), None
(38, 41, 154), 64.0
(19, 30, 169), 70.0
(49, 19, 167), 68.0
(14, 22, 188), 68.0
(57, 31, 175), None
(23, 31, 196), 69.0
(2, 8, 220), None
(33, 15, 176), 76.0
(50, 10, 164), None
(21, 19, 206), 68.0
(46, 10, 171), None
(29, 2, 177), 56.0
(22, 39, 187), 67.0
(55, 27, 155), None
(37, 15, 196), 80.0
(43, 21, 198), 60.0
(52, 5, 177), None
(46, 10, 150), None
(26, 25, 186), 77.0
(27, 12, 177), 72.0
(25, 16, 182), 70.0
(25, 17, 204), 68.0
(21, 28, 200), 76.0
(46, 19, 200), 70.0
(32, 10, 190), None
(34, 20, 193), 70.0
(20, 20, 218), None
(26, 20, 186), 58.0
(14, 32, 185), 74.0
(33, 15, 191), 94.0
(18, 2, 204), 68.0
(0, 22, 220), 89.0
(34, 11, 191), 76.0
(22, 17, 196), 76.0
(13, 6, 207), None
(24, 8, 204), None
(16, 15, 200), None
(14, 21, 209), 72.0
(6, 28, 210), None
(25, 37, 196), 64.0
(9, 32, 206), None
(15, 28, 200), 70.0
(14, 21, 214), 68.0
(24, 12, 205), 76.0
(33, 13, 184), 84.0
(34, 9, 196), None
(20, 30, 208), 64.0
(33, 18, 195), 66.0
(20, 6, 204), None
(30, 10, 186), None
(36, 14, 193), 76.0
(34, 14, 194), 66.0
(35, 20, 163), 74.0
(30, 15, 197), 70.0
(18, 20, 210), 70.0
(35, 25, 189), 68.0
(31, 20, 176), 59.0
(26, 17, 196), 58.0
(28, 8, 197), None
(47, 18, 181), 70.0
(36, 7, 172), None
(36, 12, 176), 62.0
(42, 8, 175), None
(37, 8, 173), None
(30, 11, 178), 69.0
(20, 26, 195), 58.0
(29, 28, 188), 67.0
(27, 21, 203), 80.0
(22, 16, 202), 68.0
(19, 9, 206), None
(30, 23, 200), 80.0
(37, 27, 202), 70.0
(29, 15, 216), 68.0
(25, 28, 197), 68.0
(19, 17, 223), 72.0
(18, 30, 228), 68.0
(30, 24, 200), 78.0
(39, 11, 188), 65.0
(25, 26, 206), 63.0
(47, 11, 181), 70.0
(41, 22, 198), 58.0
(22, 27, 217), 56.0
(15, 10, 220), None
(28, 21, 201), 76.0
(45, 15, 177), 74.0
(28, 27, 208), 67.0
(19, 21, 209), 68.0
(44, 20, 191), 52.0
(27, 21, 205), 84.0
(32, 16, 195), 72.0
(21, 17, 201), 68.0
(25, 17, 205), 68.0
(24, 19, 207), 68.0
(46, 20, 179), 52.0
(38, 18, 192), 76.0
(38, 23, 201), 68.0
(34, 21, 197), 72.0
(35, 23, 198), 80.0
(37, 15, 192), 90.0
(26, 16, 204), 70.0
(35, 16, 199), 66.0
(38, 16, 193), 86.0
(42, 13, 183), 74.0
(40, 21, 189), 53.0
(34, 14, 205), 78.0
(39, 12, 193), 91.0
(32, 21, 208), 70.0
(37, 19, 202), 74.0
(36, 15, 205), 70.0
(39, 13, 192), 88.0
(38, 13, 192), 82.0
(53, 0, 170), 68.0
(35, 8, 194), None
(40, 9, 189), None
(33, 10, 203), None
(31, 18, 211), 70.0
(37, 14, 189), 76.0
(43, 7, 189), None
(34, 22, 207), 70.0
(33, 21, 194), 72.0
(33, 13, 195), 72.0
(41, 11, 188), 69.0
(43, 14, 190), 74.0
(38, 9, 195), None
(30, 14, 199), 70.0
(42, 10, 196), None
(38, 8, 189), None
(34, 16, 202), 64.0
(46, 8, 181), None
(40, 15, 193), 78.0
(48, 7, 186), None
(44, 16, 186), 66.0
(42, 15, 187), 68.0
(44, 11, 194), 71.0
(36, 15, 197), 73.0
(40, 17, 188), 68.0
(45, 11, 189), 71.0
(33, 15, 201), 64.0
(46, 13, 186), 66.0
(36, 10, 193), None
(44, 11, 184), 72.0
(31, 18, 196), 80.0
(40, 10, 198), None
(40, 15, 198), 72.0
(42, 16, 190), 74.0
(34, 10, 200), None
(41, 10, 193), None
(43, 11, 193), 73.0
(36, 13, 194), 73.0
(31, 19, 198), 72.0
(33, 16, 190), 64.0
(37, 12, 198), 80.0
(44, 9, 190), None
(37, 17, 195), 78.0
(34, 16, 194), 72.0
(33, 15, 195), 74.0
(40, 14, 190), 74.0
(36, 14, 200), 74.0
(38, 14, 201), 70.0
(35, 11, 201), 77.0
(36, 13, 199), 78.0
(40, 12, 194), 70.0
(41, 16, 191), 72.0
(40, 15, 194), 78.0
(32, 18, 196), 78.0
(36, 16, 194), 72.0
(30, 21, 197), 58.0
(36, 16, 197), 74.0
(33, 16, 195), 68.0
(39, 17, 193), 85.0
(36, 14, 198), 78.0
(36, 18, 193), 76.0
(39, 16, 196), 72.0
(39, 17, 195), 76.0
(38, 17, 192), 93.0
(36, 17, 194), 74.0
(39, 18, 191), 79.0
(39, 13, 196), 77.0
(38, 16, 195), 74.0
(39, 16, 193), 89.0
(39, 20, 189), 67.0
(41, 15, 194), 78.0
(39, 20, 190), 69.0
(39, 15, 195), 72.0
(39, 16, 194), 80.0
(36, 19, 195), 76.0
(42, 15, 193), 74.0
(37, 16, 192), 78.0
(40, 14, 193), 76.0
(40, 16, 193), 76.0
(40, 17, 190), 72.0
(35, 16, 196), 74.0
(37, 17, 193), 82.0
(35, 16, 195), 72.0
(36, 13, 196), 74.0
(37, 15, 194), 82.0
(37, 16, 191), 76.0
(40, 17, 191), 76.0
(36, 19, 193), 78.0
(34, 18, 194), 74.0
(40, 16, 190), 72.0
(39, 17, 194), 76.0
(37, 18, 192), 74.0
(38, 17, 193), 83.0
(38, 18, 195), 78.0
(38, 20, 192), 74.0
(39, 16, 192), 73.0
(39, 17, 192), 87.0
(37, 19, 193), 82.0
(38, 18, 193), 82.0
(40, 17, 193), 76.0
(38, 19, 191), 92.0
(39, 18, 192), 75.0
(38, 19, 190), 90.0
(39, 18, 193), 91.0
(37, 18, 193), 70.0
(39, 19, 191), None
(39, 19, 192), None
(40, 18, 192), 78.0
(38, 19, 192), 84.0
(38, 18, 191), 74.0
(40, 18, 193), 78.0
(40, 17, 194), 78.0
(39, 19, 193), 76.0
(38, 17, 194), 69.0
