Sampler:BoTorchSampler
(195, 384, 31, 116, 197, 102), 48.166666666666664
(233, 293, 120, 146, 263, 85), 45.0
(286, 195, 51, 146, 174, 350), 48.5
(113, 326, 57, 308, 77, 361), 53.333333333333336
(399, 185, 19, 257, 186, 41), 45.0
(72, 213, 286, 135, 363, 82), 50.666666666666664
(311, 143, 43, 370, 137, 271), 42.0
(281, 44, 108, 181, 273, 358), 51.666666666666664
(108, 83, 213, 244, 52, 317), 46.0
(360, 182, 343, 240, 10, 333), 56.333333333333336
(393, 198, 391, 224, 0, 355), 47.0
(325, 178, 288, 264, 0, 287), 46.166666666666664
(40, 75, 34, 294, 62, 72), 47.5
(282, 110, 63, 299, 168, 118), 37.666666666666664
(44, 299, 37, 266, 72, 398), 43.166666666666664
(348, 130, 314, 179, 124, 173), 47.666666666666664
(350, 115, 305, 162, 151, 215), 46.0
(115, 7, 47, 380, 174, 125), 57.166666666666664
(91, 0, 43, 376, 227, 136), 45.5
(3, 272, 62, 213, 58, 32), 47.0
(324, 339, 185, 169, 386, 279), 38.5
(201, 83, 242, 171, 281, 185), 51.666666666666664
(289, 228, 48, 26, 105, 43), 55.333333333333336
(157, 258, 117, 100, 143, 350), 44.166666666666664
(295, 244, 20, 0, 31, 0), None
(209, 239, 146, 42, 142, 111), 44.0
(330, 239, 0, 0, 50, 0), None
(282, 48, 194, 174, 399, 305), 48.0
(261, 12, 331, 76, 92, 305), 47.833333333333336
(375, 235, 312, 357, 63, 246), 52.833333333333336
(23, 355, 75, 144, 224, 298), 44.333333333333336
(392, 326, 288, 45, 79, 147), 44.666666666666664
(219, 167, 323, 294, 66, 152), 42.0
(346, 353, 26, 312, 333, 172), 52.5
(324, 63, 95, 375, 159, 87), 40.666666666666664
(313, 243, 0, 0, 70, 0), None
(322, 147, 104, 159, 252, 282), 46.833333333333336
(114, 139, 227, 250, 335, 105), 49.166666666666664
(388, 49, 128, 106, 104, 233), 50.833333333333336
(97, 398, 198, 221, 343, 312), 51.166666666666664
(322, 221, 0, 0, 63, 20), None
(200, 208, 353, 133, 306, 290), 43.666666666666664
(197, 325, 70, 385, 25, 102), 46.333333333333336
(369, 374, 146, 132, 123, 204), 50.0
(332, 241, 0, 0, 64, 47), None
(46, 216, 208, 101, 347, 347), None
(331, 240, 1, 0, 65, 45), 54.5
(326, 166, 32, 0, 83, 57), 51.833333333333336
(303, 295, 4, 0, 95, 0), None
(303, 291, 6, 0, 93, 1), 52.666666666666664
Sampler:TPESampler
(192, 354, 283, 244, 95, 317), 47.833333333333336
(298, 397, 225, 240, 94, 84), 46.666666666666664
(100, 214, 310, 90, 329, 189), 45.833333333333336
(6, 243, 166, 124, 385, 170), 41.5
(283, 61, 177, 232, 162, 125), 52.333333333333336
(336, 366, 252, 273, 150, 388), 54.666666666666664
(187, 196, 43, 20, 176, 78), 45.333333333333336
(288, 298, 148, 46, 265, 338), 47.833333333333336
(9, 323, 200, 49, 114, 233), 50.666666666666664
(57, 215, 51, 366, 2, 368), 42.333333333333336
(385, 98, 331, 364, 257, 12), 50.833333333333336
(317, 2, 391, 295, 179, 263), 52.333333333333336
(382, 112, 119, 165, 234, 126), 43.666666666666664
(249, 3, 242, 294, 149, 272), 48.5
(334, 115, 107, 188, 29, 5), 50.666666666666664
(232, 158, 258, 296, 55, 386), 55.5
(140, 160, 278, 318, 60, 390), 48.833333333333336
(241, 262, 376, 393, 61, 313), 56.5
(229, 280, 369, 391, 58, 315), 49.5
(156, 262, 349, 331, 6, 286), 51.333333333333336
(230, 163, 316, 353, 51, 351), 51.833333333333336
(344, 388, 264, 283, 127, 394), 56.666666666666664
(258, 166, 277, 398, 119, 352), 52.5
(367, 316, 394, 326, 94, 399), 57.0
(366, 327, 385, 334, 213, 306), 52.5
(354, 372, 399, 278, 114, 399), None
(397, 319, 355, 372, 84, 336), 55.333333333333336
(314, 397, 0, 327, 127, 254), 53.166666666666664
(270, 255, 333, 211, 31, 366), 49.333333333333336
(205, 348, 303, 261, 90, 227), 50.166666666666664
(350, 307, 357, 312, 195, 305), 48.166666666666664
(181, 352, 213, 347, 67, 376), 44.0
(228, 293, 258, 253, 86, 331), 44.833333333333336
(305, 227, 292, 301, 136, 396), 40.5
(139, 189, 226, 225, 36, 364), 56.0
(87, 271, 178, 232, 31, 353), 45.833333333333336
(129, 237, 235, 149, 102, 293), 48.333333333333336
(103, 381, 326, 214, 395, 328), 50.0
(158, 192, 145, 196, 342, 366), 43.833333333333336
(331, 352, 215, 271, 81, 215), None
(54, 399, 371, 240, 20, 162), 41.833333333333336
(198, 142, 257, 289, 47, 380), 43.666666666666664
(279, 195, 191, 385, 72, 398), 51.0
(172, 212, 270, 347, 104, 350), 45.666666666666664
(213, 183, 305, 260, 41, 374), 47.666666666666664
(295, 143, 235, 316, 0, 326), 49.333333333333336
(251, 83, 223, 217, 147, 360), 47.0
(371, 244, 291, 176, 167, 380), 48.0
(124, 288, 159, 131, 14, 345), 48.0
(321, 338, 341, 369, 294, 68), 43.333333333333336
Sampler:CmaEsSampler
(187, 40, 11, 330, 393, 35), 46.0
(81, 151, 176, 138, 97, 257), 57.833333333333336
(234, 227, 95, 154, 203, 299), 53.5
(156, 239, 67, 355, 149, 131), 51.0
(207, 287, 161, 191, 194, 168), 59.666666666666664
(296, 243, 46, 259, 141, 206), 46.666666666666664
(229, 273, 242, 197, 236, 186), 46.5
(317, 225, 286, 263, 149, 197), 38.166666666666664
(271, 191, 206, 246, 49, 128), 43.0
(249, 286, 144, 184, 129, 173), 46.333333333333336
(175, 186, 126, 220, 207, 203), 58.5
(108, 193, 63, 220, 46, 159), 46.833333333333336
(179, 200, 188, 141, 168, 179), None
(255, 237, 36, 194, 187, 180), 53.833333333333336
(175, 269, 142, 198, 179, 314), 50.5
(189, 339, 181, 91, 166, 194), 43.666666666666664
(149, 194, 232, 195, 291, 180), 50.0
(207, 239, 314, 156, 192, 297), 48.0
(204, 238, 84, 184, 199, 153), 44.666666666666664
(222, 296, 132, 153, 117, 217), 51.5
(203, 276, 83, 228, 214, 199), 41.333333333333336
(166, 293, 120, 219, 217, 204), 44.333333333333336
(118, 199, 144, 88, 247, 218), 53.0
(240, 158, 77, 246, 188, 234), 44.333333333333336
(175, 219, 150, 206, 236, 167), 54.166666666666664
(269, 290, 116, 202, 73, 214), 54.166666666666664
(299, 228, 76, 256, 210, 164), 49.0
(179, 224, 142, 244, 232, 291), 45.333333333333336
(162, 259, 114, 260, 236, 309), 42.666666666666664
(231, 217, 215, 188, 150, 152), 45.0
(178, 190, 215, 290, 154, 145), 51.333333333333336
(194, 297, 67, 216, 119, 247), 42.833333333333336
(270, 235, 78, 234, 220, 212), 50.0
(254, 288, 149, 207, 243, 169), 47.833333333333336
(115, 276, 32, 129, 162, 204), 47.5
(118, 226, 161, 221, 183, 209), 53.666666666666664
(179, 168, 73, 185, 184, 154), 41.0
(270, 147, 214, 158, 196, 124), 52.0
(206, 181, 116, 146, 190, 208), 42.666666666666664
(184, 184, 174, 218, 197, 77), None
(209, 207, 141, 129, 118, 228), 43.833333333333336
(113, 214, 178, 137, 223, 179), 50.833333333333336
(157, 242, 133, 173, 243, 173), None
(104, 225, 168, 212, 222, 157), 49.666666666666664
(231, 232, 177, 161, 210, 122), 40.333333333333336
(173, 250, 234, 265, 267, 193), 55.666666666666664
(107, 233, 144, 151, 144, 111), None
(192, 203, 151, 200, 155, 175), 37.5
(202, 160, 213, 220, 198, 184), 56.666666666666664
(150, 194, 201, 257, 225, 228), 34.333333333333336
