Sampler:TPESampler
(315, 23, 283, 304, 21, 224), 60.0
(396, 238, 334, 12, 188, 67), 52.0
(108, 8, 218, 116, 24, 166), 70.0
(364, 303, 305, 152, 135, 359), 52.0
(229, 388, 13, 306, 151, 47), 52.0
(121, 85, 307, 24, 114, 229), 54.0
(312, 67, 285, 359, 352, 357), 48.0
(245, 81, 20, 381, 159, 346), 45.0
(136, 254, 65, 368, 168, 175), 56.0
(368, 20, 194, 36, 387, 76), 60.0
(3, 161, 120, 236, 284, 294), 42.0
(19, 140, 113, 240, 223, 298), 54.0
(1, 152, 117, 237, 278, 291), 58.0
(215, 158, 1, 290, 283, 303), 54.0
(268, 99, 398, 187, 255, 382), 58.0
(72, 199, 76, 392, 81, 258), 61.0
(162, 123, 162, 93, 305, 128), None
(178, 195, 51, 257, 222, 327), 48.0
(51, 62, 132, 333, 337, 394), 38.0
(66, 300, 140, 199, 337, 385), 50.0
(47, 56, 231, 336, 378, 396), 60.0
(41, 104, 101, 333, 319, 339), 59.0
(257, 53, 165, 378, 242, 285), 46.0
(68, 179, 42, 271, 284, 333), 48.0
(99, 105, 88, 341, 75, 244), 42.0
(106, 117, 94, 337, 97, 266), 52.0
(3, 229, 146, 217, 73, 213), 48.0
(88, 42, 187, 162, 344, 248), 52.0
(37, 162, 132, 274, 60, 178), 52.0
(140, 41, 250, 303, 398, 140), None
(29, 0, 76, 314, 5, 232), 54.0
(185, 82, 28, 396, 41, 1), 74.0
(282, 133, 91, 352, 186, 357), 52.0
(89, 80, 32, 316, 212, 318), 52.0
(216, 106, 54, 374, 143, 365), 42.0
(158, 229, 172, 350, 131, 369), 67.0
(221, 109, 120, 114, 104, 398), 68.0
(200, 174, 59, 284, 364, 274), 48.0
(56, 138, 147, 324, 186, 200), 61.0
(93, 26, 84, 365, 135, 313), 52.0
(124, 265, 211, 250, 310, 371), 74.0
(299, 69, 19, 379, 171, 344), 38.0
(302, 65, 13, 377, 161, 348), 44.0
(357, 100, 62, 350, 119, 316), 66.0
(294, 377, 38, 395, 250, 238), 74.0
(397, 24, 107, 299, 175, 368), 53.0
(13, 83, 0, 368, 202, 283), 69.0
(349, 124, 67, 53, 146, 345), 62.0
(22, 147, 130, 216, 51, 301), 62.0
(243, 91, 45, 354, 273, 380), 42.0
(331, 61, 19, 178, 85, 257), 38.0
(340, 72, 23, 154, 262, 263), 54.0
(325, 38, 16, 168, 25, 385), 42.0
(324, 15, 44, 137, 26, 380), 60.0
(376, 34, 14, 171, 88, 220), 62.0
(332, 57, 8, 191, 31, 329), 56.0
(240, 46, 48, 132, 7, 398), 56.0
(271, 62, 27, 173, 230, 381), 58.0
(312, 11, 74, 382, 113, 359), 48.0
(248, 97, 52, 342, 148, 249), 63.0
(280, 69, 357, 99, 62, 152), 40.0
(373, 75, 370, 79, 326, 132), 58.0
(290, 114, 302, 222, 67, 100), 48.0
(269, 93, 323, 9, 87, 165), 58.0
(209, 68, 259, 328, 55, 180), 36.0
(204, 51, 252, 88, 39, 155), 54.0
(164, 68, 350, 326, 49, 184), 53.0
(315, 39, 262, 114, 11, 205), 48.0
(233, 33, 383, 45, 294, 92), 48.0
(51, 133, 181, 271, 78, 153), 78.0
(188, 54, 275, 139, 61, 183), 46.0
(259, 90, 230, 378, 21, 390), 44.0
(282, 73, 34, 359, 96, 192), 46.0
(222, 88, 20, 65, 53, 112), 80.0
(70, 215, 102, 314, 270, 246), 46.0
(7, 122, 90, 285, 362, 274), 54.0
(303, 166, 154, 226, 38, 216), 64.0
(30, 191, 121, 345, 290, 293), 64.0
(260, 112, 203, 387, 173, 343), 58.0
(283, 61, 78, 26, 337, 231), 46.0
(207, 2, 348, 365, 128, 359), 44.0
(231, 99, 56, 333, 70, 372), 56.0
(323, 30, 69, 206, 105, 324), 63.0
(213, 81, 7, 179, 59, 386), 48.0
(245, 44, 40, 355, 200, 350), 58.0
(191, 20, 18, 243, 231, 377), 42.0
(193, 23, 20, 202, 239, 375), 64.0
(173, 145, 136, 296, 210, 337), 66.0
(141, 272, 299, 258, 303, 391), 54.0
(79, 11, 127, 254, 13, 310), 62.0
(123, 52, 2, 239, 32, 53), 58.0
(109, 67, 35, 370, 163, 363), 49.0
(220, 107, 61, 398, 253, 171), 56.0
(297, 125, 96, 321, 266, 279), 57.0
(339, 78, 15, 190, 325, 377), 38.0
(343, 77, 16, 189, 326, 379), 48.0
(360, 87, 29, 265, 319, 353), 46.0
(309, 103, 45, 337, 351, 399), 58.0
(152, 61, 49, 155, 83, 157), 50.0
(382, 38, 84, 106, 303, 260), 56.0
(61, 70, 107, 245, 186, 366), 58.0
(332, 48, 10, 228, 374, 143), 52.0
(353, 367, 0, 209, 153, 338), 54.0
(42, 22, 21, 197, 47, 391), 71.0
(335, 80, 27, 163, 231, 383), 54.0
(322, 54, 35, 178, 218, 375), 50.0
(18, 95, 315, 306, 275, 208), 50.0
(238, 30, 54, 389, 72, 356), 58.0
(279, 115, 146, 358, 194, 240), 63.0
(255, 43, 14, 124, 314, 366), 46.0
(317, 17, 41, 326, 0, 197), 47.0
(345, 64, 68, 375, 337, 386), 59.0
(304, 90, 162, 341, 95, 322), 70.0
(196, 155, 26, 184, 284, 304), 52.0
(178, 73, 112, 161, 21, 330), 40.0
(182, 76, 5, 147, 21, 333), 64.0
(210, 102, 286, 346, 141, 269), 68.0
(31, 57, 107, 167, 31, 253), None
(224, 69, 117, 148, 58, 353), 52.0
(201, 85, 393, 365, 46, 374), 53.0
(293, 36, 188, 158, 260, 348), 48.0
(173, 47, 127, 211, 15, 286), 46.0
(99, 61, 10, 103, 243, 393), 59.0
(190, 185, 86, 169, 120, 365), 56.0
(112, 93, 17, 314, 327, 382), 62.0
(81, 79, 76, 195, 66, 124), 54.0
(325, 130, 232, 350, 80, 344), 50.0
(250, 70, 344, 176, 350, 225), 48.0
(266, 106, 98, 334, 169, 399), 64.0
(365, 210, 114, 387, 30, 309), 60.0
(3, 118, 33, 219, 364, 329), 54.0
(202, 12, 357, 361, 131, 358), 38.0
(214, 5, 372, 356, 111, 15), 52.0
(167, 16, 332, 371, 181, 372), 43.0
(204, 26, 44, 233, 152, 361), 46.0
(151, 0, 174, 185, 131, 378), 62.0
(228, 53, 357, 362, 40, 292), 52.0
(181, 37, 22, 378, 297, 190), 46.0
(133, 85, 59, 280, 92, 388), 50.0
(52, 46, 368, 383, 120, 167), 52.0
(240, 72, 28, 141, 160, 354), 68.0
(171, 17, 329, 373, 181, 368), 56.0
(161, 8, 341, 2, 179, 372), 46.0
(196, 17, 358, 399, 209, 342), 50.0
(214, 32, 385, 368, 192, 359), 56.0
(190, 66, 224, 349, 75, 381), 46.0
(337, 95, 338, 73, 141, 178), 57.0
(274, 56, 325, 129, 53, 318), 50.0
(169, 23, 366, 328, 63, 373), 68.0
(289, 42, 354, 340, 168, 391), 68.0
(182, 11, 313, 372, 17, 147), 54.0
(298, 63, 0, 355, 143, 347), 50.0
(303, 78, 15, 391, 155, 336), 56.0
(252, 107, 288, 384, 26, 387), 48.0
(205, 171, 124, 359, 128, 360), 50.0
(328, 83, 12, 374, 105, 367), 50.0
(311, 74, 25, 365, 161, 351), 44.0
(310, 90, 51, 346, 172, 377), 54.0
(218, 0, 349, 362, 330, 359), 50.0
(321, 60, 36, 187, 230, 298), 58.0
(258, 98, 139, 202, 1, 395), 41.0
(257, 96, 245, 197, 1, 398), 40.0
(277, 99, 139, 204, 14, 394), 60.0
(233, 112, 266, 195, 0, 397), 52.0
(266, 101, 240, 180, 6, 382), 64.0
(267, 243, 137, 212, 8, 385), 54.0
(256, 141, 202, 164, 23, 373), 60.0
(350, 83, 375, 231, 1, 399), 46.0
(243, 352, 254, 192, 341, 387), 50.0
(10, 88, 149, 174, 41, 367), 70.0
(198, 124, 108, 200, 317, 160), 74.0
(290, 68, 8, 224, 280, 378), 50.0
(208, 28, 131, 330, 35, 361), 60.0
(189, 12, 212, 353, 129, 390), 42.0
(176, 16, 212, 341, 9, 388), 40.0
(187, 11, 215, 339, 10, 392), 49.0
(178, 52, 242, 321, 8, 390), 48.0
(43, 75, 211, 246, 137, 382), 46.0
(226, 36, 195, 308, 85, 396), 38.0
(217, 94, 223, 290, 79, 397), 51.0
(247, 36, 208, 308, 21, 399), 46.0
(223, 23, 193, 352, 102, 384), 40.0
(223, 19, 194, 351, 88, 386), 46.0
(239, 27, 188, 346, 102, 375), 40.0
(233, 25, 179, 335, 95, 377), 48.0
(236, 32, 189, 349, 107, 390), 47.0
(228, 43, 166, 319, 115, 240), 52.0
(202, 12, 197, 342, 98, 370), 54.0
(244, 50, 219, 331, 84, 381), 48.0
(262, 62, 157, 261, 70, 375), 48.0
(23, 73, 184, 345, 58, 262), 60.0
(227, 24, 202, 355, 126, 390), 52.0
(211, 9, 195, 336, 103, 383), 48.0
(253, 20, 174, 352, 87, 399), 44.0
(237, 39, 236, 326, 75, 366), 54.0
(193, 29, 121, 313, 99, 210), 64.0
(63, 5, 99, 359, 120, 278), 46.0
(223, 85, 114, 345, 90, 391), 46.0
(210, 108, 278, 365, 249, 379), 62.0
(283, 58, 18, 171, 67, 137), 70.0
(74, 47, 146, 156, 12, 392), 78.0
(342, 33, 206, 190, 26, 384), 48.0
(199, 79, 227, 182, 274, 373), 48.0
(218, 16, 215, 203, 0, 364), 38.0
(216, 17, 209, 194, 20, 356), 64.0
(332, 96, 218, 210, 3, 366), 42.0
(332, 7, 225, 215, 11, 367), 40.0
(342, 9, 248, 218, 2, 351), 50.0
(224, 17, 227, 206, 17, 363), None
(330, 91, 216, 213, 0, 340), 44.0
(234, 99, 219, 200, 8, 368), 42.0
(242, 118, 214, 196, 11, 120), 56.0
(354, 3, 218, 208, 4, 368), 40.0
(235, 0, 237, 203, 10, 369), 44.0
(339, 7, 194, 240, 17, 356), 61.0
(350, 26, 220, 209, 11, 369), 51.0
(326, 13, 201, 219, 3, 381), 50.0
(333, 77, 226, 95, 1, 361), 48.0
(377, 0, 231, 212, 27, 345), 57.0
(355, 23, 246, 183, 17, 199), 44.0
(364, 33, 30, 187, 49, 376), 58.0
(335, 17, 216, 224, 398, 383), 82.0
(258, 99, 210, 208, 8, 367), 50.0
(322, 64, 207, 47, 110, 399), 52.0
(318, 104, 260, 190, 8, 351), 44.0
(229, 94, 223, 201, 3, 363), 62.0
(250, 8, 187, 199, 17, 388), 46.0
(358, 69, 233, 229, 33, 374), 48.0
(176, 19, 18, 342, 134, 392), 75.0
(208, 86, 217, 173, 23, 377), 58.0
(349, 41, 7, 203, 78, 184), 46.0
(218, 27, 128, 379, 147, 388), 54.0
(185, 114, 201, 209, 4, 325), 64.0
(191, 10, 27, 357, 0, 383), 52.0
(35, 5, 116, 334, 354, 393), 66.0
(274, 21, 269, 251, 294, 228), 44.0
(90, 14, 132, 348, 309, 376), 52.0
(233, 72, 83, 364, 126, 399), 46.0
(153, 34, 207, 164, 83, 173), 67.0
(343, 55, 192, 237, 258, 384), 65.0
(311, 82, 63, 327, 57, 357), 46.0
(331, 91, 91, 218, 15, 374), None
(201, 202, 182, 356, 118, 366), 58.0
(242, 111, 219, 194, 331, 368), 66.0
(213, 94, 214, 21, 11, 380), 44.0
(221, 103, 38, 182, 0, 361), 51.0
(248, 81, 201, 338, 67, 389), 54.0
(226, 24, 227, 370, 26, 151), 54.0
(206, 312, 140, 270, 14, 268), 52.0
(197, 66, 240, 202, 8, 352), 52.0
(58, 13, 12, 223, 96, 372), 81.0
(186, 1, 211, 197, 75, 338), 60.0
(239, 101, 75, 351, 268, 365), 48.0
(216, 29, 222, 212, 43, 392), 34.0
(214, 48, 233, 214, 343, 392), None
(229, 29, 223, 205, 41, 377), 64.0
(260, 75, 23, 188, 54, 383), 68.0
(207, 42, 361, 297, 43, 399), 58.0
(220, 161, 293, 215, 29, 358), 48.0
(321, 68, 108, 65, 61, 389), 65.0
(339, 19, 198, 346, 48, 386), 63.0
(232, 33, 19, 174, 35, 393), 72.0
(270, 8, 257, 362, 205, 383), 50.0
(214, 58, 215, 202, 20, 369), 44.0
(223, 99, 166, 195, 10, 348), 52.0
(331, 87, 206, 339, 23, 372), 54.0
(176, 23, 5, 119, 88, 245), 60.0
(194, 10, 224, 225, 215, 360), 50.0
(391, 78, 249, 212, 136, 331), 56.0
(243, 38, 50, 322, 9, 376), 41.0
(248, 35, 48, 328, 0, 379), 40.0
(251, 42, 49, 315, 0, 163), 68.0
(240, 33, 42, 331, 7, 375), 52.0
(262, 19, 126, 318, 64, 287), 38.0
(254, 40, 125, 324, 59, 283), 48.0
(262, 16, 45, 310, 109, 392), 48.0
(266, 26, 57, 302, 16, 381), 52.0
(283, 57, 36, 324, 32, 379), 80.0
(244, 48, 139, 316, 289, 297), 60.0
(259, 35, 399, 322, 48, 399), None
(291, 27, 156, 333, 123, 389), 54.0
(249, 14, 56, 321, 375, 344), 48.0
(271, 51, 119, 339, 70, 256), 62.0
(237, 38, 63, 144, 14, 371), 54.0
(345, 62, 70, 379, 1, 355), 68.0
(351, 22, 27, 306, 21, 101), 64.0
(119, 5, 50, 353, 69, 399), 76.0
(252, 29, 234, 326, 80, 366), 65.0
(97, 0, 217, 331, 7, 391), 44.0
(370, 21, 35, 166, 222, 380), 54.0
(138, 399, 96, 234, 0, 273), 68.0
(302, 47, 13, 387, 38, 191), 40.0
(295, 47, 6, 386, 41, 190), 49.0
(281, 53, 174, 388, 33, 219), 42.0
(306, 39, 18, 179, 26, 178), 73.0
(230, 68, 188, 395, 51, 361), 55.0
(278, 54, 179, 376, 34, 194), 56.0
(285, 59, 193, 390, 99, 217), 44.0
(243, 68, 242, 89, 8, 373), 52.0
(264, 44, 31, 377, 358, 183), 46.0
(220, 16, 146, 369, 114, 386), 48.0
(202, 32, 18, 312, 16, 136), 82.0
(257, 42, 14, 134, 61, 382), 46.0
(188, 13, 205, 345, 140, 392), 56.0
(299, 52, 169, 393, 29, 205), 56.0
(319, 29, 2, 187, 157, 67), 76.0
(361, 22, 105, 332, 82, 202), 60.0
(234, 64, 227, 208, 9, 314), 64.0
(248, 35, 221, 199, 0, 352), 42.0
(313, 74, 201, 340, 42, 377), 40.0
(305, 52, 197, 384, 44, 224), 40.0
(292, 60, 199, 105, 40, 343), 53.0
(300, 70, 187, 381, 41, 231), 62.0
(313, 77, 200, 340, 49, 190), 44.0
(303, 50, 194, 371, 50, 374), None
(307, 60, 210, 321, 54, 252), 46.0
(318, 81, 180, 338, 67, 384), 46.0
(310, 8, 207, 345, 45, 168), 41.0
(305, 4, 202, 345, 56, 174), 48.0
(309, 7, 187, 332, 39, 159), 44.0
(313, 46, 206, 318, 45, 165), 62.0
(295, 70, 134, 398, 62, 192), 46.0
(312, 17, 195, 330, 24, 152), 56.0
(272, 27, 206, 342, 42, 168), 56.0
(302, 283, 383, 358, 35, 178), 54.0
(317, 37, 363, 293, 54, 141), 52.0
(323, 57, 211, 81, 19, 399), 60.0
(286, 1, 194, 348, 48, 170), 50.0
(329, 9, 182, 307, 15, 180), 56.0
(213, 73, 231, 324, 73, 377), None
(225, 23, 153, 192, 28, 155), 80.0
(293, 64, 351, 332, 94, 392), 72.0
(338, 47, 127, 385, 37, 384), 41.0
(269, 31, 202, 317, 103, 145), 45.0
(343, 45, 268, 357, 34, 364), 54.0
(257, 18, 340, 39, 63, 288), 47.0
(356, 53, 126, 387, 23, 383), 47.0
(336, 74, 131, 383, 53, 303), 44.0
(244, 11, 215, 334, 10, 399), 51.0
(328, 38, 192, 364, 44, 210), 53.0
(208, 26, 223, 342, 390, 333), 54.0
(346, 60, 117, 389, 33, 391), 56.0
(261, 15, 161, 350, 15, 374), None
(299, 65, 250, 325, 9, 354), 44.0
(160, 32, 242, 154, 0, 377), 58.0
(328, 49, 147, 280, 36, 386), 58.0
(335, 44, 211, 379, 45, 368), 46.0
(321, 56, 122, 398, 58, 241), 40.0
(313, 67, 140, 395, 61, 236), 56.0
(320, 75, 375, 399, 75, 242), None
(337, 53, 304, 392, 88, 234), 50.0
(320, 54, 123, 384, 334, 248), 50.0
(147, 40, 320, 376, 59, 255), 48.0
(308, 8, 201, 184, 70, 223), 75.0
(278, 61, 129, 61, 198, 388), None
(352, 80, 109, 398, 54, 399), 76.0
(339, 50, 122, 385, 346, 262), 71.0
(303, 23, 228, 368, 40, 183), 62.0
(327, 1, 235, 370, 51, 364), 42.0
(324, 65, 9, 390, 65, 197), None
(223, 37, 280, 194, 7, 377), 42.0
(214, 17, 24, 338, 22, 354), 54.0
(312, 26, 213, 363, 44, 163), 46.0
(131, 73, 139, 216, 91, 226), 72.0
(288, 324, 185, 313, 105, 344), 65.0
(205, 44, 12, 383, 25, 116), 84.0
(230, 55, 258, 328, 18, 372), 54.0
(221, 9, 203, 299, 65, 245), 50.0
(235, 45, 103, 375, 81, 212), 46.0
(248, 84, 172, 207, 3, 19), 50.0
(200, 33, 25, 399, 35, 384), 42.0
(363, 59, 135, 126, 29, 392), 46.0
(267, 70, 117, 201, 188, 387), 46.0
(349, 221, 82, 113, 18, 378), 56.0
(217, 63, 129, 186, 74, 393), 52.0
(312, 18, 196, 351, 50, 362), 54.0
(319, 12, 222, 345, 56, 186), 46.0
(241, 39, 0, 318, 320, 130), 42.0
(335, 79, 144, 173, 0, 325), 40.0
(226, 85, 113, 165, 9, 337), 58.0
(278, 76, 334, 171, 1, 333), 58.0
(331, 68, 143, 180, 112, 318), 60.0
(343, 58, 125, 175, 94, 321), 56.0
(235, 30, 348, 181, 12, 308), 52.0
(336, 48, 150, 380, 36, 330), 44.0
(297, 6, 188, 356, 48, 347), 42.0
(327, 83, 234, 221, 13, 270), 66.0
(335, 180, 113, 163, 83, 238), 44.0
(212, 77, 175, 388, 29, 359), 52.0
(346, 244, 359, 172, 59, 327), 52.0
(250, 23, 33, 329, 8, 204), 66.0
(256, 89, 136, 188, 3, 394), 50.0
(356, 65, 212, 146, 69, 368), 50.0
(330, 70, 121, 374, 340, 381), 70.0
(315, 0, 207, 338, 101, 172), 44.0
(206, 32, 13, 319, 14, 348), 42.0
(340, 75, 222, 154, 39, 370), 46.0
(296, 14, 201, 346, 55, 325), 58.0
(326, 54, 159, 367, 23, 277), 55.0
(228, 37, 192, 305, 7, 339), 56.0
(305, 18, 215, 338, 45, 311), 62.0
(237, 30, 25, 327, 0, 355), 44.0
(196, 88, 144, 197, 18, 219), 61.0
(82, 49, 130, 96, 168, 260), 54.0
(306, 8, 182, 352, 66, 292), 48.0
(347, 61, 241, 388, 29, 385), 70.0
(287, 78, 152, 205, 2, 393), 46.0
(273, 70, 228, 191, 77, 397), 52.0
(213, 24, 20, 178, 12, 374), 46.0
(266, 60, 311, 209, 0, 385), 50.0
(242, 39, 294, 30, 19, 363), 64.0
(262, 85, 165, 202, 86, 249), 64.0
(318, 0, 197, 356, 48, 179), 56.0
(253, 25, 10, 315, 116, 369), 50.0
(219, 54, 0, 323, 149, 377), 48.0
(168, 46, 250, 381, 60, 382), 52.0
(230, 34, 66, 334, 9, 357), 66.0
(341, 63, 119, 75, 369, 200), 44.0
(356, 53, 221, 391, 36, 386), 41.0
(199, 20, 368, 216, 22, 230), 44.0
(298, 10, 205, 341, 51, 164), 60.0
(323, 69, 95, 365, 100, 339), 48.0
(333, 47, 273, 231, 75, 106), 62.0
(372, 81, 135, 186, 8, 394), 46.0
(314, 16, 214, 345, 62, 158), 48.0
(180, 72, 189, 222, 15, 399), 52.0
(207, 60, 230, 158, 39, 366), 52.0
(111, 42, 105, 392, 323, 378), 54.0
(286, 80, 196, 211, 0, 389), 50.0
(215, 58, 223, 393, 89, 346), 44.0
(275, 27, 239, 196, 6, 370), 53.0
(338, 52, 264, 374, 25, 359), 52.0
(262, 91, 179, 177, 177, 214), None
(361, 69, 218, 399, 32, 386), 44.0
(224, 37, 37, 331, 16, 376), None
(243, 31, 43, 137, 11, 353), 56.0
(236, 22, 388, 304, 0, 371), 65.0
(250, 75, 141, 199, 107, 398), 44.0
(203, 15, 14, 186, 0, 390), 46.0
(323, 45, 131, 361, 45, 319), None
(218, 149, 153, 192, 69, 282), 52.0
(258, 65, 198, 15, 82, 302), 56.0
(306, 7, 206, 347, 54, 174), 44.0
(315, 0, 207, 353, 57, 148), 54.0
(383, 94, 21, 204, 131, 89), 68.0
(294, 21, 169, 194, 19, 267), 52.0
(351, 55, 220, 382, 24, 382), None
(330, 28, 115, 257, 351, 237), 63.0
(299, 12, 215, 338, 48, 195), 55.0
(272, 81, 189, 208, 332, 399), 50.0
(228, 32, 27, 310, 95, 362), 52.0
(320, 14, 211, 169, 236, 187), 54.0
(211, 75, 255, 218, 7, 390), 54.0
(194, 37, 11, 57, 14, 373), 85.0
(244, 38, 355, 323, 67, 351), 42.0
(336, 48, 126, 372, 38, 255), 40.0
(331, 64, 343, 361, 29, 254), 60.0
(345, 56, 110, 366, 43, 258), 45.0
(325, 48, 235, 377, 119, 268), 56.0
(155, 63, 124, 371, 72, 258), 54.0
(334, 24, 229, 358, 59, 226), 56.0
(205, 68, 197, 117, 110, 263), 54.0
(218, 259, 6, 179, 89, 249), 76.0
(285, 43, 122, 368, 38, 207), 44.0
(145, 55, 133, 375, 30, 334), 46.0
(346, 17, 246, 163, 48, 234), 54.0
(185, 29, 202, 338, 76, 246), 52.0
(323, 343, 371, 288, 62, 361), 73.0
(50, 71, 189, 350, 98, 340), 62.0
(307, 60, 102, 331, 39, 243), 54.0
(339, 48, 112, 360, 25, 381), 56.0
(225, 196, 89, 269, 54, 325), 56.0
(15, 19, 181, 382, 15, 365), None
(162, 6, 31, 172, 82, 378), 66.0
(102, 79, 18, 372, 30, 351), 62.0
(353, 42, 378, 352, 164, 369), 40.0
(197, 25, 383, 350, 179, 374), 43.0
(368, 40, 286, 353, 197, 252), 44.0
(358, 32, 363, 343, 139, 367), 53.0
(363, 282, 393, 229, 189, 278), 64.0
(355, 49, 382, 365, 144, 221), 80.0
(352, 11, 326, 339, 161, 292), 62.0
(340, 39, 373, 83, 150, 356), 48.0
(69, 68, 216, 186, 43, 239), 58.0
(314, 60, 228, 389, 21, 345), 48.0
(25, 22, 335, 47, 203, 369), 62.0
(221, 87, 121, 69, 54, 385), 68.0
(344, 44, 397, 354, 385, 378), 63.0
(351, 32, 376, 399, 105, 359), 57.0
(333, 53, 193, 360, 162, 365), 50.0
(326, 75, 238, 378, 168, 310), 64.0
(291, 56, 354, 244, 8, 357), 42.0
(206, 19, 5, 327, 125, 382), 42.0
(237, 43, 144, 1, 64, 390), 57.0
(280, 29, 211, 336, 303, 371), 46.0
(367, 9, 203, 344, 153, 377), 52.0
(228, 35, 24, 213, 0, 348), 46.0
(318, 62, 136, 365, 71, 391), 51.0
(302, 74, 184, 316, 36, 197), 51.0
(215, 0, 72, 333, 172, 373), 40.0
Sampler:BoTorchSampler
(260, 256, 98, 50, 1, 166), 48.0
(377, 136, 33, 244, 374, 7), 50.0
(25, 66, 395, 244, 377, 252), 46.0
(322, 328, 370, 354, 143, 368), 62.0
(103, 195, 186, 303, 238, 129), 54.0
(38, 15, 26, 0, 119, 170), 66.0
(119, 371, 367, 374, 141, 144), 44.0
(64, 18, 135, 262, 283, 264), 60.0
(308, 186, 220, 12, 1, 293), 44.0
(236, 22, 187, 323, 235, 102), 46.0
(356, 199, 195, 0, 0, 217), None
(355, 200, 195, 0, 0, 217), None
(356, 199, 195, 0, 0, 216), None
(356, 200, 195, 0, 0, 217), None
(355, 200, 195, 0, 0, 218), None
(65, 390, 282, 382, 137, 82), 46.0
(95, 389, 207, 373, 106, 65), 63.0
(46, 381, 360, 385, 166, 102), 62.0
(335, 218, 188, 9, 0, 235), 64.0
(314, 44, 167, 314, 277, 48), None
(313, 44, 166, 314, 276, 49), 48.0
(268, 18, 277, 329, 268, 68), None
(268, 18, 277, 329, 269, 68), 51.0
(300, 4, 118, 364, 185, 72), 66.0
(111, 68, 393, 270, 352, 179), 80.0
(297, 111, 166, 242, 347, 32), 52.0
(183, 388, 122, 362, 82, 149), 66.0
(334, 5, 171, 308, 397, 68), 54.0
(293, 78, 212, 192, 236, 78), None
(290, 76, 211, 196, 238, 76), None
(292, 77, 212, 193, 236, 78), 63.0
(249, 154, 245, 20, 0, 370), 41.0
(261, 139, 265, 4, 0, 395), 50.0
(212, 183, 208, 48, 0, 341), 60.0
(324, 93, 299, 5, 0, 361), 60.0
(342, 124, 43, 188, 49, 341), 54.0
(233, 232, 248, 262, 188, 307), 70.0
(312, 272, 297, 79, 5, 178), 38.0
(185, 291, 276, 372, 149, 346), 54.0
(262, 11, 97, 388, 20, 123), 64.0
(353, 236, 101, 346, 329, 180), 66.0
(261, 216, 224, 253, 238, 62), 44.0
(275, 285, 335, 76, 0, 171), 50.0
(162, 26, 163, 346, 308, 168), 52.0
(105, 204, 279, 302, 112, 377), 42.0
(238, 179, 214, 210, 321, 221), 76.0
(394, 300, 83, 244, 324, 381), 88.0
(318, 286, 253, 132, 0, 119), 52.0
(306, 297, 336, 87, 0, 282), 47.0
(59, 246, 338, 333, 78, 328), 46.0
(44, 163, 270, 354, 101, 352), 64.0
(256, 273, 345, 5, 0, 266), 48.0
(277, 173, 334, 108, 0, 227), 46.0
(115, 319, 388, 287, 65, 279), 53.0
(346, 235, 398, 75, 0, 188), 50.0
(275, 248, 311, 58, 79, 215), 42.0
(281, 248, 256, 77, 34, 251), 42.0
(278, 187, 274, 47, 12, 232), 58.0
(286, 359, 291, 73, 70, 222), 40.0
(318, 337, 312, 84, 85, 217), 76.0
(195, 299, 308, 112, 0, 234), 48.0
(210, 234, 393, 127, 0, 313), 70.0
(223, 351, 240, 26, 0, 175), 45.0
(215, 274, 262, 46, 32, 121), 46.0
(236, 34, 205, 29, 0, 274), 52.0
(240, 388, 204, 66, 0, 233), 46.0
(212, 336, 240, 0, 67, 224), 46.0
(256, 382, 296, 0, 0, 158), None
(256, 377, 293, 0, 0, 162), None
(254, 392, 300, 0, 0, 152), None
(255, 385, 297, 0, 0, 156), None
(256, 381, 295, 0, 0, 159), None
(254, 393, 301, 0, 0, 151), None
(255, 388, 299, 0, 0, 154), None
(256, 376, 292, 1, 0, 163), 53.0
(197, 343, 187, 106, 51, 140), 64.0
(229, 192, 342, 0, 51, 140), 50.0
(255, 366, 238, 5, 0, 317), 44.0
(252, 314, 238, 0, 62, 306), 48.0
(247, 289, 211, 0, 0, 243), None
(275, 349, 214, 69, 0, 311), 60.0
(209, 257, 262, 0, 0, 225), None
(230, 254, 98, 237, 15, 283), 50.0
(349, 360, 260, 341, 232, 89), 72.0
(293, 70, 273, 145, 293, 267), None
(273, 182, 289, 50, 0, 48), 55.0
(342, 37, 346, 2, 130, 119), 48.0
(163, 255, 307, 0, 0, 278), None
(362, 103, 329, 190, 190, 368), None
(391, 2, 96, 38, 38, 37), None
(231, 207, 263, 0, 103, 235), 62.0
(351, 222, 61, 99, 37, 350), 47.0
(171, 97, 307, 0, 0, 267), None
(207, 277, 309, 43, 141, 312), 56.0
(322, 162, 61, 257, 328, 236), 45.0
(94, 123, 254, 219, 304, 176), 60.0
(0, 333, 325, 67, 5, 54), 76.0
(243, 319, 80, 0, 0, 307), None
(6, 299, 307, 184, 368, 97), 50.0
(222, 202, 350, 0, 0, 285), None
(166, 290, 217, 160, 38, 341), 50.0
(321, 69, 370, 77, 43, 309), 42.0
(142, 116, 267, 293, 80, 177), 44.0
(321, 51, 376, 113, 36, 179), 47.0
(320, 97, 272, 162, 0, 269), 70.0
(25, 354, 358, 326, 376, 106), 64.0
(45, 70, 348, 271, 368, 240), 61.0
(161, 364, 195, 66, 190, 127), 60.0
(35, 113, 60, 240, 194, 263), 60.0
(306, 104, 355, 20, 46, 188), 66.0
(76, 351, 13, 268, 368, 60), 42.0
(366, 226, 53, 55, 308, 229), 42.0
(347, 69, 340, 384, 187, 95), 60.0
(217, 172, 347, 11, 0, 310), 46.0
(272, 149, 207, 111, 137, 85), 80.0
(223, 238, 99, 77, 185, 191), 59.0
(63, 183, 397, 81, 154, 87), 70.0
(231, 362, 344, 39, 0, 258), 46.0
(192, 384, 306, 1, 0, 335), 54.0
(279, 286, 389, 41, 0, 343), 54.0
(113, 151, 261, 284, 35, 301), 58.0
(309, 328, 307, 12, 140, 250), 58.0
(220, 388, 120, 2, 0, 244), 64.0
(158, 363, 21, 146, 390, 192), 46.0
(57, 128, 169, 269, 150, 31), 59.0
(283, 32, 225, 25, 329, 360), 54.0
(274, 66, 54, 161, 201, 34), 58.0
(41, 368, 101, 89, 71, 255), 54.0
(109, 364, 0, 218, 390, 81), 44.0
(155, 283, 0, 246, 377, 41), 46.0
(341, 295, 171, 258, 197, 167), 52.0
(101, 270, 33, 222, 352, 4), 44.0
(110, 279, 0, 227, 330, 46), 50.0
(96, 398, 52, 236, 210, 11), 74.0
(103, 74, 215, 178, 177, 222), 68.0
(60, 281, 23, 227, 380, 78), 48.0
(113, 381, 44, 238, 168, 0), 42.0
(238, 237, 241, 128, 391, 29), 48.0
(350, 208, 277, 296, 374, 351), 62.0
(148, 272, 139, 88, 159, 359), 47.0
(278, 354, 39, 131, 174, 51), 54.0
(144, 171, 70, 237, 12, 49), 61.0
(385, 27, 253, 177, 172, 84), 50.0
(14, 140, 40, 363, 204, 52), 72.0
(6, 379, 389, 384, 34, 65), 60.0
(354, 130, 398, 139, 259, 29), 44.0
(154, 335, 46, 177, 270, 23), 46.0
(61, 12, 139, 235, 130, 157), 63.0
(292, 120, 21, 23, 54, 103), 80.0
(283, 80, 352, 43, 78, 234), 52.0
(173, 329, 45, 164, 398, 24), 53.0
(110, 92, 0, 255, 349, 0), None
(178, 252, 147, 288, 170, 199), 62.0
(293, 339, 57, 30, 84, 185), 49.0
(70, 392, 0, 221, 124, 0), None
(159, 304, 41, 216, 320, 240), 48.0
(368, 191, 233, 140, 137, 138), 52.0
(180, 45, 22, 15, 25, 22), None
(119, 360, 0, 256, 236, 153), 70.0
(18, 377, 129, 226, 337, 325), 52.0
(172, 237, 181, 26, 44, 229), 60.0
(62, 339, 62, 87, 363, 231), None
(192, 75, 308, 325, 250, 393), 64.0
(64, 386, 70, 182, 170, 94), 50.0
(125, 184, 72, 347, 81, 75), 78.0
(225, 228, 260, 121, 263, 97), 58.0
(23, 135, 343, 365, 32, 363), 48.0
(239, 318, 59, 212, 23, 5), 59.0
(333, 202, 383, 361, 333, 143), None
(167, 208, 0, 195, 150, 119), 50.0
(187, 173, 0, 196, 242, 111), 42.0
(106, 123, 352, 128, 213, 356), 65.0
(202, 192, 0, 190, 354, 95), 42.0
(171, 173, 0, 203, 393, 118), 42.0
(169, 206, 0, 167, 347, 119), 56.0
(41, 144, 128, 392, 397, 254), 52.0
(382, 331, 240, 271, 102, 108), 54.0
(164, 371, 310, 315, 36, 163), 50.0
(196, 151, 16, 246, 83, 49), 50.0
(276, 234, 368, 178, 4, 370), 64.0
(206, 136, 9, 243, 390, 48), 46.0
(265, 262, 0, 217, 337, 31), 42.0
(236, 281, 0, 225, 353, 93), 44.0
(230, 159, 0, 223, 321, 26), 51.0
(214, 292, 0, 225, 330, 115), 52.0
(196, 260, 69, 232, 322, 22), 50.0
(158, 182, 0, 242, 271, 136), 42.0
(156, 164, 0, 245, 85, 142), 64.0
(155, 167, 0, 247, 103, 140), 64.0
(154, 167, 0, 248, 93, 141), 62.0
(168, 189, 380, 348, 139, 318), 60.0
(73, 54, 138, 177, 360, 342), 54.0
(151, 162, 0, 249, 315, 146), 52.0
(306, 201, 0, 177, 138, 104), 50.0
(302, 191, 0, 184, 102, 109), 60.0
(357, 88, 336, 229, 119, 397), 69.0
(273, 145, 0, 209, 222, 128), 74.0
(326, 78, 322, 320, 72, 253), 50.0
(102, 249, 370, 52, 323, 260), 64.0
(120, 133, 0, 214, 141, 1), 71.0
(152, 214, 59, 250, 45, 87), 64.0
(153, 215, 59, 250, 130, 87), 80.0
(329, 363, 97, 281, 183, 167), 50.0
(63, 100, 258, 29, 5, 246), 78.0
(293, 242, 0, 130, 372, 73), 46.0
(190, 344, 209, 212, 106, 162), 65.0
(160, 238, 31, 270, 255, 108), 44.0
(323, 68, 293, 212, 282, 78), 52.0
(160, 240, 18, 294, 84, 103), 68.0
(159, 240, 24, 288, 128, 104), 48.0
(151, 167, 304, 318, 69, 133), 46.0
(163, 239, 22, 301, 212, 96), 44.0
(163, 241, 17, 327, 103, 90), 68.0
(334, 68, 140, 322, 232, 125), 64.0
(342, 383, 294, 356, 275, 244), 54.0
(12, 258, 87, 272, 313, 162), 52.0
(161, 242, 17, 348, 197, 90), 46.0
(159, 243, 23, 342, 389, 91), 42.0
(178, 234, 5, 361, 353, 50), 46.0
(54, 41, 100, 392, 232, 295), 46.0
(142, 261, 0, 317, 41, 142), None
(142, 261, 1, 316, 398, 141), 52.0
(154, 182, 80, 311, 397, 3), 52.0
(298, 98, 263, 211, 178, 183), 56.0
(237, 278, 0, 295, 303, 13), 58.0
(253, 171, 0, 164, 186, 147), 54.0
(96, 344, 159, 178, 7, 33), 72.0
(112, 380, 166, 75, 152, 182), 48.0
(297, 49, 207, 263, 53, 333), 52.0
(250, 180, 0, 149, 386, 137), 46.0
(284, 26, 150, 358, 239, 278), 48.0
(217, 202, 0, 77, 5, 16), 70.0
(211, 210, 0, 80, 107, 29), 60.0
(211, 210, 0, 68, 228, 31), 47.0
(11, 365, 35, 139, 362, 22), 42.0
(263, 100, 215, 384, 205, 287), 66.0
(21, 128, 246, 198, 249, 17), 44.0
(366, 394, 397, 45, 201, 158), 42.0
(323, 150, 126, 70, 170, 1), 52.0
(110, 253, 4, 19, 389, 55), 56.0
(62, 385, 98, 237, 97, 52), 62.0
(56, 33, 104, 234, 308, 43), 50.0
(44, 369, 113, 231, 248, 18), 56.0
(55, 380, 106, 231, 368, 43), 44.0
(119, 241, 228, 65, 372, 293), 46.0
(71, 332, 107, 157, 200, 114), 58.0
(71, 333, 107, 158, 220, 113), 60.0
(333, 383, 172, 100, 265, 164), 56.0
(75, 327, 106, 171, 138, 113), 62.0
(216, 178, 396, 52, 323, 351), 64.0
(294, 393, 220, 27, 215, 122), 48.0
(34, 200, 326, 212, 341, 56), 54.0
(39, 359, 51, 308, 276, 0), 40.0
(30, 370, 41, 334, 396, 0), 83.0
(267, 325, 7, 23, 338, 87), 40.0
(274, 271, 49, 15, 350, 51), 66.0
(142, 134, 101, 335, 321, 90), 50.0
(47, 289, 345, 378, 155, 186), 50.0
(119, 199, 321, 25, 144, 87), 48.0
(353, 143, 158, 228, 154, 41), 48.0
(106, 251, 86, 152, 225, 132), 50.0
(204, 75, 388, 26, 86, 37), 58.0
(223, 243, 151, 272, 35, 237), 46.0
(288, 158, 237, 268, 257, 183), 58.0
(1, 89, 311, 29, 100, 230), 46.0
(59, 287, 239, 276, 57, 255), 65.0
(180, 318, 327, 182, 192, 126), 46.0
(106, 131, 321, 372, 137, 349), 44.0
(231, 292, 102, 176, 5, 180), 56.0
(379, 75, 204, 349, 195, 375), 62.0
(285, 193, 148, 58, 21, 158), 46.0
(53, 290, 7, 38, 181, 320), 46.0
(308, 263, 328, 240, 114, 241), 66.0
(318, 281, 139, 357, 64, 65), 42.0
(95, 363, 78, 140, 341, 100), 46.0
(115, 36, 361, 17, 21, 7), 60.0
(65, 313, 76, 158, 323, 0), 55.0
(326, 249, 263, 191, 159, 50), 58.0
(361, 178, 179, 167, 106, 104), 50.0
(205, 140, 278, 140, 117, 105), None
(234, 255, 0, 286, 399, 126), 59.0
(111, 82, 11, 189, 108, 315), 54.0
(367, 6, 99, 250, 53, 196), 51.0
(86, 322, 80, 119, 387, 205), 42.0
(350, 200, 349, 138, 4, 124), 55.0
(305, 12, 166, 370, 35, 384), 42.0
(113, 352, 76, 219, 366, 187), 54.0
(84, 123, 264, 29, 81, 58), 89.0
(57, 344, 0, 72, 362, 198), 46.0
(263, 234, 197, 94, 146, 350), 56.0
(244, 77, 336, 189, 168, 197), 64.0
(169, 394, 15, 353, 170, 195), 68.0
(84, 179, 0, 134, 60, 196), 58.0
(149, 349, 0, 0, 328, 232), None
(140, 291, 389, 361, 152, 37), 46.0
(20, 235, 311, 193, 189, 274), 50.0
(32, 365, 109, 43, 389, 161), 50.0
(350, 246, 18, 98, 212, 335), 50.0
(84, 56, 0, 287, 176, 270), 51.0
(228, 354, 309, 313, 339, 359), 68.0
(96, 224, 133, 223, 238, 230), 50.0
(61, 203, 234, 93, 166, 114), 55.0
(174, 253, 303, 339, 138, 2), 46.0
(136, 293, 0, 21, 325, 248), 50.0
(88, 172, 0, 147, 80, 198), 49.0
(288, 0, 60, 70, 55, 138), 50.0
(379, 178, 323, 386, 171, 258), 64.0
(84, 140, 0, 143, 26, 197), 63.0
(100, 383, 186, 323, 224, 259), 82.0
(128, 84, 115, 277, 208, 136), 62.0
(14, 322, 85, 88, 134, 181), 68.0
(78, 163, 0, 145, 137, 180), 72.0
(370, 386, 366, 365, 320, 43), 66.0
(348, 376, 326, 261, 32, 197), 48.0
(247, 135, 290, 2, 325, 182), 62.0
(4, 138, 169, 115, 38, 37), 78.0
(204, 341, 180, 286, 61, 16), 72.0
(176, 111, 96, 224, 108, 20), 48.0
(208, 258, 223, 24, 57, 241), 64.0
(183, 137, 19, 313, 385, 34), 62.0
(325, 198, 270, 14, 312, 116), 50.0
(65, 177, 0, 131, 362, 185), 56.0
(52, 197, 18, 53, 332, 387), 64.0
(352, 45, 264, 143, 145, 113), 53.0
(256, 53, 54, 358, 50, 218), 62.0
(128, 142, 157, 57, 384, 151), 40.0
(90, 183, 133, 88, 54, 77), 53.0
(246, 32, 102, 170, 66, 168), 56.0
(235, 283, 200, 150, 200, 112), None
(158, 221, 25, 349, 157, 184), 42.0
(102, 203, 128, 92, 225, 80), 68.0
(273, 192, 158, 314, 135, 268), 60.0
(217, 60, 149, 178, 28, 296), 60.0
(14, 351, 132, 169, 53, 180), 46.0
(268, 352, 15, 24, 103, 310), 66.0
(56, 123, 275, 25, 298, 310), 56.0
(358, 359, 346, 184, 53, 10), 50.0
(38, 65, 388, 61, 199, 162), 64.0
(370, 186, 272, 202, 342, 351), 58.0
(216, 27, 205, 237, 76, 352), 42.0
(183, 132, 149, 243, 116, 351), 52.0
(139, 356, 81, 304, 190, 199), 50.0
(129, 250, 112, 92, 161, 110), 55.0
(20, 371, 281, 118, 61, 318), 51.0
(153, 353, 144, 147, 115, 389), 42.0
(208, 47, 215, 248, 247, 351), 64.0
(351, 388, 6, 105, 364, 247), 52.0
(177, 37, 140, 157, 249, 25), 58.0
(375, 127, 287, 369, 125, 238), 50.0
(108, 32, 188, 372, 298, 38), 52.0
(117, 94, 70, 312, 63, 186), 50.0
(273, 5, 136, 32, 297, 281), 46.0
(166, 269, 317, 199, 17, 250), 65.0
(65, 163, 144, 66, 374, 161), 52.0
(73, 239, 385, 371, 239, 315), None
(181, 29, 238, 137, 277, 332), 50.0
(136, 95, 84, 172, 141, 309), 48.0
(193, 139, 172, 74, 205, 78), 70.0
(281, 345, 316, 9, 245, 366), 86.0
(15, 211, 202, 385, 285, 315), 54.0
(6, 334, 164, 284, 38, 301), 50.0
(375, 169, 209, 213, 85, 126), 50.0
(27, 128, 48, 286, 258, 276), 44.0
(198, 104, 214, 305, 160, 4), 48.0
(365, 15, 106, 327, 106, 339), None
(155, 327, 173, 45, 38, 129), 62.0
(8, 157, 308, 339, 274, 32), 62.0
(183, 231, 291, 253, 43, 185), 58.0
(195, 8, 52, 209, 355, 315), 42.0
(285, 147, 237, 298, 78, 61), 44.0
(137, 398, 161, 370, 242, 350), 58.0
(166, 19, 114, 111, 162, 202), 60.0
(129, 252, 263, 218, 138, 172), 64.0
(174, 210, 131, 104, 320, 248), 66.0
(369, 374, 221, 113, 196, 314), 78.0
(155, 204, 308, 242, 216, 266), 54.0
(176, 206, 98, 309, 148, 327), 48.0
(131, 305, 171, 390, 298, 114), 50.0
(254, 0, 0, 27, 292, 213), None
(286, 115, 133, 107, 331, 281), 50.0
(104, 245, 262, 197, 320, 205), 66.0
(323, 394, 35, 234, 286, 399), 56.0
(250, 0, 0, 40, 225, 216), None
(241, 357, 281, 286, 96, 102), 63.0
(332, 27, 15, 302, 245, 202), 48.0
(115, 39, 198, 396, 121, 254), 56.0
(321, 215, 70, 159, 349, 276), 46.0
(149, 239, 93, 186, 173, 170), 58.0
(18, 85, 383, 256, 344, 215), 59.0
(389, 83, 144, 148, 24, 322), 70.0
(261, 19, 0, 73, 392, 222), 44.0
(381, 96, 242, 291, 49, 225), 48.0
(7, 305, 86, 93, 262, 290), 56.0
(342, 345, 333, 229, 254, 182), 52.0
(393, 98, 291, 239, 145, 385), 56.0
(390, 110, 58, 46, 248, 172), 68.0
(332, 136, 220, 399, 17, 211), 41.0
(141, 46, 92, 230, 237, 26), 50.0
(108, 132, 93, 363, 340, 34), 65.0
(303, 108, 343, 122, 177, 321), 78.0
(23, 8, 111, 295, 221, 113), 42.0
(269, 50, 381, 393, 92, 27), 64.0
(330, 12, 86, 281, 50, 112), 62.0
(371, 74, 56, 269, 118, 331), 70.0
(219, 123, 0, 42, 27, 214), 65.0
(11, 46, 157, 129, 383, 321), 48.0
(368, 361, 315, 172, 331, 42), 64.0
(5, 383, 372, 108, 91, 236), 48.0
(194, 75, 121, 346, 372, 134), 44.0
(204, 0, 0, 167, 391, 219), None
(195, 0, 0, 169, 59, 226), None
(203, 0, 0, 166, 393, 219), None
(173, 150, 232, 255, 239, 234), 72.0
(182, 66, 133, 390, 187, 217), 46.0
(372, 141, 299, 373, 33, 218), 70.0
(78, 359, 240, 289, 194, 397), 54.0
(265, 39, 244, 365, 143, 264), 62.0
(11, 143, 274, 227, 123, 65), 72.0
(154, 58, 169, 390, 236, 279), 56.0
(122, 189, 152, 29, 361, 393), 48.0
(85, 188, 375, 68, 5, 4), 50.0
(166, 83, 85, 10, 364, 175), 64.0
(154, 179, 337, 294, 377, 365), 71.0
(0, 36, 248, 126, 259, 315), 48.0
(221, 0, 0, 255, 383, 238), None
(272, 55, 382, 164, 97, 194), 52.0
(391, 189, 288, 38, 229, 286), 78.0
(265, 80, 71, 172, 11, 345), 54.0
(236, 312, 44, 176, 114, 133), 74.0
(350, 256, 204, 151, 129, 319), 53.0
(137, 333, 236, 73, 340, 156), 61.0
(274, 144, 205, 151, 153, 141), 58.0
(218, 0, 0, 268, 377, 239), None
(206, 202, 357, 35, 201, 107), 52.0
Sampler:CmaEsSampler
(214, 60, 198, 221, 293, 347), 46.0
(138, 290, 252, 128, 127, 136), 60.0
(254, 161, 164, 284, 222, 210), 58.0
(204, 237, 178, 233, 170, 180), 46.0
(177, 179, 117, 288, 277, 247), 65.0
(194, 278, 271, 235, 170, 246), 67.0
(209, 139, 154, 249, 207, 326), 58.0
(131, 250, 186, 194, 86, 289), 56.0
(308, 192, 240, 100, 165, 228), 56.0
(164, 316, 158, 265, 300, 81), 44.0
(210, 339, 161, 314, 182, 208), 46.0
(286, 224, 154, 215, 246, 127), 62.0
(155, 311, 290, 246, 171, 213), 56.0
(153, 320, 172, 224, 167, 117), 68.0
(145, 214, 143, 238, 178, 204), 42.0
(211, 288, 224, 187, 117, 182), 50.0
(152, 279, 149, 353, 200, 97), 66.0
(264, 323, 183, 230, 88, 159), 48.0
(181, 149, 158, 193, 151, 287), 44.0
(156, 183, 126, 267, 259, 227), 52.0
(172, 339, 175, 257, 108, 261), 60.0
(212, 284, 107, 276, 166, 166), None
(141, 277, 173, 216, 196, 179), 72.0
(36, 198, 205, 188, 148, 187), 71.0
(138, 178, 33, 187, 62, 298), 74.0
(182, 196, 232, 254, 165, 356), 57.0
(165, 84, 288, 184, 184, 230), None
(312, 187, 180, 279, 193, 242), 38.0
(202, 268, 175, 235, 173, 228), 64.0
(160, 101, 113, 206, 252, 331), 44.0
(186, 128, 233, 201, 221, 236), 50.0
(390, 306, 246, 255, 195, 202), 48.0
(200, 202, 97, 103, 196, 227), 62.0
(326, 197, 217, 242, 163, 234), 46.0
(331, 162, 204, 236, 205, 370), 68.0
(134, 299, 180, 206, 185, 206), None
(284, 74, 207, 227, 251, 258), 70.0
(292, 263, 197, 352, 173, 173), None
(180, 128, 142, 254, 212, 260), 63.0
(216, 170, 198, 185, 190, 274), 54.0
(313, 220, 243, 277, 211, 306), 62.0
(349, 92, 394, 243, 178, 235), 54.0
(312, 70, 285, 197, 165, 236), 56.0
(238, 237, 241, 265, 188, 152), 48.0
(351, 159, 200, 270, 250, 174), 55.0
(362, 116, 99, 260, 154, 117), 52.0
(216, 142, 90, 286, 176, 159), 68.0
(297, 236, 128, 358, 202, 103), 48.0
(287, 166, 313, 205, 180, 242), 62.0
(199, 254, 237, 283, 236, 201), 65.0
(255, 357, 270, 294, 157, 124), 64.0
(331, 271, 204, 324, 170, 221), 54.0
(303, 167, 151, 284, 144, 239), 56.0
(223, 191, 51, 298, 178, 209), 70.0
(365, 356, 215, 371, 210, 123), 54.0
(108, 248, 146, 301, 205, 173), 62.0
(248, 291, 55, 242, 223, 199), 40.0
(171, 259, 206, 375, 187, 104), 78.0
(331, 251, 280, 193, 128, 27), 50.0
(182, 275, 68, 198, 111, 162), 57.0
(346, 294, 133, 208, 228, 155), 62.0
(287, 347, 271, 328, 160, 88), 59.0
(309, 321, 185, 267, 210, 136), 70.0
(292, 288, 212, 270, 161, 185), 76.0
(298, 272, 76, 235, 148, 107), 52.0
(327, 193, 166, 332, 233, 180), 58.0
(339, 324, 175, 320, 179, 260), 62.0
(318, 207, 246, 247, 180, 117), 42.0
(234, 254, 149, 282, 307, 101), 46.0
(183, 299, 175, 204, 258, 121), 68.0
(287, 298, 165, 201, 83, 100), 52.0
(322, 198, 145, 279, 123, 50), 42.0
(293, 278, 186, 219, 97, 153), 59.0
(321, 190, 194, 311, 152, 121), 42.0
(266, 220, 258, 141, 216, 119), 54.0
(289, 145, 114, 192, 257, 136), 66.0
(304, 277, 175, 252, 149, 130), 52.0
(350, 275, 157, 226, 117, 66), 42.0
(266, 182, 198, 197, 245, 226), 48.0
(265, 213, 145, 242, 82, 100), 52.0
(379, 194, 172, 324, 167, 107), 42.0
(207, 181, 163, 241, 194, 117), 64.0
(338, 196, 229, 206, 134, 103), 56.0
(373, 216, 107, 352, 127, 24), 46.0
(367, 179, 158, 274, 193, 198), 53.0
(274, 213, 197, 308, 187, 88), 44.0
(386, 237, 223, 282, 71, 49), 54.0
(385, 249, 130, 240, 46, 92), 56.0
(288, 298, 122, 232, 186, 69), 56.0
(284, 129, 154, 240, 190, 198), 54.0
(306, 204, 189, 259, 110, 14), 42.0
(316, 249, 204, 196, 157, 137), 58.0
(357, 163, 157, 273, 188, 99), 58.0
(356, 183, 120, 287, 118, 71), 54.0
(341, 243, 130, 232, 111, 113), 56.0
(390, 262, 176, 262, 107, 16), None
(379, 224, 228, 303, 66, 10), 50.0
(313, 261, 192, 229, 94, 50), 50.0
(375, 262, 204, 294, 125, 14), 58.0
(313, 195, 200, 289, 103, 44), 38.0
(317, 225, 129, 348, 128, 100), 63.0
(314, 207, 147, 201, 111, 98), 44.0
(330, 165, 184, 239, 36, 53), 57.0
(345, 238, 152, 324, 123, 61), 46.0
(391, 178, 196, 287, 170, 79), 74.0
(337, 220, 195, 286, 69, 74), 42.0
(309, 160, 200, 269, 86, 18), 52.0
(329, 220, 242, 265, 116, 12), 64.0
(326, 255, 102, 274, 60, 16), 50.0
(280, 200, 183, 304, 133, 136), 54.0
(362, 222, 165, 301, 8, 104), 62.0
(355, 249, 150, 318, 132, 71), 50.0
(348, 134, 191, 316, 119, 25), 54.0
(334, 237, 136, 195, 157, 129), 66.0
(346, 217, 146, 294, 119, 59), 54.0
(316, 244, 177, 280, 14, 16), 56.0
(344, 214, 157, 315, 127, 102), 54.0
(302, 237, 132, 240, 103, 47), 62.0
(333, 204, 191, 312, 48, 124), 46.0
(340, 166, 216, 279, 98, 132), 54.0
(230, 158, 127, 249, 76, 41), 52.0
(364, 217, 146, 346, 65, 13), 46.0
(310, 231, 195, 261, 24, 36), 54.0
(358, 175, 202, 319, 56, 118), 68.0
(341, 207, 126, 257, 47, 97), 40.0
(267, 238, 154, 326, 88, 145), 46.0
(341, 226, 132, 341, 77, 49), None
(346, 237, 95, 374, 95, 73), None
(292, 126, 204, 274, 143, 109), 62.0
(334, 231, 199, 279, 77, 19), 57.0
(324, 211, 180, 357, 45, 28), 46.0
(310, 161, 171, 300, 109, 119), 50.0
(285, 205, 135, 378, 31, 48), 54.0
(363, 202, 188, 335, 85, 106), 42.0
(346, 170, 200, 289, 61, 69), 46.0
(298, 196, 177, 322, 41, 106), 53.0
(361, 191, 186, 303, 41, 51), 50.0
(333, 162, 188, 305, 51, 111), 48.0
(318, 223, 140, 288, 70, 77), 46.0
(386, 203, 116, 315, 79, 54), 58.0
(333, 179, 158, 310, 71, 43), 52.0
(377, 228, 162, 257, 71, 85), 42.0
(318, 176, 206, 336, 104, 74), 50.0
(350, 186, 178, 288, 67, 107), 48.0
(380, 191, 155, 298, 27, 25), 48.0
(340, 228, 138, 237, 29, 118), 54.0
(349, 184, 168, 260, 58, 47), 52.0
(385, 241, 128, 306, 14, 51), 60.0
(357, 219, 160, 264, 78, 50), 42.0
(381, 222, 171, 309, 44, 71), 44.0
(353, 183, 187, 267, 83, 88), 42.0
(347, 227, 148, 303, 70, 101), 38.0
(351, 202, 193, 331, 105, 111), 44.0
(350, 265, 156, 271, 81, 33), 46.0
(359, 161, 158, 239, 97, 71), 72.0
(340, 186, 167, 290, 74, 72), 78.0
(395, 206, 142, 280, 57, 40), 50.0
(368, 238, 149, 275, 74, 72), 48.0
(316, 218, 149, 238, 69, 118), 54.0
(354, 207, 133, 293, 41, 73), 52.0
(300, 224, 145, 268, 122, 123), 66.0
(390, 231, 170, 278, 101, 62), 48.0
(359, 219, 199, 290, 93, 70), 64.0
(393, 218, 138, 298, 88, 11), 64.0
(343, 257, 186, 267, 111, 66), 44.0
(339, 189, 182, 325, 45, 78), 46.0
(354, 224, 197, 299, 82, 106), 52.0
(362, 184, 204, 278, 103, 107), 70.0
(378, 249, 145, 297, 79, 34), 43.0
(330, 226, 181, 291, 89, 135), 56.0
(341, 245, 157, 292, 84, 76), 46.0
(391, 284, 155, 283, 131, 27), 64.0
(310, 213, 154, 273, 105, 97), 62.0
(349, 224, 129, 283, 66, 62), 48.0
(372, 260, 146, 274, 84, 50), 44.0
(386, 260, 137, 318, 74, 71), 52.0
(371, 243, 186, 303, 82, 18), 50.0
(355, 259, 143, 299, 84, 63), 67.0
(352, 249, 147, 307, 67, 124), 44.0
(344, 257, 161, 289, 78, 89), 44.0
(376, 274, 159, 306, 128, 90), 42.0
(357, 244, 155, 284, 54, 112), 50.0
(382, 261, 150, 254, 77, 66), 54.0
(382, 255, 172, 305, 68, 61), 54.0
(367, 269, 149, 317, 73, 47), 56.0
(369, 260, 144, 278, 45, 65), 44.0
(352, 231, 136, 299, 65, 64), 44.0
(386, 283, 152, 241, 59, 67), 48.0
(340, 255, 166, 299, 116, 132), 50.0
(373, 235, 161, 299, 62, 76), 46.0
(364, 247, 137, 305, 101, 74), 50.0
(388, 300, 168, 317, 109, 58), 46.0
(344, 210, 166, 280, 125, 79), 62.0
(360, 275, 153, 304, 84, 115), 60.0
(363, 267, 179, 313, 89, 87), 46.0
(330, 235, 153, 304, 119, 100), 46.0
(368, 263, 136, 302, 91, 83), 56.0
(342, 262, 165, 305, 98, 63), 56.0
(372, 253, 175, 305, 120, 91), 38.0
(340, 245, 158, 304, 110, 95), 44.0
(367, 299, 145, 297, 99, 48), 59.0
(357, 220, 164, 337, 48, 92), 56.0
(388, 264, 149, 306, 89, 81), 56.0
(340, 232, 173, 334, 98, 69), 62.0
(367, 279, 149, 303, 96, 90), 42.0
(389, 296, 152, 297, 94, 51), 49.0
(367, 248, 144, 297, 91, 124), 48.0
(385, 247, 183, 318, 99, 91), 48.0
(355, 244, 192, 291, 71, 59), 44.0
(383, 254, 164, 295, 96, 82), 42.0
(375, 261, 161, 289, 117, 81), 44.0
(373, 280, 140, 290, 101, 102), 51.0
(347, 240, 185, 301, 102, 92), 60.0
(384, 270, 139, 286, 110, 65), 40.0
(395, 274, 162, 314, 137, 94), 46.0
(364, 289, 168, 288, 94, 38), 77.0
(389, 272, 163, 284, 92, 77), 46.0
(386, 246, 169, 307, 121, 89), 50.0
(361, 239, 168, 308, 132, 105), 64.0
(373, 233, 155, 284, 66, 66), None
(383, 244, 159, 293, 91, 55), 50.0
(374, 252, 139, 282, 96, 86), 42.0
(393, 265, 162, 280, 88, 86), 60.0
(383, 250, 158, 292, 93, 72), 71.0
(374, 245, 150, 289, 125, 71), 48.0
(394, 227, 168, 327, 85, 132), 66.0
(374, 249, 134, 281, 72, 64), 48.0
(387, 250, 147, 298, 109, 110), 40.0
(375, 266, 145, 275, 97, 102), 46.0
(372, 252, 157, 276, 78, 79), 54.0
(341, 245, 148, 314, 104, 106), 49.0
(390, 266, 142, 308, 113, 93), 56.0
(356, 256, 129, 275, 102, 80), 56.0
(373, 262, 161, 278, 121, 33), 42.0
(372, 257, 140, 260, 119, 61), 44.0
(382, 260, 153, 276, 120, 88), 50.0
(378, 262, 159, 279, 105, 72), 44.0
(391, 266, 159, 287, 121, 103), 74.0
(391, 257, 164, 300, 111, 69), 59.0
(373, 259, 150, 282, 113, 91), 48.0
(381, 264, 136, 283, 119, 104), 66.0
(381, 267, 143, 293, 113, 59), 48.0
(383, 231, 160, 285, 98, 65), 48.0
(385, 271, 132, 278, 138, 69), 46.0
(358, 277, 131, 273, 120, 49), 50.0
(380, 255, 134, 275, 129, 58), 48.0
(385, 269, 154, 260, 118, 37), 50.0
(355, 262, 148, 253, 128, 27), 52.0
(378, 266, 125, 243, 107, 27), 48.0
(359, 254, 131, 264, 110, 53), 50.0
(383, 252, 164, 260, 106, 71), 60.0
(367, 261, 148, 257, 94, 73), 48.0
(399, 259, 122, 255, 166, 24), 40.0
(366, 258, 133, 285, 142, 85), 54.0
(394, 259, 161, 281, 109, 34), 46.0
(394, 261, 121, 272, 128, 57), 48.0
(361, 250, 138, 321, 122, 105), 46.0
(381, 254, 138, 276, 129, 45), 54.0
(386, 292, 130, 265, 151, 72), 44.0
(375, 276, 149, 271, 123, 62), 48.0
(381, 269, 137, 274, 151, 84), 44.0
(367, 253, 115, 223, 138, 80), 44.0
(390, 277, 120, 215, 168, 19), 44.0
(375, 255, 139, 290, 117, 75), 67.0
(368, 250, 143, 266, 188, 45), 48.0
(377, 238, 123, 259, 102, 19), 55.0
(351, 254, 142, 252, 108, 99), 45.0
(396, 260, 140, 232, 128, 29), 48.0
(399, 261, 130, 278, 174, 43), 46.0
(392, 303, 107, 208, 171, 23), 48.0
(336, 254, 138, 215, 160, 96), 70.0
(377, 249, 126, 229, 117, 98), 58.0
(396, 263, 141, 259, 128, 62), 54.0
(391, 282, 134, 244, 164, 41), 44.0
(349, 226, 110, 216, 132, 77), 60.0
(351, 256, 90, 235, 193, 127), 74.0
(383, 247, 148, 290, 151, 52), 56.0
(370, 254, 121, 209, 146, 37), 60.0
(360, 223, 124, 233, 123, 75), 48.0
(372, 272, 121, 265, 142, 136), 53.0
(376, 257, 125, 214, 131, 45), 58.0
(395, 249, 139, 224, 112, 39), 54.0
(395, 260, 112, 223, 113, 57), 46.0
(347, 211, 146, 263, 117, 124), 52.0
(357, 231, 139, 234, 156, 62), 66.0
(369, 267, 121, 241, 132, 30), 42.0
(348, 242, 127, 240, 176, 88), 63.0
(381, 277, 110, 212, 99, 31), 48.0
(365, 265, 105, 211, 121, 67), 66.0
(374, 284, 127, 220, 140, 59), 50.0
(364, 250, 145, 243, 135, 47), 54.0
(386, 270, 156, 260, 142, 42), 46.0
(372, 283, 90, 216, 153, 73), 52.0
(349, 266, 105, 241, 104, 66), 51.0
(355, 241, 140, 231, 67, 54), 42.0
(351, 216, 142, 265, 108, 44), 52.0
(378, 241, 159, 271, 124, 85), 48.0
(355, 248, 130, 200, 61, 78), 42.0
(353, 200, 146, 239, 46, 78), 44.0
(354, 266, 142, 247, 91, 54), 58.0
(368, 269, 118, 238, 116, 56), 78.0
(350, 252, 173, 281, 105, 57), 46.0
(367, 245, 170, 254, 80, 95), 52.0
(373, 274, 157, 231, 110, 50), 50.0
(373, 253, 123, 233, 98, 54), 44.0
(336, 258, 172, 257, 96, 99), 76.0
(341, 205, 160, 267, 65, 60), 56.0
(368, 243, 147, 225, 40, 61), 46.0
(377, 213, 156, 251, 74, 119), 74.0
(364, 266, 125, 207, 78, 62), 54.0
(387, 270, 137, 202, 48, 66), 48.0
(344, 206, 173, 244, 45, 113), 62.0
(353, 232, 141, 229, 53, 60), 42.0
(355, 290, 152, 210, 140, 47), 46.0
(341, 263, 142, 235, 107, 81), 58.0
(399, 282, 99, 207, 128, 14), 52.0
(371, 258, 147, 211, 47, 65), 50.0
(364, 220, 150, 246, 52, 111), 65.0
(346, 229, 125, 205, 32, 70), 70.0
(348, 208, 145, 245, 11, 88), 62.0
(378, 242, 120, 211, 41, 61), 56.0
(380, 233, 159, 252, 55, 72), 66.0
(361, 270, 146, 263, 104, 99), 52.0
(362, 263, 167, 191, 20, 52), 64.0
(379, 234, 155, 188, 5, 64), 48.0
(387, 232, 150, 224, 60, 47), 46.0
(366, 279, 117, 264, 101, 68), 40.0
(398, 239, 120, 260, 50, 71), 51.0
(360, 232, 130, 188, 10, 62), 50.0
(385, 251, 138, 171, 41, 27), 54.0
(387, 301, 108, 193, 147, 43), 57.0
(372, 290, 129, 200, 59, 47), 38.0
(368, 233, 123, 178, 56, 97), 44.0
(355, 224, 135, 210, 17, 70), 66.0
(377, 285, 142, 219, 75, 26), 46.0
(366, 231, 136, 206, 51, 76), 50.0
(364, 261, 146, 235, 68, 64), 44.0
(365, 284, 126, 235, 60, 61), 53.0
(396, 294, 109, 233, 101, 25), 50.0
(375, 268, 114, 231, 80, 77), 50.0
(380, 244, 118, 237, 85, 34), 52.0
(356, 272, 121, 232, 73, 72), 43.0
(354, 276, 128, 234, 71, 55), 56.0
(360, 277, 131, 225, 54, 90), 53.0
(350, 257, 120, 225, 80, 92), 45.0
(358, 272, 132, 214, 64, 69), 70.0
(368, 283, 126, 217, 78, 49), 44.0
(351, 287, 143, 220, 100, 123), 52.0
(362, 274, 129, 223, 10, 83), 42.0
(329, 251, 138, 251, 73, 97), None
(356, 264, 144, 230, 99, 67), 48.0
(349, 273, 159, 252, 69, 81), 41.0
(361, 285, 141, 260, 140, 62), 66.0
(360, 257, 119, 202, 41, 57), 56.0
(360, 274, 153, 244, 23, 47), 40.0
(377, 282, 144, 251, 61, 61), None
(341, 254, 126, 237, 81, 75), 44.0
(355, 275, 150, 225, 58, 68), 52.0
(351, 284, 132, 264, 73, 77), 46.0
(360, 268, 150, 223, 36, 66), 56.0
(359, 289, 169, 256, 16, 93), 56.0
(341, 251, 128, 226, 27, 83), 56.0
(333, 260, 166, 250, 50, 57), 56.0
(353, 275, 167, 284, 35, 72), 42.0
(363, 258, 143, 240, 61, 32), 42.0
(363, 273, 96, 222, 85, 92), 46.0
(333, 227, 132, 228, 47, 115), 54.0
(342, 263, 149, 259, 36, 94), 62.0
(323, 261, 174, 264, 22, 64), 58.0
(359, 276, 147, 221, 50, 44), 52.0
(358, 285, 127, 244, 60, 54), 58.0
(344, 260, 134, 259, 46, 82), 48.0
(343, 277, 140, 257, 70, 71), 48.0
(371, 285, 149, 290, 66, 47), 46.0
(338, 254, 139, 241, 64, 93), 46.0
(367, 233, 151, 254, 53, 87), 46.0
(336, 253, 158, 271, 1, 89), 76.0
(352, 285, 145, 256, 40, 68), 42.0
(350, 280, 148, 254, 49, 79), 52.0
(341, 248, 147, 258, 83, 122), 42.0
(320, 246, 151, 268, 22, 107), 64.0
(346, 261, 152, 252, 76, 67), 64.0
(355, 285, 127, 288, 74, 76), 50.0
(347, 290, 148, 263, 32, 40), 40.0
(346, 274, 152, 254, 69, 85), 46.0
(325, 267, 161, 274, 36, 85), 56.0
(319, 269, 173, 275, 51, 105), 60.0
(339, 282, 151, 301, 51, 89), 50.0
(354, 267, 160, 264, 68, 70), 58.0
(342, 273, 132, 239, 27, 94), 48.0
(347, 304, 148, 278, 67, 30), 42.0
(364, 262, 164, 301, 46, 76), 61.0
(354, 303, 142, 275, 76, 42), 38.0
(352, 292, 151, 263, 70, 41), 36.0
(340, 285, 163, 276, 51, 60), 42.0
(343, 284, 159, 300, 35, 50), 50.0
(362, 265, 140, 247, 45, 38), 65.0
(333, 274, 161, 273, 16, 65), 46.0
(342, 311, 149, 279, 47, 54), 38.0
(354, 319, 147, 279, 58, 19), 58.0
(344, 303, 145, 289, 60, 53), 58.0
(343, 287, 160, 268, 86, 40), 76.0
(357, 303, 137, 280, 65, 54), 52.0
(366, 286, 155, 276, 64, 44), 42.0
(339, 284, 158, 288, 16, 57), 45.0
(344, 289, 115, 258, 93, 70), 68.0
(326, 285, 161, 297, 73, 54), 54.0
(372, 290, 167, 251, 45, 68), 44.0
(343, 274, 141, 253, 56, 72), 50.0
(349, 282, 168, 262, 52, 68), 38.0
(348, 305, 147, 283, 2, 49), 64.0
(339, 311, 175, 287, 32, 23), 54.0
(343, 293, 159, 266, 55, 36), 46.0
(323, 310, 161, 309, 62, 53), 65.0
(352, 315, 141, 263, 55, 44), 46.0
(357, 288, 165, 305, 65, 84), 52.0
(329, 266, 161, 246, 5, 93), 50.0
(348, 283, 156, 254, 36, 61), 48.0
(354, 281, 124, 223, 64, 56), 38.0
(376, 313, 163, 246, 98, 38), 50.0
(359, 269, 152, 253, 26, 49), 62.0
(356, 275, 153, 241, 11, 44), 44.0
(387, 316, 145, 253, 97, 31), 46.0
(333, 257, 156, 286, 25, 73), 42.0
(370, 308, 150, 235, 83, 37), 50.0
(387, 310, 147, 271, 97, 31), 49.0
(373, 305, 161, 286, 54, 30), 40.0
(346, 286, 142, 266, 55, 81), 44.0
(347, 291, 160, 293, 49, 61), 62.0
(353, 293, 123, 215, 30, 51), 52.0
(352, 266, 158, 229, 17, 60), 54.0
(348, 260, 127, 210, 19, 55), 50.0
(361, 296, 141, 275, 66, 21), 53.0
(355, 281, 160, 289, 66, 35), 46.0
(362, 284, 160, 280, 56, 55), 72.0
(349, 302, 133, 249, 72, 44), 38.0
(343, 292, 180, 298, 61, 50), 52.0
(352, 290, 143, 282, 60, 43), 64.0
(360, 276, 151, 264, 66, 54), 54.0
(360, 302, 154, 278, 63, 21), 60.0
(343, 290, 162, 290, 50, 55), None
(365, 293, 145, 239, 38, 58), 48.0
(367, 292, 174, 296, 57, 55), 46.0
(357, 295, 140, 280, 73, 50), 50.0
(352, 305, 137, 276, 56, 32), 50.0
(362, 325, 136, 265, 72, 26), 54.0
(352, 271, 162, 235, 60, 75), 52.0
(356, 295, 127, 252, 49, 53), 50.0
(348, 305, 141, 238, 63, 59), 48.0
(372, 309, 156, 292, 85, 50), 44.0
(369, 304, 151, 260, 48, 25), 50.0
(363, 286, 144, 275, 62, 33), 38.0
(355, 293, 129, 251, 53, 56), 62.0
(364, 299, 143, 261, 72, 26), 40.0
(356, 297, 144, 251, 76, 43), 50.0
(361, 294, 146, 286, 76, 44), 44.0
(356, 291, 142, 276, 61, 34), 48.0
(356, 282, 157, 304, 52, 27), 50.0
(370, 277, 139, 259, 54, 36), 71.0
(367, 300, 139, 263, 70, 30), 42.0
(355, 296, 147, 279, 41, 35), 44.0
(355, 279, 150, 259, 65, 49), 62.0
(364, 304, 137, 262, 83, 31), 44.0
(359, 286, 138, 249, 77, 31), 56.0
(363, 304, 144, 261, 57, 20), 58.0
(353, 287, 138, 265, 83, 57), 54.0
(367, 304, 150, 267, 78, 19), 46.0
(352, 292, 139, 283, 57, 26), 48.0
(362, 290, 137, 256, 54, 12), 56.0
(380, 306, 145, 282, 96, 14), 50.0
(361, 276, 118, 246, 69, 40), 42.0
(380, 282, 122, 280, 113, 28), 62.0
(339, 267, 125, 227, 28, 53), 52.0
(350, 272, 115, 229, 59, 44), 54.0
(370, 304, 139, 265, 53, 17), 84.0
(361, 292, 147, 274, 65, 51), 47.0
(377, 299, 121, 240, 85, 16), 54.0
(365, 281, 121, 247, 86, 38), 46.0
(344, 286, 138, 256, 41, 63), 56.0
(358, 283, 133, 261, 65, 49), 54.0
(362, 272, 138, 255, 41, 51), 44.0
(357, 286, 121, 228, 58, 38), 56.0
(352, 283, 135, 262, 80, 61), 40.0
(360, 282, 132, 261, 80, 57), 48.0
(349, 288, 143, 260, 76, 63), 38.0
(352, 267, 145, 242, 48, 66), 48.0
(359, 281, 134, 273, 69, 53), 45.0
(361, 288, 129, 230, 77, 44), 52.0
(359, 278, 145, 265, 60, 56), 48.0
(358, 295, 138, 273, 66, 31), 79.0
(348, 270, 128, 248, 69, 70), 36.0
(355, 279, 151, 253, 64, 84), 48.0
(363, 292, 165, 270, 69, 77), 66.0
(345, 267, 146, 279, 86, 90), 38.0
(364, 298, 138, 280, 80, 32), 44.0
(354, 290, 155, 292, 75, 65), 66.0
(342, 277, 114, 245, 83, 63), 46.0
(366, 278, 138, 271, 83, 51), 46.0
(353, 271, 142, 269, 44, 54), 44.0
(337, 269, 136, 252, 66, 80), 64.0
