Sampler:TPESampler
(186, 149, 127), 44.0
(46, 8, 111), 62.0
(98, 114, 50), 68.0
(110, 137, 73), 78.0
(141, 171, 284), 56.0
(236, 178, 245), 74.0
(217, 182, 196), 72.0
(150, 218, 209), 44.0
(28, 133, 178), 66.0
(101, 225, 125), 60.0
(290, 288, 1), 70.0
(257, 70, 296), 58.0
(222, 79, 66), 40.0
(81, 229, 240), 71.0
(158, 102, 68), 46.0
(206, 19, 250), 54.0
(267, 189, 164), 72.0
(63, 271, 4), 54.0
(2, 45, 95), 60.0
(134, 250, 36), 56.0
(172, 158, 244), 58.0
(232, 172, 191), 48.0
(287, 195, 151), 52.0
(268, 128, 149), 46.0
(250, 196, 160), 54.0
(198, 148, 216), 64.0
(128, 102, 220), 72.0
(108, 88, 277), 50.0
(293, 199, 89), 46.0
(180, 147, 169), 64.0
(234, 173, 198), 52.0
(210, 186, 134), 74.0
(266, 208, 125), 76.0
(246, 246, 125), None
(192, 129, 106), 74.0
(187, 127, 104), 48.0
(118, 214, 135), 80.0
(117, 209, 79), 58.0
(78, 247, 45), 40.0
(162, 156, 107), 54.0
(78, 213, 136), 78.0
(44, 216, 129), 66.0
(81, 234, 139), 48.0
(124, 280, 116), 44.0
(106, 206, 142), 62.0
(147, 168, 180), 56.0
(92, 266, 66), 44.0
(50, 183, 28), 74.0
(37, 236, 32), 72.0
(65, 221, 85), 44.0
(139, 115, 118), 76.0
(138, 102, 120), 44.0
(93, 141, 129), 52.0
(153, 113, 73), 48.0
(119, 57, 138), 54.0
(268, 166, 95), 46.0
(14, 180, 15), 52.0
(58, 209, 59), 56.0
(216, 261, 157), 54.0
(170, 123, 106), 54.0
(141, 113, 97), 56.0
(195, 141, 112), 50.0
(280, 190, 173), 56.0
(211, 156, 148), 50.0
(98, 183, 135), 72.0
(55, 199, 49), 74.0
(69, 91, 30), 78.0
(113, 82, 274), 40.0
(85, 97, 120), 60.0
(68, 36, 15), 74.0
(73, 121, 83), 64.0
(232, 227, 156), 74.0
(30, 228, 28), 50.0
(51, 71, 58), 62.0
(240, 216, 155), 66.0
(299, 135, 146), 48.0
(133, 108, 101), 68.0
(104, 92, 39), 64.0
(277, 200, 54), 44.0
(224, 239, 132), 54.0
(51, 205, 16), 48.0
(87, 187, 46), 62.0
(18, 139, 28), 72.0
(256, 173, 73), 62.0
(45, 222, 8), 78.0
(69, 13, 0), 52.0
(75, 36, 13), 66.0
(41, 225, 165), 42.0
(58, 256, 39), 62.0
(21, 192, 23), 44.0
(125, 31, 21), 70.0
(112, 215, 8), 68.0
(256, 243, 229), 36.0
(59, 201, 48), 50.0
(69, 164, 5), 72.0
(30, 211, 115), 48.0
(145, 231, 34), 48.0
(160, 221, 124), 74.0
(167, 121, 122), 79.0
(95, 117, 90), 80.0
(182, 109, 109), None
(95, 123, 122), 65.0
(168, 149, 140), 61.0
(88, 119, 75), 78.0
(88, 119, 86), 36.0
(105, 101, 93), 66.0
(132, 130, 80), 52.0
(118, 89, 99), 77.0
(120, 84, 69), 74.0
(80, 67, 98), 46.0
(112, 299, 90), 67.0
(100, 90, 114), 48.0
(129, 110, 60), 52.0
(158, 76, 127), 58.0
(139, 105, 120), 64.0
(91, 97, 146), 58.0
(152, 114, 132), 48.0
(117, 86, 72), 74.0
(199, 132, 104), 58.0
(121, 96, 76), 60.0
(82, 138, 111), 44.0
(48, 118, 184), 48.0
(101, 59, 66), 50.0
(109, 143, 103), 68.0
(42, 126, 95), 66.0
(177, 221, 124), 48.0
(247, 131, 153), 48.0
(96, 87, 87), None
(66, 237, 160), 50.0
(188, 145, 131), 46.0
(163, 117, 109), 50.0
(115, 157, 117), 72.0
(229, 225, 137), 50.0
(74, 78, 80), 58.0
(60, 195, 24), 50.0
(36, 3, 10), 37.0
(134, 215, 144), 42.0
(124, 251, 64), 40.0
(104, 205, 40), 74.0
(69, 45, 15), 34.0
(108, 203, 40), 62.0
(267, 182, 20), 54.0
(84, 219, 126), 60.0
(144, 210, 56), 50.0
(119, 122, 91), 42.0
(212, 106, 99), 46.0
(206, 176, 244), 64.0
(116, 87, 83), 38.0
(156, 211, 124), 64.0
(129, 99, 71), 68.0
(55, 127, 111), 78.0
(90, 129, 116), 64.0
(76, 68, 73), 76.0
(46, 136, 0), 59.0
(79, 61, 73), 58.0
(102, 50, 134), 66.0
(64, 72, 46), 70.0
(87, 221, 136), 50.0
(52, 152, 110), 56.0
(76, 32, 30), 70.0
(222, 231, 150), 50.0
(55, 124, 103), 62.0
(280, 82, 142), 40.0
(62, 119, 96), 61.0
(147, 66, 122), 50.0
(97, 201, 52), 58.0
(71, 25, 75), 50.0
(36, 84, 63), 60.0
(107, 108, 88), 41.0
(121, 113, 68), 68.0
(191, 134, 130), 38.0
(57, 93, 18), 63.0
(173, 125, 5), 50.0
(92, 228, 118), 44.0
(162, 209, 38), 52.0
(241, 188, 105), 68.0
(139, 241, 80), 36.0
(113, 76, 140), 60.0
(78, 197, 100), 40.0
(83, 221, 130), 58.0
(66, 102, 51), 72.0
(54, 215, 30), 72.0
(204, 141, 114), 48.0
(48, 192, 124), 38.0
(228, 234, 165), 70.0
(103, 205, 61), 80.0
(95, 114, 84), 60.0
(104, 205, 58), 38.0
(97, 211, 113), 50.0
(86, 185, 42), 58.0
(113, 164, 69), 74.0
(274, 130, 69), 54.0
(40, 173, 23), 46.0
(126, 152, 291), 42.0
(73, 222, 75), 54.0
(183, 118, 25), 46.0
(53, 197, 61), 48.0
(65, 217, 12), 68.0
(165, 51, 134), 48.0
(132, 90, 77), 54.0
(157, 159, 63), 77.0
(109, 170, 46), 66.0
(291, 167, 70), 54.0
(103, 16, 32), 58.0
(169, 205, 61), 60.0
(149, 94, 78), 68.0
(119, 80, 221), 34.0
(115, 73, 66), 72.0
(252, 159, 52), 56.0
(239, 227, 127), 52.0
(174, 136, 107), 54.0
(155, 158, 118), 68.0
(110, 146, 88), 56.0
(197, 183, 154), 66.0
(159, 128, 64), 52.0
(123, 106, 93), 72.0
(262, 201, 40), 46.0
(79, 212, 17), 83.0
(77, 163, 9), 60.0
(217, 212, 120), 48.0
(87, 216, 109), 75.0
(90, 123, 106), 74.0
(88, 119, 107), 68.0
(81, 214, 262), 52.0
(75, 86, 57), 68.0
(71, 220, 18), 54.0
(98, 227, 114), 52.0
(212, 112, 83), 36.0
(91, 179, 99), 77.0
(81, 38, 92), 64.0
(103, 208, 99), 52.0
(89, 121, 71), 68.0
(47, 202, 99), 44.0
(92, 216, 111), 52.0
(64, 177, 137), 48.0
(85, 205, 105), 58.0
(232, 175, 7), 50.0
(96, 127, 105), 44.0
(88, 223, 126), 68.0
(100, 232, 141), 49.0
(59, 192, 13), 58.0
(118, 207, 53), 42.0
(81, 125, 117), 62.0
(71, 133, 148), 44.0
(91, 115, 121), 40.0
(76, 198, 111), 74.0
(111, 219, 77), 68.0
(106, 191, 64), 78.0
(121, 99, 67), 46.0
(105, 194, 96), 44.0
(43, 189, 48), 48.0
(83, 213, 204), 44.0
(154, 122, 109), 46.0
(68, 140, 24), 90.0
(67, 142, 13), 74.0
(68, 138, 20), 48.0
(75, 131, 0), 44.0
(100, 195, 33), 44.0
(94, 183, 133), 48.0
(78, 148, 25), 54.0
(92, 154, 60), 56.0
(111, 203, 55), 62.0
(57, 62, 63), 60.0
(70, 143, 16), 50.0
(61, 212, 131), 44.0
(162, 139, 122), 48.0
(128, 136, 74), 54.0
(35, 165, 68), 68.0
(85, 108, 87), 58.0
(200, 187, 128), 54.0
(75, 176, 26), 76.0
(64, 179, 27), 64.0
(80, 122, 98), 80.0
(54, 198, 21), 50.0
(78, 132, 101), 62.0
(85, 180, 33), 62.0
(73, 172, 90), 58.0
(94, 116, 96), 84.0
(106, 113, 82), 78.0
(105, 115, 86), 74.0
(0, 111, 81), 61.0
(96, 124, 94), 56.0
(81, 116, 8), 60.0
(76, 105, 100), 66.0
(98, 22, 82), 70.0
(92, 124, 96), 52.0
(107, 117, 160), 58.0
(88, 120, 102), 76.0
(83, 113, 97), 52.0
(87, 119, 91), 74.0
(100, 102, 104), 78.0
(102, 100, 85), 89.0
(101, 101, 88), None
(108, 97, 93), 86.0
(108, 97, 81), 46.0
(105, 92, 92), None
(98, 108, 85), 38.0
(115, 104, 76), 74.0
(101, 95, 80), 70.0
(114, 101, 96), 60.0
(95, 103, 102), 66.0
(103, 91, 90), 64.0
(110, 113, 72), 56.0
(93, 109, 102), 50.0
(108, 94, 85), 46.0
(135, 128, 113), 88.0
(136, 107, 114), 78.0
(142, 129, 112), 60.0
(132, 129, 115), 88.0
(134, 127, 117), 70.0
(130, 134, 113), 60.0
(141, 130, 105), 78.0
(149, 129, 104), 42.0
(134, 123, 109), 54.0
(124, 137, 115), 60.0
(138, 108, 109), 63.0
(148, 129, 118), 60.0
(141, 119, 106), 56.0
(145, 134, 96), 72.0
(128, 144, 119), 40.0
(152, 125, 112), 40.0
(137, 114, 92), 75.0
(142, 119, 106), 56.0
(114, 133, 76), 97.0
(123, 133, 76), 66.0
(134, 139, 84), 69.0
(118, 128, 92), 82.0
(124, 123, 89), 67.0
(113, 127, 80), 68.0
(129, 132, 94), 60.0
(118, 145, 124), 58.0
(114, 130, 100), 44.0
(137, 137, 113), None
(121, 113, 86), 76.0
(106, 104, 104), None
(130, 119, 91), 52.0
(117, 141, 6), 60.0
(125, 109, 120), 84.0
(123, 109, 126), 70.0
(109, 98, 80), 40.0
(132, 125, 123), 79.0
(127, 124, 123), 83.0
(129, 113, 121), 52.0
(138, 125, 116), 54.0
(134, 126, 129), 68.0
(125, 131, 122), 84.0
(130, 120, 127), 88.0
(127, 119, 138), 74.0
(20, 136, 133), 52.0
(130, 124, 125), 89.0
(125, 124, 127), 74.0
(134, 117, 126), 68.0
(128, 119, 121), 40.0
(118, 131, 134), 82.0
(121, 149, 132), 60.0
(119, 132, 123), 48.0
(128, 129, 134), 73.0
(118, 139, 142), 43.0
(125, 110, 136), 54.0
(11, 123, 145), 58.0
(133, 121, 121), None
(123, 133, 129), 60.0
(114, 140, 140), None
(117, 129, 129), None
(136, 281, 119), 79.0
(134, 273, 118), 56.0
(144, 125, 125), None
(127, 294, 122), 58.0
(130, 247, 118), 50.0
(141, 268, 109), 42.0
(121, 285, 115), 44.0
(144, 257, 123), 53.0
(115, 276, 130), 56.0
(132, 133, 134), 58.0
(139, 129, 113), 78.0
(123, 118, 119), 54.0
(140, 127, 124), 88.0
(135, 145, 128), 56.0
(148, 136, 139), 77.0
(128, 123, 122), 67.0
(133, 124, 126), 72.0
(139, 115, 136), 83.0
(140, 115, 148), 54.0
(139, 118, 134), 64.0
(130, 128, 131), 78.0
(124, 112, 138), 54.0
(147, 134, 126), 55.0
(134, 121, 119), 65.0
(113, 263, 130), 72.0
(144, 125, 117), 55.0
(122, 141, 125), 69.0
(129, 111, 143), 62.0
(138, 117, 133), 66.0
(116, 132, 112), 42.0
(124, 127, 123), 67.0
(131, 137, 137), None
(152, 121, 115), 50.0
(120, 116, 124), 72.0
(138, 106, 118), 66.0
(127, 127, 132), None
(144, 133, 111), 68.0
(114, 144, 96), 66.0
(111, 122, 128), 62.0
(136, 149, 120), 40.0
(118, 108, 143), 52.0
(131, 113, 108), 55.0
(127, 138, 152), 74.0
(149, 131, 98), 82.0
(156, 129, 95), 58.0
(150, 137, 89), 44.0
(143, 132, 98), 58.0
(148, 100, 102), 72.0
(138, 125, 90), 54.0
(110, 143, 93), 54.0
(120, 284, 107), 62.0
(166, 119, 101), 58.0
(101, 128, 133), 64.0
(125, 116, 139), 67.0
(133, 135, 113), 42.0
(142, 149, 87), 50.0
(135, 123, 126), 62.0
(154, 108, 118), 60.0
(120, 130, 99), 42.0
(104, 253, 109), 44.0
(118, 113, 115), 80.0
(111, 103, 105), 83.0
(112, 107, 101), 74.0
(114, 100, 105), 66.0
(108, 96, 94), 79.0
(109, 105, 106), 76.0
(118, 112, 97), 68.0
(98, 103, 112), 52.0
(104, 114, 87), 60.0
(121, 119, 100), 58.0
(111, 112, 110), 62.0
(116, 139, 92), 80.0
(98, 141, 91), 44.0
(128, 98, 115), 74.0
(115, 139, 106), 67.0
(108, 120, 98), 48.0
(121, 104, 82), 66.0
(103, 134, 92), 62.0
(116, 144, 85), 56.0
(124, 130, 95), 40.0
(118, 89, 116), 71.0
(110, 123, 101), 64.0
(125, 115, 148), 48.0
(116, 151, 129), 52.0
(95, 136, 86), 72.0
(128, 126, 94), 50.0
(106, 132, 110), 74.0
(125, 108, 103), 68.0
(119, 141, 135), 67.0
(101, 129, 84), 74.0
(130, 119, 124), 40.0
(146, 114, 92), 72.0
(123, 123, 106), None
(113, 153, 112), 61.0
(114, 146, 119), 64.0
(107, 137, 192), 46.0
(95, 131, 77), 82.0
(95, 102, 139), 59.0
(88, 127, 128), 40.0
(99, 138, 73), 80.0
(139, 111, 121), 48.0
(91, 133, 76), 60.0
(103, 96, 77), 74.0
(132, 130, 117), 82.0
(133, 141, 79), 65.0
(143, 134, 72), 64.0
(136, 127, 114), 78.0
(97, 133, 78), 78.0
(149, 131, 68), 48.0
(129, 146, 131), 78.0
(125, 121, 109), 86.0
(141, 127, 73), 70.0
(124, 120, 116), 70.0
(133, 140, 106), 66.0
(128, 135, 127), 62.0
(136, 116, 110), 74.0
(142, 122, 108), 74.0
(123, 129, 142), 76.0
(133, 124, 180), 52.0
(130, 136, 102), 40.0
(120, 147, 122), 80.0
(126, 109, 116), 52.0
(151, 130, 267), 52.0
(113, 140, 120), 56.0
(137, 118, 136), None
(129, 124, 124), None
(146, 124, 148), 86.0
(155, 121, 149), 40.0
(139, 130, 167), 58.0
(149, 117, 110), 54.0
(145, 126, 156), 58.0
(146, 133, 156), 70.0
(159, 110, 115), 73.0
(140, 125, 146), 66.0
(122, 157, 122), None
(133, 93, 102), 54.0
(128, 104, 143), 74.0
(121, 143, 132), 74.0
(138, 137, 97), 56.0
(132, 84, 17), 62.0
(147, 131, 107), 50.0
(154, 118, 128), 72.0
(125, 145, 121), 58.0
(143, 118, 87), 52.0
(134, 125, 136), 74.0
(117, 134, 161), 64.0
(106, 126, 113), 58.0
(139, 107, 102), 46.0
(128, 121, 151), 72.0
(82, 114, 99), 69.0
(119, 113, 117), 80.0
(110, 96, 127), 66.0
(100, 138, 236), 40.0
(144, 128, 110), 68.0
(66, 124, 106), 54.0
(115, 150, 88), 46.0
(124, 131, 143), 72.0
(133, 112, 115), 53.0
(137, 102, 133), 54.0
(93, 116, 173), 58.0
(151, 121, 139), 52.0
(73, 123, 95), 60.0
(161, 107, 122), 72.0
(109, 139, 80), 40.0
(105, 131, 128), 72.0
(122, 148, 125), 72.0
(126, 133, 92), 56.0
(131, 90, 115), 44.0
(117, 142, 108), 40.0
(100, 136, 120), 45.0
(141, 100, 102), 75.0
(112, 130, 88), 55.0
(92, 118, 134), 70.0
(128, 112, 117), 80.0
(146, 137, 72), 62.0
(135, 130, 21), 44.0
(120, 105, 120), None
(124, 153, 124), None
(132, 114, 112), 44.0
(139, 122, 117), 47.0
(111, 125, 44), 66.0
(151, 118, 98), 65.0
(79, 127, 107), 60.0
(98, 135, 11), 66.0
(120, 150, 126), 74.0
(130, 110, 130), None
(130, 100, 113), 50.0
(115, 118, 116), 82.0
(111, 121, 136), 36.0
(145, 128, 111), 68.0
(136, 117, 121), 64.0
(115, 123, 104), 58.0
(125, 127, 130), 76.0
(139, 107, 111), 78.0
(107, 119, 145), 68.0
(157, 131, 119), 70.0
(125, 114, 125), None
(116, 95, 109), 74.0
(132, 123, 115), 44.0
(143, 134, 136), 54.0
(120, 127, 104), 80.0
(127, 110, 129), 50.0
(150, 117, 121), 42.0
(137, 103, 281), 40.0
(111, 141, 140), 74.0
(120, 122, 2), 74.0
(134, 132, 97), 70.0
(104, 85, 116), 72.0
(127, 127, 151), None
(115, 116, 124), 65.0
(142, 134, 104), 58.0
(123, 109, 215), 52.0
(108, 143, 250), 42.0
(131, 122, 37), 60.0
(136, 98, 109), 80.0
(118, 131, 130), 77.0
(147, 125, 116), 48.0
(125, 138, 122), 62.0
(154, 90, 29), 64.0
(141, 116, 83), 48.0
(111, 104, 98), 50.0
(131, 128, 134), 66.0
(103, 121, 126), 76.0
(119, 113, 109), 84.0
(125, 109, 111), 78.0
(136, 109, 108), 63.0
(116, 98, 118), 72.0
(146, 116, 102), 60.0
(132, 141, 93), 58.0
(120, 113, 113), None
(140, 103, 120), 79.0
(125, 136, 16), 62.0
(87, 128, 100), 54.0
(131, 123, 147), 62.0
(116, 113, 110), 82.0
(127, 133, 88), 54.0
(111, 93, 105), 54.0
(103, 104, 127), 68.0
(151, 110, 106), 56.0
(120, 79, 114), 73.0
(109, 111, 109), None
(61, 116, 95), 56.0
(297, 106, 112), 50.0
(117, 120, 100), 47.0
(113, 99, 102), 63.0
(123, 113, 118), 60.0
(106, 118, 95), 66.0
(139, 8, 115), 71.0
(93, 125, 138), 70.0
(68, 121, 133), 78.0
(98, 107, 121), 42.0
(135, 144, 85), 50.0
(108, 115, 291), 44.0
(116, 102, 124), 66.0
(129, 113, 110), 66.0
(145, 125, 105), 90.0
(158, 121, 107), 46.0
(145, 127, 96), 58.0
(135, 120, 157), 60.0
(163, 96, 105), 50.0
(155, 108, 112), 78.0
(145, 89, 91), 74.0
(151, 135, 142), 42.0
(129, 125, 119), 40.0
(111, 114, 106), 64.0
(121, 107, 127), 50.0
(143, 127, 23), 58.0
(136, 118, 11), 74.0
(151, 122, 100), 74.0
(146, 132, 134), 65.0
(139, 102, 113), 59.0
(141, 137, 117), 46.0
(85, 132, 130), 62.0
(100, 116, 104), 66.0
(127, 109, 109), None
(141, 128, 102), 78.0
(132, 112, 119), 50.0
(169, 124, 95), 56.0
(113, 99, 81), 61.0
(122, 121, 147), 86.0
(122, 116, 154), 62.0
(123, 105, 158), 52.0
(116, 112, 147), 76.0
(119, 118, 144), 58.0
(112, 119, 150), 60.0
(127, 122, 139), 54.0
(135, 128, 160), 54.0
(148, 122, 164), 62.0
(131, 145, 149), 62.0
(122, 124, 140), 74.0
(155, 135, 35), 58.0
(71, 91, 143), 70.0
(105, 140, 124), 76.0
(95, 111, 88), 58.0
(130, 98, 111), 62.0
(91, 240, 90), 77.0
(124, 118, 152), 54.0
(103, 105, 5), 64.0
(127, 113, 107), 58.0
(140, 128, 133), 72.0
(107, 132, 138), 74.0
(118, 109, 131), 60.0
(148, 125, 99), 38.0
(136, 120, 146), 62.0
(122, 138, 83), 44.0
(142, 95, 127), 58.0
(159, 129, 171), 56.0
(113, 106, 81), 76.0
(119, 121, 123), 70.0
(59, 136, 136), None
(98, 125, 17), 78.0
(127, 117, 99), 70.0
(113, 127, 124), 66.0
(133, 102, 116), 56.0
(128, 145, 131), 70.0
(80, 134, 142), 58.0
(118, 119, 154), 78.0
(121, 110, 105), 86.0
(122, 102, 110), 68.0
(85, 109, 137), 42.0
(124, 96, 121), 70.0
(116, 106, 103), 56.0
(150, 158, 97), 68.0
(110, 110, 114), None
(114, 112, 109), 70.0
(138, 124, 92), 60.0
(143, 295, 105), 48.0
(132, 130, 118), 82.0
(138, 93, 96), 90.0
(136, 96, 100), 50.0
(138, 93, 105), 62.0
(65, 83, 27), 76.0
(133, 80, 118), 58.0
(128, 91, 95), 80.0
(147, 89, 102), 52.0
(126, 102, 130), 78.0
(139, 84, 114), 65.0
(127, 100, 144), 62.0
(71, 94, 57), 66.0
(97, 99, 88), 80.0
(134, 105, 128), 56.0
(124, 88, 107), 62.0
(130, 116, 97), 86.0
(139, 114, 95), 71.0
(131, 75, 101), 52.0
(136, 104, 95), 62.0
(131, 108, 91), 58.0
(142, 116, 101), 68.0
(136, 110, 104), 38.0
(144, 87, 108), 60.0
(125, 100, 13), 76.0
(129, 116, 97), 72.0
(143, 121, 104), 80.0
(123, 95, 112), 42.0
(137, 110, 21), 38.0
(129, 116, 91), 68.0
(134, 103, 123), 64.0
(121, 121, 99), None
(145, 113, 202), 58.0
(130, 121, 110), 40.0
(123, 103, 185), 82.0
(134, 107, 122), 58.0
(140, 124, 105), 64.0
(120, 117, 113), 52.0
(128, 94, 91), 76.0
(150, 111, 117), 52.0
(138, 125, 85), 54.0
(126, 116, 97), 74.0
(107, 85, 104), 82.0
(143, 122, 125), 78.0
(133, 110, 110), None
(117, 130, 153), 64.0
(76, 105, 46), 72.0
(122, 97, 120), 76.0
(63, 118, 98), 58.0
(128, 127, 31), 54.0
(137, 136, 114), 67.0
(155, 113, 105), 72.0
(145, 100, 126), 66.0
(110, 123, 92), 50.0
(120, 90, 162), 68.0
(132, 140, 118), 54.0
(127, 117, 0), 59.0
(139, 127, 86), 56.0
(117, 107, 108), 52.0
(106, 132, 132), None
(51, 121, 99), 46.0
(134, 111, 114), 72.0
(124, 117, 123), 66.0
(148, 151, 102), 84.0
(148, 152, 147), 74.0
(153, 136, 101), 54.0
(160, 144, 168), 72.0
(163, 146, 107), 53.0
(149, 159, 93), 58.0
(153, 161, 101), 48.0
(143, 50, 94), 72.0
(152, 105, 88), 72.0
(144, 98, 103), 58.0
(113, 79, 108), 74.0
(32, 143, 113), 54.0
(104, 249, 101), 68.0
(117, 129, 8), 60.0
(123, 92, 96), 44.0
(138, 124, 139), 60.0
(143, 102, 85), 86.0
(147, 149, 84), 62.0
(159, 68, 81), 42.0
(148, 151, 78), 76.0
(27, 168, 91), 56.0
(142, 98, 177), 46.0
(157, 259, 85), 42.0
(141, 139, 87), 50.0
(134, 156, 91), 74.0
(147, 151, 74), 54.0
(152, 101, 99), 59.0
(141, 85, 25), 50.0
(137, 133, 128), 78.0
(10, 92, 94), 58.0
(76, 94, 87), 66.0
(67, 102, 80), 82.0
(131, 129, 109), 42.0
(142, 107, 96), 52.0
(129, 112, 105), 64.0
(125, 139, 116), 67.0
(44, 102, 102), None
(132, 119, 111), 61.0
(115, 105, 98), 74.0
(175, 112, 93), 58.0
(137, 110, 86), 50.0
(121, 125, 110), 84.0
(120, 143, 106), 82.0
(285, 125, 110), 44.0
(120, 134, 101), 47.0
(126, 120, 107), 62.0
(122, 126, 97), 52.0
(167, 116, 114), 58.0
(132, 134, 103), 54.0
(128, 121, 90), 56.0
(115, 129, 110), 70.0
(121, 139, 96), 51.0
(130, 114, 115), 88.0
(134, 156, 106), 66.0
(128, 110, 118), 76.0
(155, 113, 112), 70.0
(125, 117, 119), 69.0
(133, 124, 113), 46.0
(147, 131, 102), 60.0
(137, 144, 115), 58.0
(141, 106, 85), 60.0
(130, 123, 51), 60.0
(146, 119, 225), 48.0
(110, 130, 78), 46.0
(138, 148, 92), 60.0
(120, 107, 106), 78.0
(131, 138, 119), 76.0
(136, 113, 97), 72.0
(126, 97, 112), 76.0
(123, 87, 120), 84.0
(112, 81, 298), 46.0
(152, 84, 122), 56.0
(129, 93, 119), 76.0
(120, 115, 112), 38.0
(117, 76, 115), 68.0
(144, 88, 66), 84.0
(163, 82, 70), 68.0
(142, 86, 63), 72.0
(115, 109, 107), 50.0
(125, 95, 108), 60.0
(133, 87, 118), 62.0
(158, 73, 67), 76.0
(130, 126, 103), 78.0
(149, 134, 97), 78.0
(151, 92, 76), 44.0
(138, 76, 78), 66.0
(145, 88, 73), 74.0
(119, 118, 110), 86.0
(107, 118, 89), 64.0
(111, 115, 98), 82.0
(102, 120, 102), None
(135, 99, 66), 75.0
(125, 106, 123), 56.0
(116, 100, 92), 38.0
(123, 125, 116), 52.0
(130, 80, 77), 44.0
(141, 85, 83), 74.0
(120, 123, 126), 88.0
(134, 133, 126), 67.0
(117, 125, 112), 62.0
(111, 119, 127), 80.0
(105, 121, 259), 52.0
(119, 128, 160), 48.0
(127, 111, 117), 74.0
(124, 129, 123), 82.0
(120, 124, 128), 94.0
(119, 123, 129), 52.0
(137, 139, 128), 79.0
(121, 126, 134), 64.0
(153, 152, 39), 67.0
(111, 131, 130), 52.0
(130, 123, 110), 44.0
(40, 100, 69), 79.0
(115, 165, 105), 50.0
(125, 135, 123), 66.0
(148, 117, 72), 60.0
(127, 115, 130), 66.0
(142, 119, 88), 42.0
(122, 131, 123), 81.0
(132, 108, 135), 62.0
(112, 115, 120), 38.0
(139, 121, 81), 44.0
(103, 114, 98), 64.0
(125, 130, 125), None
(108, 123, 156), 48.0
(122, 93, 120), 78.0
(134, 137, 118), 68.0
(143, 70, 82), 84.0
(117, 128, 139), 62.0
(6, 107, 128), 56.0
(137, 61, 81), 62.0
(157, 146, 74), 48.0
(115, 120, 114), 48.0
(128, 134, 150), 66.0
(142, 109, 83), 78.0
(107, 113, 92), 72.0
(133, 141, 167), 64.0
(115, 108, 116), 84.0
(274, 100, 51), 40.0
(119, 112, 111), 77.0
(109, 116, 105), 36.0
(118, 124, 108), 46.0
(147, 127, 104), 44.0
(139, 104, 88), 38.0
(131, 94, 68), 52.0
(155, 92, 58), 74.0
(136, 97, 59), 90.0
(132, 100, 37), 60.0
(128, 103, 56), 40.0
(23, 104, 43), 78.0
(128, 111, 112), 81.0
(124, 82, 132), 76.0
(135, 97, 144), 68.0
(113, 105, 46), 72.0
(143, 90, 54), 54.0
(137, 126, 108), 46.0
(130, 119, 60), 40.0
(99, 119, 89), 61.0
(145, 60, 94), 66.0
(122, 129, 235), 50.0
(103, 1, 84), 78.0
(135, 119, 95), 81.0
(129, 137, 133), 92.0
(133, 138, 150), 74.0
(137, 134, 137), None
(128, 141, 143), 90.0
(182, 142, 148), 62.0
(129, 42, 139), 48.0
(139, 146, 143), 54.0
(134, 140, 144), 76.0
(125, 141, 133), 72.0
(127, 136, 144), 42.0
(122, 135, 138), 60.0
(128, 145, 133), 68.0
(137, 132, 152), 54.0
(138, 139, 138), None
(141, 135, 146), 64.0
(132, 130, 140), 54.0
(243, 143, 133), 46.0
(17, 130, 148), 72.0
(119, 99, 128), 62.0
(124, 28, 151), 46.0
(132, 148, 141), 66.0
(139, 135, 155), 72.0
(131, 125, 138), 56.0
(144, 140, 136), 76.0
(135, 128, 132), 74.0
(147, 131, 159), 78.0
(117, 98, 126), 66.0
(129, 135, 132), 80.0
(140, 125, 147), 66.0
(130, 123, 143), 66.0
(123, 139, 126), 52.0
(119, 113, 123), 63.0
(144, 144, 153), None
(134, 121, 127), 64.0
(127, 129, 128), 58.0
(127, 122, 141), 66.0
(139, 133, 135), 76.0
(115, 137, 132), 72.0
(135, 118, 120), 78.0
(126, 125, 123), 60.0
(150, 97, 139), 68.0
(132, 129, 156), 88.0
(144, 142, 162), 64.0
(141, 133, 158), 60.0
(120, 128, 153), 70.0
(150, 149, 118), 69.0
(133, 132, 135), 84.0
(136, 126, 168), 54.0
(128, 138, 124), 58.0
(141, 146, 81), 74.0
(137, 136, 61), 65.0
(130, 130, 174), None
(145, 140, 141), 73.0
(134, 127, 164), 66.0
(121, 122, 161), 65.0
(127, 132, 154), 80.0
(133, 121, 149), 58.0
(125, 142, 147), 66.0
(114, 117, 130), 90.0
(112, 116, 130), 82.0
(111, 128, 157), 84.0
(254, 153, 144), 46.0
(123, 121, 135), 66.0
(114, 107, 127), 52.0
(191, 115, 129), 42.0
(142, 126, 153), 70.0
(136, 133, 125), 70.0
(147, 137, 143), 44.0
(35, 91, 132), 64.0
(133, 112, 120), 56.0
(116, 100, 75), 62.0
(108, 125, 116), 50.0
(141, 133, 137), 52.0
(128, 115, 125), 46.0
(119, 119, 149), None
(109, 128, 144), 58.0
(125, 128, 148), 38.0
(137, 111, 156), 66.0
(128, 146, 162), 70.0
(115, 94, 133), 55.0
(123, 123, 136), None
(116, 103, 125), 60.0
(262, 139, 121), 46.0
(122, 118, 143), 60.0
(121, 122, 131), 80.0
(221, 117, 116), 59.0
(130, 135, 139), 84.0
(130, 111, 115), 62.0
(49, 133, 118), 62.0
(132, 147, 128), 70.0
(156, 97, 122), 56.0
(112, 128, 137), 80.0
(127, 124, 148), 58.0
(133, 130, 155), 90.0
(138, 138, 171), None
(106, 142, 165), 66.0
(148, 134, 164), 58.0
(135, 150, 75), 54.0
(132, 142, 51), 50.0
(116, 136, 153), 70.0
(144, 130, 184), 52.0
(137, 129, 155), 66.0
(111, 132, 157), 57.0
(139, 154, 160), 67.0
(131, 105, 84), 68.0
(125, 118, 114), 68.0
(137, 138, 131), 84.0
(147, 125, 151), 82.0
(131, 130, 159), 81.0
(125, 111, 132), 70.0
(149, 143, 146), 84.0
(131, 121, 126), 78.0
(119, 122, 121), 68.0
(141, 137, 141), None
(122, 113, 114), 40.0
(135, 108, 31), 62.0
(128, 126, 129), 80.0
(132, 126, 122), 78.0
(139, 111, 102), 48.0
(121, 131, 158), 52.0
(153, 91, 169), 42.0
(125, 121, 124), 84.0
(129, 120, 154), 52.0
(114, 141, 147), 66.0
(106, 96, 116), 72.0
(118, 147, 69), 60.0
(136, 131, 142), 38.0
(143, 133, 120), 70.0
(118, 118, 135), None
(123, 126, 151), 82.0
(103, 135, 128), 46.0
(130, 125, 143), 80.0
(134, 117, 115), 64.0
(112, 101, 78), 52.0
(162, 141, 149), 74.0
(126, 128, 162), 74.0
(123, 114, 101), 66.0
(145, 133, 211), 42.0
(138, 122, 43), 58.0
(124, 125, 154), 72.0
(135, 138, 132), 84.0
(144, 147, 138), 38.0
(149, 130, 145), 52.0
(156, 96, 62), 66.0
(143, 135, 140), 80.0
(142, 17, 127), 54.0
(109, 128, 109), None
(119, 119, 164), None
(114, 137, 149), 64.0
(131, 103, 92), 52.0
(141, 86, 85), 77.0
(27, 91, 109), 58.0
(121, 116, 114), 52.0
(127, 122, 122), None
(133, 115, 109), 58.0
(126, 120, 120), None
(101, 155, 131), 40.0
(109, 103, 99), 46.0
(116, 109, 135), 60.0
(57, 99, 91), 84.0
(115, 112, 100), 46.0
(105, 146, 125), 72.0
(136, 116, 118), None
(118, 89, 71), 88.0
(110, 75, 75), None
(139, 81, 73), 58.0
(122, 86, 66), 54.0
(149, 140, 66), 52.0
(127, 131, 55), 60.0
(127, 78, 68), 64.0
(133, 82, 71), 64.0
(134, 128, 73), 52.0
(122, 125, 153), 70.0
(132, 86, 81), 76.0
(139, 134, 139), None
(126, 123, 131), 78.0
(118, 142, 63), 48.0
(115, 91, 76), 60.0
(128, 135, 79), 77.0
(110, 86, 70), 56.0
(235, 145, 59), 48.0
(146, 93, 156), 50.0
(140, 131, 174), 48.0
(120, 125, 122), 85.0
(98, 74, 132), 56.0
(107, 91, 127), 54.0
(118, 138, 113), 66.0
(113, 131, 36), 78.0
(132, 106, 80), 76.0
(152, 149, 77), 72.0
(102, 135, 64), 56.0
(136, 120, 65), 54.0
(140, 89, 47), 90.0
(160, 79, 49), 46.0
(149, 82, 54), 50.0
(150, 91, 46), 48.0
(144, 97, 46), 62.0
(130, 67, 61), 68.0
(140, 88, 36), 52.0
(148, 85, 42), 80.0
(155, 73, 61), 58.0
(121, 160, 63), 68.0
(139, 140, 33), 58.0
(133, 92, 51), 68.0
(128, 108, 57), 56.0
(122, 128, 57), 42.0
(130, 130, 50), None
(140, 141, 26), 72.0
(129, 83, 60), 88.0
(140, 78, 54), 50.0
(137, 83, 59), 79.0
(136, 84, 56), 74.0
(129, 74, 63), 50.0
(125, 77, 50), 64.0
(40, 92, 68), 78.0
(142, 88, 70), 76.0
(136, 67, 60), 48.0
(145, 80, 41), 68.0
(119, 90, 50), 60.0
(145, 71, 143), 58.0
(125, 78, 56), 64.0
(134, 87, 67), 68.0
(134, 82, 70), 62.0
(142, 96, 44), 70.0
(138, 88, 70), 74.0
(123, 82, 124), 58.0
(132, 84, 63), 74.0
(146, 76, 73), 68.0
(111, 85, 58), 54.0
(139, 95, 76), 54.0
(129, 152, 56), 72.0
(136, 89, 62), 44.0
(114, 89, 53), 72.0
(130, 144, 65), 52.0
(211, 94, 67), 46.0
(152, 101, 75), 52.0
(134, 79, 73), 60.0
(104, 96, 52), 62.0
(142, 137, 16), 66.0
(152, 86, 28), 46.0
(127, 134, 39), 77.0
(143, 100, 79), 72.0
(158, 128, 131), 76.0
(129, 125, 250), 38.0
(125, 144, 48), 75.0
(140, 95, 61), 56.0
(149, 133, 136), 78.0
(144, 93, 71), 76.0
(136, 137, 166), 65.0
(120, 125, 137), 66.0
(135, 102, 82), 62.0
(130, 131, 135), 67.0
(158, 71, 70), 72.0
(122, 148, 130), 58.0
(146, 130, 128), 78.0
(132, 103, 59), 59.0
(127, 121, 45), 68.0
(124, 139, 120), 70.0
(130, 114, 121), 40.0
(118, 123, 140), 72.0
(95, 80, 135), 56.0
(137, 135, 160), 62.0
(140, 98, 77), 50.0
(129, 128, 117), 65.0
(132, 125, 125), None
(143, 92, 83), 72.0
(126, 117, 198), 48.0
(107, 79, 120), 46.0
(125, 56, 6), 78.0
(137, 154, 19), 78.0
(138, 142, 68), 50.0
(148, 139, 66), 54.0
(115, 121, 129), 42.0
(120, 110, 114), 36.0
(117, 116, 117), None
(51, 133, 112), 56.0
(131, 108, 30), 58.0
(121, 123, 142), 70.0
(111, 66, 87), 61.0
(125, 136, 138), 68.0
(154, 144, 54), 46.0
(132, 129, 145), 70.0
(113, 123, 124), 67.0
(166, 134, 39), 73.0
(128, 128, 117), None
(133, 113, 58), 62.0
(97, 88, 287), 36.0
(143, 102, 66), 76.0
(150, 150, 166), None
(104, 84, 92), 74.0
(139, 133, 132), 80.0
(113, 94, 48), 54.0
(137, 102, 72), 52.0
(106, 88, 125), 77.0
(146, 140, 159), 62.0
(125, 123, 135), 66.0
(171, 128, 154), 50.0
(131, 119, 151), 54.0
(119, 120, 129), 40.0
(109, 71, 125), 68.0
(136, 106, 74), 72.0
(146, 144, 147), 72.0
(141, 100, 85), 68.0
(117, 116, 112), 79.0
(136, 89, 82), 44.0
(121, 114, 121), None
(142, 89, 83), 66.0
(153, 137, 134), 64.0
(129, 126, 117), 50.0
(159, 134, 21), 67.0
(133, 129, 148), 64.0
(127, 122, 266), 54.0
(149, 132, 131), 74.0
(124, 117, 142), 62.0
(141, 95, 77), 66.0
(135, 107, 63), 64.0
(134, 149, 122), 46.0
(121, 140, 108), 85.0
(116, 124, 136), 56.0
(126, 129, 114), 60.0
(46, 137, 139), 77.0
(131, 115, 60), 34.0
(129, 118, 126), 52.0
(143, 83, 85), 66.0
(124, 110, 111), 66.0
(138, 132, 162), 52.0
(121, 125, 171), 66.0
(155, 128, 148), 36.0
(149, 139, 120), 40.0
(120, 145, 52), 58.0
(136, 156, 131), 68.0
(144, 87, 75), 70.0
(115, 125, 128), 50.0
(102, 79, 32), 52.0
(133, 134, 159), 78.0
(92, 84, 45), 64.0
(139, 105, 70), 66.0
(128, 111, 104), 56.0
(129, 115, 108), 54.0
(110, 97, 123), 38.0
(145, 131, 11), 48.0
(129, 121, 117), 38.0
(140, 138, 155), 68.0
(3, 116, 111), 40.0
(125, 118, 119), 56.0
(132, 122, 137), 52.0
(118, 72, 127), 72.0
(99, 10, 56), 70.0
(109, 99, 93), 84.0
(116, 106, 104), 50.0
(203, 130, 131), 75.0
(150, 149, 142), 68.0
(123, 124, 133), 75.0
(135, 135, 150), None
(124, 142, 138), 60.0
(163, 127, 147), 42.0
(124, 111, 114), 50.0
(110, 94, 63), 40.0
(133, 120, 122), 72.0
(87, 79, 88), 46.0
(104, 96, 0), 69.0
(111, 91, 119), 52.0
(145, 132, 24), 48.0
(115, 76, 128), 82.0
(55, 103, 79), 59.0
(127, 141, 108), 65.0
(118, 125, 179), 42.0
(137, 134, 154), 60.0
(153, 130, 148), 72.0
(141, 88, 136), 50.0
(146, 126, 125), 50.0
(117, 277, 116), 39.0
(134, 97, 68), 58.0
(129, 118, 133), 86.0
(134, 101, 77), 68.0
(124, 111, 106), 74.0
(137, 94, 80), 56.0
(99, 148, 63), 48.0
(139, 139, 131), None
(129, 113, 124), 50.0
(119, 34, 58), 62.0
(121, 120, 141), None
(286, 86, 114), 38.0
(130, 112, 127), 74.0
(31, 143, 44), 70.0
(128, 120, 127), 79.0
(131, 107, 136), 66.0
(144, 156, 133), 54.0
(154, 129, 38), 68.0
(107, 92, 103), 64.0
(112, 81, 143), 64.0
(137, 135, 50), 64.0
(141, 105, 67), 74.0
(122, 125, 120), 69.0
(149, 143, 164), 64.0
(131, 118, 112), 64.0
(124, 268, 55), 48.0
(91, 83, 94), 34.0
(118, 126, 120), 62.0
(140, 131, 168), 58.0
(136, 102, 85), 58.0
(143, 108, 88), 48.0
(14, 137, 273), 54.0
(127, 122, 131), 80.0
(133, 127, 100), 74.0
(131, 118, 133), 76.0
(114, 136, 129), 76.0
(127, 129, 111), 72.0
(107, 96, 97), 75.0
(145, 146, 141), 75.0
(118, 113, 107), 80.0
(151, 132, 137), 60.0
(124, 122, 108), 74.0
(134, 117, 116), 76.0
(125, 136, 123), 62.0
(114, 163, 152), 56.0
(140, 144, 69), 64.0
(137, 107, 77), 74.0
(119, 123, 118), 56.0
(105, 90, 124), 78.0
(131, 114, 127), 72.0
(128, 290, 113), 44.0
(125, 113, 131), 62.0
(102, 78, 131), 52.0
(132, 120, 136), 46.0
(123, 130, 105), 76.0
(110, 76, 118), 80.0
(113, 88, 60), 72.0
(139, 138, 73), 88.0
(136, 141, 71), 54.0
(148, 149, 71), 47.0
(148, 142, 63), 68.0
(138, 136, 63), 72.0
(141, 151, 71), 40.0
(144, 155, 77), 48.0
(133, 145, 71), 46.0
(137, 139, 67), 77.0
(136, 146, 74), 50.0
(131, 151, 49), 71.0
(160, 140, 58), 38.0
(133, 138, 66), 74.0
(62, 132, 219), 59.0
(145, 136, 81), 66.0
(139, 145, 64), 48.0
(129, 130, 126), 74.0
(124, 130, 144), 60.0
(140, 135, 124), 66.0
(127, 135, 33), 58.0
(152, 151, 79), 74.0
(133, 126, 159), 66.0
(119, 139, 69), 66.0
(145, 142, 78), 62.0
(138, 158, 55), 72.0
(133, 132, 41), 38.0
(149, 128, 157), 60.0
(139, 63, 15), 72.0
(123, 145, 73), 60.0
(128, 126, 118), 36.0
(123, 136, 73), 68.0
(132, 131, 136), 79.0
(139, 122, 89), 40.0
(96, 86, 60), 60.0
(134, 125, 131), 52.0
(128, 138, 50), 58.0
(117, 133, 152), 58.0
(121, 126, 142), 76.0
(247, 145, 53), 48.0
(148, 93, 84), 54.0
(43, 141, 62), 64.0
(158, 132, 148), 72.0
(152, 134, 145), 66.0
(127, 125, 258), 52.0
(135, 299, 125), 46.0
(142, 123, 114), 53.0
(121, 152, 27), 52.0
(128, 127, 155), 64.0
(115, 107, 120), 54.0
(141, 97, 77), 64.0
(103, 83, 87), 76.0
(135, 138, 73), 80.0
(294, 114, 7), 46.0
(121, 71, 229), 38.0
(131, 122, 134), 44.0
(142, 120, 128), 68.0
(69, 132, 142), 62.0
(117, 141, 116), 65.0
(126, 110, 67), 54.0
(137, 129, 94), 66.0
(127, 115, 120), 58.0
(21, 149, 114), 50.0
(133, 120, 135), 42.0
(84, 89, 81), 74.0
(114, 133, 122), 56.0
(118, 126, 122), 52.0
(142, 136, 111), 40.0
(146, 98, 81), 60.0
(108, 82, 90), 60.0
(108, 92, 66), 57.0
(125, 105, 57), 74.0
(155, 102, 82), 56.0
(168, 141, 141), None
(134, 120, 133), 40.0
(132, 127, 126), 70.0
(114, 147, 112), 69.0
(122, 117, 106), 56.0
(128, 130, 165), 78.0
(147, 98, 79), 66.0
(120, 138, 118), 42.0
(37, 161, 39), 50.0
(138, 123, 98), 52.0
(140, 131, 136), 38.0
(100, 86, 88), 80.0
(145, 94, 72), 72.0
(148, 101, 84), 60.0
(103, 82, 48), 72.0
(128, 112, 101), 66.0
(139, 142, 98), 44.0
(115, 73, 122), 64.0
(177, 108, 62), 52.0
(133, 22, 21), 74.0
(154, 134, 152), 54.0
(130, 119, 129), 73.0
(226, 127, 147), 54.0
(123, 115, 105), 62.0
(123, 110, 109), 70.0
(148, 137, 156), 52.0
(135, 123, 53), 72.0
(136, 148, 64), 54.0
(144, 93, 78), 60.0
(110, 88, 73), 54.0
(129, 131, 127), 78.0
(139, 125, 93), 62.0
(154, 98, 75), 80.0
(129, 134, 113), 56.0
(120, 115, 117), 62.0
(124, 155, 122), 66.0
(133, 129, 140), 56.0
(138, 119, 101), 66.0
(130, 141, 129), 72.0
(141, 123, 97), 66.0
(158, 136, 148), 74.0
(136, 127, 134), 80.0
(118, 115, 109), 78.0
(124, 109, 54), 44.0
(142, 102, 85), 70.0
(118, 143, 116), 64.0
(133, 75, 68), 56.0
(163, 132, 174), 54.0
(130, 120, 44), 60.0
(96, 91, 89), 64.0
(145, 101, 77), 62.0
(109, 84, 66), 92.0
(111, 78, 61), 48.0
(108, 71, 58), 94.0
(101, 64, 56), 58.0
(109, 60, 57), 40.0
(98, 48, 57), 76.0
(89, 52, 61), 50.0
(93, 69, 51), 68.0
(102, 78, 45), 58.0
(111, 67, 65), 88.0
(101, 55, 59), 58.0
(95, 63, 64), 66.0
(104, 73, 57), 58.0
(107, 77, 68), 72.0
(112, 60, 48), 88.0
(107, 80, 66), 62.0
(106, 53, 40), 68.0
(101, 68, 63), 76.0
(108, 69, 58), 78.0
(98, 65, 50), 58.0
(110, 61, 46), 86.0
(103, 65, 65), None
(110, 69, 36), 50.0
(92, 47, 49), 82.0
(100, 65, 43), 68.0
(104, 51, 48), 70.0
(113, 80, 67), 74.0
(107, 57, 63), 58.0
Sampler:BoTorchSampler
(93, 183, 241), 46.0
(110, 285, 171), 50.0
(272, 133, 145), 40.0
(80, 47, 39), 46.0
(287, 33, 112), 58.0
(232, 133, 62), 38.0
(95, 27, 202), 58.0
(101, 198, 92), 56.0
(293, 290, 118), 72.0
(293, 7, 222), 50.0
(85, 147, 68), 48.0
(56, 181, 69), 52.0
(80, 75, 71), 46.0
(67, 91, 70), 62.0
(167, 173, 72), 44.0
(33, 233, 71), 68.0
(208, 49, 66), 48.0
(63, 111, 65), 87.0
(243, 190, 88), 46.0
(26, 113, 59), 69.0
(71, 112, 139), 57.0
(66, 112, 0), 77.0
(56, 283, 5), 36.0
(20, 105, 0), 73.0
(99, 109, 22), 50.0
(149, 93, 135), 52.0
(244, 209, 20), 68.0
(296, 256, 46), 42.0
(299, 204, 97), 53.0
(56, 256, 280), 38.0
(162, 211, 170), 48.0
(0, 263, 75), 43.0
(86, 200, 12), 64.0
(265, 14, 15), 42.0
(212, 127, 83), 70.0
(201, 62, 217), 40.0
(265, 159, 142), 50.0
(90, 195, 299), 62.0
(160, 122, 177), 58.0
(192, 142, 279), 59.0
(29, 98, 113), 68.0
(199, 262, 65), 40.0
(101, 293, 40), 44.0
(79, 288, 8), 42.0
(180, 258, 254), 54.0
(231, 53, 13), 64.0
(226, 43, 61), 84.0
(221, 84, 264), 82.0
(131, 66, 19), 60.0
(270, 182, 107), 48.0
(100, 95, 119), 58.0
(174, 160, 172), 56.0
(288, 176, 124), 50.0
(59, 19, 21), 70.0
(166, 152, 119), 74.0
(201, 52, 110), 66.0
(3, 172, 123), 48.0
(141, 154, 265), 48.0
(78, 93, 30), 70.0
(13, 155, 54), 74.0
(264, 19, 163), 46.0
(125, 260, 87), 78.0
(110, 11, 41), 56.0
(159, 252, 264), 66.0
(151, 241, 138), 42.0
(204, 173, 172), 44.0
(282, 84, 178), 36.0
(163, 162, 218), 68.0
(53, 275, 7), 48.0
(205, 215, 51), 42.0
(181, 52, 27), 74.0
(20, 234, 13), 40.0
(260, 65, 183), 73.0
(176, 150, 134), 60.0
(143, 71, 292), 42.0
(71, 17, 199), 84.0
(24, 36, 5), 62.0
(137, 211, 275), 76.0
(38, 245, 286), 73.0
(133, 94, 156), 68.0
(23, 141, 17), 70.0
(170, 205, 240), 82.0
(108, 40, 151), 74.0
(33, 12, 242), 72.0
(260, 38, 251), 44.0
(134, 254, 36), 54.0
(221, 258, 87), 46.0
(237, 164, 76), 44.0
(279, 106, 4), 76.0
(19, 297, 241), 36.0
(151, 126, 131), 42.0
(83, 194, 139), 50.0
(71, 271, 217), 52.0
(235, 261, 123), 66.0
(27, 123, 204), 84.0
(26, 92, 66), 64.0
(21, 177, 156), 48.0
(120, 247, 136), 56.0
(279, 215, 79), 52.0
(199, 25, 293), 44.0
(177, 24, 286), 42.0
(133, 283, 181), 48.0
(127, 104, 170), 76.0
(277, 252, 65), 48.0
(145, 200, 153), 66.0
(202, 136, 259), 71.0
(271, 280, 44), 72.0
(188, 249, 137), 56.0
(262, 141, 248), 74.0
(174, 55, 266), 48.0
(0, 9, 165), 65.0
(221, 200, 36), 52.0
(124, 25, 205), 66.0
(132, 44, 198), 60.0
(192, 293, 207), 69.0
(6, 260, 15), 50.0
(292, 156, 115), 80.0
(231, 4, 62), 48.0
(195, 168, 193), 87.0
(156, 48, 151), 50.0
(120, 181, 158), 38.0
(163, 36, 123), 48.0
(56, 190, 15), 60.0
(131, 152, 180), 52.0
(48, 157, 31), 72.0
(281, 293, 235), 62.0
(179, 128, 23), 60.0
(14, 182, 20), 76.0
(107, 1, 136), 60.0
(15, 195, 221), 36.0
(259, 100, 136), 51.0
(63, 247, 25), 80.0
(208, 123, 294), 66.0
(214, 208, 173), 56.0
(281, 56, 106), 46.0
(100, 242, 116), 40.0
(189, 82, 22), 56.0
(296, 116, 235), 68.0
(222, 217, 157), 58.0
(170, 296, 172), 79.0
(218, 241, 204), 80.0
(18, 286, 222), 54.0
(298, 57, 251), 76.0
(57, 132, 293), 68.0
(112, 104, 276), 42.0
(225, 140, 157), 50.0
(235, 255, 128), 46.0
(19, 122, 95), 86.0
(277, 205, 206), 42.0
(299, 250, 11), 45.0
(100, 286, 145), 80.0
(265, 253, 6), 42.0
(122, 145, 122), None
(252, 87, 186), 50.0
(161, 111, 263), 48.0
(104, 101, 165), 80.0
(240, 214, 209), 52.0
(241, 173, 279), 65.0
(183, 110, 124), 70.0
(247, 164, 145), 60.0
(0, 67, 197), 56.0
(181, 90, 245), 48.0
(238, 102, 66), 56.0
(120, 211, 65), 48.0
(99, 182, 124), 38.0
(17, 6, 61), 52.0
(128, 260, 48), 58.0
(33, 98, 249), 52.0
(218, 212, 299), 72.0
(83, 120, 169), 52.0
(83, 290, 231), 66.0
(106, 184, 98), 44.0
(116, 139, 222), 60.0
(155, 124, 133), 60.0
(154, 298, 52), 56.0
(141, 176, 177), 65.0
(119, 255, 235), 50.0
(217, 262, 291), 45.0
(195, 120, 189), 42.0
(29, 110, 56), 54.0
(144, 244, 16), 46.0
(12, 293, 253), 56.0
(235, 36, 167), 48.0
(94, 296, 134), 38.0
(282, 257, 102), 66.0
(124, 65, 126), 48.0
(90, 225, 238), 50.0
(16, 281, 101), 44.0
(232, 157, 291), 72.0
(31, 274, 146), 52.0
(31, 209, 263), 42.0
(175, 144, 157), 60.0
(161, 293, 166), 68.0
(8, 77, 81), 48.0
(74, 55, 244), 78.0
(227, 110, 66), 50.0
(97, 132, 97), None
(49, 275, 38), 60.0
(244, 149, 177), 52.0
(68, 210, 255), 44.0
(75, 53, 126), 78.0
(214, 39, 37), 101.0
(265, 202, 67), 80.0
(206, 135, 40), 50.0
(140, 293, 298), 49.0
(291, 69, 73), 46.0
(299, 161, 28), 56.0
(236, 15, 21), 44.0
(136, 141, 160), 52.0
(141, 58, 143), 84.0
(193, 216, 108), 64.0
(257, 51, 285), 44.0
(15, 161, 202), 48.0
(30, 55, 127), 76.0
(282, 238, 254), 54.0
(275, 66, 96), 44.0
(294, 27, 6), 46.0
(118, 196, 297), 48.0
(285, 38, 22), 40.0
(174, 289, 286), 70.0
(63, 175, 236), 46.0
(280, 32, 180), 48.0
(133, 109, 278), 58.0
(107, 245, 295), 50.0
(54, 86, 147), 46.0
(180, 127, 30), 58.0
(290, 256, 153), 58.0
(286, 246, 136), 82.0
(121, 143, 278), 76.0
(97, 107, 259), 46.0
(278, 187, 265), 64.0
(209, 85, 83), 43.0
(80, 46, 75), 66.0
(115, 284, 279), 73.0
(35, 135, 217), 40.0
(142, 28, 31), 74.0
(109, 95, 256), 52.0
(209, 194, 32), 50.0
(262, 171, 207), 80.0
(102, 146, 67), 48.0
(156, 5, 174), 57.0
(38, 106, 126), 62.0
(237, 134, 292), 92.0
(263, 10, 122), 42.0
(77, 197, 87), 66.0
(94, 292, 282), 40.0
(220, 243, 284), 66.0
(172, 288, 96), 76.0
(195, 151, 206), 58.0
(256, 27, 92), 62.0
(81, 189, 233), 70.0
(58, 140, 107), 56.0
(199, 239, 266), 70.0
(9, 42, 298), 46.0
(271, 292, 22), 51.0
(239, 117, 209), 75.0
(278, 116, 163), 50.0
(240, 196, 152), 46.0
(192, 0, 127), 75.0
(4, 134, 283), 48.0
(249, 116, 43), 48.0
(249, 32, 103), 44.0
(137, 167, 53), 46.0
(157, 60, 220), 44.0
(55, 167, 185), 65.0
(81, 90, 290), 42.0
(216, 151, 31), 58.0
(179, 279, 188), 66.0
(34, 27, 287), 36.0
(69, 112, 115), 58.0
(265, 160, 147), 52.0
(236, 130, 299), 58.0
(240, 248, 235), 52.0
(98, 6, 49), 42.0
(127, 64, 81), 64.0
(267, 58, 59), 58.0
(64, 7, 175), 74.0
(65, 266, 16), 38.0
(272, 39, 64), 48.0
(57, 90, 114), 62.0
(147, 193, 109), 46.0
(95, 5, 198), 62.0
(32, 152, 168), 42.0
(93, 266, 19), 50.0
(238, 93, 262), 50.0
(203, 242, 19), 56.0
(0, 217, 3), 45.0
(270, 201, 292), 42.0
(21, 230, 40), 54.0
(52, 246, 201), 44.0
(49, 210, 216), 40.0
(186, 2, 91), 54.0
(93, 286, 262), 46.0
(143, 89, 124), 72.0
(28, 51, 296), 52.0
(263, 165, 83), 52.0
(276, 295, 187), 94.0
(24, 6, 279), 54.0
(23, 197, 286), 42.0
(265, 176, 31), 46.0
(201, 12, 285), 50.0
(198, 189, 199), 76.0
(252, 160, 41), 52.0
(201, 110, 146), 78.0
(151, 190, 157), 42.0
(250, 65, 150), 50.0
(211, 169, 110), 58.0
(144, 29, 192), 38.0
(139, 167, 39), 50.0
(31, 200, 146), 78.0
(57, 201, 104), 46.0
(251, 118, 275), 78.0
(144, 69, 134), 76.0
(108, 193, 273), 46.0
(115, 19, 61), 84.0
(145, 194, 53), 42.0
(186, 148, 274), 54.0
(274, 10, 21), 40.0
(17, 213, 36), 72.0
(298, 73, 269), 53.0
(277, 50, 7), 54.0
(234, 102, 295), 70.0
(153, 260, 254), 60.0
(122, 106, 167), 54.0
(88, 252, 206), 48.0
(213, 291, 223), 84.0
(190, 73, 56), 52.0
(25, 106, 213), 52.0
(120, 209, 277), 44.0
(193, 249, 54), 48.0
(41, 292, 185), 54.0
(133, 134, 100), 38.0
(176, 21, 47), 54.0
(206, 128, 210), 46.0
(3, 13, 58), 56.0
(204, 98, 205), 50.0
(213, 136, 267), 80.0
(25, 77, 146), 54.0
(140, 255, 273), 50.0
(35, 17, 76), None
(156, 260, 177), 62.0
(121, 233, 32), 36.0
(154, 161, 108), 54.0
(48, 207, 141), 48.0
(160, 13, 63), 68.0
(8, 34, 27), 70.0
(159, 30, 101), 52.0
(269, 34, 285), 42.0
(48, 188, 153), 46.0
(115, 182, 82), 48.0
(115, 16, 98), 76.0
(118, 122, 180), 42.0
(233, 197, 72), 58.0
(188, 42, 273), 68.0
(156, 126, 104), 52.0
(139, 257, 75), 70.0
(28, 74, 249), 42.0
(193, 21, 51), 50.0
(122, 119, 161), 40.0
(226, 189, 93), 74.0
(11, 276, 287), 46.0
(0, 124, 194), 45.0
(91, 265, 99), 52.0
(183, 133, 50), 46.0
(146, 212, 153), 40.0
(65, 130, 97), 46.0
(137, 282, 229), 50.0
(237, 248, 105), 44.0
(99, 265, 218), 50.0
(270, 157, 253), 76.0
(204, 276, 12), 42.0
(220, 108, 144), 70.0
(34, 194, 104), 42.0
(148, 211, 133), 46.0
(1, 253, 263), 44.0
(269, 266, 279), 44.0
(207, 10, 61), 50.0
(243, 275, 135), 70.0
(242, 142, 117), 44.0
(232, 215, 33), 72.0
(120, 80, 228), 58.0
(281, 24, 97), 38.0
(13, 184, 166), 66.0
(76, 134, 222), 60.0
(45, 101, 12), 78.0
(135, 110, 28), 60.0
(261, 167, 145), 80.0
(248, 80, 250), 70.0
(205, 172, 224), 66.0
(252, 61, 248), 72.0
(38, 195, 137), 68.0
(262, 106, 198), 48.0
(74, 256, 232), 64.0
(289, 15, 51), 44.0
(292, 158, 162), 60.0
(78, 206, 60), 48.0
(284, 278, 166), 71.0
(151, 215, 248), 48.0
(96, 265, 240), 50.0
(41, 279, 260), 37.0
(45, 120, 261), 82.0
(242, 68, 212), 44.0
(27, 81, 91), 86.0
(93, 164, 31), 50.0
(249, 121, 238), 50.0
(219, 83, 256), 50.0
(149, 227, 202), 50.0
(90, 277, 249), 42.0
(81, 2, 279), 54.0
(249, 98, 221), 54.0
(83, 72, 291), 38.0
(78, 100, 236), 40.0
(282, 294, 126), 55.0
(20, 153, 115), 56.0
(279, 91, 192), 56.0
(100, 176, 223), 42.0
(71, 103, 190), 42.0
(118, 94, 269), 54.0
(50, 248, 77), 40.0
(6, 203, 169), 56.0
(122, 160, 251), 70.0
(83, 285, 130), 48.0
(152, 123, 252), 46.0
(66, 271, 148), 64.0
(99, 148, 211), 52.0
(143, 24, 10), 72.0
(92, 42, 218), 52.0
(106, 298, 90), 58.0
(100, 189, 7), 46.0
(102, 47, 224), 82.0
(114, 118, 169), 56.0
(94, 110, 254), 58.0
(206, 264, 79), 76.0
(127, 88, 158), 60.0
(124, 124, 116), None
(20, 56, 140), 73.0
(45, 206, 13), 60.0
(104, 153, 276), 46.0
(38, 35, 204), 44.0
(68, 105, 286), 44.0
(121, 94, 71), 52.0
(11, 131, 243), 54.0
(47, 262, 109), 52.0
(284, 151, 133), 72.0
(156, 12, 288), 54.0
(115, 178, 276), 82.0
(64, 66, 119), 34.0
(217, 150, 158), 66.0
(27, 100, 238), 54.0
(230, 26, 248), 51.0
(170, 120, 254), 50.0
(28, 160, 60), 75.0
(27, 274, 194), 46.0
(294, 176, 91), 56.0
(249, 297, 214), 84.0
(244, 4, 183), 36.0
(272, 203, 208), 50.0
(92, 20, 52), 76.0
(60, 1, 166), 72.0
(193, 70, 81), 44.0
(194, 209, 252), 76.0
(179, 17, 16), 71.0
(48, 235, 186), 42.0
(35, 115, 176), 52.0
(85, 10, 98), 70.0
(207, 121, 160), 77.0
(220, 226, 245), 68.0
(92, 141, 10), 72.0
(167, 224, 34), 70.0
(271, 169, 86), 70.0
(190, 90, 98), 38.0
(108, 244, 215), 50.0
(272, 144, 177), 60.0
(270, 286, 55), 52.0
(211, 53, 248), 52.0
(8, 219, 116), 52.0
(11, 10, 142), 72.0
(216, 256, 170), 72.0
(78, 25, 174), 62.0
(277, 92, 22), 44.0
(1, 66, 100), 66.0
(224, 271, 176), 72.0
(201, 201, 6), None
(216, 6, 29), 60.0
(188, 162, 0), 58.0
(245, 153, 167), 52.0
(22, 181, 116), 46.0
(76, 176, 71), 64.0
(241, 255, 205), 70.0
(110, 190, 187), 44.0
(36, 297, 33), 56.0
(200, 233, 33), 34.0
(208, 229, 32), 54.0
(206, 62, 282), 65.0
(4, 273, 167), 54.0
(106, 74, 0), 73.0
(209, 245, 267), 80.0
(195, 64, 180), 42.0
(50, 162, 127), 68.0
(228, 252, 228), None
(129, 122, 72), 58.0
(42, 9, 293), 40.0
(201, 137, 63), 42.0
(121, 203, 282), 66.0
(284, 155, 31), 50.0
(165, 163, 126), 46.0
(262, 293, 37), 44.0
(70, 63, 194), 56.0
(160, 295, 239), 61.0
(217, 152, 73), 60.0
(229, 56, 282), 50.0
(274, 36, 239), 84.0
(68, 258, 131), 70.0
(111, 92, 240), 73.0
(253, 258, 43), 50.0
(13, 231, 230), 48.0
(271, 287, 68), 47.0
(38, 160, 293), 42.0
(176, 185, 7), 40.0
(103, 176, 148), 42.0
(287, 3, 48), 50.0
(117, 168, 265), 60.0
(277, 293, 121), 51.0
(187, 115, 212), 56.0
(272, 234, 150), 60.0
(228, 160, 71), 38.0
(252, 28, 57), 52.0
(215, 84, 17), 50.0
(253, 274, 176), 80.0
(159, 270, 266), 64.0
(172, 247, 32), 44.0
(150, 129, 185), 42.0
(75, 105, 54), 74.0
(32, 175, 178), 72.0
(148, 195, 252), 46.0
(217, 14, 254), 78.0
(98, 247, 246), 52.0
(263, 12, 36), 48.0
(105, 260, 235), 60.0
(266, 0, 294), 48.0
(251, 15, 80), 42.0
(289, 137, 23), 42.0
(211, 26, 152), 50.0
(260, 146, 2), 59.0
(292, 78, 153), 70.0
(52, 156, 120), 58.0
(211, 279, 133), 64.0
(130, 286, 48), 36.0
(266, 28, 253), 46.0
(83, 127, 179), 50.0
(70, 252, 121), 38.0
(270, 120, 270), None
(97, 10, 43), 50.0
(240, 148, 197), 58.0
(42, 96, 82), 70.0
(38, 199, 97), 60.0
(92, 102, 297), 42.0
(5, 70, 81), 80.0
(36, 176, 205), 40.0
(192, 173, 127), 46.0
(229, 156, 249), 70.0
(121, 131, 285), 52.0
(189, 235, 158), 74.0
(164, 45, 199), 40.0
(86, 127, 112), 52.0
(112, 75, 214), 64.0
(40, 206, 23), 88.0
(282, 211, 198), 42.0
(102, 25, 228), 68.0
(56, 175, 290), 48.0
(22, 298, 288), 42.0
(259, 6, 217), 49.0
(208, 150, 220), 62.0
(16, 242, 122), 44.0
(106, 273, 118), 44.0
(148, 282, 114), 64.0
(168, 134, 35), 50.0
(229, 22, 130), 46.0
(185, 224, 7), 55.0
(236, 96, 106), 46.0
(295, 216, 39), 42.0
(56, 130, 164), 54.0
(199, 25, 236), 56.0
(32, 89, 166), 72.0
(262, 35, 141), 44.0
(268, 282, 206), 74.0
(112, 102, 133), 60.0
(244, 278, 220), 60.0
(153, 224, 136), 64.0
(128, 18, 155), 58.0
(127, 6, 259), 54.0
(32, 279, 70), 74.0
(186, 26, 269), 40.0
(257, 235, 72), 76.0
(211, 14, 104), 48.0
(252, 193, 111), 66.0
(162, 144, 141), 74.0
(137, 262, 60), 36.0
(10, 87, 154), 64.0
(82, 107, 90), 68.0
(189, 3, 139), 52.0
(254, 246, 116), 70.0
(278, 276, 250), 74.0
(195, 276, 97), 52.0
(129, 238, 142), 42.0
(222, 265, 182), 82.0
(26, 77, 289), 40.0
(44, 11, 172), 56.0
(128, 54, 256), 50.0
(173, 216, 35), 66.0
(33, 33, 7), None
(47, 286, 191), 50.0
(298, 191, 245), 57.0
(293, 143, 273), 74.0
(128, 125, 188), 38.0
(177, 217, 230), 68.0
(2, 259, 12), 44.0
(297, 226, 255), 72.0
(36, 223, 229), 46.0
(155, 173, 133), 59.0
(236, 11, 89), 64.0
(187, 273, 10), 44.0
(68, 168, 259), 40.0
(255, 253, 157), 82.0
(236, 260, 293), 49.0
(189, 176, 248), 60.0
(63, 184, 53), 72.0
(51, 137, 29), 76.0
(138, 112, 239), 74.0
(289, 191, 233), 50.0
(17, 79, 290), 53.0
(81, 54, 30), 52.0
(75, 269, 140), 46.0
(20, 86, 177), 62.0
(189, 147, 138), 56.0
(94, 97, 98), 71.0
(268, 24, 155), 48.0
(241, 141, 283), 66.0
(10, 51, 133), 80.0
(61, 131, 175), 50.0
(84, 205, 265), 62.0
(104, 145, 71), 56.0
(12, 134, 250), 52.0
(193, 95, 230), 68.0
(22, 102, 255), 46.0
(281, 2, 202), 48.0
(160, 152, 284), 50.0
(217, 61, 9), 52.0
(213, 206, 76), 50.0
(5, 58, 146), 60.0
(167, 109, 156), 48.0
(246, 85, 24), 64.0
(66, 27, 197), 84.0
(99, 252, 86), 44.0
(51, 150, 253), 36.0
(65, 251, 70), 42.0
(110, 3, 299), 59.0
(46, 131, 33), 54.0
(101, 20, 253), 48.0
(69, 155, 187), 38.0
(293, 173, 100), 52.0
(235, 264, 266), 54.0
(208, 158, 0), 53.0
(211, 220, 124), 66.0
(169, 94, 188), 82.0
(41, 11, 217), 48.0
(60, 206, 34), 46.0
(122, 130, 287), 48.0
(223, 273, 74), 46.0
(51, 210, 43), 42.0
(122, 2, 192), 44.0
(275, 54, 252), 64.0
(5, 99, 263), 40.0
(3, 19, 201), 50.0
(4, 174, 135), 59.0
(95, 2, 123), 72.0
(75, 121, 37), 82.0
(200, 118, 75), 50.0
(1, 121, 44), 66.0
(142, 126, 185), 64.0
(88, 12, 282), 56.0
(133, 222, 66), 50.0
(169, 30, 46), 48.0
(205, 263, 101), 76.0
(155, 256, 31), 50.0
(142, 212, 148), 60.0
(15, 209, 195), 48.0
(224, 261, 273), 76.0
(32, 294, 130), 44.0
(61, 134, 293), 42.0
(247, 128, 187), 88.0
(116, 209, 191), 74.0
(177, 45, 161), 48.0
(190, 293, 71), 60.0
(186, 18, 283), 72.0
(183, 103, 197), 34.0
(4, 107, 136), 60.0
(66, 216, 122), 56.0
(216, 201, 216), None
(88, 54, 38), 84.0
(127, 46, 149), 50.0
(36, 181, 18), 56.0
(77, 16, 283), 48.0
(248, 111, 45), 50.0
(165, 216, 290), 74.0
(93, 70, 250), 44.0
(183, 177, 68), 50.0
(217, 92, 164), 54.0
(46, 49, 75), 44.0
(235, 250, 77), 70.0
(213, 272, 149), 48.0
(70, 245, 87), 62.0
(159, 41, 91), 46.0
(18, 260, 162), 48.0
(284, 108, 198), 53.0
(36, 40, 82), 78.0
(125, 110, 111), 75.0
(186, 170, 280), 78.0
(115, 250, 64), 44.0
(182, 236, 174), 70.0
(65, 84, 272), 54.0
(130, 182, 273), 54.0
(149, 211, 256), 62.0
(294, 218, 125), 52.0
(89, 185, 58), 56.0
(61, 44, 270), 62.0
(71, 11, 185), 84.0
(96, 46, 201), 50.0
(58, 65, 282), 36.0
(271, 94, 38), 56.0
(46, 59, 63), 40.0
(278, 103, 69), 54.0
(241, 156, 81), 38.0
(256, 118, 191), 78.0
(269, 84, 71), 42.0
(205, 139, 231), 68.0
(296, 202, 131), 51.0
(223, 61, 236), 46.0
(259, 157, 259), None
(267, 3, 64), 54.0
(170, 186, 268), 54.0
(66, 110, 274), 56.0
(222, 188, 39), 48.0
(24, 220, 83), 50.0
(181, 228, 152), 62.0
(21, 53, 58), 50.0
(81, 175, 162), 42.0
(254, 171, 122), 60.0
(156, 34, 32), 82.0
(48, 9, 215), 74.0
(99, 162, 277), 44.0
(299, 285, 68), 46.0
(135, 34, 88), 72.0
(87, 299, 117), 48.0
(115, 101, 38), 78.0
(279, 96, 88), 50.0
(198, 11, 263), 44.0
(235, 162, 165), 66.0
(283, 226, 189), 94.0
(84, 288, 125), 47.0
(291, 173, 274), 76.0
(41, 209, 286), 78.0
(161, 244, 135), 48.0
(25, 94, 284), 40.0
(294, 48, 277), 50.0
(96, 171, 64), 54.0
(92, 154, 7), 76.0
(137, 171, 297), 72.0
(112, 126, 119), 70.0
(225, 43, 33), 52.0
(194, 183, 179), 59.0
(26, 165, 1), 60.0
(173, 184, 177), 58.0
(154, 89, 182), 58.0
(204, 28, 120), 72.0
(233, 149, 171), 77.0
(123, 203, 227), 70.0
(87, 26, 114), 64.0
(26, 266, 225), 52.0
(293, 2, 229), 52.0
(136, 147, 251), 48.0
(11, 91, 152), 66.0
(57, 69, 16), 78.0
(158, 63, 74), 58.0
(189, 263, 71), 46.0
(36, 122, 104), 64.0
(66, 29, 50), 76.0
(157, 139, 280), 59.0
(222, 242, 107), 66.0
(174, 71, 115), 76.0
(140, 174, 82), 42.0
(192, 244, 9), 46.0
(250, 32, 35), 48.0
(164, 137, 112), 56.0
(21, 87, 11), 60.0
(180, 246, 125), 74.0
(85, 99, 212), 44.0
(127, 250, 114), 44.0
(114, 6, 91), 58.0
(142, 93, 217), 46.0
(16, 258, 14), 62.0
(266, 86, 194), 44.0
(161, 245, 151), 50.0
(230, 49, 275), 40.0
(146, 89, 169), 38.0
(129, 161, 211), 44.0
(63, 117, 20), 68.0
(90, 224, 181), 52.0
(99, 223, 227), 46.0
(7, 227, 56), 46.0
(170, 82, 268), 52.0
(143, 125, 19), 60.0
(80, 283, 34), 44.0
(257, 40, 269), 50.0
(33, 101, 153), 54.0
(96, 20, 51), 42.0
(268, 7, 47), 64.0
(98, 24, 33), 64.0
(68, 38, 160), 50.0
(228, 2, 196), 44.0
(267, 247, 253), 66.0
(246, 19, 104), 40.0
(56, 212, 138), 78.0
(52, 29, 274), 52.0
(205, 116, 160), 48.0
(245, 190, 215), 42.0
(214, 58, 113), 62.0
(90, 141, 94), 42.0
(77, 267, 81), 48.0
(233, 39, 95), 52.0
(141, 99, 103), 48.0
(71, 74, 78), 78.0
(98, 78, 237), 52.0
(145, 189, 56), 58.0
(41, 66, 45), 70.0
(163, 46, 23), 72.0
(158, 201, 235), 46.0
(181, 203, 165), 60.0
(217, 96, 232), 74.0
(4, 122, 272), 48.0
(3, 38, 219), 50.0
(47, 90, 200), 76.0
(41, 255, 113), 40.0
(0, 226, 20), 73.0
(291, 4, 109), 56.0
(218, 122, 52), 50.0
(298, 140, 172), 68.0
(291, 264, 153), 80.0
(10, 16, 98), 70.0
(10, 208, 215), 42.0
(6, 155, 246), 44.0
(64, 120, 264), 76.0
(240, 208, 141), 68.0
(266, 275, 278), 70.0
(290, 56, 75), 76.0
(282, 220, 166), 64.0
(249, 187, 96), 52.0
(169, 189, 188), 49.0
(182, 109, 79), 48.0
(78, 128, 35), 64.0
(122, 51, 200), 50.0
(134, 176, 67), 64.0
(135, 98, 214), 78.0
(248, 61, 50), 46.0
(92, 166, 84), 52.0
(259, 138, 141), 43.0
(159, 157, 156), 64.0
(154, 105, 36), 64.0
(262, 23, 96), 38.0
(83, 69, 272), 40.0
(56, 138, 81), 48.0
(244, 271, 22), 50.0
(222, 16, 83), 44.0
(295, 204, 152), 59.0
(229, 71, 124), 40.0
(13, 170, 98), 50.0
(188, 121, 45), 52.0
(258, 172, 188), 60.0
(205, 87, 24), 70.0
(108, 264, 185), 66.0
(214, 20, 162), 42.0
(219, 84, 208), 48.0
(236, 44, 143), 40.0
(100, 175, 131), 46.0
(96, 180, 80), 49.0
(162, 24, 28), 74.0
(30, 88, 146), 72.0
(247, 142, 241), 72.0
(89, 192, 57), 48.0
(55, 203, 183), 44.0
(293, 64, 102), 56.0
(209, 195, 237), 66.0
(42, 115, 30), 54.0
(59, 56, 59), None
(37, 289, 167), 48.0
(212, 293, 37), 72.0
(275, 124, 247), 68.0
(263, 29, 179), 46.0
(10, 290, 282), 43.0
(170, 80, 134), 50.0
(26, 57, 265), 38.0
(67, 265, 51), 48.0
(239, 11, 266), 44.0
(266, 140, 5), 78.0
(124, 62, 288), 56.0
(173, 11, 78), 58.0
(69, 96, 216), 64.0
(91, 10, 273), 60.0
(288, 204, 46), 54.0
(223, 195, 251), 50.0
(96, 34, 139), 70.0
(166, 209, 220), 60.0
(241, 259, 242), 62.0
(112, 228, 285), 56.0
(159, 195, 237), 66.0
(101, 253, 101), None
(164, 205, 171), 52.0
(214, 14, 41), 44.0
(28, 226, 274), 42.0
(98, 293, 41), 46.0
(69, 30, 90), 72.0
(292, 33, 294), 50.0
(295, 243, 170), 43.0
(92, 83, 26), 80.0
(158, 218, 89), 62.0
(176, 294, 69), 52.0
(247, 21, 25), 66.0
(85, 59, 121), 60.0
(166, 141, 249), 58.0
(42, 12, 243), 62.0
(281, 82, 298), 52.0
(5, 247, 227), 54.0
(286, 82, 264), 76.0
(236, 138, 106), 46.0
(205, 158, 244), 76.0
(114, 251, 244), 60.0
(233, 38, 206), 50.0
(214, 26, 206), 38.0
(143, 147, 192), 60.0
(17, 248, 158), 44.0
(266, 240, 49), 60.0
(88, 145, 206), 72.0
(166, 285, 17), 52.0
(41, 264, 170), 56.0
(226, 225, 54), 46.0
(168, 7, 103), 50.0
(299, 213, 221), 67.0
(214, 130, 76), 58.0
(256, 90, 182), 52.0
(45, 140, 251), 50.0
(106, 294, 278), 48.0
(100, 297, 32), 40.0
(88, 290, 240), 46.0
(106, 153, 285), 44.0
(31, 145, 126), 86.0
(271, 107, 160), 48.0
(234, 25, 108), 66.0
(224, 106, 59), 40.0
(101, 177, 7), 64.0
(110, 109, 82), 68.0
(240, 227, 92), 48.0
(35, 244, 179), 45.0
(243, 175, 50), 48.0
(132, 178, 128), 80.0
(158, 85, 147), 54.0
(279, 68, 268), 40.0
(95, 215, 71), 72.0
(53, 1, 259), 42.0
(45, 43, 93), 72.0
(38, 185, 34), 48.0
(214, 102, 125), 62.0
(56, 196, 177), 60.0
(227, 186, 203), 54.0
(151, 171, 39), 71.0
(286, 263, 130), 62.0
(104, 57, 262), 38.0
(290, 55, 286), 54.0
(296, 5, 25), 62.0
(174, 275, 73), 52.0
(270, 91, 168), 50.0
(175, 43, 215), 42.0
(95, 91, 20), 44.0
(177, 231, 192), 58.0
(280, 294, 12), 38.0
(297, 36, 48), 48.0
(51, 233, 224), 42.0
(185, 115, 65), 46.0
(87, 91, 131), 48.0
(74, 198, 62), 48.0
(194, 188, 260), 60.0
(273, 100, 96), 40.0
(3, 151, 91), 56.0
(30, 266, 165), 48.0
(208, 86, 68), 50.0
(244, 207, 139), 54.0
(146, 99, 27), 64.0
(255, 253, 78), 64.0
(224, 38, 43), 40.0
(245, 101, 253), 76.0
(188, 235, 4), 48.0
(120, 91, 105), 70.0
(88, 2, 282), 60.0
(239, 175, 239), None
(10, 149, 103), 58.0
(24, 228, 16), 44.0
(240, 174, 219), 73.0
(213, 92, 286), 46.0
(273, 39, 257), 68.0
(96, 164, 118), 52.0
(219, 108, 11), 56.0
(74, 39, 15), 71.0
(109, 4, 72), 56.0
(58, 121, 158), 54.0
(89, 20, 111), 80.0
(4, 227, 0), 77.0
(133, 282, 294), 59.0
(70, 42, 190), 42.0
(83, 44, 36), 72.0
(6, 72, 180), 72.0
(227, 171, 62), 48.0
(32, 144, 260), 50.0
(78, 151, 154), 68.0
(244, 114, 197), 52.0
(32, 140, 4), 72.0
(269, 16, 196), 40.0
(13, 231, 289), 49.0
(51, 238, 256), 70.0
(191, 290, 253), 52.0
(247, 51, 88), 46.0
(38, 78, 105), 78.0
(36, 191, 287), 64.0
(97, 292, 28), 54.0
(261, 47, 85), 52.0
(108, 7, 26), 57.0
(293, 53, 244), 38.0
(106, 117, 193), 46.0
(23, 34, 92), 62.0
(0, 144, 294), 50.0
(282, 22, 209), 65.0
(33, 159, 92), 66.0
(255, 128, 257), 46.0
(171, 194, 53), 54.0
(226, 164, 164), None
(5, 57, 187), 52.0
(296, 177, 205), 76.0
(27, 266, 42), 74.0
(95, 277, 268), 76.0
(228, 283, 86), 63.0
(246, 95, 57), 78.0
(115, 73, 217), 72.0
(134, 236, 88), 52.0
(174, 254, 41), 44.0
(266, 176, 279), 73.0
(131, 287, 55), 64.0
(177, 26, 231), 46.0
(234, 65, 59), 45.0
(255, 293, 138), 82.0
(135, 195, 152), 52.0
(51, 54, 278), 70.0
(48, 121, 288), 54.0
(254, 113, 81), 38.0
(71, 26, 148), 50.0
(249, 283, 235), 38.0
(109, 297, 199), 49.0
(48, 251, 143), 44.0
(90, 235, 117), 62.0
(278, 26, 103), 54.0
(235, 102, 24), 44.0
(185, 60, 136), 50.0
(243, 106, 159), 44.0
(209, 252, 229), 57.0
(298, 87, 176), 46.0
(225, 219, 233), 66.0
(60, 232, 210), 70.0
(122, 245, 226), 76.0
(225, 189, 73), 62.0
(88, 103, 9), 60.0
(78, 75, 2), 60.0
(31, 123, 84), 76.0
(299, 122, 270), 60.0
(262, 63, 276), 52.0
(25, 275, 68), 52.0
(3, 290, 112), 46.0
(242, 25, 52), 64.0
(62, 242, 64), 66.0
(6, 53, 32), 74.0
(264, 276, 274), 62.0
(120, 54, 222), 44.0
(108, 168, 79), 40.0
(14, 149, 173), 54.0
(28, 193, 101), 48.0
(3, 115, 266), 42.0
(32, 254, 155), 48.0
(273, 277, 296), 88.0
(187, 197, 104), 48.0
(39, 257, 223), 38.0
(48, 230, 216), 38.0
(117, 73, 51), 77.0
(82, 197, 0), 75.0
(127, 75, 221), 62.0
(271, 260, 7), 52.0
(70, 40, 192), 48.0
(193, 245, 126), 54.0
(205, 283, 112), 62.0
(264, 169, 223), 70.0
(136, 240, 171), 44.0
(231, 266, 218), 56.0
(74, 283, 36), 80.0
(129, 38, 219), 64.0
(39, 194, 118), 82.0
(218, 89, 231), 40.0
(188, 80, 76), 54.0
(6, 97, 251), 48.0
(6, 41, 29), 75.0
(153, 168, 201), 72.0
(60, 30, 270), 42.0
(242, 93, 180), 46.0
(195, 79, 67), 58.0
(183, 135, 213), 56.0
(27, 227, 238), 40.0
(199, 124, 167), 50.0
(203, 237, 115), 50.0
(78, 110, 287), 48.0
(36, 81, 174), 56.0
(209, 206, 259), 48.0
(252, 164, 215), 66.0
(171, 64, 114), 56.0
(276, 22, 54), 38.0
(69, 238, 268), 40.0
(132, 127, 143), 78.0
(153, 109, 220), 58.0
(222, 239, 240), 64.0
(253, 245, 74), 46.0
(290, 211, 296), 52.0
(214, 276, 222), 84.0
(93, 239, 134), 69.0
(270, 219, 214), 73.0
(159, 115, 228), 62.0
(242, 281, 251), 70.0
(162, 61, 297), 39.0
(86, 103, 293), 46.0
(171, 200, 68), 46.0
(110, 121, 180), 58.0
(257, 254, 69), 50.0
(89, 292, 1), 48.0
(126, 132, 181), 68.0
(162, 106, 194), 48.0
(27, 188, 45), 56.0
(71, 23, 67), 70.0
(174, 124, 191), 62.0
(59, 33, 165), 52.0
(234, 294, 243), 84.0
(177, 166, 250), 78.0
(106, 287, 121), 48.0
(287, 190, 161), 76.0
(86, 127, 254), 61.0
(244, 59, 225), 76.0
(182, 170, 2), 48.0
(60, 160, 34), 75.0
(59, 138, 51), 67.0
(234, 211, 3), 54.0
(103, 258, 129), 46.0
(195, 55, 10), 72.0
(266, 271, 35), 50.0
(171, 23, 225), 50.0
(106, 226, 130), 48.0
(144, 84, 152), 48.0
(1, 237, 64), 82.0
(132, 206, 119), 62.0
(135, 293, 199), 61.0
(176, 33, 83), 70.0
(9, 9, 142), None
(108, 285, 125), 44.0
(234, 171, 84), 70.0
(16, 16, 111), None
(56, 37, 227), 65.0
(136, 281, 56), 43.0
(291, 10, 297), 49.0
(8, 21, 44), 66.0
(33, 37, 199), 68.0
(95, 241, 11), 54.0
(44, 252, 85), 57.0
(159, 47, 236), 55.0
(286, 25, 168), 48.0
(103, 7, 227), 60.0
(97, 129, 31), 70.0
(133, 230, 78), 74.0
(122, 276, 105), 50.0
(161, 277, 82), 42.0
(34, 257, 247), 46.0
(267, 63, 224), 72.0
(164, 144, 51), 62.0
(282, 67, 233), 43.0
(101, 280, 233), 67.0
(229, 181, 33), 40.0
(190, 166, 150), 38.0
(215, 106, 128), 73.0
(248, 192, 79), 68.0
(46, 285, 245), 58.0
(33, 146, 95), 56.0
(217, 96, 195), 80.0
(177, 172, 119), 60.0
(233, 145, 46), 44.0
(138, 88, 56), 76.0
(45, 157, 92), 70.0
(158, 5, 218), 46.0
(228, 199, 218), 67.0
(124, 13, 289), 50.0
(24, 176, 100), 56.0
(58, 184, 121), 58.0
(178, 104, 161), 48.0
(235, 48, 270), 42.0
(91, 83, 128), 58.0
(62, 180, 200), 53.0
(136, 151, 182), 42.0
(273, 203, 107), 50.0
(290, 122, 279), 57.0
(162, 233, 186), 74.0
(98, 299, 241), 56.0
(37, 214, 146), 48.0
(43, 152, 31), 54.0
(239, 270, 283), 38.0
(207, 15, 253), 46.0
(165, 139, 0), 61.0
(262, 81, 120), 34.0
(158, 116, 195), 92.0
(120, 62, 30), 70.0
(202, 272, 55), 40.0
(280, 140, 75), 44.0
(132, 248, 143), 44.0
(214, 291, 62), 56.0
(244, 164, 55), 46.0
(74, 238, 198), 70.0
(282, 242, 109), 60.0
(136, 161, 284), 54.0
(56, 11, 54), 71.0
(96, 271, 265), 66.0
(210, 43, 122), 54.0
(280, 156, 16), 44.0
(226, 210, 18), 54.0
(68, 277, 99), 55.0
(209, 86, 284), 65.0
(55, 209, 43), 48.0
(253, 197, 80), 60.0
(287, 113, 274), 66.0
(77, 0, 216), 48.0
(109, 226, 12), 64.0
(273, 80, 92), 42.0
(244, 193, 28), 46.0
(80, 197, 136), 40.0
(66, 92, 137), 70.0
(65, 84, 89), 94.0
(97, 4, 132), 52.0
(47, 184, 175), 42.0
(192, 199, 112), 48.0
(95, 231, 269), 80.0
(164, 231, 8), 44.0
(215, 82, 69), 50.0
(198, 69, 177), 59.0
(116, 244, 13), 46.0
(169, 195, 41), 54.0
(116, 83, 282), 38.0
(7, 1, 189), 46.0
(161, 38, 276), 38.0
(279, 265, 37), 41.0
(20, 255, 165), 52.0
(20, 155, 174), 52.0
(259, 15, 204), 39.0
(241, 241, 284), None
(23, 65, 285), 58.0
(283, 173, 78), 62.0
(66, 66, 227), None
(175, 42, 296), 48.0
(129, 28, 105), 64.0
(117, 190, 45), 48.0
(40, 193, 132), 46.0
(257, 149, 36), 52.0
(36, 55, 298), 70.0
(214, 20, 167), 60.0
(263, 100, 95), 42.0
(105, 243, 149), 48.0
(196, 96, 181), 34.0
(70, 197, 31), 82.0
(30, 233, 213), 44.0
(44, 295, 281), 48.0
(4, 133, 219), 60.0
(213, 164, 205), 72.0
(251, 296, 51), 43.0
(86, 175, 6), 58.0
(47, 50, 107), 60.0
(205, 240, 129), 68.0
(149, 35, 96), 54.0
(42, 90, 34), 44.0
(168, 297, 19), 50.0
(223, 179, 38), 42.0
(68, 207, 103), 48.0
(236, 278, 199), 72.0
(246, 115, 118), 58.0
(179, 244, 55), 49.0
(22, 194, 66), 56.0
(208, 38, 297), 46.0
(39, 136, 170), 78.0
(1, 137, 160), 50.0
(16, 232, 237), 66.0
(159, 113, 110), 84.0
(241, 218, 275), 68.0
(191, 287, 146), 52.0
(240, 111, 93), 62.0
(144, 289, 272), 74.0
(68, 289, 297), 44.0
(110, 71, 181), 60.0
(204, 283, 266), 76.0
(18, 16, 144), 54.0
(227, 103, 14), 50.0
(187, 294, 122), 68.0
(286, 14, 55), 43.0
(43, 180, 212), 48.0
(252, 181, 268), 68.0
(88, 240, 93), 62.0
(162, 69, 133), 60.0
(152, 82, 241), 52.0
(280, 143, 244), 76.0
(152, 24, 141), 48.0
(234, 140, 237), 52.0
(22, 2, 283), 52.0
(170, 289, 270), 59.0
(212, 48, 70), 66.0
(74, 261, 110), 62.0
(80, 143, 225), 67.0
(8, 64, 149), 60.0
(15, 220, 199), 43.0
(292, 120, 125), 54.0
(95, 38, 10), 88.0
(187, 261, 142), 74.0
(89, 130, 3), 70.0
(222, 13, 294), 38.0
(92, 164, 104), 66.0
(270, 48, 232), 47.0
(95, 105, 240), 44.0
(203, 210, 172), 64.0
(189, 168, 192), 69.0
(101, 164, 233), 60.0
(276, 253, 3), 50.0
(288, 199, 108), 46.0
(281, 111, 18), 56.0
(175, 14, 180), 46.0
(72, 176, 75), 72.0
(298, 23, 214), 84.0
(244, 225, 152), 73.0
(76, 296, 32), 60.0
(55, 41, 257), 38.0
(282, 227, 178), 60.0
(37, 105, 93), 64.0
(219, 292, 200), 49.0
(111, 161, 128), 70.0
(289, 263, 28), 52.0
(189, 224, 130), 50.0
(299, 94, 218), 66.0
(214, 232, 219), 73.0
(130, 272, 128), 44.0
(180, 247, 115), 52.0
(52, 67, 234), 50.0
(61, 234, 224), 50.0
(268, 121, 299), 56.0
(13, 232, 205), 38.0
(127, 135, 233), 44.0
(206, 104, 80), 58.0
(155, 86, 19), 72.0
(121, 217, 141), 38.0
(277, 238, 99), 52.0
(145, 215, 118), 44.0
(84, 257, 71), 50.0
(60, 261, 60), None
(232, 98, 12), 56.0
(107, 57, 169), 50.0
(184, 64, 217), 46.0
(195, 88, 102), 58.0
(92, 291, 165), 48.0
(118, 231, 26), 46.0
(64, 19, 223), 38.0
(139, 205, 144), 44.0
(212, 112, 181), 40.0
(126, 203, 165), 68.0
(212, 138, 279), 64.0
(134, 244, 153), 72.0
(111, 264, 175), 52.0
(205, 47, 18), 38.0
(110, 243, 274), 50.0
(209, 116, 152), 72.0
(102, 94, 220), 44.0
(52, 220, 79), 52.0
(208, 230, 59), 63.0
(266, 143, 190), 66.0
(45, 104, 44), 78.0
(229, 199, 53), 46.0
(9, 109, 160), 66.0
(232, 256, 226), 70.0
(228, 168, 147), 42.0
(254, 278, 292), 70.0
(118, 191, 128), 44.0
(247, 60, 52), 44.0
(30, 74, 81), 60.0
(53, 230, 175), 60.0
(185, 126, 155), 42.0
(63, 271, 97), 44.0
(46, 49, 60), 76.0
(192, 219, 292), 56.0
(175, 45, 282), 44.0
(58, 126, 182), 60.0
(204, 101, 290), 68.0
(71, 226, 34), 50.0
(196, 116, 125), 44.0
(127, 116, 44), 62.0
(157, 23, 43), 80.0
(16, 21, 208), 46.0
(155, 65, 285), 44.0
(61, 22, 135), 76.0
(126, 251, 246), 68.0
(91, 62, 2), 84.0
(271, 151, 138), 50.0
(31, 50, 210), 50.0
(16, 30, 254), 78.0
(176, 201, 251), 50.0
(266, 134, 288), 73.0
(245, 209, 247), 74.0
(238, 1, 197), 50.0
(160, 104, 166), 52.0
(90, 4, 140), 78.0
(53, 264, 206), 78.0
(183, 54, 96), 60.0
(59, 155, 69), 61.0
(110, 213, 123), 44.0
(6, 154, 57), 66.0
(42, 218, 179), 43.0
(40, 134, 110), 50.0
(177, 83, 204), 36.0
(6, 88, 177), 66.0
(109, 185, 156), 54.0
(37, 273, 284), 44.0
(269, 8, 106), 48.0
(39, 66, 7), 80.0
(278, 129, 205), 54.0
(45, 32, 47), 66.0
(68, 55, 63), 42.0
(247, 132, 157), 54.0
(191, 2, 223), 44.0
(110, 238, 192), 48.0
(32, 213, 195), 70.0
(215, 20, 44), 46.0
(3, 57, 27), 47.0
(85, 17, 77), 76.0
(16, 117, 225), 44.0
(103, 149, 121), 66.0
(9, 250, 19), 42.0
(18, 240, 195), 40.0
(102, 96, 175), 48.0
(297, 97, 89), 46.0
(248, 138, 43), 46.0
(93, 208, 179), 40.0
(244, 119, 1), 40.0
(42, 146, 255), 60.0
(248, 236, 122), 58.0
(203, 128, 254), 54.0
(2, 137, 120), 56.0
(124, 130, 281), 52.0
(24, 260, 105), 50.0
(200, 60, 276), 46.0
(116, 219, 79), 78.0
(255, 209, 81), 60.0
(96, 24, 38), 80.0
(46, 203, 81), 76.0
(77, 169, 115), 76.0
(147, 66, 34), 50.0
(290, 95, 6), 46.0
(286, 101, 23), 56.0
(254, 234, 232), 78.0
(113, 82, 82), None
(150, 89, 217), 46.0
(263, 137, 217), 54.0
(79, 152, 64), 60.0
(271, 265, 289), 71.0
(23, 83, 251), 48.0
(144, 3, 42), 86.0
(182, 141, 118), 44.0
(293, 37, 46), 46.0
(252, 239, 179), 64.0
(10, 94, 264), 48.0
(264, 226, 76), 62.0
(23, 175, 4), 66.0
(263, 220, 116), 50.0
(93, 262, 39), 56.0
(262, 204, 97), 72.0
(20, 89, 5), 88.0
(113, 40, 179), 59.0
(200, 0, 193), 44.0
(213, 113, 255), 76.0
(290, 256, 165), 66.0
(18, 186, 201), 60.0
(291, 211, 261), 70.0
(219, 210, 250), 60.0
Sampler:CmaEsSampler
(70, 280, 242), 77.0
(191, 156, 182), 42.0
(168, 96, 224), 62.0
(114, 99, 161), 63.0
(280, 130, 278), 50.0
(170, 131, 243), 57.0
(245, 153, 197), 56.0
(97, 134, 209), 82.0
(73, 98, 170), 50.0
(53, 145, 260), 56.0
(75, 152, 242), 60.0
(117, 80, 195), 46.0
(102, 102, 160), None
(159, 161, 168), 40.0
(111, 122, 92), 50.0
(49, 37, 207), 42.0
(192, 116, 166), 64.0
(78, 77, 255), 89.0
(37, 121, 263), 42.0
(117, 172, 250), 60.0
(149, 105, 271), 54.0
(72, 87, 282), 52.0
(42, 73, 268), 46.0
(195, 58, 203), 40.0
(94, 97, 202), 54.0
(146, 152, 166), 48.0
(197, 89, 177), 58.0
(177, 128, 280), 60.0
(136, 98, 223), 50.0
(128, 95, 296), 48.0
(132, 67, 200), 54.0
(219, 111, 292), 46.0
(122, 123, 223), 79.0
(167, 105, 252), 82.0
(202, 89, 100), 74.0
(255, 69, 251), 42.0
(185, 168, 295), 45.0
(110, 168, 256), 46.0
(149, 120, 205), 68.0
(175, 131, 236), 66.0
(102, 102, 267), None
(164, 147, 211), 50.0
(114, 73, 221), 52.0
(130, 90, 215), 50.0
(238, 158, 222), 66.0
(114, 130, 276), 58.0
(182, 128, 199), 44.0
(221, 189, 197), 50.0
(210, 97, 198), 74.0
(108, 114, 192), 46.0
(212, 96, 211), 64.0
(159, 168, 240), 52.0
(193, 155, 260), 58.0
(207, 113, 250), 50.0
(208, 67, 177), 36.0
(248, 56, 156), 40.0
(120, 122, 205), 96.0
(144, 100, 195), 66.0
(252, 88, 209), 50.0
(121, 116, 175), 42.0
(135, 113, 251), 49.0
(200, 127, 228), 50.0
(121, 127, 229), 48.0
(175, 98, 194), 80.0
(196, 90, 158), 70.0
(174, 92, 188), 44.0
(233, 93, 159), 65.0
(213, 98, 203), 48.0
(199, 105, 138), 44.0
(151, 55, 180), 58.0
(183, 102, 199), 34.0
(198, 124, 189), 48.0
(192, 95, 194), 58.0
(245, 57, 180), 48.0
(201, 86, 145), 74.0
(222, 61, 135), 44.0
(259, 46, 166), 38.0
(210, 61, 177), 52.0
(245, 62, 184), 46.0
(288, 77, 140), 52.0
(155, 90, 222), 60.0
(158, 106, 160), 56.0
(116, 118, 176), 70.0
(178, 60, 208), 54.0
(174, 103, 167), 62.0
(153, 118, 186), 66.0
(171, 74, 183), 48.0
(147, 110, 182), 70.0
(150, 138, 144), 40.0
(174, 98, 211), 76.0
(198, 108, 142), 44.0
(107, 150, 147), 52.0
(162, 109, 148), 45.0
(119, 111, 148), 70.0
(137, 95, 234), 86.0
(203, 92, 222), 68.0
(129, 87, 216), 76.0
(205, 79, 153), 65.0
(121, 124, 198), 66.0
(150, 69, 162), 46.0
(199, 128, 190), 48.0
(211, 67, 184), 40.0
(76, 93, 250), 50.0
(148, 38, 203), 60.0
(81, 123, 250), 57.0
(128, 100, 224), 56.0
(112, 122, 235), 44.0
(166, 126, 161), 62.0
(151, 81, 211), 40.0
(156, 88, 186), 44.0
(173, 87, 177), 56.0
(146, 99, 150), 66.0
(117, 108, 249), 40.0
(200, 80, 168), 70.0
(163, 99, 236), 42.0
(153, 81, 161), 48.0
(174, 57, 180), 52.0
(177, 68, 180), 56.0
(229, 70, 161), 36.0
(158, 95, 160), 46.0
(192, 85, 196), 56.0
(167, 82, 177), 58.0
(188, 77, 143), 54.0
(226, 69, 139), 42.0
(199, 79, 186), 46.0
(180, 67, 212), 42.0
(181, 74, 141), 42.0
(170, 89, 180), 40.0
(149, 88, 155), 40.0
(194, 78, 135), 70.0
(263, 48, 129), 48.0
(208, 80, 124), 72.0
(224, 74, 152), 56.0
(203, 56, 177), 40.0
(217, 81, 152), 60.0
(158, 75, 159), 76.0
(179, 88, 162), 52.0
(182, 67, 159), 50.0
(219, 58, 164), 42.0
(202, 65, 115), 44.0
(227, 63, 162), 78.0
(183, 80, 123), 84.0
(167, 64, 176), 46.0
(170, 93, 129), 46.0
(212, 72, 173), 72.0
(139, 100, 154), 69.0
(212, 73, 161), 36.0
(176, 89, 160), 54.0
(181, 84, 150), 52.0
(177, 94, 118), 66.0
(199, 84, 177), 57.0
(190, 82, 142), 56.0
(160, 78, 186), 54.0
(182, 72, 147), 70.0
(198, 70, 154), 74.0
(173, 88, 189), 44.0
(161, 99, 186), 54.0
(197, 77, 146), 48.0
(157, 76, 155), 66.0
(192, 71, 148), 50.0
(175, 79, 165), 46.0
(200, 74, 123), 46.0
(192, 60, 147), 68.0
(187, 68, 136), 36.0
(203, 73, 149), 74.0
(187, 56, 144), 56.0
(172, 76, 160), 58.0
(169, 81, 148), 70.0
(176, 75, 149), 54.0
(186, 72, 175), 42.0
(181, 81, 178), 36.0
(180, 76, 142), 46.0
(195, 76, 152), 48.0
(186, 85, 142), 68.0
(169, 72, 143), 44.0
(211, 81, 142), 48.0
(209, 56, 150), 52.0
(191, 76, 153), 74.0
(163, 72, 161), 64.0
(209, 62, 143), 68.0
(199, 80, 147), 60.0
(197, 83, 143), 38.0
(190, 98, 153), 76.0
(173, 82, 164), 48.0
(183, 71, 148), 62.0
(177, 87, 147), 40.0
(188, 89, 161), 42.0
(178, 96, 151), 66.0
(191, 90, 151), 74.0
(198, 97, 152), 66.0
(182, 91, 151), 42.0
(193, 86, 164), 46.0
(173, 101, 148), 74.0
(193, 104, 150), 72.0
(156, 106, 173), 50.0
(181, 93, 161), 46.0
(173, 104, 156), 50.0
(197, 106, 147), 48.0
(193, 86, 153), 42.0
(181, 92, 146), 68.0
(183, 93, 144), 52.0
(177, 114, 159), 69.0
(174, 103, 162), 42.0
(158, 134, 159), 86.0
(187, 107, 165), 44.0
(164, 112, 149), 66.0
(137, 153, 168), 82.0
(178, 154, 157), 68.0
(198, 126, 151), 74.0
(181, 121, 143), 62.0
(174, 140, 171), 36.0
(149, 89, 166), 40.0
(182, 163, 148), 76.0
(173, 171, 149), 76.0
(142, 147, 160), 72.0
(139, 199, 169), 76.0
(138, 142, 155), 68.0
(177, 108, 157), 62.0
(151, 146, 159), 74.0
(118, 222, 153), 60.0
(151, 143, 142), 77.0
(174, 137, 133), 60.0
(198, 171, 138), 70.0
(168, 151, 156), 68.0
(164, 156, 159), 79.0
(170, 175, 153), 60.0
(88, 182, 157), 56.0
(129, 158, 169), 40.0
(122, 201, 174), 44.0
(192, 170, 166), 72.0
(161, 175, 141), 46.0
(158, 113, 172), 54.0
(183, 131, 145), 70.0
(204, 117, 134), 70.0
(162, 202, 156), 44.0
(140, 116, 167), 54.0
(190, 118, 162), 42.0
(190, 169, 160), 54.0
(203, 118, 150), 46.0
(241, 162, 167), 76.0
(231, 98, 144), 54.0
(210, 141, 156), 48.0
(188, 126, 119), 44.0
(248, 169, 190), 51.0
(228, 101, 167), 56.0
(217, 162, 181), 72.0
(192, 124, 150), 68.0
(257, 119, 159), 35.0
(196, 164, 209), 46.0
(224, 147, 177), 58.0
(216, 132, 153), 77.0
(260, 131, 153), 58.0
(201, 118, 189), 42.0
(216, 96, 164), 44.0
(234, 153, 154), 41.0
(231, 146, 167), 78.0
(217, 142, 144), 70.0
(150, 91, 133), 38.0
(247, 127, 152), 46.0
(224, 146, 190), 66.0
(225, 110, 160), 46.0
(204, 135, 155), 48.0
(244, 197, 165), 66.0
(242, 148, 152), 60.0
(211, 168, 170), 50.0
(147, 197, 154), 64.0
(210, 134, 169), 44.0
(275, 125, 135), 40.0
(224, 117, 142), 46.0
(218, 179, 183), 44.0
(279, 198, 177), 70.0
(214, 214, 182), None
(239, 110, 160), 46.0
(210, 144, 162), 60.0
(166, 219, 157), 51.0
(156, 225, 151), 54.0
(204, 119, 150), 50.0
(270, 90, 172), 54.0
(186, 143, 162), 68.0
(247, 167, 186), 56.0
(246, 185, 179), 68.0
(229, 215, 188), 75.0
(298, 181, 188), 44.0
(230, 169, 151), 46.0
(217, 222, 169), 44.0
(194, 216, 218), 76.0
(209, 187, 163), 70.0
(268, 199, 163), 62.0
(247, 100, 175), 52.0
(292, 116, 169), 52.0
(272, 206, 173), 70.0
(236, 205, 204), 56.0
(256, 153, 169), 66.0
(151, 191, 189), 52.0
(215, 128, 157), 52.0
(251, 200, 201), 69.0
(183, 223, 163), 54.0
(177, 135, 184), 58.0
(254, 134, 193), 56.0
(189, 184, 178), 36.0
(249, 170, 167), 42.0
(275, 172, 172), None
(229, 179, 215), 72.0
(186, 212, 213), 63.0
(184, 163, 173), 68.0
(171, 219, 201), 54.0
(215, 218, 237), 62.0
(155, 176, 190), 64.0
(230, 151, 210), 44.0
(206, 166, 191), 64.0
(187, 138, 192), 76.0
(216, 178, 203), 52.0
(236, 114, 211), 56.0
(189, 182, 202), 86.0
(121, 104, 200), 80.0
(201, 170, 197), 38.0
(158, 195, 188), 78.0
(178, 128, 212), 52.0
(118, 127, 219), 52.0
(210, 169, 166), 46.0
(198, 131, 171), 46.0
(182, 206, 229), 76.0
(212, 128, 220), 50.0
(173, 76, 156), 68.0
(202, 152, 214), 50.0
(154, 179, 200), 69.0
(138, 129, 192), 52.0
(167, 134, 206), 50.0
(146, 156, 210), 72.0
(148, 143, 185), 56.0
(181, 111, 190), 40.0
(236, 169, 214), 88.0
(153, 215, 222), 50.0
(177, 245, 224), 64.0
(267, 255, 237), 74.0
(177, 136, 214), 80.0
(177, 159, 219), 55.0
(188, 157, 235), 66.0
(194, 166, 194), None
(197, 146, 224), 58.0
(256, 145, 193), 66.0
(171, 230, 241), 64.0
(231, 148, 205), 50.0
(159, 163, 219), 50.0
(196, 188, 221), 48.0
(278, 151, 205), 58.0
(266, 212, 251), 89.0
(278, 217, 241), 72.0
(176, 162, 203), 52.0
(234, 234, 256), None
(245, 192, 262), 76.0
(206, 190, 230), 56.0
(250, 192, 225), 84.0
(296, 263, 269), 50.0
(285, 143, 217), 70.0
(250, 227, 285), 68.0
(247, 187, 248), 60.0
(140, 131, 204), 52.0
(274, 251, 238), 80.0
(123, 127, 207), 48.0
(219, 144, 221), 66.0
(175, 142, 235), 52.0
(235, 87, 193), 74.0
(244, 134, 243), 54.0
(216, 220, 204), 66.0
(240, 174, 211), 54.0
(213, 178, 201), 54.0
(208, 118, 201), 48.0
(293, 157, 198), 78.0
(257, 155, 229), 62.0
(158, 204, 232), 70.0
(172, 163, 209), 74.0
(222, 216, 199), 61.0
(192, 183, 207), 70.0
(256, 181, 217), 62.0
(227, 182, 199), 42.0
(255, 154, 192), 76.0
(261, 198, 184), 76.0
(253, 131, 182), 50.0
(242, 122, 191), 58.0
(262, 226, 215), 66.0
(269, 209, 201), 64.0
(235, 132, 182), 52.0
(232, 203, 219), 46.0
(230, 177, 213), 74.0
(247, 240, 230), 76.0
(270, 164, 199), 72.0
(209, 195, 197), 84.0
(253, 189, 176), 70.0
(290, 184, 216), 72.0
(256, 155, 181), 62.0
(234, 189, 218), 88.0
(265, 218, 234), 70.0
(224, 184, 193), 74.0
(215, 235, 231), 90.0
(243, 206, 226), 60.0
(214, 196, 229), 76.0
(237, 222, 235), 60.0
(257, 160, 203), 50.0
(168, 221, 231), 60.0
(210, 234, 215), 96.0
(206, 195, 208), 52.0
(207, 256, 260), 66.0
(202, 233, 241), 69.0
(217, 201, 233), 46.0
(216, 213, 232), 60.0
(153, 247, 230), 76.0
(170, 242, 244), 78.0
(170, 235, 231), 58.0
(185, 234, 237), 66.0
(244, 259, 240), 58.0
(227, 163, 199), 48.0
(185, 259, 212), 56.0
(103, 281, 270), 78.0
(119, 228, 240), 50.0
(134, 236, 262), 60.0
(115, 218, 238), 80.0
(139, 249, 245), 50.0
(193, 296, 254), 74.0
(126, 201, 202), 78.0
(172, 172, 222), None
(78, 215, 249), 64.0
(89, 210, 254), 38.0
(153, 186, 198), 60.0
(100, 221, 252), 66.0
(87, 272, 230), 56.0
(108, 286, 264), 62.0
(220, 110, 179), 44.0
(219, 161, 209), 38.0
(247, 211, 191), 60.0
(135, 182, 234), 46.0
(98, 260, 239), 46.0
(55, 290, 284), 42.0
(25, 225, 271), 46.0
(104, 237, 267), 44.0
(142, 249, 234), 68.0
(178, 239, 236), 74.0
(160, 199, 245), 54.0
(111, 183, 270), 44.0
(177, 221, 210), 38.0
(186, 221, 211), 60.0
(145, 249, 221), 68.0
(89, 251, 241), 44.0
(109, 239, 264), 48.0
(147, 225, 236), 48.0
(120, 259, 242), 50.0
(189, 208, 202), 64.0
(129, 270, 238), 44.0
(272, 226, 223), 72.0
(229, 240, 225), 74.0
(223, 238, 222), 64.0
(229, 202, 212), 66.0
(175, 251, 235), 92.0
(144, 267, 273), 72.0
(276, 227, 203), 46.0
(195, 231, 234), 78.0
(252, 233, 221), 64.0
(93, 264, 254), 50.0
(193, 233, 242), 78.0
(177, 266, 240), 52.0
(181, 233, 217), 46.0
(137, 275, 270), 72.0
(157, 258, 234), 70.0
(139, 261, 268), 50.0
(180, 209, 229), 59.0
(62, 269, 281), 74.0
(114, 282, 272), 48.0
(174, 240, 244), 64.0
(272, 193, 201), 76.0
(234, 218, 222), 58.0
(192, 205, 225), 79.0
(150, 222, 251), 52.0
(211, 224, 217), 46.0
(203, 227, 207), 52.0
(189, 248, 261), 62.0
(158, 232, 239), 88.0
(247, 219, 198), 71.0
(177, 240, 242), 60.0
(174, 227, 233), 74.0
(123, 262, 262), None
(196, 229, 230), 69.0
(237, 199, 211), 74.0
(177, 212, 228), 72.0
(163, 228, 227), 79.0
(221, 218, 213), 60.0
(159, 237, 234), 78.0
(183, 235, 234), 56.0
(250, 217, 219), 82.0
(167, 210, 211), 75.0
(236, 181, 194), 68.0
(170, 215, 220), 38.0
(189, 246, 234), 48.0
(246, 207, 220), 69.0
(230, 217, 218), 84.0
(191, 245, 253), 52.0
(214, 215, 217), 74.0
(240, 215, 213), 36.0
(208, 227, 221), 74.0
(229, 206, 214), 74.0
(247, 222, 219), 38.0
(249, 220, 211), 92.0
(271, 199, 197), 67.0
(202, 215, 217), 62.0
(241, 213, 214), 42.0
(263, 218, 210), 38.0
(201, 238, 233), 60.0
(238, 224, 217), 86.0
(215, 225, 216), 72.0
(180, 238, 232), 42.0
(256, 207, 216), 68.0
(224, 221, 214), 62.0
(255, 217, 208), 76.0
(257, 199, 209), 74.0
(271, 199, 204), 64.0
(227, 226, 221), 70.0
(243, 209, 214), 48.0
(248, 211, 209), 56.0
(234, 210, 210), None
(222, 211, 215), 44.0
(268, 221, 215), 60.0
(267, 221, 208), 68.0
(244, 223, 216), 72.0
(237, 232, 219), 80.0
(259, 224, 212), 56.0
(248, 218, 212), 72.0
(258, 215, 212), 80.0
(218, 220, 217), 65.0
(237, 223, 218), 56.0
(234, 229, 218), 78.0
(279, 215, 208), 84.0
(279, 221, 208), 46.0
(236, 240, 224), 66.0
(263, 218, 215), 60.0
(238, 223, 215), 64.0
(243, 228, 226), 70.0
(256, 219, 218), 80.0
(237, 226, 216), 70.0
(286, 214, 206), 66.0
(248, 220, 211), 94.0
(265, 215, 210), 38.0
(239, 231, 220), 42.0
(264, 232, 220), 74.0
(252, 224, 218), 60.0
(238, 224, 223), 48.0
(266, 219, 211), 58.0
(258, 214, 212), 72.0
(225, 227, 223), 78.0
(241, 219, 214), 59.0
(239, 225, 215), 71.0
(215, 229, 226), 46.0
(231, 223, 220), 82.0
(251, 218, 217), 71.0
(258, 224, 216), 66.0
(240, 224, 219), 60.0
(251, 217, 214), 62.0
(270, 213, 204), 82.0
(236, 215, 217), 72.0
(223, 234, 227), 58.0
(240, 215, 217), 62.0
(257, 213, 211), 76.0
(248, 215, 209), 56.0
(243, 229, 219), 36.0
(257, 210, 210), None
(229, 218, 217), 83.0
(231, 224, 219), 54.0
(254, 213, 213), None
(252, 213, 212), 50.0
(236, 215, 214), 76.0
(252, 221, 218), 46.0
(228, 215, 221), 56.0
(224, 212, 219), 56.0
(248, 207, 212), 86.0
(235, 211, 215), 82.0
(227, 215, 220), 58.0
(215, 241, 231), 36.0
(255, 207, 207), None
(246, 207, 210), 64.0
(256, 214, 215), 71.0
(256, 210, 213), 74.0
(246, 229, 224), 76.0
(239, 226, 221), 60.0
(262, 221, 216), 72.0
(255, 212, 214), 78.0
(248, 209, 213), 52.0
(240, 222, 219), 58.0
(251, 196, 215), 76.0
(237, 212, 212), None
(244, 218, 219), 51.0
(215, 214, 221), 44.0
(265, 207, 216), 62.0
(276, 208, 212), 66.0
(227, 213, 220), 72.0
(283, 200, 203), 76.0
(280, 201, 211), 80.0
(260, 205, 216), 64.0
(293, 199, 205), 76.0
(291, 219, 212), 64.0
(296, 211, 205), 56.0
(256, 213, 214), 70.0
(268, 207, 212), 80.0
(283, 210, 212), 48.0
(248, 225, 213), 70.0
(269, 213, 208), 74.0
(220, 210, 225), 86.0
(224, 232, 220), 74.0
(283, 193, 203), 72.0
(249, 214, 222), 58.0
(260, 202, 217), 86.0
(251, 206, 213), 76.0
(228, 213, 221), 72.0
(258, 217, 217), None
(204, 204, 229), None
(247, 208, 212), 58.0
(236, 196, 224), 74.0
(280, 187, 206), 76.0
(202, 200, 234), 70.0
(244, 211, 220), 80.0
(250, 212, 215), 60.0
(274, 202, 213), 80.0
(271, 183, 212), 84.0
(281, 199, 212), 56.0
(281, 209, 210), 74.0
(260, 202, 215), 76.0
(279, 204, 213), 69.0
(212, 204, 229), 66.0
(277, 191, 204), 52.0
(275, 183, 210), 38.0
(285, 196, 203), 72.0
(263, 188, 214), 56.0
(227, 215, 224), 52.0
(265, 185, 212), 82.0
(269, 207, 215), 78.0
(248, 208, 219), 66.0
(289, 186, 207), 67.0
(268, 204, 209), 66.0
(288, 193, 208), 70.0
(259, 198, 210), 88.0
(237, 191, 222), 42.0
(253, 191, 211), 58.0
(292, 185, 204), 60.0
(227, 205, 224), 62.0
(255, 189, 209), 53.0
(242, 189, 216), 40.0
(279, 190, 209), 62.0
(268, 195, 212), 66.0
(280, 190, 212), 50.0
(242, 201, 217), 72.0
(240, 204, 220), 63.0
(260, 194, 215), 62.0
(274, 189, 216), 64.0
(281, 177, 205), 80.0
(234, 212, 222), 48.0
(270, 196, 213), 74.0
(277, 194, 208), 62.0
(265, 194, 212), 64.0
(283, 167, 202), 68.0
(245, 190, 218), 44.0
(285, 179, 204), 70.0
(293, 171, 202), 60.0
(280, 177, 204), 86.0
(283, 178, 195), 60.0
(286, 158, 197), 63.0
(279, 180, 207), 56.0
(284, 164, 208), 84.0
(251, 190, 212), 66.0
(267, 180, 209), 82.0
(274, 181, 211), 50.0
(288, 143, 198), 67.0
(255, 160, 214), 74.0
(285, 175, 206), 72.0
(227, 213, 226), 62.0
(279, 200, 212), 59.0
(274, 173, 208), 70.0
(269, 173, 205), 72.0
(229, 167, 225), 48.0
(214, 202, 224), 74.0
(249, 157, 213), 76.0
(242, 159, 216), 50.0
(272, 146, 204), 58.0
(258, 163, 215), 80.0
(297, 151, 204), 57.0
(244, 183, 208), 82.0
(278, 160, 206), 60.0
(263, 149, 216), 48.0
(272, 106, 212), 56.0
(264, 167, 211), 60.0
(256, 168, 218), 58.0
(260, 189, 215), 54.0
(286, 158, 204), 70.0
(230, 179, 220), 40.0
(208, 188, 221), 52.0
(266, 170, 207), 62.0
(284, 157, 198), 74.0
(274, 170, 210), 58.0
(205, 182, 221), 80.0
(216, 166, 214), 63.0
(202, 180, 220), 69.0
(185, 191, 218), 58.0
(212, 166, 209), 72.0
(223, 198, 211), 46.0
(231, 187, 211), 66.0
(217, 176, 205), 70.0
(196, 190, 211), 74.0
(148, 168, 216), 44.0
(240, 157, 188), 52.0
(216, 163, 219), 65.0
(261, 137, 195), 48.0
(274, 151, 195), 54.0
(171, 197, 222), 40.0
(231, 163, 213), 70.0
(179, 209, 219), 81.0
(183, 203, 212), 72.0
(228, 197, 211), 70.0
(202, 202, 223), None
(245, 159, 210), 54.0
(283, 138, 200), 56.0
(237, 171, 205), 54.0
(264, 156, 206), 70.0
(134, 189, 235), 64.0
(214, 208, 204), 58.0
(208, 212, 221), 72.0
(152, 177, 220), 52.0
(221, 217, 210), 36.0
(167, 188, 214), 69.0
(255, 157, 204), 74.0
(126, 248, 246), 64.0
(219, 192, 219), None
(183, 202, 229), 66.0
(223, 175, 210), 48.0
(147, 214, 248), 58.0
(209, 177, 223), 40.0
(244, 133, 200), 46.0
(178, 191, 226), 64.0
(249, 159, 204), 58.0
(250, 164, 199), 62.0
(223, 209, 224), 85.0
(229, 170, 215), 50.0
(203, 202, 230), 75.0
(257, 159, 200), 44.0
(235, 194, 205), 68.0
(226, 198, 219), 63.0
(234, 183, 212), 48.0
(247, 204, 227), 54.0
(230, 212, 223), 62.0
(157, 241, 233), 56.0
(237, 215, 226), 70.0
(209, 227, 219), 50.0
(225, 182, 217), 62.0
(257, 206, 211), 66.0
(233, 198, 215), 80.0
(252, 192, 224), 66.0
(265, 210, 225), 68.0
(265, 215, 208), 50.0
(280, 205, 226), 76.0
(268, 183, 217), 56.0
(230, 233, 221), 46.0
(277, 169, 199), 74.0
(236, 210, 222), 36.0
(212, 208, 229), 78.0
(258, 225, 216), 70.0
(254, 194, 231), 78.0
(222, 207, 242), 75.0
(216, 205, 223), 66.0
(268, 176, 209), 60.0
(288, 210, 223), 88.0
(215, 197, 230), 76.0
(194, 198, 233), 66.0
(243, 205, 229), 66.0
(266, 202, 227), 69.0
(267, 190, 218), 52.0
(238, 204, 228), 44.0
(266, 169, 207), 60.0
(278, 193, 219), 66.0
(253, 209, 219), 90.0
(206, 226, 237), 65.0
(280, 213, 219), 59.0
(248, 196, 223), 50.0
(274, 191, 220), 60.0
(264, 219, 220), 54.0
(267, 176, 219), 77.0
(266, 183, 220), 70.0
(295, 181, 209), 43.0
(271, 163, 197), 58.0
(258, 146, 211), 64.0
(208, 214, 238), 74.0
(240, 214, 224), 72.0
(272, 177, 222), 60.0
(280, 159, 216), 46.0
(228, 212, 218), 72.0
(235, 168, 218), 70.0
(228, 233, 234), 66.0
(170, 237, 241), 44.0
(254, 192, 231), 54.0
(197, 194, 233), 58.0
(284, 177, 222), 67.0
(242, 195, 204), 80.0
(247, 212, 226), 70.0
(197, 216, 214), 82.0
(254, 174, 217), 60.0
(205, 215, 231), 52.0
(235, 184, 223), 68.0
(209, 206, 218), 48.0
(219, 222, 248), 38.0
(202, 204, 192), 82.0
(245, 235, 217), 72.0
(218, 195, 195), None
(161, 175, 216), 64.0
(207, 195, 206), 50.0
(225, 201, 207), 72.0
(197, 212, 186), 72.0
(252, 185, 204), 60.0
(278, 218, 187), 80.0
(202, 238, 206), 44.0
(293, 198, 173), 58.0
(271, 224, 208), 50.0
(242, 234, 193), 62.0
(226, 199, 212), 70.0
(293, 227, 197), 74.0
(200, 231, 192), 70.0
(235, 242, 181), 74.0
(278, 205, 189), 40.0
(291, 213, 174), 75.0
(270, 231, 230), 68.0
(254, 231, 190), 67.0
(241, 261, 184), 76.0
(244, 229, 229), None
(283, 231, 156), 54.0
(288, 183, 175), 74.0
(263, 215, 155), 78.0
(278, 254, 195), 72.0
(252, 152, 230), 58.0
(276, 210, 208), 62.0
(294, 257, 193), 66.0
(195, 258, 186), 66.0
(181, 268, 188), 60.0
(196, 229, 183), 44.0
(223, 233, 152), 56.0
(249, 239, 100), 50.0
(261, 222, 192), 90.0
(269, 247, 164), 72.0
(277, 201, 197), 70.0
(292, 216, 186), 80.0
(263, 246, 156), 52.0
(257, 223, 197), 74.0
(196, 257, 213), 68.0
(280, 240, 179), 68.0
(223, 242, 213), 74.0
(216, 214, 177), 74.0
(241, 283, 185), 70.0
(257, 237, 209), 78.0
(270, 209, 164), 60.0
(254, 245, 179), 74.0
(267, 219, 158), 67.0
(224, 230, 213), 58.0
(296, 234, 181), 90.0
(238, 250, 197), 62.0
(287, 178, 187), 70.0
(211, 249, 189), 68.0
(267, 247, 196), 78.0
(220, 224, 195), 60.0
(266, 229, 191), 90.0
(273, 229, 210), 55.0
(264, 238, 191), 52.0
(245, 238, 205), 72.0
(275, 258, 188), 82.0
(296, 221, 202), 90.0
(257, 268, 212), 66.0
(216, 223, 215), 60.0
(290, 253, 192), 60.0
(258, 250, 203), 36.0
(266, 215, 192), 50.0
(246, 212, 199), 70.0
(273, 225, 195), 72.0
(233, 245, 188), 52.0
(243, 222, 202), 66.0
(295, 237, 179), 70.0
(266, 208, 186), 86.0
(253, 212, 202), 62.0
(229, 221, 184), 78.0
(228, 231, 176), 74.0
(258, 218, 198), 54.0
(261, 220, 178), 62.0
(244, 225, 205), 64.0
(197, 185, 171), 50.0
(260, 226, 185), 70.0
(216, 194, 187), 68.0
(221, 217, 194), 68.0
(239, 217, 176), 91.0
(229, 217, 179), 58.0
(245, 219, 155), 59.0
(236, 230, 186), 62.0
(275, 207, 174), 62.0
(231, 202, 182), 68.0
(248, 218, 166), 64.0
(295, 213, 193), 74.0
(257, 218, 181), 56.0
(262, 196, 172), 48.0
(231, 221, 197), 50.0
(258, 204, 190), 42.0
(269, 213, 184), 78.0
(258, 215, 188), 80.0
(280, 207, 185), 78.0
(254, 227, 197), 72.0
(274, 202, 202), None
(221, 227, 198), 42.0
(264, 218, 189), 48.0
(260, 204, 183), 72.0
(288, 215, 197), 73.0
(238, 229, 204), 38.0
(274, 215, 194), 58.0
(284, 214, 203), 72.0
(275, 226, 198), 76.0
(246, 219, 197), 65.0
(263, 220, 185), 80.0
(254, 209, 192), 60.0
(290, 210, 206), 62.0
(263, 203, 182), 61.0
(256, 233, 202), 50.0
(273, 217, 186), 82.0
(260, 226, 182), 70.0
(271, 215, 202), 54.0
(248, 217, 184), 52.0
(267, 216, 198), 71.0
(280, 214, 193), 56.0
(272, 213, 186), 88.0
(265, 219, 196), 77.0
(269, 212, 178), 76.0
(277, 219, 197), 65.0
(288, 214, 187), 68.0
(271, 214, 179), 66.0
(263, 222, 186), 66.0
(286, 209, 187), 81.0
(278, 219, 193), 66.0
(263, 217, 189), 46.0
(257, 214, 190), 80.0
(262, 219, 189), 50.0
(266, 213, 187), 60.0
(257, 220, 188), 52.0
(271, 211, 185), 66.0
(264, 218, 182), 62.0
(285, 210, 191), 79.0
(276, 218, 189), 76.0
(277, 209, 185), 50.0
(272, 215, 192), 60.0
(269, 216, 184), 62.0
(294, 212, 192), 85.0
(288, 214, 193), 53.0
(283, 211, 187), 60.0
(276, 206, 187), 50.0
(292, 214, 191), 60.0
(290, 212, 195), 60.0
(271, 210, 183), 60.0
(284, 213, 194), 74.0
(285, 216, 184), 78.0
(284, 207, 185), 86.0
(283, 218, 188), 61.0
(298, 210, 192), 66.0
(293, 211, 188), 68.0
(285, 212, 183), 68.0
(285, 208, 192), 66.0
(268, 213, 189), 54.0
(273, 206, 181), 70.0
(275, 219, 183), 62.0
(294, 208, 193), 80.0
(276, 210, 185), 56.0
(274, 216, 181), 60.0
(288, 203, 191), 74.0
(280, 211, 196), 40.0
(285, 206, 191), 78.0
(296, 204, 192), 66.0
(290, 206, 192), 78.0
(281, 203, 183), 74.0
(276, 199, 193), 64.0
(276, 205, 195), 70.0
(283, 206, 194), 66.0
(278, 200, 190), 48.0
(280, 208, 184), 74.0
(270, 209, 188), 61.0
(280, 196, 198), 70.0
(267, 209, 185), 74.0
(266, 210, 193), 66.0
(286, 209, 185), 80.0
(277, 208, 186), 54.0
(261, 211, 182), 88.0
(282, 208, 186), 64.0
(280, 209, 188), 58.0
(273, 205, 188), 48.0
(277, 209, 187), 66.0
(271, 214, 186), 70.0
(252, 218, 177), 56.0
(281, 205, 188), 74.0
(265, 207, 186), 80.0
(264, 215, 180), 76.0
(252, 213, 180), 74.0
(265, 213, 185), 74.0
(260, 209, 181), 91.0
(273, 207, 187), 64.0
(265, 203, 185), 60.0
(269, 215, 181), 64.0
(263, 206, 182), 78.0
(264, 210, 188), 58.0
(257, 207, 182), 46.0
(257, 207, 181), 46.0
(246, 208, 172), 80.0
(272, 206, 184), 73.0
(258, 208, 182), 40.0
(274, 204, 188), 42.0
(257, 209, 179), 80.0
(245, 207, 177), 64.0
(278, 211, 188), 86.0
(253, 212, 179), 69.0
(253, 204, 170), 48.0
(257, 212, 178), 68.0
(246, 208, 173), 76.0
(231, 209, 169), 48.0
(267, 211, 182), 82.0
(253, 203, 176), 72.0
(238, 212, 179), 80.0
(282, 205, 188), 75.0
(265, 211, 177), 56.0
(269, 214, 186), 78.0
(256, 212, 175), 76.0
(247, 212, 181), 78.0
(249, 208, 175), 79.0
(274, 209, 188), 78.0
(257, 213, 185), 66.0
(252, 207, 175), 74.0
(267, 214, 188), 60.0
(249, 211, 175), 72.0
(266, 208, 184), 72.0
(254, 206, 178), 76.0
(271, 212, 183), 84.0
(261, 206, 180), 58.0
(269, 207, 181), 66.0
(258, 208, 181), 42.0
(245, 211, 175), 62.0
(255, 209, 182), 40.0
(270, 209, 179), 76.0
(270, 212, 185), 88.0
(259, 210, 177), 78.0
(248, 209, 179), 60.0
(255, 210, 182), 34.0
(249, 208, 176), 79.0
(262, 213, 183), 68.0
(257, 210, 177), 80.0
(263, 208, 177), 54.0
(266, 211, 184), 82.0
(261, 210, 178), 40.0
(271, 210, 181), 60.0
(258, 210, 182), 40.0
(257, 210, 181), 38.0
(268, 212, 183), 88.0
(259, 210, 180), 40.0
(264, 215, 183), 70.0
(267, 208, 181), 68.0
(264, 211, 181), 78.0
(254, 212, 180), 62.0
(263, 213, 183), 68.0
(272, 212, 183), 74.0
(274, 210, 186), 58.0
(257, 213, 179), 60.0
(262, 214, 182), 64.0
(263, 213, 181), 78.0
(262, 214, 180), 68.0
(270, 214, 182), 70.0
(255, 213, 178), 76.0
(270, 212, 183), 82.0
(259, 209, 179), 76.0
(272, 214, 184), 76.0
(282, 214, 190), 43.0
(257, 209, 181), 38.0
(261, 212, 179), 50.0
(272, 214, 185), 76.0
(272, 213, 184), 82.0
(275, 215, 186), 76.0
(267, 215, 183), 72.0
(267, 212, 183), 78.0
(270, 213, 183), 72.0
(264, 212, 181), 76.0
(267, 215, 182), 70.0
(269, 213, 185), 82.0
(273, 213, 188), 86.0
(270, 213, 185), 70.0
(264, 213, 184), 64.0
(278, 213, 185), 66.0
(268, 213, 182), 78.0
(274, 215, 188), 72.0
(269, 211, 187), 72.0
(276, 214, 188), 86.0
(269, 214, 185), 74.0
(267, 211, 185), 84.0
(275, 213, 188), 74.0
(273, 213, 187), 80.0
(275, 213, 187), 72.0
(272, 214, 187), 68.0
(268, 213, 187), 76.0
(268, 212, 185), 68.0
(270, 212, 186), 70.0
(275, 214, 187), 78.0
(268, 213, 185), 74.0
(279, 214, 188), 74.0
(271, 214, 185), 80.0
(268, 214, 187), 74.0
(267, 213, 184), 78.0
(271, 213, 184), 84.0
(271, 214, 184), 76.0
(264, 212, 182), 66.0
(277, 213, 187), 74.0
(275, 214, 186), 76.0
(270, 213, 182), 78.0
(271, 213, 183), 84.0
(265, 213, 183), 74.0
(279, 214, 186), 67.0
(267, 212, 181), 80.0
(273, 213, 185), 80.0
(272, 213, 182), 76.0
(271, 212, 182), 76.0
(265, 213, 180), 78.0
(263, 212, 180), 78.0
(269, 214, 182), 70.0
(272, 213, 183), 72.0
(269, 212, 180), 78.0
(269, 213, 180), 72.0
(259, 212, 177), 80.0
(265, 211, 181), 78.0
(257, 212, 176), 76.0
(266, 211, 181), 80.0
(262, 213, 174), 68.0
(263, 212, 181), 78.0
(260, 211, 178), 42.0
(254, 210, 175), 68.0
(265, 211, 178), 58.0
(262, 212, 178), 52.0
(263, 213, 177), 62.0
(268, 211, 183), 86.0
(270, 213, 184), 86.0
(259, 212, 175), 70.0
(254, 212, 176), 78.0
(267, 211, 179), 62.0
(261, 212, 180), 72.0
(269, 213, 186), 68.0
(269, 212, 182), 78.0
(269, 212, 183), 78.0
(265, 211, 183), 80.0
(277, 214, 188), 74.0
(274, 213, 185), 68.0
(275, 212, 187), 74.0
(269, 211, 185), 68.0
(276, 212, 187), 76.0
(272, 212, 184), 70.0
(278, 212, 188), 72.0
(266, 212, 181), 80.0
(274, 212, 183), 64.0
(271, 212, 184), 76.0
(276, 212, 184), 62.0
(270, 214, 181), 68.0
(268, 212, 182), 88.0
(276, 213, 185), 64.0
(266, 212, 182), 78.0
(264, 212, 178), 58.0
(272, 212, 185), 70.0
(274, 212, 185), 64.0
(262, 211, 178), 42.0
(268, 212, 184), 78.0
(273, 212, 185), 64.0
(266, 211, 182), 86.0
(263, 210, 180), 74.0
(265, 212, 180), 74.0
(265, 212, 181), 72.0
(270, 212, 184), 76.0
(263, 211, 180), 82.0
(274, 212, 184), 64.0
(267, 212, 182), 80.0
(269, 212, 184), 78.0
(268, 212, 181), 88.0
