Sampler:TPESampler
(47, 92, 64), 30.0
(28, 87, 1), 24.0
(54, 53, 57), 34.0
(88, 52, 2), 28.0
(59, 89, 96), None
(76, 35, 24), 32.0
(56, 3, 69), None
(71, 93, 44), 28.0
(0, 96, 90), None
(70, 12, 50), 24.0
(31, 51, 31), None
(92, 28, 23), 26.0
(78, 66, 31), 34.0
(40, 66, 72), 30.0
(98, 72, 46), None
(82, 68, 55), 28.0
(62, 35, 35), None
(11, 59, 13), 23.0
(45, 77, 79), 26.0
(34, 41, 59), 26.0
(67, 20, 37), 30.0
(79, 41, 21), 24.0
(78, 59, 16), 37.0
(87, 59, 12), 26.0
(54, 80, 12), 30.0
(97, 61, 41), None
(22, 48, 26), 38.0
(21, 46, 19), 34.0
(19, 44, 16), 32.0
(46, 57, 63), 28.0
(21, 28, 5), None
(8, 48, 26), 36.0
(1, 53, 28), 28.0
(10, 50, 8), 38.0
(9, 47, 5), None
(11, 36, 0), 25.0
(7, 54, 6), None
(16, 39, 26), 34.0
(25, 31, 9), 26.0
(5, 84, 17), None
(36, 49, 37), 38.0
(37, 63, 36), 29.0
(16, 50, 28), 30.0
(24, 45, 23), 28.0
(28, 56, 32), 27.0
(14, 49, 40), 32.0
(40, 70, 50), 25.0
(32, 75, 18), 26.0
(2, 22, 25), 34.0
(50, 53, 33), 26.0
(29, 65, 45), 32.0
(6, 1, 27), None
(15, 40, 15), None
(21, 45, 20), 28.0
(26, 49, 10), 30.0
(38, 35, 20), 18.0
(62, 43, 8), 33.0
(72, 61, 52), 27.0
(18, 40, 40), None
(83, 67, 30), 28.0
(75, 57, 37), 34.0
(65, 47, 23), 26.0
(55, 52, 86), 26.0
(2, 11, 24), 36.0
(2, 9, 24), 27.0
(11, 18, 14), 24.0
(22, 15, 12), 35.0
(13, 13, 4), None
(43, 7, 12), None
(4, 28, 2), None
(50, 17, 17), None
(9, 24, 99), None
(23, 4, 54), None
(20, 13, 18), 26.0
(91, 97, 61), None
(0, 36, 21), 27.0
(33, 55, 30), 36.0
(35, 56, 30), 28.0
(8, 60, 34), 32.0
(31, 32, 43), 35.0
(31, 33, 46), 28.0
(27, 25, 42), 32.0
(33, 50, 37), 28.0
(40, 55, 30), 28.0
(29, 63, 28), 26.0
(43, 43, 10), None
(18, 10, 22), 28.0
(23, 15, 25), 35.0
(22, 16, 25), 23.0
(35, 47, 35), None
(12, 53, 7), None
(24, 15, 15), None
(16, 7, 39), None
(31, 20, 33), 27.0
(4, 58, 27), None
(26, 0, 44), 32.0
(29, 38, 48), 32.0
(17, 51, 13), 32.0
(38, 48, 31), 34.0
(48, 64, 19), 28.0
(10, 32, 24), 33.0
(14, 42, 26), 40.0
(19, 43, 29), 42.0
(7, 43, 27), None
(13, 45, 68), 36.0
(15, 42, 29), 36.0
(14, 38, 67), 38.0
(6, 38, 67), None
(12, 45, 74), 26.0
(14, 42, 74), 28.0
(19, 41, 81), 24.0
(14, 49, 68), 37.0
(3, 51, 62), None
(15, 45, 66), 28.0
(10, 48, 70), 26.0
(14, 38, 70), 30.0
(57, 54, 77), 28.0
(8, 55, 31), 27.0
(19, 50, 29), 35.0
(12, 46, 57), 44.0
(52, 59, 57), 30.0
(13, 47, 67), 28.0
(17, 44, 65), 28.0
(11, 40, 64), 28.0
(20, 46, 69), 29.0
(15, 35, 61), 28.0
(5, 42, 58), None
(7, 53, 21), None
(0, 50, 22), 33.0
(13, 52, 73), 22.0
(9, 49, 33), 36.0
(16, 46, 54), 28.0
(96, 93, 36), None
(11, 57, 26), 32.0
(17, 45, 29), 27.0
(8, 48, 34), 33.0
(21, 62, 23), 30.0
(3, 43, 77), None
(9, 49, 39), 30.0
(5, 37, 17), None
(10, 40, 32), 32.0
(13, 52, 33), 28.0
(15, 55, 27), 28.0
(12, 49, 37), 36.0
(11, 44, 29), 28.0
(18, 47, 51), 34.0
(13, 51, 38), 32.0
(9, 41, 32), 34.0
(84, 57, 25), 28.0
(6, 46, 72), None
(8, 54, 30), 28.0
(15, 49, 35), 28.0
(12, 43, 28), 30.0
(19, 88, 26), 37.0
(2, 82, 20), 32.0
(19, 71, 37), 32.0
(17, 86, 2), 23.0
(6, 69, 26), None
(25, 39, 23), 24.0
(22, 92, 25), 28.0
(11, 49, 34), 24.0
(13, 51, 31), 38.0
(9, 52, 33), 34.0
(14, 47, 41), 32.0
(16, 45, 28), 30.0
(19, 90, 31), 24.0
(12, 78, 60), 28.0
(13, 49, 36), 36.0
(42, 42, 27), None
(7, 50, 69), None
(69, 73, 35), 26.0
(17, 53, 48), 30.0
(21, 47, 30), 32.0
(10, 51, 64), 30.0
(14, 44, 22), 28.0
(61, 48, 38), 26.0
(4, 49, 32), None
(15, 55, 25), 36.0
(15, 41, 30), 30.0
(18, 55, 27), 30.0
(11, 45, 25), 32.0
(13, 60, 10), 42.0
(14, 66, 8), 24.0
(12, 58, 15), 40.0
(8, 28, 10), 35.0
(10, 60, 67), 26.0
(46, 59, 15), 30.0
(9, 58, 11), 34.0
(13, 62, 8), 26.0
(12, 52, 5), None
(12, 46, 32), 23.0
(16, 35, 13), 29.0
(36, 51, 18), 30.0
(20, 43, 4), None
(17, 48, 28), 38.0
(17, 47, 29), 33.0
(23, 99, 28), None
(7, 46, 16), None
(74, 49, 36), 24.0
(10, 53, 35), 28.0
(15, 56, 24), 30.0
(19, 55, 20), 30.0
(13, 50, 23), 34.0
(16, 57, 71), 24.0
(12, 48, 27), 46.0
(18, 53, 30), 28.0
(12, 48, 40), 32.0
(14, 44, 27), 30.0
(80, 48, 6), None
(15, 51, 25), 36.0
(9, 50, 92), 28.0
(11, 51, 68), 24.0
(13, 46, 63), 28.0
(13, 48, 26), 48.0
(14, 52, 27), 34.0
(17, 42, 24), 38.0
(20, 48, 22), 24.0
(17, 39, 25), 38.0
(17, 37, 25), 36.0
(16, 40, 20), 38.0
(17, 38, 21), 38.0
(16, 39, 19), 35.0
(18, 37, 21), 36.0
(20, 40, 18), 38.0
(22, 39, 17), 50.0
(22, 34, 17), 24.0
(24, 40, 15), 37.0
(26, 39, 14), 40.0
(27, 38, 13), 46.0
(25, 39, 12), 28.0
(24, 39, 15), 32.0
(21, 37, 18), 32.0
(27, 41, 10), 38.0
(28, 42, 13), 36.0
(27, 36, 14), 35.0
(20, 41, 11), None
(30, 38, 9), 38.0
(27, 34, 11), 28.0
(29, 39, 9), 36.0
(25, 40, 16), 27.0
(32, 38, 8), 39.0
(31, 38, 9), 32.0
(30, 37, 7), None
(34, 41, 13), 36.0
(33, 35, 10), 34.0
(26, 42, 19), 32.0
(28, 33, 17), 32.0
(23, 38, 21), 20.0
(30, 41, 13), 28.0
(24, 30, 7), None
(21, 43, 19), 26.0
(32, 36, 9), 30.0
(18, 38, 23), 41.0
(18, 39, 23), 41.0
(22, 40, 11), 33.0
(18, 39, 22), 43.0
(19, 36, 22), 28.0
(17, 39, 23), 42.0
(20, 43, 23), 28.0
(18, 40, 21), 36.0
(21, 38, 24), 16.0
(26, 35, 20), 26.0
(17, 42, 23), 38.0
(16, 44, 24), 32.0
(18, 41, 22), 34.0
(22, 40, 26), 36.0
(19, 37, 20), 29.0
(16, 40, 17), 26.0
(20, 39, 19), 42.0
(18, 32, 22), 34.0
(19, 38, 19), None
(16, 35, 24), 29.0
(23, 38, 4), None
(20, 44, 16), 30.0
(22, 36, 18), 32.0
(15, 41, 15), None
(38, 45, 28), 30.0
(26, 38, 6), None
(20, 42, 21), 32.0
(17, 39, 26), 33.0
(14, 36, 14), None
(21, 33, 20), 30.0
(29, 43, 12), 30.0
(13, 39, 8), 41.0
(12, 38, 8), 39.0
(15, 39, 8), 47.0
(11, 37, 8), 39.0
(12, 35, 5), None
(10, 31, 6), None
(11, 42, 2), 32.0
(14, 39, 8), 39.0
(13, 37, 4), None
(14, 34, 9), 32.0
(13, 38, 8), 35.0
(11, 37, 9), 28.0
(32, 34, 7), None
(15, 40, 12), 40.0
(14, 39, 11), 18.0
(12, 42, 13), 32.0
(11, 36, 8), 33.0
(15, 39, 11), 22.0
(15, 40, 14), 40.0
(15, 40, 13), 42.0
(15, 43, 13), 30.0
(13, 40, 15), 44.0
(14, 41, 56), 26.0
(12, 64, 15), 26.0
(18, 44, 14), 30.0
(16, 40, 16), None
(13, 40, 13), None
(10, 36, 12), 40.0
(18, 44, 11), 28.0
(9, 35, 17), 28.0
(15, 42, 12), 30.0
(18, 36, 14), 31.0
(16, 33, 16), None
(8, 37, 13), 35.0
(19, 40, 11), 32.0
(10, 36, 15), 40.0
(10, 30, 17), 38.0
(7, 45, 15), None
(13, 42, 18), 34.0
(16, 34, 14), 28.0
(10, 36, 17), 28.0
(6, 33, 11), None
(9, 37, 19), 31.0
(11, 39, 13), 16.0
(17, 41, 53), 30.0
(14, 61, 15), 40.0
(13, 62, 16), 30.0
(20, 31, 11), 29.0
(11, 44, 23), 30.0
(15, 64, 15), None
(18, 39, 18), None
(16, 42, 13), 42.0
(22, 43, 49), 30.0
(16, 61, 14), 32.0
(20, 41, 12), 36.0
(13, 46, 18), 32.0
(7, 35, 22), None
(23, 36, 10), 36.0
(15, 43, 11), 32.0
(18, 39, 14), 41.0
(18, 41, 20), 38.0
(20, 38, 16), 26.0
(16, 45, 23), 30.0
(18, 40, 13), 32.0
(19, 39, 12), 39.0
(14, 42, 16), 40.0
(17, 44, 26), 38.0
(15, 42, 19), 36.0
(21, 38, 59), 28.0
(23, 37, 24), 26.0
(14, 43, 17), 30.0
(12, 46, 20), 36.0
(17, 35, 10), 27.0
(18, 41, 26), 31.0
(21, 39, 13), 26.0
(19, 39, 14), 45.0
(24, 38, 15), 30.0
(20, 33, 17), 26.0
(22, 40, 0), 27.0
(19, 46, 21), 34.0
(19, 43, 23), 24.0
(17, 40, 10), 36.0
(21, 42, 46), 30.0
(24, 36, 13), 31.0
(17, 37, 15), 30.0
(21, 33, 18), 28.0
(19, 38, 21), 35.0
(65, 35, 10), 26.0
(16, 40, 12), 40.0
(17, 68, 14), 39.0
(13, 37, 6), None
(16, 39, 12), 34.0
(12, 34, 16), 28.0
(15, 44, 25), 27.0
(8, 42, 18), 30.0
(23, 45, 22), 27.0
(57, 37, 28), 38.0
(19, 74, 19), None
(14, 41, 16), 36.0
(18, 41, 27), 34.0
(10, 35, 11), 34.0
(11, 32, 9), 25.0
(14, 44, 25), 32.0
(13, 38, 14), 25.0
(20, 40, 23), 33.0
(12, 47, 24), 21.0
(14, 43, 20), 30.0
(16, 39, 14), 42.0
(17, 39, 14), 46.0
(17, 42, 17), None
(17, 39, 9), 35.0
(20, 36, 6), None
(18, 38, 13), 34.0
(19, 42, 17), 34.0
(16, 45, 21), 28.0
(22, 35, 19), 22.0
(17, 39, 12), 46.0
(25, 39, 10), 22.0
(18, 40, 12), 32.0
(21, 38, 10), 25.0
(52, 42, 16), 36.0
(16, 47, 29), 29.0
(18, 38, 15), 38.0
(20, 44, 85), 30.0
(16, 41, 14), 36.0
(19, 40, 7), None
(22, 37, 13), 32.0
(24, 39, 51), 30.0
(16, 34, 18), 36.0
(13, 45, 57), 32.0
(18, 37, 8), 28.0
(99, 41, 12), None
(15, 39, 21), 32.0
(14, 66, 15), 27.0
(20, 35, 10), 43.0
(21, 30, 5), None
(19, 33, 10), 26.0
(22, 36, 7), None
(20, 38, 2), 32.0
(17, 76, 9), 34.0
(19, 43, 3), None
(17, 35, 23), 26.0
(21, 41, 11), 34.0
(16, 37, 19), 30.0
(18, 47, 22), 32.0
(23, 43, 13), 30.0
(20, 39, 17), 40.0
(95, 41, 26), 24.0
(15, 37, 9), 32.0
(17, 34, 14), 28.0
(13, 39, 11), 16.0
(18, 45, 54), 38.0
(16, 42, 20), 32.0
(20, 32, 6), None
(13, 37, 16), 41.0
(12, 36, 16), 33.0
(12, 26, 24), 24.0
(14, 40, 15), 40.0
(14, 35, 18), 24.0
(12, 37, 13), 18.0
(22, 39, 14), 28.0
(15, 34, 17), 24.0
(19, 46, 8), 36.0
(44, 38, 12), 26.0
(18, 42, 19), 29.0
(11, 36, 22), 33.0
(22, 41, 61), 25.0
(17, 31, 16), 29.0
(9, 40, 10), 34.0
(13, 44, 14), 29.0
(16, 38, 12), 36.0
(14, 37, 26), 44.0
(16, 48, 27), 48.0
(15, 47, 29), 33.0
(13, 49, 28), 48.0
(12, 47, 30), 37.0
(10, 50, 28), 32.0
(13, 49, 30), 30.0
(11, 49, 27), 34.0
(20, 52, 26), 30.0
(15, 49, 28), 44.0
(14, 50, 27), 34.0
(16, 47, 31), 34.0
(85, 48, 28), 34.0
(8, 53, 29), 33.0
(15, 50, 25), 38.0
(11, 48, 31), 30.0
(48, 47, 98), None
(13, 51, 33), 30.0
(14, 45, 28), 28.0
(11, 46, 27), 28.0
(16, 49, 30), 36.0
(9, 52, 26), 33.0
(12, 45, 4), None
(17, 48, 25), 44.0
(16, 49, 25), 40.0
(14, 51, 28), 34.0
(16, 47, 25), 34.0
(17, 49, 27), 36.0
(13, 45, 31), 30.0
(9, 48, 29), None
(19, 46, 25), 33.0
(15, 53, 44), 28.0
(24, 44, 24), None
(20, 51, 24), 30.0
(17, 54, 26), 30.0
(19, 44, 23), 28.0
(12, 48, 29), 41.0
(14, 51, 32), 45.0
(14, 50, 28), 36.0
Sampler:BoTorchSampler
(37, 19, 10), 29.0
(87, 41, 49), 26.0
(33, 44, 73), 29.0
(72, 43, 43), None
(46, 81, 43), 28.0
(72, 9, 84), 29.0
(3, 38, 22), None
(26, 95, 61), 22.0
(37, 96, 19), None
(56, 40, 72), 28.0
(56, 35, 88), 38.0
(81, 97, 99), None
(34, 20, 45), 36.0
(84, 94, 3), None
(55, 91, 80), 28.0
(23, 2, 64), 27.0
(44, 26, 48), 30.0
(97, 85, 82), None
(44, 26, 32), 28.0
(43, 30, 68), 27.0
(51, 41, 95), 38.0
(62, 45, 93), 26.0
(62, 21, 3), None
(36, 24, 94), 24.0
(24, 15, 78), 32.0
(61, 98, 54), None
(3, 27, 83), None
(65, 46, 71), 34.0
(11, 26, 53), 30.0
(29, 72, 99), None
(85, 23, 39), 26.0
(78, 72, 86), 29.0
(94, 32, 29), 26.0
(25, 64, 29), 22.0
(13, 29, 26), 34.0
(0, 39, 2), 25.0
(99, 94, 45), None
(41, 28, 17), 36.0
(11, 86, 66), 28.0
(81, 0, 92), 30.0
(46, 53, 60), 32.0
(71, 41, 45), 26.0
(85, 5, 93), None
(68, 21, 25), 34.0
(67, 25, 7), None
(26, 10, 67), 30.0
(43, 7, 78), None
(36, 88, 46), 22.0
(52, 26, 5), None
(70, 34, 79), 28.0
(8, 89, 65), 28.0
(16, 69, 70), 32.0
(92, 97, 78), None
(14, 91, 88), 28.0
(78, 86, 87), 44.0
(74, 95, 86), 32.0
(58, 78, 69), 23.0
(54, 64, 58), 26.0
(55, 6, 52), None
(6, 94, 71), None
(99, 28, 26), None
(45, 59, 81), 26.0
(41, 63, 46), 27.0
(83, 93, 50), 39.0
(83, 17, 39), 29.0
(71, 32, 14), 32.0
(58, 9, 75), 24.0
(21, 56, 51), 26.0
(23, 39, 10), 24.0
(92, 17, 32), 24.0
(45, 91, 53), 32.0
(19, 53, 90), 30.0
(76, 36, 86), 32.0
(54, 20, 94), 34.0
(62, 20, 24), 28.0
(90, 71, 8), 28.0
(15, 43, 44), 28.0
(22, 84, 1), 34.0
(79, 0, 29), 27.0
(73, 10, 18), 26.0
(8, 16, 89), 31.0
(7, 70, 44), None
(17, 90, 30), 28.0
(5, 58, 92), None
(80, 25, 94), 24.0
(89, 28, 89), None
(76, 61, 30), 30.0
(33, 20, 5), None
(20, 17, 34), 24.0
(30, 81, 19), 24.0
(33, 44, 36), 29.0
(91, 82, 66), 30.0
(52, 90, 36), 26.0
(97, 30, 52), None
(81, 11, 71), 28.0
(6, 60, 28), None
(25, 42, 56), 30.0
(22, 46, 82), 24.0
(95, 10, 93), 27.0
(37, 50, 6), None
(30, 50, 88), 25.0
(32, 27, 96), None
(45, 19, 66), 30.0
(31, 22, 35), 38.0
(88, 31, 71), 24.0
(72, 26, 65), 28.0
(72, 62, 21), 26.0
(46, 52, 76), 26.0
(23, 0, 31), 29.0
(21, 99, 92), None
(29, 97, 74), None
(97, 48, 21), None
(20, 35, 2), 30.0
(22, 0, 5), None
(1, 17, 13), 23.0
(7, 20, 96), None
(29, 99, 32), None
(75, 53, 21), 38.0
(57, 23, 68), 39.0
(63, 11, 36), 24.0
(18, 79, 15), 40.0
(50, 81, 26), 26.0
(70, 94, 67), 29.0
(69, 77, 83), 44.0
(14, 55, 92), 24.0
(50, 59, 34), 30.0
(80, 95, 60), 39.0
(79, 86, 71), 33.0
(12, 46, 12), None
(62, 93, 14), 24.0
(75, 44, 68), 28.0
(73, 43, 31), 26.0
(46, 55, 15), 29.0
(33, 30, 79), 26.0
(79, 80, 35), 30.0
(72, 2, 54), 26.0
(6, 0, 8), None
(36, 91, 90), 24.0
(24, 26, 87), 26.0
(27, 0, 8), 29.0
(28, 40, 19), 28.0
(42, 74, 9), 26.0
(62, 80, 97), None
(86, 99, 58), None
(80, 51, 21), 22.0
(93, 33, 31), 28.0
(75, 54, 14), 30.0
(64, 56, 41), 30.0
(0, 0, 96), None
(87, 22, 30), 30.0
(19, 2, 68), 29.0
(78, 51, 12), 28.0
(3, 9, 98), None
(59, 98, 50), None
(56, 93, 75), 39.0
(52, 93, 91), 32.0
(83, 67, 28), 28.0
(26, 28, 80), 30.0
(71, 77, 68), 36.0
(77, 55, 27), 28.0
(40, 57, 87), 28.0
(14, 49, 46), 40.0
(59, 2, 36), 34.0
(71, 3, 87), None
(33, 85, 89), 26.0
(17, 12, 18), 37.0
(61, 83, 29), 32.0
(34, 22, 75), 28.0
(8, 71, 89), 25.0
(92, 39, 89), 41.0
(30, 30, 70), None
(2, 75, 7), None
(76, 90, 52), 28.0
(41, 86, 54), 36.0
(90, 30, 55), 30.0
(10, 91, 89), 20.0
(44, 35, 81), 40.0
(30, 68, 55), 22.0
(93, 3, 99), None
(87, 65, 85), 30.0
(31, 24, 29), 26.0
(37, 90, 0), 24.0
(78, 60, 71), 26.0
(40, 17, 2), 42.0
(23, 82, 25), 26.0
(86, 29, 61), 28.0
(10, 90, 18), 24.0
(15, 97, 18), None
(46, 43, 68), 36.0
(41, 41, 21), None
(45, 24, 38), 28.0
(20, 8, 11), 36.0
(61, 16, 50), 30.0
(61, 42, 15), 32.0
(40, 43, 97), None
(20, 71, 95), 32.0
(39, 41, 75), 32.0
(89, 94, 73), 37.0
(29, 92, 74), 36.0
(85, 34, 16), 26.0
(23, 78, 35), 35.0
(11, 16, 61), 34.0
(62, 60, 51), 30.0
(51, 80, 87), 39.0
(56, 59, 50), 32.0
(37, 29, 98), None
(9, 57, 84), 28.0
(38, 95, 44), 30.0
(28, 73, 5), None
(69, 30, 11), 34.0
(0, 66, 55), 44.0
(10, 80, 12), 34.0
(44, 83, 45), 28.0
(9, 72, 47), 26.0
(85, 99, 86), None
(41, 30, 39), 32.0
(19, 91, 15), 28.0
(78, 72, 35), 32.0
(92, 7, 50), None
(59, 0, 14), 32.0
(9, 65, 99), None
(53, 69, 65), 36.0
(78, 89, 1), 29.0
(38, 93, 91), 30.0
(11, 48, 72), 24.0
(6, 34, 22), None
(42, 64, 23), 24.0
(70, 33, 89), 28.0
(49, 3, 72), None
(32, 30, 48), 24.0
(62, 16, 48), 30.0
(37, 25, 36), 34.0
(85, 56, 11), 28.0
(61, 57, 32), 26.0
(92, 88, 62), 33.0
(36, 24, 10), 32.0
(7, 76, 19), None
(60, 55, 41), 30.0
(2, 98, 84), None
(19, 4, 26), None
(92, 59, 57), 31.0
(75, 40, 54), 34.0
(28, 84, 48), 31.0
(63, 81, 61), 30.0
(22, 78, 58), 25.0
(0, 88, 34), 36.0
(3, 11, 97), None
(23, 49, 7), None
(57, 38, 58), 33.0
(39, 71, 16), 30.0
(67, 34, 77), 27.0
(13, 84, 37), 26.0
(52, 52, 3), None
(61, 32, 52), 30.0
(24, 32, 17), 31.0
(45, 80, 94), 28.0
(78, 46, 13), 38.0
(11, 39, 8), 37.0
(31, 72, 65), 27.0
(1, 92, 66), 26.0
(38, 57, 39), 34.0
(81, 34, 27), 30.0
(1, 31, 86), 30.0
(60, 71, 69), 28.0
(16, 83, 20), 26.0
(26, 39, 35), 32.0
(19, 98, 48), None
(81, 98, 58), None
(56, 61, 57), 28.0
(34, 87, 17), 30.0
(61, 52, 44), 38.0
(64, 50, 83), 31.0
(21, 26, 68), 32.0
(31, 49, 1), 34.0
(34, 31, 13), 36.0
(38, 60, 55), 24.0
(71, 27, 11), 28.0
(80, 62, 84), 34.0
(21, 56, 60), 28.0
(54, 17, 85), 30.0
(15, 61, 23), 44.0
(21, 63, 52), 40.0
(11, 19, 25), 20.0
(61, 23, 99), None
(81, 99, 0), None
(96, 15, 55), None
(46, 29, 17), 32.0
(45, 68, 35), 28.0
(65, 62, 89), 34.0
(96, 60, 46), None
(85, 61, 27), 26.0
(31, 75, 35), 26.0
(90, 55, 3), None
(56, 77, 31), 30.0
(36, 94, 83), 28.0
(88, 62, 6), None
(65, 89, 71), 28.0
(46, 98, 83), None
(40, 2, 77), 28.0
(4, 28, 32), None
(53, 44, 79), 32.0
(35, 68, 34), 40.0
(93, 97, 53), None
(58, 12, 56), 28.0
(11, 46, 48), 22.0
(89, 97, 46), None
(72, 5, 20), None
(81, 40, 23), 34.0
(41, 83, 58), 26.0
(16, 94, 76), 24.0
(10, 79, 64), 26.0
(86, 19, 92), 30.0
(94, 12, 40), 26.0
(62, 61, 36), 28.0
(24, 47, 12), 21.0
(28, 39, 44), 38.0
(40, 46, 70), 24.0
(8, 11, 60), 32.0
(32, 28, 80), 26.0
(79, 10, 51), 24.0
(89, 81, 9), 23.0
(91, 73, 68), 25.0
(17, 6, 13), None
(43, 17, 22), 30.0
(26, 95, 62), 24.0
(73, 55, 24), 26.0
(16, 43, 17), 30.0
(94, 79, 9), 25.0
(67, 28, 85), 34.0
(0, 11, 67), 28.0
(50, 95, 32), 32.0
(22, 26, 94), 22.0
(50, 33, 89), 30.0
(64, 27, 74), 30.0
(81, 9, 32), 26.0
(88, 70, 96), None
(96, 54, 96), None
(20, 80, 49), 26.0
(49, 9, 16), 37.0
(35, 2, 65), 26.0
(30, 2, 33), 36.0
(81, 38, 81), None
(76, 36, 96), None
(11, 35, 9), 28.0
(4, 4, 18), None
(99, 90, 21), None
(50, 58, 12), 28.0
(8, 34, 1), 24.0
(48, 14, 40), 36.0
(24, 5, 82), None
(58, 32, 84), 24.0
(86, 68, 11), 28.0
(33, 22, 19), 28.0
(9, 9, 35), None
(65, 82, 81), 32.0
(56, 26, 12), 28.0
(78, 31, 50), 24.0
(15, 60, 88), 30.0
(91, 38, 54), 32.0
(45, 93, 54), 30.0
(92, 31, 0), 33.0
(54, 45, 22), 30.0
(14, 29, 96), None
(12, 9, 85), 26.0
(2, 5, 72), None
(16, 92, 15), 25.0
(38, 6, 86), None
(27, 69, 99), None
(72, 62, 28), 27.0
(92, 16, 49), 28.0
(99, 77, 25), None
(44, 86, 0), 36.0
(82, 11, 23), 28.0
(96, 46, 26), None
(29, 88, 94), 34.0
(80, 85, 6), None
(61, 29, 83), 30.0
(65, 88, 49), 29.0
(96, 51, 98), None
(41, 59, 34), 26.0
(27, 68, 27), None
(46, 45, 51), 30.0
(27, 63, 56), 30.0
(63, 37, 25), 28.0
(72, 36, 49), 30.0
(98, 7, 77), None
(46, 84, 26), 30.0
(19, 49, 74), 26.0
(18, 84, 73), 31.0
(4, 2, 17), None
(25, 20, 1), 30.0
(12, 83, 34), 26.0
(66, 44, 76), 26.0
(36, 30, 92), 22.0
(55, 96, 52), None
(49, 34, 42), 24.0
(25, 28, 87), 28.0
(95, 42, 46), 26.0
(48, 0, 26), 32.0
(54, 52, 64), 27.0
(54, 8, 49), 29.0
(28, 61, 35), 32.0
(1, 94, 55), 30.0
(47, 86, 23), 26.0
(48, 8, 86), 23.0
(72, 93, 80), 34.0
(97, 25, 34), None
(52, 33, 45), 30.0
(61, 6, 81), None
(85, 31, 86), 29.0
(93, 31, 0), 31.0
(58, 9, 27), 40.0
(6, 70, 37), None
(53, 23, 54), 26.0
(33, 73, 87), 24.0
(3, 69, 75), None
(84, 21, 37), 24.0
(70, 42, 22), 30.0
(15, 85, 23), 26.0
(10, 47, 6), None
(26, 88, 16), 28.0
(4, 8, 62), None
(68, 74, 31), 30.0
(75, 33, 63), 30.0
(23, 2, 9), 32.0
(5, 57, 81), None
(55, 33, 4), None
(86, 18, 31), 26.0
(16, 22, 77), 26.0
(94, 57, 87), 46.0
(62, 61, 49), 24.0
(27, 13, 50), 32.0
(34, 30, 37), 18.0
(95, 39, 3), None
(91, 54, 62), 28.0
(40, 81, 97), None
(6, 9, 82), None
(37, 11, 93), 24.0
(35, 87, 44), 30.0
(26, 99, 1), None
(72, 54, 61), 32.0
(59, 37, 64), 28.0
(94, 5, 43), None
(12, 67, 66), 29.0
(14, 49, 14), None
(40, 84, 2), 26.0
(55, 72, 24), 28.0
(18, 56, 72), 28.0
(9, 10, 94), 24.0
(8, 9, 38), None
(93, 37, 87), 32.0
(74, 29, 51), 30.0
(84, 60, 71), 41.0
(25, 14, 95), 25.0
(56, 91, 49), 34.0
(39, 74, 6), None
(96, 70, 79), None
(83, 73, 22), 26.0
(64, 51, 23), 26.0
(41, 95, 79), 27.0
(58, 70, 0), 22.0
(30, 82, 85), 36.0
(87, 25, 22), 26.0
(12, 72, 97), None
(98, 30, 71), None
(58, 15, 1), 30.0
(44, 62, 47), 30.0
(1, 56, 38), 28.0
(93, 55, 73), 28.0
(98, 5, 21), None
(32, 81, 26), 26.0
(38, 27, 85), 28.0
(9, 15, 30), 24.0
(50, 92, 86), 34.0
(92, 99, 89), None
(46, 69, 82), 30.0
(37, 93, 7), None
(27, 14, 84), 24.0
(75, 99, 27), None
(92, 59, 98), None
(32, 61, 71), 32.0
(33, 95, 78), 26.0
(92, 4, 3), None
(21, 86, 5), None
(22, 66, 42), 28.0
(97, 74, 82), None
(82, 88, 28), 32.0
(61, 52, 78), 28.0
(15, 90, 44), 28.0
(46, 47, 3), None
(30, 20, 11), 38.0
(5, 73, 76), None
(2, 27, 71), 30.0
(55, 95, 90), 31.0
(84, 98, 31), None
(95, 64, 37), 30.0
(88, 5, 78), None
(84, 55, 58), 34.0
(12, 58, 73), 22.0
(36, 56, 87), 22.0
Sampler:CmaEsSampler
(36, 90, 86), 26.0
(45, 50, 57), 24.0
(22, 73, 63), 26.0
(57, 53, 66), 30.0
(33, 55, 65), 29.0
(39, 35, 45), 28.0
(61, 81, 37), 26.0
(79, 33, 54), 26.0
(74, 37, 34), 26.0
(72, 44, 63), 28.0
(68, 42, 71), 28.0
(46, 56, 64), 25.0
(27, 55, 64), 40.0
(43, 51, 50), 35.0
(41, 34, 75), 24.0
(56, 68, 75), 30.0
(36, 54, 48), 26.0
(37, 43, 59), 34.0
(38, 41, 36), 30.0
(39, 56, 64), 40.0
(45, 66, 55), 30.0
(34, 51, 31), 34.0
(53, 54, 55), 30.0
(38, 51, 55), 24.0
(57, 46, 55), 24.0
(68, 59, 74), 38.0
(51, 54, 71), 30.0
(24, 49, 46), 34.0
(39, 33, 68), 34.0
(41, 57, 67), 26.0
(57, 69, 83), 33.0
(36, 53, 76), 24.0
(55, 49, 73), 34.0
(57, 54, 69), 40.0
(57, 47, 61), 28.0
(54, 73, 62), 29.0
(38, 60, 61), 28.0
(43, 40, 59), 24.0
(56, 45, 67), 43.0
(58, 54, 76), 30.0
(33, 42, 62), 32.0
(73, 71, 75), 30.0
(63, 58, 66), 48.0
(66, 57, 73), 44.0
(63, 52, 68), 28.0
(45, 48, 62), 32.0
(44, 51, 51), None
(46, 45, 65), 24.0
(57, 46, 52), 38.0
(63, 53, 66), 26.0
(62, 41, 69), 24.0
(59, 55, 63), 34.0
(61, 54, 64), 28.0
(61, 49, 57), 33.0
(49, 54, 47), 35.0
(80, 61, 76), 34.0
(52, 51, 64), 35.0
(75, 52, 76), 37.0
(72, 44, 66), 30.0
(78, 51, 81), 30.0
(59, 47, 74), 27.0
(74, 53, 73), 30.0
(67, 56, 65), 32.0
(66, 45, 71), 28.0
(55, 60, 65), 28.0
(82, 48, 70), 31.0
(53, 51, 58), 20.0
(68, 55, 76), 34.0
(81, 52, 76), 30.0
(66, 56, 66), None
(67, 49, 71), 30.0
(75, 56, 73), 40.0
(94, 59, 85), 34.0
(72, 52, 67), 26.0
(80, 52, 74), 36.0
(72, 59, 71), 24.0
(64, 61, 67), 16.0
(74, 56, 73), 40.0
(74, 62, 75), 37.0
(86, 55, 78), 30.0
(77, 56, 71), 32.0
(80, 58, 69), 38.0
(71, 65, 80), 37.0
(71, 52, 73), 30.0
(76, 51, 64), 28.0
(85, 58, 88), 32.0
(77, 57, 70), 28.0
(90, 61, 84), 38.0
(73, 63, 78), 26.0
(70, 53, 66), 26.0
(78, 54, 73), 30.0
(83, 62, 75), 34.0
(65, 51, 62), 36.0
(89, 65, 81), 30.0
(81, 57, 78), 28.0
(81, 53, 71), 34.0
(80, 55, 75), 24.0
(92, 66, 88), 36.0
(76, 55, 74), 32.0
(84, 53, 66), 30.0
(73, 60, 70), 36.0
(78, 61, 77), 30.0
(80, 66, 78), 28.0
(85, 58, 76), 44.0
(71, 57, 66), 34.0
(89, 61, 79), 36.0
(93, 66, 85), 36.0
(96, 66, 89), None
(89, 62, 82), 30.0
(97, 62, 83), None
(98, 67, 91), None
(89, 53, 77), 34.0
(94, 61, 77), 31.0
(83, 63, 82), 29.0
(74, 54, 65), 28.0
(95, 68, 88), 42.0
(91, 62, 79), 32.0
(89, 64, 88), 33.0
(92, 60, 82), 35.0
(89, 62, 86), 31.0
(83, 55, 79), 30.0
(76, 61, 73), 37.0
(89, 64, 86), 32.0
(92, 61, 79), 38.0
(90, 65, 83), 30.0
(90, 64, 79), 24.0
(89, 64, 82), 24.0
(95, 66, 85), 31.0
(85, 64, 80), 32.0
(99, 64, 86), None
(93, 64, 78), 25.0
(95, 60, 78), 31.0
(89, 62, 80), 26.0
(92, 71, 85), 36.0
(80, 63, 73), 32.0
(90, 65, 80), 31.0
(89, 65, 79), 30.0
(92, 70, 86), 41.0
(93, 65, 79), 24.0
(91, 60, 83), 41.0
(88, 62, 80), 26.0
(96, 64, 80), None
(91, 69, 85), 24.0
(98, 70, 93), None
(87, 62, 80), 28.0
(85, 63, 78), 34.0
(90, 64, 80), 31.0
(88, 55, 73), 36.0
(96, 74, 95), None
(93, 67, 87), 38.0
(92, 66, 82), 25.0
(83, 57, 73), 28.0
(90, 61, 80), None
(93, 62, 82), 36.0
(92, 60, 79), 33.0
(94, 67, 87), 36.0
(89, 61, 81), 30.0
(88, 62, 76), 28.0
(97, 64, 85), None
(93, 60, 80), 39.0
(98, 61, 82), None
(88, 60, 80), 36.0
(87, 58, 75), 37.0
(97, 68, 90), None
(94, 62, 83), 41.0
(86, 60, 75), 25.0
(91, 66, 84), 26.0
(96, 63, 87), None
(94, 63, 82), 28.0
(96, 63, 86), None
(93, 59, 78), 41.0
(90, 55, 74), 36.0
(86, 62, 80), 36.0
(95, 58, 80), 23.0
(90, 58, 78), 34.0
(91, 58, 76), 38.0
(93, 60, 83), 33.0
(84, 52, 66), 30.0
(97, 63, 83), None
(83, 54, 67), 26.0
(93, 58, 76), 42.0
(92, 58, 77), 42.0
(93, 57, 77), 38.0
(83, 55, 67), 26.0
(79, 56, 68), 36.0
(86, 55, 72), 26.0
(86, 56, 74), 30.0
(90, 60, 78), 33.0
(90, 58, 77), 36.0
(90, 59, 78), 34.0
(92, 62, 77), 28.0
(99, 63, 85), None
(89, 52, 71), 26.0
(87, 61, 80), 32.0
(85, 62, 81), 36.0
(92, 63, 84), 34.0
(89, 56, 75), 32.0
(94, 53, 72), 27.0
(85, 54, 73), 26.0
(86, 60, 79), 29.0
(85, 63, 84), 28.0
(88, 63, 83), 26.0
(87, 62, 81), 28.0
(91, 58, 79), 43.0
(89, 63, 84), 30.0
(93, 62, 83), 38.0
(92, 64, 86), 26.0
(97, 65, 87), None
(96, 60, 82), None
(94, 59, 79), 37.0
(98, 62, 85), None
(96, 62, 86), None
(92, 60, 81), 49.0
(93, 61, 80), 35.0
(90, 55, 75), 26.0
(89, 57, 79), 39.0
(85, 66, 87), 34.0
(91, 60, 81), 36.0
(91, 53, 73), 30.0
(89, 60, 83), 32.0
(91, 61, 83), 31.0
(84, 63, 81), 36.0
(90, 61, 85), 44.0
(92, 64, 87), 25.0
(85, 64, 84), 26.0
(85, 60, 83), 42.0
(88, 54, 73), 28.0
(86, 61, 81), 44.0
(93, 55, 76), 32.0
(91, 61, 85), 42.0
(82, 64, 85), 26.0
(89, 54, 76), 32.0
(87, 59, 81), 35.0
(85, 63, 86), 31.0
(86, 60, 80), 37.0
(86, 62, 82), 30.0
(95, 54, 77), 28.0
(86, 56, 75), 34.0
(87, 60, 84), 24.0
(85, 62, 82), 32.0
(81, 63, 83), 29.0
(84, 57, 77), 42.0
(89, 57, 78), 32.0
(80, 64, 86), 28.0
(79, 59, 80), 32.0
(80, 58, 75), 24.0
(87, 60, 80), 43.0
(86, 53, 72), 28.0
(89, 55, 74), 32.0
(89, 57, 77), 30.0
(87, 63, 83), 26.0
(84, 59, 77), 46.0
(84, 60, 81), 42.0
(82, 61, 81), 35.0
(87, 58, 78), 40.0
(88, 59, 79), 40.0
(92, 59, 79), 37.0
(83, 59, 79), 37.0
(87, 61, 81), 34.0
(90, 60, 81), None
(85, 59, 77), 46.0
(91, 58, 77), 40.0
(83, 60, 78), 28.0
(87, 59, 77), 40.0
(84, 57, 75), 40.0
(90, 58, 79), 44.0
(88, 57, 75), 30.0
(94, 61, 82), 47.0
(90, 57, 76), 36.0
(94, 59, 81), 23.0
(88, 57, 76), 35.0
(95, 64, 84), 28.0
(91, 60, 80), None
(89, 60, 81), 30.0
(90, 59, 80), 29.0
(91, 59, 79), 39.0
(94, 65, 85), 32.0
(91, 59, 80), 29.0
(89, 60, 79), 36.0
(88, 59, 78), 36.0
(94, 62, 84), 32.0
(91, 61, 80), 35.0
(94, 61, 79), 27.0
(86, 59, 80), 28.0
(89, 59, 79), 34.0
(90, 60, 80), 36.0
(87, 59, 78), 44.0
(86, 59, 78), 43.0
(86, 58, 77), 43.0
(84, 58, 76), 46.0
(88, 60, 79), 33.0
(87, 58, 76), 33.0
(86, 58, 76), 33.0
(89, 58, 77), 33.0
(85, 58, 77), 43.0
(82, 57, 74), 30.0
(83, 58, 76), 46.0
(81, 59, 76), 32.0
(82, 58, 75), 32.0
(79, 57, 74), 32.0
(81, 57, 75), 30.0
(85, 60, 78), 24.0
(77, 56, 73), 28.0
(88, 58, 77), 36.0
(84, 58, 75), 40.0
(87, 60, 78), 31.0
(82, 57, 75), 38.0
(84, 57, 76), 41.0
(87, 60, 79), 31.0
(86, 59, 77), 46.0
(85, 59, 76), 44.0
(82, 58, 77), 44.0
(83, 59, 77), 44.0
(82, 58, 76), 44.0
(85, 59, 78), 36.0
(84, 59, 76), 43.0
(86, 59, 76), 35.0
(83, 59, 76), 44.0
