Sampler:TPESampler
(15, 94, 9, 64, 81, 51), 21.0
(41, 53, 27, 29, 56, 2), 22.0
(71, 72, 10, 39, 33, 92), 18.0
(48, 32, 6, 62, 36, 5), None
(84, 77, 79, 49, 80, 99), None
(17, 75, 76, 54, 92, 68), 23.0
(62, 68, 37, 6, 39, 22), None
(54, 36, 15, 73, 85, 95), 22.0
(54, 93, 47, 35, 14, 4), None
(48, 58, 19, 29, 89, 18), None
(2, 4, 99, 90, 61, 65), None
(29, 44, 75, 14, 61, 72), 17.0
(29, 22, 63, 21, 0, 38), 19.0
(31, 55, 33, 49, 98, 73), None
(13, 80, 64, 99, 64, 48), None
(97, 62, 97, 0, 51, 33), None
(37, 46, 30, 69, 70, 58), 19.0
(16, 87, 52, 25, 99, 82), None
(1, 20, 85, 42, 22, 38), 20.0
(39, 64, 50, 80, 53, 18), 19.0
(21, 81, 24, 55, 72, 82), 18.0
(63, 37, 18, 76, 88, 86), 20.0
(74, 33, 41, 56, 87, 73), 20.0
(43, 49, 0, 78, 76, 61), 22.0
(40, 52, 59, 85, 73, 59), None
(60, 21, 24, 69, 93, 98), None
(21, 46, 1, 97, 79, 48), None
(41, 68, 72, 33, 43, 64), 23.0
(7, 69, 69, 17, 44, 68), None
(26, 97, 81, 61, 27, 57), None
(35, 87, 88, 30, 45, 51), 18.0
(43, 58, 90, 41, 55, 64), 24.0
(46, 74, 90, 41, 57, 78), 24.0
(45, 74, 92, 45, 45, 78), None
(54, 63, 71, 37, 67, 89), 27.0
(55, 63, 71, 35, 57, 89), 24.0
(70, 61, 90, 39, 66, 87), 19.0
(54, 56, 80, 45, 57, 92), 21.0
(69, 65, 84, 39, 56, 89), 21.0
(81, 84, 94, 33, 67, 78), 22.0
(50, 73, 68, 23, 36, 80), 24.0
(61, 77, 68, 25, 32, 92), 18.0
(51, 71, 58, 12, 57, 80), 18.0
(57, 61, 76, 36, 39, 84), 21.0
(47, 72, 56, 22, 49, 75), 20.0
(52, 57, 86, 45, 62, 99), None
(48, 66, 65, 25, 33, 68), 24.0
(65, 78, 66, 9, 19, 90), 20.0
(33, 90, 73, 29, 48, 95), 20.0
(48, 51, 44, 52, 35, 64), 27.0
(56, 41, 45, 16, 9, 68), 22.0
(48, 68, 61, 49, 33, 71), 19.0
(44, 52, 53, 51, 28, 54), 18.0
(58, 58, 37, 41, 53, 64), None
(38, 65, 96, 60, 58, 77), None
(49, 73, 70, 27, 39, 85), 20.0
(66, 81, 77, 20, 28, 70), 21.0
(51, 49, 46, 53, 35, 44), 21.0
(44, 61, 83, 35, 68, 62), 23.0
(74, 26, 41, 38, 61, 82), 20.0
(55, 2, 64, 47, 50, 75), 23.0
(46, 54, 55, 33, 22, 67), 25.0
(35, 54, 55, 31, 22, 68), 20.0
(42, 44, 99, 42, 10, 95), None
(48, 67, 64, 23, 25, 81), 16.0
(60, 51, 49, 26, 39, 55), 17.0
(53, 40, 61, 57, 18, 65), 19.0
(46, 76, 74, 18, 32, 74), None
(30, 48, 89, 32, 37, 59), 21.0
(40, 59, 78, 42, 53, 88), 23.0
(95, 70, 70, 34, 15, 84), None
(50, 55, 43, 36, 42, 71), 17.0
(58, 64, 67, 28, 65, 67), None
(37, 65, 58, 38, 60, 77), 20.0
(42, 59, 51, 44, 47, 61), 22.0
(53, 62, 81, 23, 75, 54), 24.0
(46, 10, 61, 66, 24, 79), 20.0
(53, 54, 81, 49, 77, 49), None
(50, 67, 35, 14, 81, 45), 18.0
(64, 62, 93, 2, 70, 56), 20.0
(57, 71, 86, 30, 75, 93), 22.0
(46, 75, 75, 24, 42, 65), None
(55, 63, 71, 40, 64, 52), 23.0
(52, 79, 66, 20, 30, 61), 20.0
(60, 59, 79, 36, 84, 72), 18.0
(41, 83, 91, 27, 35, 90), 22.0
(49, 56, 88, 52, 70, 76), 21.0
(44, 51, 83, 47, 55, 86), 21.0
(27, 47, 56, 22, 53, 70), 18.0
(34, 66, 48, 33, 63, 58), 19.0
(38, 73, 73, 37, 59, 67), None
(40, 59, 78, 44, 55, 10), 29.0
(43, 69, 76, 47, 55, 26), 19.0
(47, 60, 68, 44, 50, 10), 22.0
(54, 63, 95, 31, 74, 38), 22.0
(32, 57, 72, 41, 68, 7), None
(36, 52, 81, 57, 0, 53), 20.0
(51, 62, 87, 29, 47, 26), 18.0
(39, 69, 84, 39, 45, 63), None
(67, 44, 63, 18, 52, 44), None
(48, 55, 78, 25, 78, 1), None
(45, 61, 83, 33, 68, 60), 24.0
(44, 66, 82, 35, 72, 57), 21.0
(58, 58, 85, 43, 56, 69), None
(45, 53, 79, 50, 30, 60), 22.0
(62, 50, 53, 32, 62, 83), None
(41, 60, 75, 20, 59, 97), None
(49, 64, 66, 33, 37, 66), None
(53, 71, 89, 46, 71, 63), None
(56, 74, 91, 28, 66, 73), 24.0
(56, 74, 91, 28, 66, 79), 24.0
(56, 76, 98, 27, 67, 73), None
(51, 84, 91, 29, 65, 73), 24.0
(55, 94, 92, 29, 65, 79), 23.0
(47, 73, 96, 38, 4, 80), None
(59, 78, 70, 15, 60, 77), 23.0
(51, 91, 94, 34, 63, 69), 26.0
(51, 93, 93, 24, 69, 69), None
(42, 87, 40, 54, 57, 90), 21.0
(49, 56, 77, 10, 62, 55), 20.0
(46, 62, 45, 40, 19, 51), 23.0
(53, 90, 91, 35, 66, 75), 23.0
(63, 83, 90, 31, 64, 72), 26.0
(51, 97, 87, 31, 75, 71), None
(39, 89, 94, 34, 58, 66), 23.0
(61, 83, 85, 26, 64, 16), 18.0
(64, 81, 97, 22, 81, 35), None
(57, 85, 91, 29, 66, 73), 26.0
(44, 92, 89, 42, 54, 62), 21.0
(67, 87, 83, 36, 73, 64), 22.0
(62, 85, 99, 31, 61, 74), None
(56, 99, 90, 28, 67, 72), None
(59, 75, 95, 37, 63, 81), 19.0
(54, 84, 86, 33, 69, 69), None
(52, 81, 81, 30, 65, 67), None
(47, 65, 93, 40, 51, 87), 20.0
(55, 89, 91, 26, 66, 73), 25.0
(57, 86, 91, 26, 72, 73), 20.0
(74, 88, 88, 24, 60, 75), None
(56, 91, 95, 30, 63, 71), 24.0
(60, 91, 12, 22, 34, 71), 21.0
(56, 89, 96, 28, 68, 77), None
(54, 79, 93, 38, 57, 85), 25.0
(49, 58, 73, 19, 25, 93), 23.0
(58, 95, 94, 44, 56, 70), 20.0
(53, 54, 68, 35, 59, 59), None
(54, 77, 87, 33, 70, 84), 20.0
(49, 83, 90, 37, 57, 79), 19.0
(51, 82, 93, 48, 61, 86), 20.0
(69, 75, 97, 39, 15, 83), None
(64, 78, 89, 42, 54, 81), 22.0
(58, 68, 92, 26, 52, 75), 21.0
(50, 80, 91, 28, 66, 78), 18.0
(47, 92, 99, 34, 64, 67), None
(55, 79, 88, 38, 58, 73), 18.0
(45, 71, 64, 31, 61, 88), 20.0
(52, 85, 95, 36, 63, 76), 22.0
(40, 95, 94, 32, 32, 68), None
(62, 86, 28, 30, 65, 72), 23.0
(43, 89, 85, 29, 67, 65), 23.0
(53, 59, 80, 24, 71, 63), 20.0
(10, 73, 91, 34, 68, 82), 24.0
(0, 72, 83, 41, 50, 81), 20.0
(56, 61, 43, 45, 55, 90), 20.0
(48, 70, 90, 21, 41, 74), 18.0
(8, 74, 86, 39, 76, 86), None
(25, 56, 92, 93, 48, 47), 24.0
(46, 63, 75, 32, 73, 60), 19.0
(50, 77, 95, 26, 63, 70), 19.0
(50, 50, 66, 82, 38, 30), None
(20, 79, 39, 23, 30, 78), 26.0
(52, 80, 40, 23, 58, 77), 19.0
(14, 82, 38, 28, 27, 78), 24.0
(14, 83, 40, 28, 22, 78), 20.0
(16, 84, 36, 25, 28, 68), 20.0
(18, 55, 42, 68, 26, 47), 24.0
(25, 53, 38, 37, 47, 92), 21.0
(22, 48, 44, 93, 30, 84), 21.0
(55, 88, 97, 30, 62, 72), None
(58, 67, 60, 23, 32, 74), 24.0
(60, 67, 33, 17, 35, 75), 20.0
(19, 79, 60, 28, 29, 79), None
(22, 57, 42, 76, 22, 47), None
(54, 76, 47, 20, 66, 66), None
(52, 64, 70, 25, 69, 69), None
(43, 60, 78, 64, 25, 82), 21.0
(11, 91, 93, 33, 60, 72), 22.0
(3, 10, 71, 52, 56, 70), None
(57, 86, 89, 31, 64, 76), 22.0
(10, 55, 54, 68, 68, 17), None
(45, 81, 87, 30, 66, 65), 18.0
(27, 57, 91, 88, 70, 63), 26.0
(28, 75, 91, 86, 70, 88), 21.0
(59, 68, 63, 22, 32, 73), 20.0
(55, 52, 93, 36, 64, 80), 20.0
(57, 73, 51, 73, 72, 61), None
(16, 61, 39, 43, 27, 63), 18.0
(24, 57, 96, 59, 19, 50), None
(61, 58, 57, 94, 40, 4), None
(29, 66, 59, 95, 33, 11), 23.0
(20, 93, 92, 87, 37, 69), 20.0
(18, 54, 35, 91, 27, 47), 18.0
(51, 81, 31, 27, 25, 77), 17.0
(49, 77, 89, 26, 60, 71), 19.0
(48, 63, 94, 24, 12, 67), 21.0
(13, 83, 89, 34, 71, 57), 18.0
(47, 86, 88, 34, 69, 64), 23.0
(7, 59, 84, 40, 54, 62), None
(54, 79, 92, 32, 66, 75), 19.0
(41, 89, 3, 30, 62, 68), None
(46, 71, 90, 38, 65, 66), 23.0
(5, 55, 68, 96, 30, 44), None
(13, 77, 46, 24, 21, 82), 21.0
(10, 73, 91, 35, 68, 79), 19.0
(16, 56, 49, 91, 31, 84), 20.0
(44, 61, 37, 34, 74, 90), 16.0
(53, 74, 86, 21, 67, 74), None
(57, 85, 95, 28, 27, 73), 18.0
(51, 64, 73, 19, 35, 75), 25.0
(22, 51, 76, 88, 35, 41), 20.0
(50, 64, 73, 21, 52, 59), 27.0
(50, 63, 72, 18, 36, 94), 21.0
(51, 65, 74, 19, 79, 57), 23.0
(48, 59, 69, 21, 51, 54), 17.0
(18, 56, 77, 81, 25, 59), 22.0
(32, 61, 71, 32, 52, 77), None
(53, 65, 73, 23, 44, 70), 23.0
(51, 62, 74, 26, 56, 63), 18.0
(24, 52, 42, 73, 58, 86), 20.0
(54, 58, 69, 40, 49, 88), 21.0
(26, 91, 38, 98, 34, 81), None
(12, 82, 92, 29, 68, 75), 18.0
(18, 69, 66, 13, 30, 77), 22.0
(55, 72, 91, 35, 63, 72), None
(45, 61, 93, 31, 65, 61), None
(58, 67, 64, 23, 33, 74), 18.0
(49, 64, 79, 17, 54, 64), None
(21, 54, 63, 42, 33, 79), 21.0
(15, 66, 55, 37, 37, 24), None
(56, 70, 41, 20, 23, 81), 21.0
(60, 58, 72, 27, 53, 76), 20.0
(56, 79, 94, 29, 66, 71), 27.0
(52, 63, 81, 25, 67, 71), 19.0
(55, 80, 97, 29, 63, 68), None
(47, 67, 44, 22, 28, 52), 24.0
(53, 60, 67, 24, 65, 48), 20.0
(58, 56, 95, 99, 32, 66), None
(50, 87, 88, 27, 70, 71), 19.0
(46, 76, 93, 37, 56, 83), 25.0
(48, 75, 93, 22, 56, 53), 20.0
(46, 76, 44, 18, 71, 52), 22.0
(20, 79, 96, 38, 59, 20), None
(42, 81, 94, 63, 57, 41), 24.0
(51, 82, 99, 60, 57, 80), None
(78, 76, 90, 84, 61, 83), 20.0
(56, 77, 76, 32, 64, 73), 21.0
(58, 78, 34, 30, 67, 85), 18.0
(54, 95, 39, 33, 91, 59), 18.0
(47, 67, 91, 15, 54, 69), 22.0
(43, 53, 94, 57, 58, 36), 20.0
(66, 85, 92, 39, 52, 75), 24.0
(91, 64, 96, 35, 68, 56), None
(47, 74, 72, 21, 62, 70), 26.0
(66, 89, 93, 37, 62, 71), 23.0
(9, 81, 42, 66, 28, 83), 20.0
(45, 69, 46, 20, 60, 65), 20.0
(49, 50, 71, 89, 55, 29), 20.0
(14, 58, 74, 45, 49, 89), 20.0
(45, 60, 21, 41, 59, 13), 28.0
(52, 62, 20, 23, 34, 8), 23.0
(28, 57, 70, 77, 60, 13), 20.0
(49, 78, 73, 27, 17, 68), 18.0
(45, 73, 6, 41, 66, 78), None
(24, 84, 21, 29, 63, 12), 20.0
(53, 91, 49, 25, 83, 73), 18.0
(43, 74, 15, 42, 58, 9), 24.0
(62, 71, 61, 43, 57, 10), 22.0
(39, 64, 58, 40, 30, 66), 20.0
(64, 85, 15, 20, 52, 14), 20.0
(50, 54, 68, 36, 61, 6), None
(34, 60, 72, 92, 36, 87), 18.0
(48, 59, 69, 25, 40, 4), None
(52, 93, 66, 19, 77, 70), 20.0
(47, 80, 28, 33, 65, 80), None
(44, 83, 89, 40, 55, 91), 21.0
(18, 83, 97, 28, 63, 45), None
(50, 86, 76, 70, 26, 69), 17.0
(41, 56, 88, 46, 21, 85), 18.0
(46, 45, 90, 37, 59, 78), 28.0
(30, 45, 24, 31, 62, 72), 20.0
(47, 42, 65, 16, 59, 76), 21.0
(45, 60, 86, 36, 56, 61), 20.0
(54, 48, 52, 21, 69, 75), 19.0
(48, 46, 48, 23, 29, 78), None
(36, 39, 94, 34, 60, 82), 24.0
(50, 25, 63, 6, 32, 83), None
(72, 62, 83, 39, 51, 55), 24.0
(60, 79, 71, 37, 35, 77), 18.0
(42, 88, 95, 42, 58, 71), None
(41, 81, 92, 51, 54, 43), 19.0
(46, 84, 90, 36, 53, 74), 17.0
(57, 43, 68, 35, 38, 87), 24.0
(57, 36, 97, 33, 61, 87), None
(59, 46, 72, 38, 39, 85), 20.0
(52, 49, 59, 23, 26, 67), 20.0
(56, 74, 11, 30, 65, 15), 24.0
(54, 76, 92, 27, 64, 72), 22.0
(56, 78, 32, 31, 62, 14), 18.0
(43, 76, 90, 44, 57, 79), 18.0
(43, 79, 17, 48, 57, 0), 20.0
(68, 81, 93, 38, 47, 40), 24.0
(12, 64, 79, 34, 23, 64), None
(39, 57, 87, 40, 53, 76), 22.0
(6, 73, 54, 26, 67, 81), None
(73, 75, 25, 38, 66, 70), 18.0
(55, 51, 37, 28, 70, 79), 22.0
(35, 33, 94, 35, 46, 83), None
(46, 70, 99, 21, 61, 67), None
(49, 77, 18, 18, 43, 8), None
(47, 62, 13, 39, 49, 10), 19.0
(49, 72, 75, 42, 48, 10), 22.0
(53, 65, 80, 79, 69, 58), 24.0
(52, 53, 74, 71, 72, 65), 21.0
(25, 54, 69, 84, 59, 50), 18.0
(16, 68, 70, 25, 31, 74), 18.0
(71, 62, 81, 39, 52, 61), 23.0
(45, 66, 89, 22, 55, 69), 22.0
(48, 73, 45, 36, 24, 91), 26.0
(46, 60, 45, 32, 23, 67), 20.0
(48, 82, 42, 54, 24, 93), 20.0
(44, 92, 15, 36, 20, 9), 18.0
(75, 55, 46, 36, 26, 91), 21.0
(42, 68, 44, 62, 64, 74), 20.0
(10, 78, 40, 32, 28, 89), 21.0
(51, 60, 43, 29, 74, 61), 20.0
(51, 74, 90, 45, 59, 73), 18.0
(65, 31, 22, 34, 17, 95), 21.0
(22, 52, 40, 67, 21, 46), 20.0
(38, 85, 95, 40, 55, 63), 18.0
(62, 45, 2, 30, 34, 17), 23.0
(48, 81, 47, 50, 57, 77), 23.0
(51, 72, 91, 33, 67, 92), 26.0
(67, 66, 77, 36, 70, 59), 22.0
(50, 65, 72, 16, 29, 92), 20.0
(79, 72, 84, 38, 50, 32), 24.0
(54, 76, 87, 32, 67, 72), 20.0
(51, 87, 92, 27, 64, 98), None
(55, 72, 74, 37, 65, 90), 18.0
(71, 89, 91, 39, 51, 96), None
(57, 44, 88, 34, 68, 86), 24.0
(88, 70, 94, 18, 62, 37), 21.0
(47, 69, 50, 20, 60, 69), None
(53, 74, 9, 42, 71, 6), None
(49, 78, 92, 37, 54, 89), 23.0
(44, 58, 82, 43, 69, 58), None
(45, 76, 89, 41, 56, 92), 22.0
(49, 74, 96, 25, 37, 94), None
(27, 63, 76, 31, 62, 90), 26.0
(51, 63, 76, 94, 62, 90), 23.0
(47, 48, 77, 32, 66, 93), 19.0
(52, 88, 7, 30, 64, 70), None
(81, 71, 78, 37, 59, 19), 21.0
(59, 63, 75, 35, 60, 89), 22.0
(98, 72, 88, 33, 68, 32), None
(55, 50, 73, 35, 37, 88), 18.0
(82, 69, 85, 39, 51, 22), 20.0
(69, 65, 82, 44, 52, 54), 23.0
(43, 91, 98, 47, 62, 12), None
(62, 81, 52, 63, 65, 91), 24.0
(62, 80, 51, 31, 64, 91), 22.0
(31, 75, 13, 29, 58, 68), 24.0
(41, 96, 95, 33, 61, 70), None
(27, 80, 93, 34, 68, 35), 22.0
(47, 68, 71, 21, 33, 65), 21.0
(36, 39, 68, 34, 60, 86), 21.0
(58, 62, 61, 26, 32, 72), 18.0
(66, 42, 93, 38, 47, 87), 26.0
(26, 42, 91, 31, 23, 85), 18.0
(63, 83, 10, 37, 43, 88), 20.0
(49, 40, 96, 23, 62, 67), None
(68, 77, 94, 38, 47, 75), 24.0
(40, 38, 93, 41, 60, 7), None
(67, 41, 90, 35, 45, 86), 20.0
(64, 85, 97, 40, 56, 39), None
(45, 86, 93, 38, 19, 96), None
(56, 45, 4, 30, 35, 15), None
(54, 44, 68, 32, 65, 87), 26.0
(19, 43, 48, 36, 25, 88), 26.0
(20, 45, 46, 32, 63, 88), 22.0
(23, 43, 48, 34, 66, 85), 20.0
(52, 41, 49, 11, 24, 89), 19.0
(33, 43, 98, 32, 63, 91), None
(53, 41, 56, 30, 99, 93), None
(50, 48, 87, 36, 67, 87), None
(53, 35, 89, 35, 67, 84), None
(55, 43, 74, 30, 65, 94), 21.0
(20, 17, 76, 39, 22, 88), 20.0
(50, 47, 29, 37, 41, 76), 20.0
(47, 46, 45, 19, 26, 92), 22.0
(54, 47, 91, 27, 6, 72), None
(51, 44, 66, 16, 63, 84), 20.0
(42, 79, 95, 58, 57, 89), 20.0
(29, 50, 93, 33, 58, 90), 18.0
(49, 37, 71, 36, 70, 82), 20.0
(59, 59, 95, 33, 64, 70), None
(59, 61, 52, 21, 18, 74), 23.0
(72, 57, 78, 41, 54, 63), 20.0
(45, 59, 75, 32, 95, 86), 20.0
(48, 41, 92, 37, 66, 87), 20.0
(47, 60, 73, 34, 71, 65), 18.0
(51, 55, 80, 32, 65, 91), 22.0
(52, 64, 70, 28, 15, 68), 20.0
(54, 52, 35, 14, 25, 78), 20.0
(49, 66, 48, 25, 61, 67), 20.0
(46, 63, 68, 24, 30, 71), 25.0
(46, 44, 67, 23, 21, 71), 18.0
(44, 62, 70, 36, 30, 71), 18.0
(49, 39, 72, 28, 69, 73), 18.0
(46, 1, 90, 24, 24, 87), None
(17, 57, 73, 35, 73, 69), None
(51, 48, 47, 38, 28, 94), 16.0
(53, 42, 86, 18, 62, 89), 23.0
(47, 64, 50, 6, 59, 84), None
(50, 61, 69, 30, 67, 75), 21.0
(44, 46, 89, 26, 64, 73), 24.0
(48, 90, 91, 40, 20, 92), 20.0
(56, 59, 94, 34, 66, 66), None
(52, 78, 91, 31, 61, 85), 26.0
(54, 76, 91, 29, 60, 83), 21.0
(53, 77, 89, 31, 62, 85), 22.0
(21, 80, 65, 33, 59, 81), 22.0
(50, 79, 97, 36, 56, 87), None
(65, 78, 26, 31, 64, 90), 18.0
(57, 83, 93, 38, 62, 85), 27.0
(60, 82, 44, 43, 63, 87), 18.0
(56, 94, 92, 25, 62, 99), None
(19, 83, 95, 39, 59, 84), 22.0
(57, 84, 87, 37, 61, 86), 24.0
(57, 86, 93, 75, 66, 82), 22.0
(55, 83, 90, 20, 68, 89), 17.0
(52, 53, 85, 33, 64, 95), 27.0
(31, 50, 84, 33, 63, 98), None
(52, 53, 87, 35, 61, 84), 22.0
(52, 88, 88, 28, 65, 96), None
(61, 44, 91, 32, 67, 93), 23.0
(49, 53, 78, 35, 63, 95), 19.0
(54, 64, 85, 27, 65, 97), None
(51, 49, 93, 41, 69, 91), 21.0
(58, 51, 76, 30, 64, 94), 20.0
(24, 55, 73, 31, 66, 92), 26.0
(25, 55, 71, 32, 61, 92), 22.0
(27, 55, 75, 34, 60, 95), 18.0
(24, 57, 68, 31, 67, 92), 22.0
(24, 7, 88, 28, 70, 89), None
(28, 57, 90, 29, 67, 96), None
(19, 40, 75, 38, 64, 88), 23.0
(22, 50, 49, 30, 66, 91), 23.0
(22, 58, 74, 33, 63, 90), 23.0
(27, 54, 79, 32, 23, 65), 27.0
(16, 53, 78, 36, 58, 62), 20.0
(23, 52, 80, 35, 60, 64), 20.0
(29, 79, 81, 33, 72, 2), 18.0
(26, 46, 78, 31, 27, 95), 18.0
(26, 55, 85, 32, 22, 65), 18.0
(30, 52, 79, 34, 23, 63), 20.0
(21, 90, 86, 30, 68, 93), 20.0
(32, 87, 90, 28, 65, 91), 20.0
(28, 75, 95, 37, 62, 86), 24.0
(27, 54, 83, 33, 19, 68), 20.0
(25, 47, 46, 29, 69, 89), 20.0
(23, 82, 97, 46, 58, 88), None
(54, 97, 76, 0, 62, 87), None
(20, 42, 93, 40, 54, 85), 21.0
(52, 56, 72, 14, 66, 93), 20.0
(18, 59, 74, 31, 26, 70), 18.0
(60, 85, 88, 26, 64, 97), None
(63, 50, 91, 29, 72, 94), 22.0
(66, 62, 77, 35, 62, 68), None
(30, 58, 73, 17, 64, 60), 22.0
(27, 76, 0, 37, 60, 83), 18.0
(51, 54, 72, 42, 69, 90), 23.0
(23, 78, 95, 36, 58, 88), 18.0
(48, 60, 23, 32, 25, 66), 23.0
(69, 56, 70, 39, 29, 64), 20.0
(48, 80, 93, 44, 55, 80), None
(50, 49, 44, 34, 23, 66), 24.0
(56, 93, 89, 31, 66, 92), 18.0
(58, 89, 83, 27, 68, 91), 20.0
(46, 61, 80, 34, 63, 68), 23.0
(54, 81, 96, 39, 87, 86), None
(52, 45, 75, 17, 39, 76), 21.0
(38, 53, 42, 33, 21, 63), 20.0
(29, 55, 47, 35, 13, 62), 22.0
(25, 73, 93, 49, 61, 81), 21.0
(53, 42, 74, 20, 70, 94), 23.0
(34, 52, 54, 3, 20, 66), None
(57, 78, 99, 42, 60, 85), None
(21, 59, 71, 23, 65, 71), None
(64, 39, 67, 30, 28, 90), 22.0
(49, 52, 49, 33, 25, 69), None
Sampler:BoTorchSampler
(37, 98, 94, 45, 69, 5), None
(8, 55, 85, 42, 88, 54), 21.0
(70, 63, 98, 73, 92, 95), None
(59, 30, 20, 97, 34, 82), None
(53, 84, 22, 14, 86, 81), 22.0
(49, 18, 53, 23, 16, 28), 26.0
(81, 27, 17, 67, 63, 56), 22.0
(21, 19, 60, 80, 45, 12), 21.0
(75, 37, 39, 37, 14, 99), None
(49, 45, 47, 50, 71, 58), 20.0
(23, 72, 15, 89, 96, 56), None
(42, 13, 23, 8, 94, 10), 28.0
(70, 59, 98, 89, 54, 50), None
(81, 29, 79, 67, 93, 51), 21.0
(72, 78, 42, 15, 90, 31), 18.0
(73, 85, 74, 66, 80, 80), None
(26, 58, 59, 63, 12, 11), 21.0
(43, 8, 28, 7, 73, 11), None
(43, 8, 28, 7, 72, 11), None
Sampler:CmaEsSampler
(36, 21, 77, 49, 49, 60), None
(84, 3, 57, 72, 12, 32), None
(53, 95, 97, 64, 47, 83), None
(9, 56, 34, 23, 62, 33), 23.0
(55, 61, 21, 60, 69, 81), 17.0
(49, 54, 14, 47, 72, 52), 22.0
(63, 11, 80, 93, 63, 56), None
(34, 41, 89, 74, 75, 31), 23.0
(68, 68, 27, 26, 20, 29), None
(49, 26, 19, 27, 30, 63), 21.0
(39, 38, 71, 61, 22, 39), None
(29, 69, 43, 53, 44, 31), 25.0
(60, 77, 70, 52, 46, 49), 20.0
(52, 37, 42, 57, 62, 62), None
(32, 47, 27, 18, 49, 31), 24.0
(60, 62, 44, 42, 43, 45), 22.0
(64, 52, 45, 55, 37, 83), 25.0
(52, 62, 35, 27, 61, 45), 24.0
(60, 61, 54, 46, 77, 50), 24.0
(45, 76, 66, 60, 62, 34), 25.0
(31, 39, 73, 49, 48, 44), 22.0
(26, 53, 54, 26, 58, 34), None
(9, 58, 36, 38, 47, 53), 26.0
(44, 55, 65, 61, 52, 60), 24.0
(53, 55, 36, 67, 45, 47), 24.0
(33, 58, 54, 48, 57, 36), 24.0
(47, 52, 42, 57, 51, 64), 20.0
(10, 83, 69, 76, 91, 73), 20.0
(51, 74, 55, 63, 43, 40), 24.0
(41, 92, 18, 41, 68, 55), None
(19, 70, 53, 60, 71, 53), None
(34, 86, 50, 33, 52, 44), 17.0
(41, 66, 44, 22, 39, 70), 21.0
(34, 69, 56, 75, 45, 48), 22.0
(39, 49, 39, 63, 42, 45), None
(30, 72, 34, 47, 55, 49), 20.0
(26, 83, 43, 66, 56, 45), 24.0
(28, 78, 33, 27, 50, 51), 20.0
(27, 77, 44, 63, 73, 47), 26.0
(16, 58, 47, 46, 27, 56), 26.0
(26, 77, 48, 53, 64, 22), 24.0
(32, 75, 31, 47, 75, 49), None
(16, 80, 55, 66, 81, 42), 18.0
(13, 68, 71, 67, 35, 31), 20.0
(41, 75, 56, 66, 68, 60), 20.0
(34, 94, 35, 98, 49, 47), None
(7, 95, 33, 67, 91, 28), None
(63, 68, 56, 61, 73, 52), 22.0
(51, 62, 61, 61, 44, 48), None
(17, 99, 71, 64, 49, 39), None
(27, 77, 57, 52, 48, 41), 20.0
(16, 88, 57, 85, 34, 48), 22.0
(22, 81, 46, 64, 70, 45), 25.0
(8, 72, 45, 44, 59, 43), 18.0
(22, 48, 58, 51, 26, 61), 22.0
(26, 67, 40, 49, 62, 79), 19.0
(27, 79, 52, 63, 20, 68), 22.0
(12, 80, 43, 60, 42, 49), 23.0
(21, 54, 46, 50, 30, 61), 18.0
(19, 77, 46, 28, 38, 47), 19.0
(12, 61, 41, 55, 37, 26), 20.0
(26, 78, 35, 49, 45, 46), 21.0
(15, 93, 35, 55, 43, 60), 19.0
(40, 56, 64, 66, 46, 76), 22.0
(16, 75, 59, 73, 29, 69), 22.0
(29, 54, 57, 48, 44, 73), 23.0
(35, 78, 69, 76, 52, 45), 22.0
(31, 77, 37, 54, 50, 49), 21.0
(21, 69, 36, 52, 30, 59), 18.0
(20, 56, 56, 54, 32, 68), None
(20, 59, 60, 66, 33, 43), 18.0
(48, 67, 52, 40, 55, 49), 23.0
(18, 57, 72, 46, 46, 87), None
(10, 43, 54, 55, 50, 51), 22.0
(31, 60, 52, 53, 42, 62), 21.0
(25, 45, 53, 53, 40, 67), None
(42, 46, 49, 50, 29, 43), 18.0
(44, 58, 62, 38, 52, 65), 20.0
(46, 63, 61, 38, 52, 67), 22.0
(23, 67, 55, 56, 30, 74), 24.0
(27, 79, 77, 62, 53, 58), 20.0
(26, 82, 41, 65, 54, 56), 21.0
(52, 72, 68, 83, 54, 41), 24.0
(18, 61, 64, 70, 36, 56), 21.0
(34, 56, 64, 44, 30, 75), 20.0
(33, 68, 61, 52, 33, 64), None
(50, 74, 65, 74, 36, 69), None
(39, 58, 59, 55, 37, 73), 24.0
(33, 57, 50, 50, 67, 43), None
(22, 73, 53, 71, 35, 56), 19.0
(30, 67, 79, 44, 19, 73), 22.0
(20, 78, 69, 51, 47, 56), 21.0
(35, 70, 54, 59, 30, 49), 18.0
(37, 64, 61, 58, 40, 71), 23.0
(34, 60, 57, 69, 50, 65), 18.0
(47, 48, 72, 48, 12, 71), None
(35, 72, 67, 61, 37, 64), 20.0
(37, 43, 61, 54, 33, 73), 25.0
(38, 65, 53, 58, 60, 60), None
(27, 46, 51, 35, 47, 64), 23.0
(23, 64, 58, 76, 24, 69), 20.0
(65, 44, 72, 40, 33, 83), 24.0
(23, 62, 62, 40, 34, 60), None
(39, 62, 73, 44, 34, 60), 22.0
(12, 71, 48, 68, 30, 65), 19.0
(46, 50, 65, 55, 38, 66), 23.0
(39, 55, 63, 41, 48, 93), 19.0
(64, 42, 64, 33, 32, 61), None
(71, 50, 47, 63, 35, 60), 20.0
(34, 47, 60, 52, 18, 90), 24.0
(8, 59, 49, 51, 46, 54), 17.0
(44, 28, 69, 39, 15, 96), None
(54, 41, 61, 64, 35, 59), 20.0
(67, 35, 69, 33, 32, 83), 22.0
(44, 54, 67, 50, 39, 82), 18.0
(57, 43, 44, 35, 59, 69), 20.0
(48, 62, 73, 69, 15, 85), 21.0
(28, 40, 56, 35, 45, 65), 20.0
(37, 69, 51, 62, 26, 67), 22.0
(62, 57, 87, 46, 0, 97), None
(55, 31, 64, 61, 14, 96), None
(69, 33, 76, 35, 37, 87), 20.0
(29, 59, 62, 68, 14, 68), None
(37, 54, 57, 55, 9, 79), 28.0
(43, 54, 73, 67, 42, 72), 23.0
(35, 64, 71, 72, 31, 95), 22.0
(43, 42, 68, 52, 31, 77), 25.0
(55, 22, 55, 27, 22, 89), None
(83, 56, 67, 61, 18, 98), None
(55, 41, 75, 42, 26, 71), 20.0
(19, 45, 62, 27, 22, 82), 22.0
(63, 53, 59, 56, 42, 70), 21.0
(50, 51, 72, 37, 26, 82), 24.0
(54, 58, 65, 61, 28, 77), 22.0
(48, 38, 55, 45, 13, 70), 19.0
(41, 64, 71, 45, 21, 83), 23.0
(30, 56, 71, 58, 4, 89), None
(49, 32, 52, 69, 25, 53), 18.0
(38, 55, 60, 56, 17, 77), 26.0
(46, 53, 71, 47, 12, 87), 20.0
(33, 49, 69, 50, 24, 90), 24.0
(55, 64, 59, 31, 24, 77), 20.0
(62, 43, 64, 39, 40, 71), 19.0
(26, 72, 71, 71, 36, 70), None
(28, 55, 54, 39, 22, 71), 19.0
(48, 45, 69, 54, 29, 78), 19.0
(26, 57, 48, 42, 39, 72), 20.0
(35, 57, 77, 60, 13, 88), 26.0
(54, 30, 58, 42, 30, 77), None
(60, 55, 66, 50, 35, 72), 22.0
(44, 55, 76, 50, 15, 91), 22.0
(38, 55, 69, 53, 17, 95), 22.0
(51, 47, 61, 61, 26, 74), None
(34, 70, 66, 56, 27, 78), 23.0
(43, 56, 67, 52, 23, 88), 22.0
(17, 75, 69, 67, 12, 81), 20.0
(43, 62, 81, 54, 12, 94), 23.0
(45, 73, 78, 63, 26, 75), 30.0
(48, 70, 90, 59, 1, 99), None
(26, 37, 75, 64, 5, 94), None
(40, 68, 73, 46, 29, 72), 22.0
(40, 58, 69, 56, 14, 85), 20.0
(39, 49, 82, 56, 4, 93), None
(41, 52, 83, 46, 23, 76), 22.0
(36, 59, 76, 62, 24, 75), 19.0
(25, 53, 56, 55, 24, 72), 20.0
(34, 74, 87, 58, 39, 53), 24.0
(34, 77, 82, 51, 33, 68), 22.0
(45, 84, 78, 66, 23, 79), 20.0
(44, 51, 73, 55, 21, 78), 25.0
(59, 57, 74, 55, 6, 95), None
(49, 71, 80, 67, 10, 88), 23.0
(48, 81, 68, 61, 21, 80), 21.0
(63, 71, 68, 68, 34, 72), None
(53, 68, 80, 74, 39, 78), 25.0
(39, 78, 66, 70, 30, 74), 20.0
(37, 60, 71, 69, 27, 69), None
(47, 58, 74, 52, 30, 81), 22.0
(39, 76, 88, 71, 21, 81), 18.0
(50, 45, 72, 48, 17, 92), 18.0
(37, 65, 91, 64, 25, 88), 24.0
(49, 75, 80, 69, 29, 68), 18.0
(60, 47, 78, 66, 32, 84), 20.0
(54, 46, 77, 56, 23, 85), 20.0
(37, 55, 79, 63, 32, 85), 20.0
(43, 50, 76, 69, 7, 85), None
(35, 42, 62, 39, 29, 82), 18.0
(40, 55, 72, 54, 40, 67), None
(38, 61, 73, 48, 51, 72), 24.0
(49, 43, 83, 48, 42, 91), 18.0
(27, 79, 89, 57, 21, 75), 23.0
(45, 62, 89, 79, 11, 83), 22.0
(47, 54, 85, 43, 46, 77), 17.0
(22, 59, 70, 65, 35, 91), 20.0
(36, 72, 77, 62, 37, 83), 18.0
(34, 70, 93, 62, 42, 90), 23.0
(54, 63, 83, 68, 38, 83), None
(44, 52, 73, 44, 30, 80), None
(59, 71, 80, 64, 56, 67), 21.0
(34, 55, 84, 48, 20, 87), 18.0
(20, 77, 71, 59, 23, 72), 20.0
(50, 66, 81, 40, 39, 91), 25.0
(39, 84, 97, 67, 32, 84), None
(29, 75, 92, 62, 23, 83), 20.0
(40, 72, 98, 71, 44, 72), None
(23, 79, 79, 63, 31, 59), None
(19, 74, 82, 59, 32, 79), 20.0
(23, 94, 96, 82, 15, 78), None
(28, 80, 96, 55, 19, 80), None
(26, 74, 95, 70, 34, 78), 24.0
(44, 76, 97, 64, 35, 90), None
(43, 63, 97, 60, 8, 94), None
(41, 73, 89, 65, 23, 98), None
(23, 73, 88, 60, 29, 81), 20.0
(23, 59, 87, 57, 13, 89), 22.0
(19, 80, 78, 53, 32, 73), 19.0
(51, 52, 87, 72, 34, 94), 24.0
(38, 65, 97, 40, 36, 91), None
(23, 93, 95, 71, 30, 72), 22.0
(32, 73, 89, 51, 48, 87), 20.0
(28, 66, 86, 51, 45, 87), 27.0
(24, 72, 67, 44, 34, 67), None
(29, 83, 88, 48, 39, 89), 20.0
(51, 59, 88, 56, 37, 98), None
(48, 46, 88, 65, 31, 96), None
(31, 66, 92, 52, 35, 91), 23.0
(40, 69, 71, 37, 47, 79), 18.0
(41, 70, 92, 49, 40, 86), 24.0
(63, 71, 78, 66, 44, 80), 21.0
(45, 69, 93, 50, 43, 85), 18.0
(33, 68, 89, 55, 47, 81), 24.0
(43, 68, 90, 53, 28, 91), 22.0
(16, 71, 93, 56, 20, 91), 22.0
(25, 76, 97, 55, 31, 79), None
(35, 73, 80, 62, 37, 73), None
(14, 75, 89, 51, 41, 84), 22.0
(15, 72, 87, 58, 31, 84), 21.0
(21, 71, 87, 60, 44, 88), 22.0
(39, 70, 75, 60, 41, 74), 22.0
(27, 66, 86, 45, 50, 97), None
(27, 72, 96, 51, 37, 97), None
(31, 67, 95, 46, 43, 98), None
(50, 50, 94, 58, 31, 93), None
(15, 91, 96, 65, 44, 79), None
(37, 79, 97, 43, 48, 75), None
(38, 69, 84, 61, 32, 79), 23.0
(39, 77, 85, 55, 51, 68), 25.0
(25, 95, 86, 56, 34, 50), 20.0
(48, 69, 78, 60, 43, 72), 21.0
(32, 86, 84, 56, 55, 66), 19.0
(33, 68, 90, 45, 37, 81), 18.0
(57, 67, 81, 41, 65, 78), 25.0
(47, 65, 94, 63, 20, 97), None
(50, 75, 79, 48, 55, 77), 19.0
(28, 70, 78, 61, 58, 51), 20.0
(22, 80, 99, 50, 44, 85), None
(31, 65, 84, 52, 39, 79), 20.0
(45, 86, 78, 51, 43, 56), 22.0
(44, 75, 69, 42, 48, 70), 18.0
(61, 68, 65, 42, 39, 75), 17.0
(61, 77, 80, 40, 55, 75), 24.0
(62, 61, 73, 49, 59, 67), 21.0
(42, 86, 84, 72, 26, 69), 17.0
(36, 73, 75, 35, 46, 57), 19.0
(51, 72, 91, 31, 55, 94), 24.0
(45, 71, 71, 55, 69, 69), None
(65, 63, 63, 52, 56, 61), None
(60, 65, 91, 47, 70, 81), 21.0
(43, 79, 88, 45, 59, 65), 26.0
(48, 81, 93, 34, 54, 85), 22.0
(43, 81, 96, 40, 65, 77), None
(56, 79, 94, 62, 37, 92), 29.0
(47, 85, 88, 43, 59, 64), 19.0
(56, 88, 94, 52, 68, 63), 22.0
(46, 96, 73, 53, 62, 64), None
(62, 85, 89, 43, 55, 69), 22.0
(54, 95, 88, 56, 57, 58), 20.0
(71, 84, 70, 42, 75, 35), 24.0
(57, 66, 79, 61, 64, 92), 22.0
(42, 78, 91, 49, 50, 63), 21.0
(69, 76, 89, 51, 45, 69), None
(58, 75, 89, 47, 49, 65), 22.0
(56, 91, 91, 63, 41, 80), None
(64, 62, 82, 48, 41, 85), 19.0
(45, 94, 97, 67, 47, 88), None
(67, 57, 85, 61, 61, 67), None
(68, 71, 81, 40, 41, 91), 24.0
(80, 87, 82, 35, 54, 71), 20.0
(35, 75, 90, 53, 63, 77), 25.0
(67, 81, 83, 39, 50, 53), 19.0
(59, 69, 88, 64, 48, 78), 20.0
(54, 93, 98, 52, 41, 72), None
(66, 80, 94, 48, 46, 79), 25.0
(64, 94, 87, 31, 58, 67), 23.0
(33, 95, 96, 67, 44, 79), None
(52, 68, 83, 63, 57, 73), 22.0
(47, 79, 99, 48, 59, 73), None
(60, 80, 86, 48, 58, 77), 25.0
(46, 81, 92, 56, 69, 55), 22.0
(47, 73, 75, 46, 38, 70), 26.0
(54, 72, 88, 43, 48, 88), None
(43, 80, 94, 53, 68, 95), 20.0
(63, 81, 92, 41, 55, 85), 20.0
(46, 73, 80, 52, 47, 73), None
(60, 81, 89, 52, 57, 69), 21.0
(55, 74, 74, 45, 71, 56), None
(56, 77, 83, 44, 63, 69), 20.0
(42, 81, 92, 45, 56, 74), 24.0
(44, 75, 79, 60, 53, 74), 20.0
(46, 71, 77, 51, 55, 57), 20.0
(58, 73, 85, 61, 55, 68), 21.0
(47, 82, 91, 58, 47, 73), None
(50, 81, 92, 45, 42, 70), 23.0
(36, 76, 82, 53, 40, 76), None
(45, 70, 74, 37, 66, 64), 23.0
(41, 65, 70, 55, 48, 54), 18.0
(61, 71, 80, 47, 43, 79), 21.0
(56, 73, 82, 51, 43, 78), 19.0
(54, 84, 91, 46, 48, 85), 21.0
(48, 74, 88, 46, 28, 64), 22.0
(61, 71, 89, 47, 72, 75), 18.0
(60, 70, 86, 59, 52, 61), 19.0
(54, 74, 85, 49, 51, 68), 21.0
(70, 68, 84, 40, 54, 66), 18.0
(56, 72, 71, 41, 49, 64), 20.0
(61, 60, 67, 47, 33, 73), 20.0
(41, 74, 84, 49, 52, 66), 25.0
(61, 73, 79, 41, 58, 57), 22.0
(44, 78, 75, 38, 37, 55), 23.0
(41, 72, 86, 40, 46, 69), 16.0
(56, 69, 87, 54, 39, 77), 24.0
(44, 65, 91, 58, 40, 74), 23.0
(44, 65, 81, 47, 50, 65), None
(51, 82, 82, 50, 56, 51), None
(52, 80, 81, 49, 57, 72), 21.0
(39, 66, 76, 48, 42, 80), 25.0
(52, 75, 76, 52, 47, 47), None
(43, 80, 86, 48, 48, 60), None
(47, 78, 85, 48, 35, 59), 24.0
(47, 78, 87, 53, 29, 54), 24.0
(37, 69, 76, 45, 50, 63), 25.0
(48, 81, 66, 51, 57, 52), 23.0
(36, 70, 71, 40, 51, 61), 23.0
(38, 78, 89, 55, 32, 78), None
(41, 76, 87, 46, 57, 75), 22.0
(32, 57, 82, 34, 46, 91), 25.0
(42, 68, 86, 44, 39, 88), 20.0
(28, 68, 76, 53, 28, 77), None
(47, 62, 88, 47, 18, 74), None
(38, 65, 89, 42, 53, 94), 21.0
(39, 69, 79, 51, 44, 69), None
(46, 59, 65, 48, 42, 70), 25.0
(32, 87, 84, 55, 33, 69), 22.0
(31, 61, 75, 52, 43, 74), 26.0
(39, 58, 85, 45, 46, 81), 20.0
(33, 72, 83, 45, 49, 77), 18.0
(36, 55, 71, 52, 32, 77), 18.0
(48, 64, 69, 39, 60, 73), 20.0
(45, 65, 80, 54, 40, 70), 20.0
(19, 64, 89, 60, 16, 86), 20.0
(30, 48, 75, 48, 41, 82), None
(29, 54, 68, 46, 41, 90), 26.0
(43, 70, 84, 50, 44, 83), 22.0
(40, 70, 76, 56, 34, 68), 19.0
(47, 55, 76, 49, 62, 79), 25.0
(36, 65, 69, 42, 54, 75), 19.0
(52, 72, 78, 50, 36, 84), 24.0
(20, 62, 84, 42, 43, 82), 21.0
(34, 61, 70, 42, 43, 95), 20.0
(26, 56, 74, 51, 47, 85), 25.0
(33, 57, 70, 40, 49, 91), 18.0
(17, 66, 79, 42, 32, 91), 20.0
(36, 59, 62, 50, 38, 83), 20.0
(31, 63, 74, 49, 42, 88), 23.0
(38, 65, 85, 54, 57, 77), 26.0
(37, 53, 78, 49, 44, 92), 27.0
(44, 61, 76, 54, 53, 76), None
(28, 54, 74, 57, 45, 79), 24.0
(51, 64, 78, 40, 58, 83), 22.0
(54, 60, 79, 55, 52, 88), 19.0
(30, 62, 87, 49, 47, 84), 20.0
(40, 57, 64, 47, 51, 77), 20.0
(50, 63, 76, 51, 44, 85), 22.0
(25, 57, 81, 62, 34, 87), 26.0
(24, 55, 83, 61, 47, 83), None
(42, 54, 90, 48, 47, 96), None
(36, 59, 86, 75, 56, 81), 25.0
(41, 67, 94, 55, 49, 81), 18.0
(46, 65, 84, 58, 33, 93), 21.0
(28, 60, 83, 57, 31, 93), 22.0
(28, 41, 76, 57, 53, 98), None
(13, 39, 66, 50, 35, 97), None
(36, 55, 79, 49, 66, 85), 21.0
(27, 59, 77, 52, 47, 84), 21.0
(31, 55, 82, 48, 52, 76), 18.0
(32, 52, 77, 53, 58, 77), None
(36, 67, 76, 63, 56, 72), 22.0
(16, 56, 90, 71, 45, 86), 26.0
(21, 56, 83, 70, 44, 85), 24.0
(19, 52, 70, 57, 42, 78), 22.0
(42, 76, 85, 77, 44, 71), 24.0
(44, 62, 88, 72, 58, 74), 16.0
(25, 46, 85, 67, 45, 91), 20.0
(38, 74, 92, 82, 35, 71), 19.0
(37, 56, 84, 66, 57, 77), 24.0
(30, 59, 84, 51, 52, 74), 25.0
(52, 52, 81, 64, 56, 67), None
(58, 81, 92, 66, 57, 69), 26.0
(15, 65, 92, 60, 39, 75), 20.0
(34, 53, 85, 72, 35, 94), 21.0
(34, 64, 87, 71, 53, 75), 25.0
(24, 65, 87, 61, 56, 96), None
(32, 73, 90, 50, 42, 80), 18.0
(36, 62, 86, 63, 58, 70), 20.0
(25, 68, 96, 60, 58, 78), None
(12, 63, 89, 74, 38, 82), 21.0
(16, 59, 89, 70, 53, 58), 18.0
(11, 63, 91, 63, 41, 74), None
(48, 71, 89, 73, 31, 86), 19.0
(62, 79, 92, 54, 69, 62), None
(26, 63, 87, 64, 58, 77), 22.0
(65, 79, 92, 69, 68, 57), 20.0
(49, 61, 80, 64, 44, 81), 18.0
(45, 69, 90, 81, 42, 73), 21.0
(21, 39, 78, 71, 56, 85), 21.0
(44, 64, 96, 67, 51, 91), None
(54, 89, 86, 81, 39, 49), 21.0
(42, 65, 84, 78, 41, 66), 18.0
(59, 69, 87, 82, 59, 70), None
(49, 76, 84, 83, 32, 79), 20.0
(26, 57, 96, 74, 49, 80), None
(47, 73, 88, 62, 46, 74), 21.0
(56, 63, 78, 85, 62, 51), 22.0
(38, 78, 92, 72, 54, 71), 20.0
(30, 58, 98, 76, 55, 88), None
(18, 63, 98, 81, 41, 84), None
(50, 55, 82, 56, 47, 82), None
(40, 74, 86, 77, 75, 53), 21.0
(49, 56, 85, 69, 50, 87), 21.0
(45, 77, 90, 76, 66, 58), 22.0
(1, 48, 87, 67, 45, 85), 23.0
(54, 56, 87, 77, 54, 90), None
(55, 57, 73, 67, 69, 65), 24.0
(39, 72, 74, 81, 51, 66), 22.0
(30, 69, 87, 94, 48, 74), 23.0
(42, 65, 80, 59, 49, 61), 20.0
(45, 54, 73, 61, 49, 80), 23.0
(38, 39, 61, 65, 71, 73), 21.0
(35, 49, 77, 66, 61, 69), 20.0
(45, 52, 75, 64, 53, 67), 24.0
(27, 48, 73, 69, 62, 71), 20.0
(40, 50, 75, 72, 53, 74), 22.0
(22, 28, 53, 61, 59, 80), 22.0
(35, 58, 73, 83, 65, 63), 22.0
(36, 43, 65, 88, 54, 76), 22.0
(20, 46, 76, 73, 66, 65), 21.0
(49, 49, 68, 69, 62, 66), None
(46, 56, 76, 58, 47, 65), 23.0
(36, 55, 72, 81, 23, 74), 18.0
(26, 53, 86, 74, 52, 89), 24.0
(19, 34, 74, 72, 45, 83), 20.0
(60, 60, 70, 69, 66, 71), None
(49, 56, 71, 66, 64, 54), 24.0
(60, 44, 73, 46, 53, 87), 20.0
(32, 47, 68, 52, 54, 74), 19.0
(29, 46, 83, 68, 42, 77), 20.0
(43, 58, 83, 66, 59, 66), None
(46, 52, 67, 73, 70, 72), 23.0
(41, 48, 77, 60, 59, 68), 22.0
(22, 35, 69, 87, 65, 73), 22.0
(42, 60, 86, 54, 52, 71), 20.0
(19, 37, 79, 78, 56, 97), None
(50, 53, 90, 61, 64, 71), 22.0
(33, 46, 68, 76, 59, 83), 21.0
(48, 56, 97, 81, 47, 93), None
(38, 58, 72, 64, 71, 63), 16.0
(39, 49, 74, 91, 65, 70), 26.0
(49, 47, 66, 57, 42, 75), 22.0
(33, 47, 76, 82, 82, 72), None
(24, 51, 82, 89, 58, 76), 18.0
(37, 48, 64, 93, 72, 72), None
(36, 46, 76, 75, 52, 82), 22.0
(35, 67, 86, 80, 43, 77), 20.0
(54, 64, 74, 77, 74, 53), None
(41, 50, 79, 83, 61, 73), 26.0
(26, 52, 73, 74, 41, 76), 23.0
(25, 31, 65, 81, 66, 88), 18.0
(62, 47, 73, 76, 66, 71), 20.0
(43, 53, 76, 89, 85, 62), 24.0
(31, 47, 73, 87, 58, 64), 20.0
(42, 47, 65, 91, 55, 75), 22.0
(40, 48, 72, 83, 75, 68), 21.0
(33, 48, 82, 84, 34, 75), 20.0
(53, 47, 85, 69, 77, 73), 22.0
(49, 49, 69, 80, 65, 57), None
(41, 41, 68, 93, 76, 61), None
(45, 64, 79, 79, 83, 62), None
(30, 48, 78, 80, 52, 70), 21.0
(22, 51, 87, 87, 76, 74), None
(27, 33, 65, 73, 64, 72), 22.0
