Sampler:TPESampler
(52, 25, 2), 29.0
(78, 48, 23), 30.0
(79, 1, 75), 26.0
(3, 34, 1), 37.0
(66, 30, 42), 39.0
(13, 1, 16), 30.0
(74, 74, 67), None
(15, 62, 33), 40.0
(77, 51, 19), 24.0
(86, 71, 65), 28.0
(98, 85, 90), 18.0
(98, 99, 98), None
(98, 98, 96), None
(59, 82, 47), 34.0
(32, 53, 79), 29.0
(40, 85, 59), 32.0
(90, 45, 21), 28.0
(68, 21, 85), 28.0
(86, 68, 33), 24.0
(90, 89, 35), 30.0
(41, 67, 57), 24.0
(85, 58, 12), 24.0
(38, 72, 55), 42.0
(86, 61, 12), 32.0
(28, 79, 92), 33.0
(50, 61, 72), 37.0
(71, 39, 36), 34.0
(99, 90, 28), 25.0
(64, 56, 85), 24.0
(61, 20, 85), 36.0
(56, 77, 10), 34.0
(76, 53, 85), 26.0
(37, 66, 91), 28.0
(46, 47, 55), 30.0
(24, 58, 77), 33.0
(46, 39, 69), 28.0
(64, 56, 63), 36.0
(81, 68, 5), 24.0
(92, 43, 27), 26.0
(81, 11, 1), 30.0
(0, 67, 6), 30.0
(79, 51, 20), 24.0
(95, 75, 8), 28.0
(82, 31, 14), 34.0
(85, 64, 80), 32.0
(72, 70, 41), 40.0
(94, 50, 26), 26.0
(88, 84, 46), 30.0
(76, 55, 18), 24.0
(68, 93, 32), 26.0
(72, 57, 23), 26.0
(55, 71, 5), 32.0
(79, 81, 18), 23.0
(64, 79, 41), 28.0
(76, 95, 16), 28.0
(84, 85, 4), 22.0
(80, 85, 3), 24.0
(76, 88, 18), 33.0
(95, 75, 91), 30.0
(83, 81, 23), 30.0
(89, 96, 8), 35.0
(86, 60, 16), 22.0
(80, 87, 3), 22.0
(92, 92, 0), None
(70, 85, 99), 24.0
(85, 99, 99), None
(74, 89, 13), 26.0
(9, 80, 16), 27.0
(99, 62, 10), 26.0
(78, 55, 86), 28.0
(89, 83, 30), 32.0
(33, 77, 12), 37.0
(42, 64, 4), 26.0
(84, 59, 8), 27.0
(87, 86, 0), 25.0
(79, 87, 3), 31.0
(81, 48, 19), 28.0
(91, 53, 23), 32.0
(95, 92, 38), 29.0
(69, 74, 97), 37.0
(73, 84, 95), 37.0
(64, 82, 95), 30.0
(80, 78, 89), 38.0
(77, 42, 10), 26.0
(86, 68, 6), 36.0
(82, 60, 4), 30.0
(67, 91, 15), 26.0
(60, 66, 73), 40.0
(75, 51, 20), 30.0
(56, 72, 88), 36.0
(93, 88, 3), 23.0
(97, 94, 2), 23.0
(97, 88, 7), 32.0
(94, 96, 1), 23.0
(92, 95, 3), 28.0
(97, 97, 1), None
(94, 93, 10), 42.0
(93, 90, 59), 25.0
(87, 94, 17), 28.0
(90, 81, 51), 38.0
(97, 98, 82), 32.0
(83, 45, 12), 28.0
(45, 63, 2), 28.0
(70, 87, 7), 24.0
(70, 87, 6), 24.0
(99, 90, 0), 25.0
(88, 85, 9), 38.0
(90, 57, 5), 28.0
(84, 53, 25), 30.0
(95, 76, 2), 32.0
(78, 36, 21), 28.0
(86, 96, 14), 33.0
(92, 86, 5), 26.0
(79, 55, 29), 30.0
(88, 69, 11), 27.0
(97, 83, 2), 26.0
(77, 48, 81), 30.0
(70, 88, 7), 24.0
(81, 79, 18), 23.0
(83, 73, 65), 32.0
(75, 79, 14), 24.0
(81, 84, 18), 26.0
(85, 80, 14), 24.0
(73, 91, 93), 38.0
(80, 85, 24), 24.0
(82, 89, 21), 28.0
(84, 79, 17), 32.0
(90, 82, 4), 32.0
(78, 52, 20), 28.0
(72, 94, 8), 28.0
(75, 55, 0), 32.0
(39, 5, 3), 29.0
(94, 64, 43), 35.0
(36, 87, 5), 22.0
(22, 92, 9), 24.0
(32, 99, 12), 28.0
(21, 87, 6), 26.0
(28, 82, 37), 34.0
(96, 88, 7), 34.0
(66, 87, 5), 31.0
(92, 90, 2), 34.0
(87, 80, 15), 24.0
(44, 60, 16), 40.0
(85, 79, 13), 22.0
(52, 77, 11), 26.0
(35, 84, 9), 28.0
(88, 58, 12), 26.0
(86, 86, 6), None
(48, 75, 0), 30.0
(85, 24, 25), 22.0
(99, 10, 22), 31.0
(80, 23, 93), 36.0
(83, 30, 18), 24.0
(62, 15, 14), 40.0
(85, 85, 24), None
(81, 93, 4), 32.0
(90, 26, 8), 29.0
(42, 80, 77), 28.0
(85, 82, 59), 34.0
(93, 77, 3), 24.0
(93, 75, 14), 26.0
(96, 90, 3), 28.0
(76, 79, 27), 38.0
(79, 96, 25), 28.0
(75, 83, 19), 31.0
(88, 88, 7), None
(83, 71, 83), None
(85, 81, 0), 28.0
(78, 91, 31), 25.0
(13, 50, 10), 40.0
(81, 85, 98), 18.0
(80, 45, 22), 26.0
(22, 85, 2), 30.0
(82, 89, 5), 24.0
(81, 84, 99), 16.0
(71, 86, 98), 26.0
(5, 92, 96), 23.0
(82, 94, 96), 29.0
(5, 82, 98), 20.0
(91, 92, 98), 28.0
(5, 83, 91), 21.0
(4, 77, 93), 23.0
(5, 83, 90), 30.0
(2, 34, 94), 32.0
(7, 92, 96), 23.0
(7, 83, 95), 24.0
(8, 97, 92), 24.0
(0, 78, 97), 26.0
(5, 81, 99), 20.0
(4, 81, 99), 20.0
(11, 81, 98), 26.0
(2, 84, 99), 26.0
(5, 86, 96), 28.0
(3, 89, 99), 25.0
(5, 78, 88), 24.0
(5, 81, 95), 24.0
(10, 94, 91), 43.0
(8, 83, 93), 30.0
(3, 80, 97), 26.0
(6, 77, 94), 28.0
(12, 87, 96), 26.0
(15, 85, 99), 25.0
(3, 82, 92), 24.0
(15, 91, 97), 25.0
(0, 84, 95), 33.0
(9, 89, 87), 34.0
(7, 80, 91), 28.0
(4, 74, 99), 24.0
(1, 95, 96), 23.0
(99, 99, 52), None
(2, 87, 94), 23.0
(0, 96, 94), 23.0
(1, 95, 95), None
(3, 86, 89), 26.0
(7, 93, 93), None
(0, 82, 97), 26.0
(2, 97, 94), 23.0
(5, 98, 93), 23.0
(7, 92, 99), 25.0
(0, 98, 90), 24.0
(2, 95, 94), 24.0
(4, 97, 97), None
(2, 99, 92), 23.0
(6, 87, 91), 24.0
(5, 97, 96), 29.0
(97, 79, 94), 40.0
(9, 94, 69), 31.0
(2, 90, 96), 28.0
(96, 84, 1), 26.0
(3, 88, 99), 29.0
(6, 85, 89), 26.0
(2, 99, 93), 23.0
(4, 96, 94), 23.0
(84, 98, 91), 21.0
(83, 93, 4), 28.0
(85, 90, 99), 24.0
(58, 0, 91), 26.0
(81, 98, 86), 24.0
(27, 97, 93), 31.0
(4, 96, 92), 20.0
(87, 95, 96), 45.0
(1, 96, 34), 28.0
(18, 92, 17), 28.0
(5, 95, 90), 26.0
(0, 99, 88), 31.0
(84, 27, 91), 24.0
(10, 81, 0), 27.0
(2, 97, 97), None
(8, 99, 92), 23.0
(6, 84, 95), 23.0
(95, 99, 89), None
(88, 98, 92), 34.0
(98, 99, 2), 32.0
(4, 86, 99), 31.0
(3, 94, 94), None
(1, 97, 5), 24.0
(0, 83, 3), 35.0
(80, 16, 95), 22.0
(79, 16, 95), 29.0
(2, 96, 90), 28.0
(84, 19, 88), 38.0
(82, 77, 98), 35.0
(81, 80, 97), 30.0
(78, 83, 84), 26.0
(6, 91, 96), 23.0
(52, 85, 19), 30.0
(80, 10, 99), 25.0
(8, 7, 92), 25.0
(5, 93, 47), 32.0
(4, 15, 92), 28.0
(4, 18, 95), 24.0
(86, 78, 97), 31.0
(7, 96, 94), 26.0
(77, 76, 86), 32.0
(83, 88, 90), 26.0
(94, 87, 2), 23.0
(3, 22, 92), 26.0
(36, 82, 94), 22.0
(81, 41, 97), 38.0
(26, 3, 96), 26.0
(31, 80, 15), 30.0
(12, 82, 17), 24.0
(83, 79, 12), 26.0
(10, 84, 93), 39.0
(8, 84, 94), 34.0
(37, 97, 90), 29.0
(86, 99, 99), None
(6, 95, 88), 32.0
(90, 94, 95), 28.0
(35, 82, 63), 38.0
(0, 89, 97), 27.0
(19, 85, 92), 30.0
(88, 83, 94), 28.0
(8, 82, 91), 27.0
(48, 87, 98), 41.0
(94, 86, 2), 24.0
(30, 98, 92), 29.0
(10, 80, 91), 38.0
(2, 86, 99), 25.0
(80, 91, 96), 47.0
(84, 38, 5), 26.0
(5, 12, 94), 24.0
(41, 98, 87), 31.0
(91, 89, 0), 23.0
(86, 88, 97), None
(97, 81, 44), 26.0
(13, 99, 89), 23.0
(9, 99, 89), 26.0
(8, 31, 92), 26.0
(7, 81, 99), 23.0
(6, 92, 96), 23.0
(99, 85, 6), 31.0
(25, 94, 9), 26.0
(14, 82, 98), 26.0
(4, 96, 99), 31.0
(77, 78, 21), 29.0
(2, 89, 95), 26.0
(82, 79, 16), 24.0
(4, 96, 40), 26.0
(54, 81, 1), 28.0
(87, 91, 56), 30.0
(85, 84, 4), 22.0
(85, 84, 6), 25.0
(44, 72, 78), 28.0
(79, 86, 93), 32.0
(91, 88, 4), 22.0
(84, 82, 7), 24.0
(89, 84, 4), 24.0
(89, 86, 4), 28.0
(86, 88, 9), 34.0
(84, 87, 8), 30.0
(87, 84, 29), 40.0
(93, 25, 3), 27.0
(89, 89, 72), None
(82, 87, 4), 22.0
(83, 83, 6), None
(81, 90, 4), 28.0
(82, 85, 5), 24.0
(85, 79, 0), 28.0
(83, 91, 8), 27.0
(87, 86, 2), 25.0
(79, 87, 10), 26.0
(96, 88, 3), 27.0
(85, 87, 6), 28.0
(92, 86, 2), 25.0
(35, 83, 4), 28.0
(90, 85, 3), 24.0
(81, 82, 6), 30.0
(83, 81, 99), 18.0
(83, 81, 0), 34.0
(86, 76, 1), 34.0
(99, 83, 7), 21.0
(94, 84, 7), 32.0
(81, 13, 98), 26.0
(84, 7, 5), 24.0
(87, 81, 12), 24.0
(95, 83, 5), 22.0
(99, 83, 10), 28.0
(99, 80, 7), 23.0
(97, 78, 5), 28.0
(79, 83, 10), 26.0
(96, 80, 9), 25.0
(97, 84, 8), 32.0
(82, 81, 7), 28.0
(99, 85, 4), 21.0
(98, 85, 5), 27.0
(98, 83, 3), 24.0
(99, 82, 4), 26.0
(95, 86, 5), 26.0
(96, 79, 8), 33.0
(85, 74, 99), 42.0
(77, 85, 12), 25.0
(95, 47, 3), 30.0
(88, 87, 99), None
(50, 85, 6), 24.0
(99, 81, 8), 23.0
(91, 67, 97), 40.0
(83, 34, 10), 28.0
(74, 62, 99), 24.0
(95, 78, 6), 30.0
(58, 88, 13), 26.0
(80, 29, 97), 26.0
(85, 85, 33), None
(38, 82, 8), 26.0
(92, 83, 4), 23.0
(89, 76, 5), 28.0
(98, 80, 51), 37.0
(63, 84, 1), 26.0
(82, 17, 97), 24.0
(99, 88, 3), 29.0
(23, 21, 7), 24.0
(80, 80, 27), None
(86, 86, 3), None
(29, 82, 11), 24.0
(17, 84, 4), 24.0
(76, 79, 96), 32.0
(84, 81, 99), 16.0
(88, 77, 99), 33.0
(93, 81, 97), 27.0
(83, 78, 97), 35.0
(85, 81, 99), 24.0
(80, 82, 36), 24.0
(78, 89, 6), 29.0
(90, 84, 54), 28.0
(83, 86, 95), 24.0
(95, 75, 99), 35.0
(87, 80, 97), 38.0
(84, 87, 0), 24.0
(97, 83, 95), 37.0
(87, 85, 8), 32.0
(99, 70, 99), None
(82, 85, 97), 22.0
(33, 43, 97), 32.0
(85, 89, 61), 22.0
(78, 90, 45), 26.0
(81, 65, 96), 31.0
(46, 89, 87), 30.0
(66, 79, 60), 30.0
(82, 8, 39), 26.0
(81, 87, 67), 36.0
(93, 23, 99), 24.0
(96, 83, 85), 31.0
(86, 88, 74), 31.0
(84, 86, 99), 36.0
(60, 80, 95), 44.0
(99, 82, 14), 26.0
(97, 85, 80), 18.0
(73, 13, 84), 28.0
(97, 85, 71), 24.0
(78, 78, 76), None
(99, 82, 81), 22.0
(96, 83, 83), None
(94, 83, 89), 37.0
(99, 77, 81), 26.0
(92, 84, 1), 38.0
(91, 89, 70), 35.0
(97, 87, 4), 27.0
(98, 80, 80), None
(89, 85, 10), 28.0
(84, 85, 6), 25.0
(99, 81, 82), 22.0
(99, 81, 78), 36.0
(82, 90, 64), 36.0
(81, 86, 96), 32.0
(79, 90, 67), 27.0
(96, 82, 76), 35.0
(84, 85, 47), 38.0
(87, 88, 99), 38.0
(97, 79, 85), 44.0
(99, 83, 79), 33.0
(97, 76, 82), 30.0
(99, 80, 80), None
(96, 84, 85), 38.0
(94, 82, 99), 25.0
(99, 81, 79), 41.0
(99, 78, 84), 41.0
(76, 91, 87), 26.0
(89, 59, 90), 39.0
(53, 86, 93), 34.0
(95, 85, 97), 32.0
(96, 82, 74), 27.0
(92, 84, 3), 34.0
(85, 34, 95), 36.0
(82, 87, 9), 28.0
(87, 38, 7), 26.0
(79, 87, 4), 31.0
(95, 54, 49), 32.0
(83, 88, 97), 37.0
(42, 74, 62), 38.0
(20, 78, 87), 28.0
(82, 84, 99), 21.0
(81, 85, 97), 19.0
(99, 82, 82), None
(69, 84, 99), 40.0
(97, 80, 81), 30.0
(80, 80, 97), None
(16, 82, 94), 25.0
(84, 84, 97), None
(79, 84, 94), 32.0
(80, 89, 96), 25.0
(86, 85, 98), 36.0
(83, 86, 99), 32.0
(91, 20, 92), 40.0
(97, 83, 90), 26.0
(77, 86, 95), 36.0
(88, 85, 97), None
(11, 81, 99), 24.0
(90, 89, 42), 26.0
(75, 87, 94), 27.0
(81, 79, 95), 25.0
(85, 91, 99), 24.0
(82, 49, 97), 41.0
(93, 87, 6), 26.0
(96, 81, 77), 30.0
(98, 76, 83), 35.0
(76, 82, 77), 24.0
(94, 84, 92), 29.0
(79, 79, 24), None
(86, 92, 96), 25.0
(99, 72, 80), 32.0
(66, 79, 90), 26.0
(77, 88, 93), 34.0
(82, 77, 97), 36.0
(97, 81, 86), 29.0
(97, 83, 81), 22.0
(84, 90, 99), 24.0
(81, 56, 95), 27.0
(83, 85, 99), 28.0
(97, 81, 81), None
(79, 85, 97), 45.0
(95, 83, 69), 41.0
(89, 87, 0), 26.0
(87, 69, 6), 27.0
(99, 75, 78), 30.0
(95, 78, 31), 29.0
(99, 80, 85), 24.0
(99, 81, 89), 26.0
(97, 83, 79), 42.0
(83, 86, 2), 26.0
(6, 93, 58), 30.0
(40, 82, 92), 38.0
(56, 83, 94), 27.0
(97, 80, 73), 28.0
(82, 78, 93), 33.0
(85, 61, 13), 30.0
(95, 4, 83), 26.0
(35, 88, 91), 30.0
(77, 79, 95), 38.0
(32, 18, 97), 24.0
(85, 86, 99), 36.0
(99, 76, 97), 30.0
(81, 25, 53), 36.0
(78, 84, 99), 35.0
(7, 86, 97), 34.0
(74, 51, 95), 36.0
(81, 85, 99), 26.0
(80, 82, 97), 26.0
(71, 10, 95), 30.0
(4, 77, 19), 43.0
(83, 84, 98), 22.0
(83, 89, 99), 40.0
(9, 80, 91), 28.0
(93, 82, 93), None
(78, 83, 88), 35.0
(5, 86, 94), 26.0
(22, 79, 89), 24.0
(87, 86, 5), 30.0
(80, 84, 96), 22.0
(99, 82, 97), 35.0
(75, 65, 96), 35.0
(96, 81, 75), 25.0
(48, 88, 99), 39.0
(80, 83, 93), 27.0
(94, 84, 86), 31.0
(96, 81, 99), 27.0
(3, 80, 91), 36.0
(37, 85, 97), 31.0
(93, 91, 99), 28.0
(82, 87, 97), 34.0
(96, 83, 99), 39.0
(94, 83, 95), 40.0
(97, 84, 95), 32.0
(78, 28, 94), 40.0
(84, 86, 3), 26.0
(95, 81, 91), None
(9, 74, 97), 28.0
(85, 78, 88), 28.0
(85, 93, 22), 36.0
(78, 84, 93), 30.0
(76, 47, 95), 43.0
(83, 87, 97), 34.0
(82, 90, 61), 34.0
(82, 89, 56), 30.0
(80, 88, 99), 31.0
(55, 79, 10), 36.0
(91, 83, 96), 28.0
(99, 81, 80), 26.0
(88, 87, 8), 38.0
(86, 85, 7), 29.0
(88, 79, 12), 26.0
(3, 91, 50), 24.0
(5, 85, 99), 23.0
(83, 88, 68), 40.0
(78, 85, 97), 32.0
(97, 82, 93), 29.0
(86, 44, 15), 26.0
(62, 77, 78), 26.0
(81, 82, 99), 22.0
(99, 80, 83), 22.0
(97, 77, 81), 36.0
(12, 86, 87), 25.0
(79, 83, 95), 37.0
(8, 67, 93), 30.0
(77, 84, 91), 22.0
(84, 87, 5), 24.0
(88, 93, 2), 23.0
(83, 84, 35), 24.0
(77, 85, 90), 26.0
(97, 80, 84), 18.0
(90, 88, 4), 20.0
(92, 32, 96), 30.0
(80, 80, 65), None
(84, 90, 4), 24.0
(24, 79, 99), 27.0
(82, 87, 99), 28.0
(7, 81, 97), 23.0
(52, 86, 94), 36.0
(1, 90, 89), 30.0
(5, 81, 86), 24.0
(90, 84, 4), 24.0
(96, 94, 92), 32.0
(92, 83, 96), 28.0
(94, 86, 98), 28.0
(79, 87, 95), 46.0
(97, 77, 85), 40.0
(6, 90, 97), 23.0
(88, 88, 2), None
(80, 89, 97), 27.0
(95, 82, 88), 28.0
(90, 84, 99), 24.0
(98, 75, 85), 29.0
(10, 79, 94), 26.0
(94, 78, 97), 38.0
(99, 80, 99), None
(86, 83, 94), 33.0
(86, 63, 91), 34.0
(82, 81, 97), 30.0
(3, 71, 95), 30.0
(83, 85, 97), 24.0
(80, 36, 93), 24.0
(85, 92, 0), 35.0
(27, 82, 99), 29.0
(88, 85, 7), 36.0
(97, 81, 82), 30.0
(99, 82, 87), 28.0
(97, 80, 85), 18.0
(96, 76, 84), 38.0
(72, 87, 89), 34.0
(44, 86, 97), 28.0
(0, 78, 90), 26.0
(94, 79, 84), 32.0
(96, 74, 85), 41.0
(97, 77, 88), 30.0
(94, 41, 89), 27.0
(97, 73, 86), 34.0
(6, 58, 89), 20.0
(2, 92, 87), 24.0
(6, 57, 89), 26.0
(7, 83, 87), 26.0
(5, 78, 91), 24.0
(99, 80, 84), 18.0
(14, 76, 86), 28.0
(99, 79, 87), 33.0
(4, 80, 88), 20.0
(3, 76, 85), 30.0
(5, 79, 88), 29.0
(4, 50, 89), 26.0
(9, 81, 84), 28.0
(1, 80, 90), 25.0
(6, 78, 87), 34.0
(8, 75, 86), 34.0
(3, 80, 90), 29.0
(97, 77, 84), 40.0
(7, 80, 84), 26.0
(4, 81, 90), 34.0
(5, 55, 88), 28.0
(1, 82, 92), 22.0
(99, 78, 89), 35.0
(93, 83, 86), 43.0
(2, 97, 93), 25.0
(97, 75, 87), 37.0
(6, 73, 89), 26.0
(96, 79, 86), 27.0
(0, 81, 91), 26.0
(7, 83, 91), 27.0
(99, 77, 84), 32.0
(10, 94, 99), 26.0
(4, 85, 93), 27.0
(2, 95, 88), 24.0
(95, 82, 96), 26.0
(11, 83, 99), 26.0
(5, 85, 97), 29.0
(3, 81, 94), 32.0
(7, 84, 83), 24.0
(97, 78, 83), 35.0
(5, 81, 93), 32.0
(94, 80, 86), 34.0
(95, 77, 85), 32.0
(97, 79, 87), 35.0
(95, 76, 88), 28.0
(93, 79, 90), 25.0
(97, 82, 82), None
(92, 77, 84), 26.0
(95, 75, 82), 30.0
(91, 79, 85), 22.0
(97, 80, 83), 30.0
(99, 81, 86), 26.0
(95, 73, 82), 32.0
(97, 78, 80), 35.0
(99, 83, 99), None
(93, 76, 84), 44.0
(95, 69, 86), 42.0
(97, 80, 97), None
(97, 97, 88), None
(0, 78, 88), 27.0
(8, 82, 95), 23.0
(99, 99, 99), None
(2, 81, 90), 28.0
(4, 84, 92), 29.0
(91, 79, 86), 22.0
(95, 86, 97), 28.0
(97, 83, 99), 39.0
(99, 82, 84), 22.0
(93, 85, 95), 26.0
(95, 81, 97), 27.0
(99, 84, 80), 18.0
(97, 85, 79), 47.0
(93, 75, 76), 28.0
(96, 78, 80), 27.0
(7, 80, 85), 24.0
(99, 87, 79), 41.0
(4, 84, 80), 20.0
(3, 77, 82), 24.0
(0, 88, 81), 24.0
(97, 83, 80), 30.0
(6, 82, 81), 30.0
(3, 86, 77), 26.0
(4, 79, 83), 24.0
(99, 84, 79), 45.0
(6, 80, 76), 24.0
(9, 86, 38), 30.0
(93, 81, 79), 29.0
(2, 78, 83), 24.0
(4, 82, 74), 28.0
(95, 88, 77), 36.0
(96, 97, 82), 24.0
(5, 72, 88), 20.0
(7, 78, 87), 32.0
(11, 65, 83), 29.0
(6, 68, 85), 28.0
(9, 59, 89), 16.0
(7, 72, 88), 24.0
(5, 52, 89), 28.0
(8, 71, 87), 24.0
(10, 70, 84), 38.0
(12, 58, 85), 24.0
(3, 57, 81), 24.0
(2, 64, 89), 28.0
(5, 53, 87), 28.0
(9, 49, 91), 26.0
(4, 61, 89), 24.0
(1, 75, 78), 26.0
(7, 60, 85), 26.0
(5, 55, 82), 26.0
(8, 66, 84), 30.0
(1, 63, 86), 32.0
(4, 73, 87), 24.0
(6, 69, 88), 27.0
(0, 61, 85), 30.0
(10, 67, 90), 26.0
(2, 58, 83), 26.0
(5, 71, 87), 24.0
(8, 67, 81), 24.0
(2, 75, 85), 30.0
(4, 74, 90), 28.0
(7, 73, 88), 24.0
(4, 59, 86), 32.0
(10, 76, 80), 26.0
(6, 77, 92), 26.0
(3, 63, 84), 28.0
(13, 74, 88), 24.0
(8, 72, 72), None
(6, 76, 82), 24.0
(2, 46, 90), 30.0
(0, 79, 87), 26.0
(4, 66, 92), 26.0
(5, 80, 83), 28.0
(50, 70, 79), 30.0
(7, 77, 95), 30.0
(2, 54, 86), 32.0
(9, 80, 89), 23.0
(11, 52, 84), 28.0
(3, 64, 96), 31.0
(7, 78, 90), 24.0
(4, 62, 78), 22.0
(65, 83, 86), 28.0
(8, 81, 81), None
(6, 84, 75), 29.0
(91, 77, 99), 28.0
(69, 79, 95), None
(0, 83, 48), 26.0
(2, 89, 88), 30.0
(9, 85, 92), 24.0
(93, 82, 41), 44.0
(74, 75, 97), 38.0
(3, 86, 85), 24.0
(95, 81, 93), 35.0
(6, 79, 97), 33.0
(91, 84, 99), 18.0
(90, 68, 99), 36.0
(91, 87, 99), 30.0
(93, 84, 96), 29.0
(90, 84, 97), 24.0
(94, 87, 99), 30.0
(95, 86, 99), 32.0
(4, 74, 95), 26.0
(18, 71, 97), 25.0
(92, 89, 95), 21.0
(97, 60, 88), 31.0
(90, 82, 99), 27.0
(96, 84, 97), 40.0
(2, 77, 94), 25.0
(92, 79, 91), 26.0
(95, 88, 29), 44.0
(94, 82, 80), 38.0
(93, 90, 97), 27.0
(97, 85, 89), 38.0
(98, 86, 86), None
(89, 56, 99), 30.0
(97, 83, 82), 22.0
(96, 81, 97), 22.0
(94, 81, 95), 32.0
(12, 77, 91), 24.0
(97, 48, 85), 43.0
(91, 91, 87), None
(9, 85, 83), 24.0
(95, 80, 97), 21.0
(76, 76, 94), None
(89, 88, 78), None
(60, 86, 89), 22.0
(46, 83, 97), 30.0
(29, 88, 85), 44.0
(97, 79, 81), 33.0
(99, 82, 83), 18.0
(99, 80, 79), 38.0
(99, 84, 83), 24.0
(96, 44, 99), 28.0
(97, 87, 84), 44.0
(97, 82, 77), 33.0
(99, 40, 82), 30.0
(0, 78, 81), 26.0
(95, 84, 80), 26.0
(93, 69, 93), None
(95, 74, 88), 26.0
(97, 79, 97), None
(99, 81, 84), 16.0
(99, 83, 83), None
(99, 77, 86), 34.0
(97, 82, 83), 22.0
(97, 85, 85), None
(99, 86, 79), None
(96, 81, 76), 30.0
(98, 80, 82), 24.0
(95, 78, 87), 44.0
(99, 90, 85), 24.0
(94, 84, 45), 40.0
(97, 81, 80), 30.0
(92, 79, 84), 18.0
(95, 78, 84), 33.0
(92, 80, 85), 43.0
(95, 72, 82), 32.0
(90, 83, 79), 28.0
(91, 80, 82), None
(97, 76, 84), 32.0
(99, 75, 86), 32.0
(97, 78, 84), 43.0
(57, 82, 80), 32.0
(94, 79, 82), 29.0
(99, 76, 86), 31.0
(97, 74, 84), 32.0
(95, 82, 78), 30.0
(99, 80, 82), 26.0
(97, 72, 89), 43.0
(92, 85, 83), 32.0
(92, 50, 87), 44.0
(92, 64, 88), 31.0
(89, 82, 80), 22.0
(93, 87, 84), 31.0
(90, 81, 77), 38.0
(88, 84, 99), 43.0
(96, 78, 97), 41.0
(99, 79, 95), None
(74, 76, 89), 34.0
(95, 73, 87), 26.0
(93, 86, 26), 28.0
(97, 80, 99), 23.0
(94, 82, 84), 28.0
(91, 78, 93), 24.0
(95, 81, 85), 25.0
(93, 83, 96), 34.0
(97, 87, 33), 26.0
(95, 82, 92), 42.0
(99, 90, 81), 30.0
(97, 75, 91), 31.0
(39, 69, 90), 27.0
(90, 80, 86), None
(93, 84, 94), 31.0
(63, 78, 86), 33.0
(87, 81, 99), 28.0
(78, 88, 79), 29.0
(99, 85, 82), 28.0
(95, 77, 87), 34.0
(98, 82, 97), 39.0
(91, 91, 89), None
(68, 79, 96), 35.0
(20, 80, 99), 28.0
(94, 58, 54), 26.0
(42, 78, 90), 30.0
(97, 53, 83), 32.0
(96, 83, 95), 29.0
(89, 86, 74), 46.0
(87, 85, 97), 38.0
(99, 83, 80), 22.0
(92, 87, 93), 24.0
(79, 89, 77), None
(95, 85, 81), 30.0
(97, 84, 83), 20.0
(97, 84, 84), None
(94, 88, 99), 29.0
(33, 87, 85), 28.0
(96, 85, 58), 27.0
(76, 81, 95), 35.0
(97, 37, 82), 25.0
(99, 80, 97), 23.0
(81, 76, 91), None
(91, 79, 87), 32.0
(93, 82, 86), 33.0
(72, 82, 84), 38.0
(99, 83, 81), 18.0
(99, 84, 82), 21.0
(99, 42, 85), 32.0
(95, 92, 97), 23.0
(97, 88, 81), 33.0
(99, 81, 99), None
(96, 86, 81), 30.0
(97, 86, 83), 30.0
(99, 81, 76), 28.0
(97, 80, 79), 31.0
(94, 84, 82), 33.0
(97, 83, 77), 40.0
(95, 86, 81), 30.0
(94, 88, 78), 43.0
(92, 83, 79), 32.0
(25, 56, 85), 26.0
(95, 85, 83), 31.0
(99, 77, 93), 26.0
(96, 86, 84), 38.0
(88, 90, 74), 26.0
(79, 81, 99), 41.0
(93, 84, 97), 31.0
(99, 80, 66), 37.0
(97, 79, 43), 28.0
(97, 82, 84), 26.0
(95, 81, 83), 26.0
(96, 87, 76), 30.0
(99, 78, 95), 33.0
(93, 89, 82), 31.0
(97, 85, 83), 22.0
(95, 92, 85), 30.0
(97, 83, 83), None
(99, 62, 87), 32.0
(97, 76, 87), 35.0
(91, 85, 85), None
(84, 81, 86), 22.0
(99, 82, 80), 26.0
(99, 77, 88), None
(95, 84, 78), 29.0
(93, 89, 37), 37.0
(86, 86, 93), None
(95, 79, 85), 38.0
(97, 75, 82), 31.0
(95, 83, 84), 27.0
(81, 51, 86), 40.0
(99, 80, 89), 30.0
(97, 84, 78), 34.0
(89, 82, 97), 39.0
(16, 67, 81), 26.0
(76, 70, 88), 38.0
(99, 60, 87), 27.0
(95, 73, 85), 31.0
(79, 65, 90), 20.0
(80, 66, 97), 30.0
(82, 85, 80), 40.0
(79, 88, 82), 46.0
(95, 81, 84), 24.0
(81, 59, 90), 34.0
(84, 84, 80), None
(77, 1, 96), 24.0
(83, 57, 90), 32.0
(99, 79, 97), 44.0
(92, 81, 99), 27.0
(95, 87, 83), 29.0
(79, 63, 91), 28.0
(92, 87, 83), 26.0
(54, 78, 78), None
(97, 85, 75), 31.0
(99, 83, 87), 30.0
(87, 32, 95), 27.0
(94, 79, 94), None
(97, 74, 87), 40.0
(85, 76, 89), 35.0
(96, 85, 80), 29.0
(90, 82, 85), 37.0
(79, 70, 92), 33.0
(48, 93, 92), 28.0
(95, 83, 82), 26.0
(82, 89, 82), None
(93, 86, 99), 26.0
(93, 87, 80), 29.0
(97, 78, 88), 37.0
(87, 90, 52), 32.0
(89, 82, 95), 26.0
(99, 80, 78), 34.0
(91, 95, 91), None
(78, 62, 89), 28.0
(97, 83, 97), None
(94, 86, 99), 32.0
(85, 92, 73), 32.0
(76, 66, 86), 30.0
(74, 72, 94), 36.0
(92, 88, 80), 29.0
(95, 85, 76), 39.0
(97, 79, 84), 44.0
(99, 81, 85), 26.0
(81, 86, 83), 28.0
(93, 46, 71), 26.0
(97, 83, 85), 24.0
(83, 77, 84), 24.0
(99, 80, 88), 29.0
(79, 84, 78), 41.0
(82, 73, 86), 32.0
(81, 75, 92), 35.0
(84, 77, 88), 36.0
(61, 68, 89), 37.0
(99, 78, 87), None
(80, 79, 86), 22.0
(70, 82, 81), 36.0
(96, 83, 84), 20.0
(76, 76, 93), None
(78, 65, 83), 24.0
(94, 88, 80), 23.0
(96, 84, 81), 20.0
(91, 86, 81), None
(81, 63, 90), 39.0
(95, 81, 96), 28.0
(86, 87, 84), 30.0
(93, 86, 82), 33.0
(89, 94, 91), 16.0
(87, 96, 95), 39.0
(89, 81, 99), 26.0
(89, 95, 93), 26.0
(92, 95, 90), 40.0
(94, 99, 85), 30.0
(97, 82, 99), 35.0
(86, 90, 92), 38.0
(87, 90, 62), 30.0
(90, 96, 91), 30.0
(84, 94, 40), 36.0
(95, 82, 97), 30.0
(52, 78, 95), 32.0
(93, 80, 86), 38.0
(82, 75, 89), 24.0
(91, 90, 82), 28.0
(45, 96, 94), 24.0
(91, 87, 30), 37.0
(99, 78, 99), None
(95, 84, 83), 27.0
(96, 92, 87), 30.0
(94, 95, 91), 28.0
(83, 71, 89), 30.0
(97, 85, 77), 42.0
(88, 77, 79), 32.0
(99, 82, 96), 29.0
(81, 61, 92), 42.0
(84, 95, 94), 30.0
(99, 92, 91), 22.0
(31, 53, 85), 44.0
(86, 98, 94), 30.0
(93, 82, 84), 28.0
(89, 87, 76), 32.0
(89, 89, 83), None
(89, 94, 88), 36.0
(85, 89, 78), 35.0
(92, 93, 82), None
(78, 97, 92), 43.0
(96, 83, 90), 26.0
(87, 94, 93), 26.0
(80, 75, 86), 28.0
(83, 54, 95), 28.0
(95, 79, 80), 21.0
(97, 83, 87), 36.0
(91, 85, 80), 40.0
(96, 80, 85), 29.0
(90, 86, 75), 28.0
(93, 92, 47), 28.0
(95, 84, 81), 24.0
(97, 84, 82), 26.0
(94, 83, 84), 26.0
(99, 80, 95), 16.0
(99, 79, 94), 33.0
(99, 77, 95), 34.0
(86, 88, 95), 26.0
(97, 81, 96), 22.0
(83, 79, 90), 28.0
(99, 79, 96), 41.0
(91, 97, 59), 35.0
(93, 91, 93), None
(96, 81, 98), 22.0
(77, 68, 91), 36.0
(81, 74, 89), 20.0
(79, 79, 92), None
(98, 76, 97), 30.0
(98, 81, 97), 23.0
(97, 80, 95), 27.0
(95, 85, 82), 28.0
(97, 86, 94), 30.0
(90, 88, 25), 24.0
(22, 78, 97), 24.0
(98, 80, 99), 26.0
(94, 83, 81), 26.0
(99, 78, 86), 33.0
(99, 79, 79), None
(99, 81, 97), 25.0
(81, 75, 89), 18.0
(84, 76, 95), 27.0
(58, 77, 87), 40.0
(83, 46, 90), 28.0
(81, 77, 89), 28.0
(78, 80, 97), 35.0
(93, 83, 84), 34.0
(85, 74, 87), 36.0
(82, 75, 88), 20.0
(79, 79, 93), None
(83, 75, 91), 46.0
(88, 87, 95), 36.0
(86, 86, 32), None
(66, 80, 95), 36.0
(99, 81, 96), 27.0
(93, 83, 81), 26.0
(94, 85, 83), 31.0
(81, 78, 98), 28.0
(96, 82, 86), 33.0
(73, 73, 88), None
(34, 74, 90), 30.0
(80, 79, 91), 31.0
(91, 88, 34), 28.0
(75, 77, 86), 40.0
(99, 80, 92), 25.0
(87, 86, 57), 32.0
(77, 81, 99), 26.0
(80, 75, 93), 40.0
(89, 85, 27), 40.0
(91, 88, 20), 25.0
(86, 86, 94), None
(77, 76, 90), 18.0
(83, 76, 92), 38.0
(74, 74, 90), None
(77, 76, 88), 36.0
(75, 76, 90), 24.0
(81, 73, 91), 31.0
(76, 77, 93), 22.0
(72, 72, 90), None
(76, 78, 88), 30.0
(78, 77, 88), 28.0
(72, 73, 91), 33.0
(69, 76, 90), 24.0
(77, 74, 86), 34.0
(75, 75, 90), None
(75, 78, 85), 36.0
(73, 74, 88), 22.0
(78, 71, 92), 41.0
(73, 74, 89), 22.0
(78, 75, 92), 18.0
(75, 75, 92), None
(79, 71, 91), 32.0
(78, 73, 93), 32.0
(80, 73, 93), 31.0
(77, 77, 92), None
(74, 79, 89), 40.0
(76, 77, 88), 36.0
(72, 78, 89), 35.0
(80, 75, 87), 20.0
(78, 71, 94), 35.0
(75, 73, 89), 26.0
(81, 78, 93), 31.0
(83, 76, 84), 30.0
(80, 76, 86), 32.0
(64, 78, 90), 32.0
(78, 73, 91), 32.0
(77, 75, 94), 32.0
(82, 79, 94), 29.0
(84, 79, 92), 18.0
(85, 80, 92), 38.0
(78, 75, 91), 18.0
(74, 72, 92), 30.0
(76, 76, 90), None
(79, 73, 92), 32.0
(99, 78, 91), 34.0
(99, 80, 93), 23.0
(82, 80, 85), 40.0
(77, 70, 94), 37.0
(77, 75, 88), 35.0
(75, 76, 87), 38.0
(71, 75, 85), 33.0
(74, 77, 84), 32.0
(80, 76, 89), 28.0
(78, 72, 89), 36.0
(71, 74, 90), 30.0
(81, 77, 95), 36.0
(84, 81, 93), 33.0
(78, 72, 91), 29.0
(43, 80, 83), 30.0
(76, 74, 91), 32.0
(82, 78, 95), 30.0
(80, 76, 87), 26.0
(77, 75, 91), 28.0
(82, 70, 94), 45.0
(74, 78, 95), 30.0
(87, 79, 64), 35.0
(85, 79, 96), 29.0
(83, 82, 93), 28.0
(85, 77, 96), 29.0
(81, 70, 92), 53.0
(95, 78, 69), 49.0
(85, 80, 97), 18.0
(84, 75, 94), 34.0
(79, 73, 89), 33.0
(80, 71, 92), 34.0
(83, 75, 94), 27.0
(86, 80, 97), 33.0
(79, 73, 96), 42.0
(77, 75, 95), 36.0
(82, 74, 91), 43.0
(85, 76, 93), 34.0
(87, 79, 97), 35.0
(28, 77, 87), 34.0
(80, 81, 86), 36.0
(74, 75, 90), 38.0
(79, 73, 90), 30.0
(77, 72, 93), 38.0
(83, 76, 95), 35.0
(81, 73, 95), 30.0
(37, 79, 86), 36.0
(82, 35, 83), 27.0
(73, 77, 89), 34.0
(88, 78, 86), 38.0
(88, 76, 91), 25.0
(89, 82, 98), 45.0
(84, 79, 97), 42.0
(79, 71, 93), 29.0
(86, 78, 96), 25.0
(87, 80, 98), 26.0
(93, 82, 82), None
(85, 77, 93), 28.0
(51, 81, 87), 40.0
(84, 82, 99), 22.0
(76, 78, 95), 28.0
(85, 82, 96), 31.0
(84, 79, 93), 31.0
(75, 38, 91), 32.0
(77, 82, 94), 37.0
(79, 74, 91), 26.0
(67, 83, 85), 40.0
(56, 77, 88), 42.0
(86, 79, 96), 27.0
(75, 74, 89), 32.0
(83, 80, 96), 32.0
(83, 82, 95), 26.0
(78, 70, 90), 35.0
(81, 77, 92), 39.0
(87, 80, 99), 28.0
(81, 76, 93), 35.0
(78, 75, 90), 18.0
(83, 69, 99), 37.0
(86, 81, 97), 29.0
(81, 74, 94), 36.0
(73, 29, 95), 31.0
(83, 77, 93), 32.0
(82, 73, 95), 26.0
(72, 76, 88), 26.0
(99, 85, 88), 35.0
(82, 71, 99), 28.0
(89, 83, 93), 26.0
(40, 78, 97), 31.0
(80, 76, 97), 28.0
(80, 75, 89), 18.0
(88, 78, 96), 32.0
(84, 78, 86), 36.0
(76, 74, 97), 32.0
(80, 74, 91), 40.0
(86, 77, 94), 42.0
(84, 76, 94), 36.0
(48, 80, 97), 30.0
(77, 73, 89), 34.0
(75, 72, 88), 22.0
(83, 80, 95), 36.0
(79, 70, 91), 31.0
(84, 83, 99), 24.0
(79, 76, 90), 26.0
(81, 77, 93), 37.0
(82, 81, 98), 22.0
(79, 75, 89), 37.0
(89, 79, 95), None
(88, 75, 91), 20.0
(89, 83, 98), 45.0
(88, 80, 84), 28.0
(70, 78, 94), 29.0
(83, 82, 99), 18.0
(82, 68, 99), 39.0
(73, 42, 86), 40.0
(75, 74, 91), 36.0
(77, 74, 90), 28.0
(85, 82, 99), 28.0
(87, 78, 95), 44.0
(91, 84, 81), 44.0
(88, 75, 86), 29.0
(82, 70, 92), 31.0
(76, 74, 88), 38.0
(80, 76, 92), 39.0
(85, 78, 97), 41.0
(81, 73, 94), 28.0
(87, 79, 96), 43.0
(86, 77, 95), 32.0
(90, 77, 97), 34.0
(88, 79, 96), 47.0
(83, 80, 94), 36.0
(80, 72, 90), 30.0
(78, 71, 89), 41.0
(84, 79, 87), 44.0
(78, 72, 76), 26.0
(19, 75, 91), 32.0
(86, 81, 98), 24.0
(83, 79, 94), 36.0
(80, 77, 88), 28.0
(77, 85, 99), 35.0
(78, 78, 90), None
(76, 74, 90), 30.0
(85, 78, 95), 26.0
(90, 81, 55), 32.0
(82, 69, 93), 29.0
(82, 83, 96), 24.0
(71, 77, 92), 34.0
(74, 83, 81), 36.0
(81, 27, 92), 24.0
(92, 81, 97), 37.0
(84, 77, 89), 38.0
(93, 80, 85), 33.0
(82, 81, 99), 22.0
(85, 81, 97), 28.0
(78, 75, 89), 38.0
(99, 86, 94), 32.0
(82, 82, 97), None
(81, 84, 88), 26.0
(81, 76, 96), 30.0
(61, 83, 99), 28.0
(86, 84, 99), 36.0
(97, 86, 99), 26.0
(74, 72, 91), 36.0
(88, 22, 97), 24.0
(84, 80, 95), 24.0
(99, 78, 92), 41.0
(85, 81, 98), 26.0
(79, 76, 95), 33.0
(82, 84, 96), 25.0
(73, 85, 93), 40.0
(26, 82, 99), 22.0
(96, 82, 83), 24.0
(80, 77, 93), 41.0
(83, 79, 95), 37.0
(75, 76, 93), 28.0
(76, 72, 92), 34.0
(79, 76, 51), 26.0
(78, 76, 94), 28.0
(82, 82, 99), None
(83, 84, 99), 24.0
(75, 72, 94), 30.0
(79, 69, 92), 44.0
(77, 71, 88), 30.0
(59, 82, 97), 44.0
(76, 73, 91), 33.0
(77, 74, 88), 35.0
(72, 74, 89), 26.0
(89, 80, 99), 30.0
(75, 74, 90), 38.0
(78, 73, 90), 28.0
(84, 78, 94), 34.0
(85, 40, 97), 28.0
(82, 86, 99), 24.0
(80, 75, 92), 42.0
(81, 86, 97), 29.0
(84, 5, 99), 24.0
(89, 76, 94), 30.0
(15, 78, 95), 32.0
(80, 77, 87), 39.0
(74, 76, 93), 32.0
(84, 44, 97), 28.0
Sampler:BoTorchSampler
(23, 9, 13), 32.0
(10, 41, 72), 28.0
(3, 6, 50), 42.0
(79, 53, 88), 29.0
(49, 28, 69), 29.0
(33, 9, 46), 34.0
(49, 68, 67), 28.0
(17, 15, 73), 22.0
(2, 8, 71), 28.0
(91, 66, 12), 28.0
(23, 10, 82), 32.0
(35, 98, 81), 28.0
(90, 81, 74), 44.0
(21, 97, 68), 24.0
(26, 19, 60), 31.0
(2, 84, 74), 26.0
(25, 72, 72), None
(0, 2, 86), 25.0
(10, 74, 57), 26.0
(21, 52, 53), 34.0
(0, 56, 92), 30.0
(0, 20, 63), 35.0
(89, 13, 0), 27.0
(1, 52, 62), 22.0
(0, 9, 62), 25.0
(0, 48, 63), 26.0
(0, 69, 63), 24.0
(0, 56, 63), 26.0
(0, 26, 64), 26.0
(0, 12, 64), 28.0
(0, 95, 64), 30.0
(19, 67, 70), 26.0
(1, 0, 18), 25.0
(31, 0, 16), 37.0
(69, 72, 0), 24.0
(54, 55, 0), 26.0
(82, 71, 0), 28.0
(48, 69, 0), 30.0
(64, 87, 12), 32.0
(75, 0, 8), 24.0
(98, 0, 13), 27.0
(66, 0, 0), None
(61, 0, 29), 21.0
(76, 0, 27), 26.0
(70, 0, 36), 28.0
(72, 0, 18), 23.0
(70, 23, 18), 26.0
(65, 0, 0), None
(63, 0, 22), 27.0
(1, 0, 29), 29.0
(29, 0, 28), 28.0
(77, 0, 26), 26.0
(65, 44, 30), 28.0
(64, 0, 0), None
(6, 30, 26), 32.0
(21, 31, 27), 40.0
(67, 15, 0), 24.0
(72, 33, 0), 31.0
(33, 26, 29), 32.0
(71, 26, 29), 30.0
(71, 0, 11), 43.0
(33, 0, 32), 31.0
(63, 0, 35), 28.0
(28, 0, 31), 33.0
(0, 95, 32), 28.0
(99, 96, 68), 43.0
(60, 0, 30), 37.0
(0, 15, 33), 34.0
(0, 17, 6), 26.0
(0, 70, 0), None
(0, 56, 0), None
(60, 0, 14), 45.0
(41, 0, 29), 35.0
(94, 0, 30), 26.0
(27, 37, 26), 34.0
(59, 37, 26), 43.0
(0, 93, 0), None
(0, 37, 0), None
(0, 19, 0), None
(0, 54, 0), None
(0, 10, 0), None
(0, 16, 0), None
(0, 46, 0), None
(0, 31, 0), None
(86, 0, 42), 34.0
(0, 80, 0), None
(0, 51, 0), None
(0, 97, 0), None
(0, 79, 0), None
(0, 98, 0), None
(0, 96, 0), None
(0, 92, 0), None
(0, 43, 0), None
(0, 99, 0), None
(0, 59, 0), None
(56, 0, 92), 30.0
(0, 95, 0), None
(0, 3, 0), None
(0, 72, 0), None
(0, 57, 77), 28.0
(0, 90, 0), None
(0, 52, 0), None
(0, 91, 0), None
(0, 86, 0), None
(0, 73, 0), None
(0, 75, 0), None
(0, 34, 0), None
(0, 35, 0), None
(0, 39, 0), None
(0, 94, 0), None
(0, 89, 0), None
(0, 76, 0), None
(66, 27, 22), 26.0
(0, 50, 0), None
(0, 57, 0), None
(0, 68, 0), None
(0, 78, 0), None
(0, 88, 0), None
(0, 41, 0), None
(0, 13, 0), None
(57, 29, 22), 29.0
(0, 60, 0), None
(0, 0, 0), None
(0, 18, 0), None
(0, 63, 0), None
(0, 25, 0), None
(0, 8, 0), None
(35, 30, 21), 34.0
(35, 30, 22), 40.0
(0, 47, 0), None
(31, 30, 22), 26.0
(0, 83, 0), None
(0, 61, 0), None
(0, 6, 0), None
(0, 17, 0), None
(58, 32, 52), 24.0
(30, 62, 56), 28.0
(0, 36, 0), None
(0, 33, 0), None
(54, 25, 19), 28.0
(0, 77, 0), None
(28, 83, 61), 26.0
(16, 0, 48), 30.0
(63, 27, 1), 26.0
(0, 0, 27), None
(0, 4, 88), 26.0
(0, 67, 0), None
(12, 73, 74), 30.0
(0, 29, 0), None
(0, 6, 71), 35.0
(83, 88, 1), 24.0
(6, 8, 0), 17.0
(16, 6, 63), 31.0
(53, 29, 25), 26.0
(39, 56, 6), 24.0
(53, 85, 35), 28.0
(10, 60, 0), 31.0
(61, 58, 4), 24.0
(19, 5, 40), 28.0
(98, 34, 92), 28.0
(60, 77, 79), 28.0
(21, 51, 39), 26.0
(55, 53, 7), 29.0
(69, 40, 44), 22.0
(19, 9, 28), 28.0
(6, 82, 95), 23.0
(45, 29, 25), 28.0
(7, 64, 97), 31.0
(12, 53, 35), 31.0
(50, 34, 99), 28.0
(38, 54, 61), 30.0
(24, 77, 56), 36.0
(1, 14, 4), 30.0
(11, 6, 62), 32.0
(89, 71, 84), 20.0
(96, 86, 22), 29.0
(60, 55, 80), 28.0
(17, 54, 63), 45.0
(5, 75, 49), 26.0
(0, 11, 66), 29.0
(58, 83, 76), 44.0
(78, 10, 96), 28.0
(70, 99, 25), 24.0
(26, 7, 50), 34.0
(20, 34, 77), 30.0
(89, 99, 35), 30.0
(43, 66, 54), 44.0
(55, 99, 21), 36.0
(50, 8, 44), 32.0
(59, 71, 20), 22.0
(7, 39, 68), 40.0
(12, 39, 27), 36.0
(64, 57, 24), 28.0
(37, 11, 18), 33.0
(63, 90, 95), 38.0
(77, 38, 56), 24.0
(51, 26, 9), 32.0
(79, 57, 79), None
(13, 29, 8), 42.0
(57, 54, 3), 26.0
(8, 29, 53), 28.0
(38, 46, 23), 35.0
(10, 51, 46), 24.0
(13, 60, 16), 40.0
(43, 27, 99), 26.0
(95, 31, 87), 31.0
(55, 40, 89), 26.0
(93, 16, 19), 26.0
(62, 28, 66), 24.0
(24, 64, 91), 28.0
(8, 43, 88), 30.0
(62, 19, 52), 24.0
(34, 73, 68), 24.0
(81, 30, 94), 46.0
(12, 47, 69), 34.0
(40, 73, 90), 32.0
(5, 60, 37), 26.0
(13, 41, 18), 36.0
(17, 92, 81), 28.0
(98, 91, 49), 32.0
(18, 97, 75), 28.0
(12, 32, 72), 26.0
(22, 16, 71), 32.0
(24, 38, 29), 38.0
(6, 69, 78), 31.0
(14, 58, 88), 28.0
(43, 17, 47), 28.0
(90, 64, 81), 40.0
(49, 59, 87), 34.0
(5, 23, 76), 24.0
(95, 95, 98), None
(77, 33, 25), 26.0
(33, 72, 31), 29.0
(42, 40, 34), 32.0
(31, 10, 26), 38.0
(84, 61, 39), 30.0
(4, 80, 89), 24.0
(3, 54, 88), 30.0
(39, 74, 69), 38.0
(60, 6, 37), 28.0
(70, 44, 4), 28.0
(43, 8, 63), 24.0
(94, 91, 5), 25.0
(20, 96, 14), 22.0
(91, 13, 93), 37.0
(87, 69, 45), 26.0
(53, 65, 92), 26.0
(92, 13, 6), 24.0
(11, 68, 98), 28.0
(82, 90, 42), 36.0
(80, 11, 8), 26.0
(15, 93, 76), 26.0
(25, 76, 82), 26.0
(94, 2, 8), 26.0
(61, 42, 7), 32.0
(88, 3, 38), 30.0
(35, 67, 53), 26.0
(6, 11, 28), 31.0
(52, 91, 93), 36.0
(67, 48, 44), 28.0
(8, 55, 12), 28.0
(51, 82, 42), 34.0
(80, 82, 11), 28.0
(45, 2, 7), 30.0
(89, 81, 70), 30.0
(46, 96, 6), 18.0
(78, 35, 31), 30.0
(8, 63, 50), 27.0
(12, 26, 10), 36.0
(67, 40, 74), 30.0
(73, 52, 12), 34.0
(44, 16, 55), 27.0
(98, 68, 1), 26.0
(49, 60, 1), 24.0
(8, 61, 5), 28.0
(70, 21, 32), 32.0
(68, 16, 53), 28.0
(67, 88, 73), 34.0
(24, 39, 40), 24.0
(42, 67, 96), 26.0
(22, 4, 16), 37.0
(18, 40, 23), 28.0
(14, 44, 35), 29.0
(13, 82, 11), 32.0
(18, 78, 35), 34.0
(90, 29, 38), 29.0
(74, 68, 41), 30.0
(33, 7, 72), 28.0
(60, 49, 23), 28.0
(99, 90, 92), 22.0
(84, 30, 27), 24.0
(76, 85, 53), 26.0
(41, 72, 84), 44.0
(18, 47, 11), 32.0
(57, 88, 57), None
(58, 67, 89), 36.0
(59, 88, 47), 22.0
(28, 1, 16), 24.0
(5, 34, 98), 26.0
(0, 26, 67), 26.0
(7, 24, 81), 28.0
(36, 34, 61), 26.0
(90, 16, 52), 34.0
(20, 56, 97), 32.0
(57, 42, 74), 24.0
(6, 98, 30), 24.0
(37, 20, 34), 22.0
(23, 0, 72), 34.0
(67, 47, 35), 34.0
(14, 75, 64), 28.0
(10, 90, 79), 23.0
(3, 13, 29), 32.0
(25, 14, 28), 26.0
(58, 56, 79), 32.0
(42, 94, 37), 22.0
(26, 52, 46), 24.0
(78, 76, 38), 34.0
(70, 68, 65), 18.0
(5, 3, 38), 37.0
(65, 12, 29), 28.0
(61, 92, 69), 34.0
(6, 33, 84), 28.0
(57, 59, 64), 38.0
(20, 36, 48), 26.0
(2, 27, 94), 22.0
(1, 88, 41), 26.0
(31, 55, 77), 34.0
(77, 33, 29), 26.0
(95, 75, 87), 33.0
(96, 17, 31), 24.0
(6, 57, 25), 32.0
(2, 30, 52), 32.0
(93, 4, 66), 28.0
(0, 27, 24), 28.0
(93, 30, 22), 32.0
(79, 67, 48), 32.0
(59, 31, 42), 22.0
(63, 17, 16), 26.0
(90, 20, 57), 24.0
(85, 37, 54), 28.0
(64, 93, 98), 31.0
(38, 75, 31), 26.0
(11, 47, 72), 24.0
(0, 2, 4), 39.0
(22, 23, 58), 26.0
(92, 57, 92), None
(34, 4, 42), 28.0
(49, 85, 96), 35.0
(38, 27, 24), 46.0
(33, 44, 77), 53.0
(8, 32, 7), 30.0
(44, 88, 1), 34.0
(31, 37, 65), 28.0
(57, 27, 3), 44.0
(14, 4, 24), 28.0
(4, 66, 94), 28.0
(61, 19, 46), 28.0
(12, 56, 36), 24.0
(27, 32, 63), 26.0
(32, 94, 91), 42.0
(27, 18, 52), 30.0
(2, 86, 18), 26.0
(60, 18, 9), 30.0
(28, 54, 97), 30.0
(52, 98, 29), 24.0
(6, 55, 77), 24.0
(92, 67, 70), 34.0
(5, 42, 96), 30.0
(15, 70, 43), 38.0
(50, 75, 99), 28.0
(26, 93, 56), 30.0
(0, 76, 68), 27.0
(2, 74, 43), 24.0
(16, 34, 79), 28.0
(30, 96, 63), 42.0
(1, 64, 16), 24.0
(84, 26, 29), 30.0
(2, 17, 30), 44.0
(45, 6, 61), 32.0
(97, 60, 95), 35.0
(76, 90, 17), 24.0
(11, 3, 32), 32.0
(72, 35, 42), 26.0
(28, 61, 21), 26.0
(54, 91, 71), 28.0
(50, 25, 63), 28.0
(28, 6, 39), 48.0
(53, 63, 41), 26.0
(68, 31, 76), 29.0
(4, 33, 19), 40.0
(51, 28, 32), 28.0
(70, 51, 70), None
(97, 37, 15), 28.0
(94, 60, 24), 28.0
(83, 80, 77), 30.0
(29, 12, 50), 32.0
(92, 38, 42), 26.0
(82, 64, 47), 31.0
(34, 41, 13), 35.0
(46, 49, 45), 48.0
(26, 39, 5), 35.0
(1, 11, 43), 32.0
(99, 17, 51), 26.0
(38, 66, 22), 22.0
(19, 37, 66), 37.0
(39, 92, 94), 27.0
(0, 98, 15), 28.0
(25, 71, 30), 30.0
(99, 34, 27), 28.0
(83, 59, 97), 40.0
(94, 16, 44), 26.0
(91, 32, 95), 42.0
(76, 93, 3), 22.0
(38, 31, 47), 31.0
(37, 3, 52), 26.0
(27, 88, 36), 30.0
(81, 97, 98), 23.0
(5, 45, 54), 28.0
(54, 11, 45), 28.0
(24, 59, 56), 32.0
(42, 30, 4), 34.0
(59, 65, 27), 26.0
(54, 18, 77), 26.0
(52, 5, 57), 20.0
(69, 55, 83), 28.0
(67, 21, 64), 26.0
(91, 92, 48), 28.0
(89, 73, 10), 24.0
(80, 81, 36), 24.0
(13, 44, 82), 20.0
(36, 1, 22), 30.0
(96, 23, 23), None
(14, 20, 86), 22.0
(64, 15, 98), 26.0
(23, 5, 89), 28.0
(13, 33, 93), 20.0
(46, 62, 53), 34.0
(21, 84, 59), 26.0
(99, 67, 11), 30.0
(82, 82, 39), None
(67, 0, 96), 26.0
(75, 14, 32), 24.0
(17, 1, 59), 30.0
(93, 74, 93), None
(14, 17, 45), 32.0
(51, 11, 43), 26.0
(65, 68, 75), 27.0
(72, 27, 96), 25.0
(55, 34, 42), 24.0
(6, 20, 23), 30.0
(3, 39, 30), 30.0
(97, 16, 49), 29.0
(64, 43, 68), 24.0
(65, 24, 65), None
(68, 22, 49), 28.0
(62, 82, 69), 30.0
(68, 35, 95), 28.0
(40, 14, 95), 28.0
(35, 12, 83), 26.0
(22, 9, 45), 30.0
(75, 22, 52), 36.0
(0, 5, 79), 26.0
(94, 82, 79), 29.0
(64, 40, 72), 31.0
(68, 23, 53), 24.0
(56, 96, 40), 28.0
(62, 61, 66), 36.0
(18, 28, 77), 30.0
(88, 24, 78), 27.0
(64, 92, 31), 33.0
(84, 35, 34), 22.0
(88, 77, 34), 37.0
(61, 13, 98), 26.0
(29, 22, 62), 26.0
(8, 62, 41), 30.0
(44, 26, 14), 32.0
(98, 60, 46), 24.0
(6, 48, 96), 26.0
(86, 70, 97), 35.0
(7, 31, 44), 26.0
(64, 95, 89), 30.0
(54, 2, 19), 26.0
(93, 41, 30), 29.0
(80, 80, 2), None
(52, 76, 26), 26.0
(40, 20, 56), 24.0
(50, 43, 80), 30.0
(4, 82, 18), 26.0
(88, 4, 76), 26.0
(30, 78, 96), 32.0
(43, 69, 71), 26.0
(94, 42, 39), 26.0
(8, 34, 20), 24.0
(88, 38, 17), 24.0
(77, 35, 96), 30.0
(10, 17, 11), 34.0
(91, 78, 47), 32.0
(29, 26, 41), 26.0
(69, 33, 67), 27.0
(61, 85, 57), 22.0
(0, 80, 67), 24.0
(33, 83, 37), 24.0
(80, 41, 39), 24.0
(32, 29, 19), 39.0
(6, 87, 23), 24.0
(73, 38, 34), 24.0
(64, 88, 60), 24.0
(1, 99, 47), 28.0
(9, 12, 40), 30.0
(84, 25, 58), 24.0
(55, 50, 78), 26.0
(62, 41, 57), 27.0
(51, 42, 19), 34.0
(24, 98, 53), 30.0
(61, 15, 92), 28.0
(7, 64, 40), 30.0
(75, 53, 96), 38.0
(86, 9, 4), 29.0
(8, 36, 46), 36.0
(38, 20, 3), 30.0
(92, 58, 27), 26.0
(25, 62, 93), 28.0
(7, 70, 54), 40.0
(46, 76, 77), 30.0
(45, 64, 72), 30.0
(36, 77, 40), 26.0
(11, 59, 30), 32.0
(50, 78, 44), 24.0
(70, 96, 31), 40.0
(76, 10, 18), 24.0
(10, 52, 5), 34.0
(86, 93, 97), 26.0
(10, 77, 85), 29.0
(77, 61, 51), 38.0
(51, 3, 17), 34.0
(56, 90, 54), 32.0
(98, 6, 63), 28.0
(30, 95, 40), 31.0
(7, 70, 52), 37.0
(42, 53, 59), 31.0
(76, 28, 75), 39.0
(87, 71, 66), 28.0
(55, 29, 85), 30.0
(21, 9, 80), 26.0
(57, 28, 56), 33.0
(90, 6, 60), 30.0
(53, 96, 85), 41.0
(67, 85, 63), 30.0
(39, 83, 50), 30.0
(83, 36, 83), None
(88, 66, 49), 26.0
(82, 20, 37), 24.0
(82, 96, 96), None
(31, 64, 46), 28.0
(48, 71, 10), 20.0
(54, 61, 86), 26.0
(67, 98, 38), 28.0
(11, 23, 79), 33.0
(51, 56, 44), 28.0
(34, 12, 48), 24.0
(56, 8, 78), 30.0
(42, 21, 8), 31.0
(6, 57, 53), 20.0
(88, 34, 19), 28.0
(74, 81, 29), 30.0
(84, 98, 69), 40.0
(26, 15, 62), 30.0
(17, 85, 61), 24.0
(93, 39, 21), 24.0
(29, 36, 57), 36.0
(92, 25, 79), 24.0
(48, 32, 24), 30.0
(89, 74, 97), 42.0
(63, 34, 11), 34.0
(75, 76, 76), None
(66, 64, 33), 24.0
(13, 37, 63), 24.0
(33, 37, 22), 28.0
(87, 31, 99), 27.0
(45, 14, 28), 26.0
(39, 94, 52), 26.0
(92, 24, 63), 30.0
(71, 39, 57), 26.0
(39, 26, 3), 34.0
(23, 49, 61), 26.0
(41, 79, 85), 30.0
(40, 93, 68), 29.0
(44, 56, 85), 24.0
(58, 51, 13), 24.0
(78, 95, 94), 36.0
(34, 99, 32), 32.0
(82, 4, 95), 24.0
(18, 19, 36), 36.0
(95, 39, 91), 31.0
(10, 7, 20), 38.0
(63, 90, 80), 36.0
(71, 63, 3), 30.0
(62, 52, 10), 24.0
(73, 75, 74), 26.0
(77, 96, 86), 25.0
(60, 31, 23), 42.0
(45, 51, 53), 28.0
(91, 84, 53), 33.0
(57, 81, 39), 33.0
(90, 85, 5), 24.0
(73, 99, 22), 26.0
(65, 72, 37), 32.0
(60, 37, 69), 22.0
(7, 44, 65), 32.0
(82, 99, 59), 39.0
(74, 13, 95), 24.0
(97, 36, 89), 40.0
(51, 69, 35), 28.0
(95, 84, 20), 39.0
(65, 18, 68), 30.0
(9, 87, 16), 33.0
(40, 21, 70), 28.0
(29, 41, 10), 32.0
(6, 92, 63), 30.0
(18, 97, 76), 33.0
(49, 48, 45), 42.0
(17, 26, 44), 42.0
(14, 30, 17), 30.0
(67, 83, 22), 26.0
(29, 25, 39), 41.0
(49, 52, 20), 27.0
(73, 10, 57), 28.0
(12, 50, 87), 28.0
(22, 54, 25), 29.0
(99, 2, 3), 25.0
(41, 79, 52), 31.0
(73, 82, 85), 36.0
(22, 0, 40), 34.0
(74, 9, 60), 26.0
(70, 92, 24), 32.0
(0, 69, 90), 25.0
(29, 32, 42), 30.0
(44, 94, 85), 32.0
(11, 57, 84), 26.0
(1, 46, 53), 28.0
(5, 39, 49), 37.0
(84, 52, 55), 28.0
(22, 34, 69), 31.0
(50, 68, 98), 30.0
(37, 56, 56), None
(90, 30, 18), 26.0
(79, 61, 29), 25.0
(28, 21, 5), 35.0
(91, 42, 72), 40.0
(6, 82, 10), 30.0
(66, 93, 34), 28.0
(9, 94, 13), 24.0
(8, 7, 39), None
(68, 30, 43), 28.0
(7, 3, 13), 25.0
(90, 43, 27), 30.0
(79, 26, 71), 25.0
(90, 88, 18), 24.0
(89, 17, 74), 29.0
(31, 90, 4), 30.0
(53, 42, 79), 31.0
(52, 49, 38), 25.0
(4, 54, 14), 38.0
(36, 9, 48), 36.0
(88, 89, 94), 36.0
(11, 7, 65), 28.0
(28, 44, 34), 23.0
(41, 33, 23), 34.0
(43, 46, 18), 26.0
(61, 11, 46), 26.0
(48, 27, 20), 32.0
(82, 84, 65), 32.0
(86, 42, 96), 30.0
(59, 35, 63), 26.0
(95, 37, 5), 30.0
(1, 88, 7), 24.0
(38, 40, 19), 29.0
(62, 62, 27), None
(22, 75, 9), 24.0
(56, 65, 31), 29.0
(37, 70, 47), 24.0
(44, 6, 36), 28.0
(53, 66, 87), 30.0
(93, 41, 29), 26.0
(68, 20, 11), 25.0
(36, 75, 8), 22.0
(94, 75, 37), 38.0
(3, 47, 66), 28.0
(78, 41, 42), 32.0
(96, 0, 47), 26.0
(3, 45, 25), 32.0
(59, 82, 17), 28.0
(79, 60, 40), 26.0
(77, 68, 31), 32.0
(46, 92, 61), 28.0
(68, 52, 59), 31.0
(13, 13, 62), None
(28, 91, 95), 28.0
(80, 25, 6), 31.0
(80, 54, 92), 28.0
(51, 29, 26), 30.0
(7, 50, 23), 36.0
(13, 3, 73), 30.0
(72, 75, 48), 34.0
(41, 7, 52), 34.0
(70, 96, 61), 34.0
(75, 39, 12), 24.0
(46, 6, 30), 24.0
(44, 22, 35), 31.0
(37, 40, 23), 30.0
(51, 43, 45), 34.0
(80, 22, 70), 32.0
(88, 70, 9), 24.0
(65, 82, 66), 26.0
(45, 43, 70), 26.0
(35, 2, 16), 30.0
(65, 67, 22), 27.0
(10, 1, 29), 32.0
(72, 95, 67), 32.0
(85, 59, 88), 44.0
(14, 9, 37), 30.0
(49, 80, 80), None
(2, 23, 22), 34.0
(33, 66, 82), 22.0
(95, 99, 68), 41.0
(67, 21, 9), 24.0
(16, 98, 91), 25.0
(48, 68, 26), 40.0
(82, 94, 84), 34.0
(34, 22, 18), 24.0
(7, 22, 77), 28.0
(63, 73, 4), 18.0
(85, 50, 30), 36.0
(85, 5, 10), 24.0
(21, 37, 87), 24.0
(41, 25, 96), 24.0
(36, 0, 13), 28.0
(20, 52, 65), 30.0
(68, 56, 98), 35.0
(20, 32, 74), 30.0
(55, 73, 36), 39.0
(50, 19, 98), 20.0
(57, 41, 58), 30.0
(38, 21, 19), 40.0
(75, 79, 58), 34.0
(99, 26, 62), 25.0
(87, 64, 75), 36.0
(1, 27, 44), 28.0
(30, 84, 90), 45.0
(21, 61, 42), 20.0
(42, 74, 79), 28.0
(56, 59, 20), 28.0
(33, 45, 41), 26.0
(5, 7, 97), 30.0
(54, 42, 18), 28.0
(82, 62, 4), 20.0
(74, 32, 58), 26.0
(78, 16, 11), 28.0
(17, 95, 67), 28.0
(56, 96, 31), 28.0
(16, 66, 86), 22.0
(82, 94, 16), 25.0
(4, 56, 5), 33.0
(44, 90, 90), None
(45, 48, 68), 32.0
(94, 40, 72), 52.0
(83, 54, 54), None
(79, 56, 74), 36.0
(62, 16, 42), 30.0
(62, 40, 82), 28.0
(97, 33, 56), 28.0
(65, 8, 25), 28.0
(33, 34, 10), 36.0
(92, 43, 48), 26.0
(64, 88, 72), 24.0
(6, 0, 38), 44.0
(29, 59, 20), 28.0
(72, 51, 49), 25.0
(16, 69, 40), 26.0
(58, 3, 77), 33.0
(70, 9, 30), 24.0
(40, 21, 55), 26.0
(96, 2, 32), 32.0
(40, 81, 22), 38.0
(38, 80, 15), 28.0
(20, 50, 36), 28.0
(24, 93, 25), 26.0
(33, 73, 0), 28.0
(49, 10, 79), 23.0
(82, 35, 41), 28.0
(38, 87, 62), 28.0
(4, 15, 70), 42.0
(93, 15, 91), 25.0
(74, 90, 37), 32.0
(54, 62, 42), 30.0
(21, 13, 12), 30.0
(43, 74, 54), 35.0
(0, 54, 86), 34.0
(29, 92, 17), 29.0
(68, 54, 44), 26.0
(51, 71, 52), 32.0
(74, 1, 87), 26.0
(2, 77, 83), 24.0
(99, 76, 29), 29.0
(4, 61, 63), 26.0
(38, 89, 82), 31.0
(93, 95, 96), 26.0
(70, 28, 4), 30.0
(83, 39, 22), 24.0
(5, 77, 80), 26.0
(78, 45, 41), 28.0
(5, 69, 82), 24.0
(39, 36, 33), 44.0
(4, 65, 0), 28.0
(37, 91, 77), 28.0
(54, 98, 63), 30.0
(17, 43, 96), 28.0
(56, 85, 62), 26.0
(62, 67, 70), 34.0
(3, 76, 82), 22.0
(35, 72, 71), 26.0
(25, 51, 83), 26.0
(28, 86, 64), 28.0
(23, 12, 79), 31.0
(3, 96, 81), 28.0
(14, 59, 58), 36.0
(51, 67, 6), 24.0
(89, 57, 84), 29.0
(99, 81, 41), 28.0
(4, 86, 48), 30.0
(7, 70, 35), 38.0
(24, 44, 60), 26.0
(26, 98, 0), 24.0
(88, 25, 53), 30.0
(37, 35, 53), 28.0
(22, 74, 55), 29.0
(96, 16, 35), 30.0
(16, 74, 93), 28.0
(46, 74, 70), 26.0
(35, 95, 31), 26.0
(59, 23, 47), 38.0
(22, 64, 59), 26.0
(54, 29, 69), 30.0
(84, 85, 92), 32.0
(48, 94, 28), 26.0
(4, 94, 19), 26.0
(46, 46, 86), None
(17, 5, 39), 53.0
(90, 19, 87), 24.0
(26, 89, 62), 25.0
(87, 27, 86), 40.0
(80, 68, 97), 39.0
(19, 80, 22), 24.0
(53, 50, 28), 32.0
(84, 97, 36), 24.0
(31, 61, 43), 28.0
(26, 91, 81), 26.0
(6, 85, 6), None
(57, 11, 46), 40.0
(14, 47, 26), 46.0
(37, 87, 86), 40.0
(90, 88, 23), 26.0
(72, 21, 57), 26.0
(17, 60, 93), 24.0
(69, 74, 99), 35.0
(40, 4, 10), 47.0
(33, 69, 78), 29.0
(32, 19, 97), 24.0
(58, 53, 56), 38.0
(65, 79, 37), 36.0
(96, 45, 60), 26.0
(49, 11, 23), 30.0
(50, 69, 61), 27.0
(66, 3, 45), 38.0
(88, 25, 87), 28.0
(7, 63, 29), 24.0
(7, 94, 75), 30.0
(32, 98, 82), 26.0
(80, 64, 43), 34.0
(79, 95, 35), 28.0
(18, 92, 61), 28.0
(11, 70, 68), 24.0
(76, 71, 41), 40.0
(60, 26, 7), 34.0
(91, 50, 0), 18.0
(98, 92, 24), 27.0
(68, 15, 99), 26.0
(10, 30, 31), 28.0
(76, 86, 58), 37.0
(79, 75, 9), 36.0
(95, 58, 12), 24.0
(64, 39, 47), 38.0
(99, 3, 76), 28.0
(83, 11, 17), 26.0
(78, 95, 32), 24.0
(47, 28, 12), 28.0
(70, 29, 87), 26.0
(4, 37, 42), 26.0
(29, 87, 64), 30.0
(21, 83, 21), None
(24, 11, 23), 38.0
(25, 62, 67), 26.0
(21, 36, 29), 30.0
(73, 60, 50), 37.0
(84, 72, 39), 33.0
(99, 34, 47), 26.0
(66, 30, 94), 27.0
(20, 38, 96), 26.0
(3, 50, 70), 32.0
(57, 87, 67), 30.0
(36, 52, 6), 28.0
(16, 89, 91), 25.0
(0, 49, 74), 28.0
(3, 82, 26), 24.0
(59, 27, 18), 32.0
(22, 17, 15), 34.0
(59, 91, 47), 35.0
(51, 10, 42), 31.0
(64, 6, 79), 28.0
(28, 92, 60), 24.0
(88, 74, 9), 26.0
(48, 85, 80), 28.0
(69, 0, 90), 25.0
(8, 98, 45), 30.0
(34, 82, 3), 28.0
(11, 33, 97), 38.0
(16, 58, 56), 27.0
(34, 78, 3), 32.0
(28, 78, 40), 22.0
(7, 71, 11), 28.0
(85, 73, 74), 28.0
(10, 94, 27), 20.0
(99, 84, 19), 37.0
(23, 96, 7), 22.0
(24, 55, 8), 30.0
(23, 67, 65), 25.0
(94, 94, 24), None
(97, 34, 63), 28.0
(9, 81, 97), 23.0
(6, 45, 60), 34.0
(27, 84, 1), 24.0
(32, 73, 31), 29.0
(98, 99, 10), 28.0
(23, 27, 78), 30.0
(18, 38, 74), 28.0
(1, 10, 13), 36.0
(61, 22, 58), 24.0
(86, 58, 83), 40.0
(5, 63, 16), 22.0
(80, 52, 30), 31.0
(68, 85, 58), 45.0
(2, 51, 7), 37.0
(25, 49, 10), 26.0
(81, 34, 73), 25.0
(82, 61, 36), 24.0
(79, 1, 28), 28.0
(41, 1, 52), 32.0
(30, 68, 98), 26.0
(2, 68, 67), 29.0
(23, 53, 54), 26.0
(54, 13, 76), 30.0
(6, 20, 21), 32.0
(6, 83, 80), 26.0
(26, 30, 76), 22.0
(86, 3, 18), 28.0
(92, 22, 45), 28.0
(56, 56, 0), None
(51, 22, 18), 30.0
(66, 34, 83), 26.0
(36, 5, 49), 40.0
(11, 39, 3), 28.0
(71, 28, 75), 28.0
(52, 63, 95), 48.0
(86, 19, 18), 34.0
(9, 21, 52), 28.0
(67, 35, 47), 34.0
(48, 83, 7), 26.0
(30, 81, 48), 24.0
(0, 88, 20), 26.0
(25, 46, 11), 36.0
(63, 98, 52), 38.0
(60, 98, 44), 28.0
(86, 52, 44), 26.0
(73, 10, 91), 31.0
(74, 51, 57), 30.0
(5, 42, 59), 26.0
(7, 23, 33), 34.0
(99, 15, 96), 31.0
(82, 42, 79), 28.0
(80, 86, 81), 30.0
(56, 26, 98), 28.0
(60, 23, 2), 34.0
(72, 65, 35), 26.0
(8, 19, 69), 47.0
(95, 10, 39), 24.0
(80, 26, 30), 30.0
(46, 1, 2), 33.0
(72, 77, 34), 24.0
(66, 49, 76), 29.0
(80, 27, 5), 24.0
(8, 56, 93), 28.0
(50, 0, 32), 28.0
(89, 86, 23), 24.0
(21, 37, 74), 26.0
(2, 57, 37), 32.0
(59, 51, 20), 24.0
(88, 49, 95), 42.0
(86, 96, 58), 29.0
(11, 28, 62), 24.0
(5, 17, 24), 34.0
(56, 94, 90), 30.0
(7, 27, 55), 34.0
(89, 10, 23), 29.0
(49, 63, 10), 26.0
(84, 76, 86), 32.0
(27, 63, 70), 34.0
(99, 38, 38), None
(4, 64, 84), 26.0
(38, 97, 4), 28.0
(47, 19, 53), 24.0
(49, 43, 96), 28.0
(24, 86, 29), 26.0
(53, 48, 47), 36.0
(29, 23, 71), 28.0
(44, 24, 83), 24.0
(62, 14, 86), 24.0
(98, 84, 60), 24.0
(64, 30, 97), 36.0
(50, 39, 95), 26.0
(62, 41, 35), 28.0
(80, 33, 13), 24.0
(34, 69, 95), 28.0
(57, 15, 63), 26.0
(51, 41, 5), 43.0
(21, 90, 84), 42.0
(74, 26, 92), 28.0
(30, 84, 65), 29.0
(83, 2, 53), 18.0
(55, 64, 72), 38.0
(42, 59, 10), 26.0
(22, 31, 36), 40.0
(18, 96, 37), 30.0
(10, 36, 26), 30.0
(32, 49, 61), 26.0
(11, 42, 40), 36.0
(44, 24, 35), 27.0
(78, 45, 31), 28.0
(52, 49, 24), 26.0
(14, 18, 67), 40.0
(9, 62, 66), 24.0
(17, 28, 92), 28.0
(75, 18, 77), 26.0
(30, 62, 55), 24.0
(71, 30, 55), 26.0
(41, 42, 58), 30.0
(65, 42, 61), 26.0
(38, 96, 54), 26.0
(50, 0, 96), 28.0
(98, 48, 39), 26.0
(67, 20, 20), None
(36, 84, 33), 20.0
(27, 3, 96), 26.0
(64, 68, 98), 30.0
(61, 89, 77), 29.0
(99, 99, 70), None
(81, 76, 59), 28.0
(96, 85, 3), 27.0
(32, 65, 87), 38.0
(37, 11, 75), 28.0
(70, 80, 72), 32.0
(70, 89, 74), 18.0
(49, 1, 99), 26.0
(29, 22, 30), 26.0
(4, 79, 66), 26.0
(22, 42, 90), 28.0
(85, 84, 23), 32.0
(8, 95, 52), 28.0
(82, 54, 36), 40.0
(38, 10, 95), 24.0
(99, 21, 16), 24.0
(1, 22, 88), 31.0
(8, 55, 49), 28.0
(40, 10, 97), 28.0
(73, 75, 29), 28.0
(85, 37, 71), 26.0
(87, 14, 51), 24.0
(41, 31, 39), 30.0
(5, 31, 7), 28.0
(85, 77, 72), 30.0
(36, 29, 67), 30.0
(73, 87, 80), 28.0
(95, 28, 26), 24.0
(15, 92, 88), 24.0
(4, 60, 89), 24.0
(47, 26, 7), 34.0
(59, 9, 37), 28.0
(54, 61, 31), 28.0
(57, 94, 85), 38.0
(67, 7, 34), 26.0
(45, 86, 93), 28.0
(11, 75, 62), 28.0
(48, 21, 83), 24.0
(83, 2, 86), 26.0
(88, 19, 68), 18.0
(61, 44, 36), 46.0
(99, 70, 95), 19.0
(2, 45, 37), 28.0
(38, 55, 96), 28.0
(62, 52, 27), 29.0
(12, 45, 18), 26.0
(13, 19, 83), 24.0
(91, 1, 45), 28.0
(3, 44, 69), 34.0
(48, 10, 21), 34.0
(75, 13, 34), 24.0
(52, 2, 46), 24.0
(74, 4, 64), 28.0
(62, 5, 24), 38.0
(97, 12, 71), 24.0
(51, 64, 23), 26.0
(79, 66, 86), 28.0
(57, 46, 27), 28.0
(2, 28, 1), 25.0
(20, 19, 21), 22.0
(99, 1, 56), 34.0
(86, 0, 18), 26.0
(20, 94, 43), 32.0
(83, 80, 14), 28.0
(21, 95, 92), 38.0
(26, 25, 55), 28.0
(16, 69, 1), 30.0
(60, 49, 78), 28.0
(26, 84, 7), 32.0
(72, 78, 29), 30.0
(54, 92, 88), 31.0
(3, 88, 38), 30.0
(24, 15, 14), 32.0
(47, 18, 3), 36.0
(12, 29, 17), 36.0
(42, 78, 94), 28.0
(26, 43, 77), 24.0
(45, 20, 44), 37.0
(59, 78, 21), 25.0
(53, 86, 74), 38.0
(98, 18, 33), 24.0
(48, 8, 3), 45.0
(50, 41, 82), 32.0
(30, 40, 77), 29.0
(98, 98, 40), None
(9, 70, 76), 24.0
(68, 55, 1), 28.0
(67, 29, 25), 28.0
(54, 42, 9), 28.0
(60, 33, 81), 36.0
(42, 48, 80), 24.0
(97, 33, 4), 28.0
(98, 6, 17), 30.0
(84, 45, 90), 28.0
(33, 85, 97), 28.0
(56, 2, 88), 32.0
(66, 26, 32), 22.0
(48, 72, 31), 24.0
(21, 49, 12), 30.0
(91, 9, 29), 26.0
(30, 40, 85), 29.0
(83, 10, 71), 36.0
(50, 32, 12), 28.0
(2, 62, 9), 30.0
(70, 9, 55), 30.0
(98, 56, 52), 24.0
(45, 64, 87), 30.0
(75, 59, 42), 28.0
(51, 80, 77), 36.0
(76, 52, 51), 37.0
(11, 51, 30), 32.0
(80, 83, 15), 28.0
(11, 61, 30), 36.0
(66, 36, 50), 20.0
(99, 72, 46), 31.0
(38, 66, 78), 32.0
(9, 62, 33), 30.0
(93, 34, 39), 28.0
(2, 97, 55), 30.0
(52, 96, 16), 24.0
(64, 12, 92), 30.0
(41, 51, 93), 40.0
(70, 55, 17), 34.0
(87, 42, 37), 24.0
(91, 35, 76), 26.0
(46, 17, 50), 26.0
(99, 19, 7), 31.0
(44, 77, 64), 26.0
(47, 33, 90), 28.0
(19, 91, 89), 23.0
(31, 65, 94), 33.0
(40, 82, 4), 36.0
(54, 19, 45), 37.0
(77, 46, 14), 34.0
(45, 99, 50), 31.0
(69, 0, 64), 30.0
(97, 64, 96), 39.0
(57, 1, 28), 32.0
(45, 69, 51), 24.0
(94, 42, 69), 28.0
(54, 54, 19), None
(64, 37, 83), 40.0
(80, 84, 71), 38.0
(94, 89, 77), 36.0
(56, 27, 80), 28.0
(82, 86, 79), 28.0
(57, 59, 19), 30.0
(31, 4, 25), 24.0
(85, 16, 30), 24.0
(71, 58, 45), 24.0
(47, 53, 92), 26.0
(2, 53, 78), 28.0
(81, 76, 97), 28.0
(33, 23, 55), 26.0
(16, 50, 59), 28.0
(55, 60, 8), 32.0
(9, 90, 97), 23.0
(43, 82, 22), 24.0
(24, 21, 67), 26.0
(98, 35, 9), 30.0
(34, 82, 19), 28.0
(71, 49, 52), 28.0
(32, 12, 44), 29.0
(36, 60, 52), 38.0
(66, 55, 28), 24.0
(78, 5, 66), 32.0
(89, 97, 41), 27.0
(75, 40, 0), 28.0
(38, 0, 92), 24.0
(15, 40, 43), 38.0
(56, 16, 16), None
(5, 52, 44), 33.0
(2, 97, 29), 26.0
(83, 73, 87), 35.0
(29, 7, 71), 24.0
(16, 58, 88), 22.0
(85, 87, 38), 38.0
(5, 34, 57), 28.0
(13, 58, 78), 28.0
(61, 66, 81), 32.0
(86, 14, 19), 24.0
(84, 20, 89), 26.0
(31, 4, 57), 28.0
(84, 65, 27), 40.0
(77, 88, 9), 28.0
(82, 31, 39), 24.0
(29, 59, 3), 47.0
(18, 31, 51), 32.0
(35, 44, 54), 26.0
(90, 63, 13), 32.0
(8, 23, 12), 26.0
(63, 0, 26), 24.0
(6, 43, 86), 30.0
(96, 57, 46), 31.0
(26, 79, 34), 30.0
(56, 38, 72), 36.0
(55, 0, 64), 30.0
(86, 65, 46), 32.0
(85, 71, 53), 34.0
(52, 1, 48), 24.0
(3, 94, 21), 30.0
(76, 89, 25), 26.0
(96, 16, 73), 24.0
(64, 61, 71), 32.0
(37, 76, 78), 32.0
(87, 50, 77), 34.0
(4, 44, 71), 28.0
(80, 39, 85), 28.0
(59, 82, 32), 26.0
(58, 77, 94), 50.0
(21, 44, 74), 28.0
(79, 76, 0), 30.0
(25, 30, 47), 28.0
(52, 89, 30), 32.0
(65, 73, 90), 40.0
(47, 2, 31), 28.0
(7, 53, 25), 30.0
(56, 60, 12), 28.0
(0, 16, 64), 26.0
(94, 78, 71), 35.0
(10, 63, 2), 38.0
(19, 33, 53), 24.0
(74, 17, 89), 29.0
(14, 48, 32), 30.0
(6, 76, 61), 24.0
(97, 74, 36), 26.0
(40, 8, 10), 43.0
(43, 1, 58), 26.0
(44, 66, 2), 40.0
(26, 66, 54), 28.0
(31, 14, 13), 37.0
(65, 37, 9), 34.0
(82, 67, 24), 26.0
(34, 50, 69), 26.0
(22, 1, 89), 31.0
(61, 45, 90), 26.0
(33, 22, 64), 31.0
(26, 19, 71), 29.0
(23, 65, 73), 29.0
(67, 54, 94), 28.0
(70, 81, 45), 28.0
(62, 98, 53), 26.0
(88, 88, 39), None
(35, 90, 38), 28.0
(38, 44, 33), 27.0
(13, 92, 84), 25.0
(94, 46, 95), 31.0
(38, 43, 60), 26.0
(22, 26, 55), 28.0
(46, 35, 76), 36.0
(4, 84, 79), 26.0
(51, 88, 68), 24.0
(71, 22, 8), 28.0
(92, 10, 70), 34.0
(36, 62, 50), 30.0
(58, 54, 88), 30.0
(88, 59, 79), 33.0
(28, 88, 52), 24.0
(81, 16, 22), 28.0
(54, 68, 4), 28.0
(65, 16, 15), 26.0
(7, 8, 46), 33.0
(19, 99, 5), 35.0
(11, 99, 74), 28.0
(73, 56, 15), 28.0
(71, 96, 79), 29.0
(62, 57, 28), 28.0
(36, 33, 76), 24.0
(37, 23, 94), 24.0
(34, 84, 62), 28.0
(45, 87, 93), 26.0
(99, 18, 29), 27.0
(89, 18, 6), 40.0
(10, 77, 25), 28.0
(23, 10, 36), 28.0
(71, 71, 68), None
(79, 96, 20), 30.0
(95, 41, 57), 22.0
(52, 41, 68), 26.0
(74, 98, 1), 28.0
(67, 58, 26), 36.0
(14, 62, 82), 22.0
(21, 31, 72), 24.0
(50, 89, 72), 30.0
(65, 38, 90), 32.0
(16, 11, 26), 27.0
(85, 21, 6), 26.0
(75, 87, 12), 28.0
(79, 62, 46), 34.0
(3, 35, 4), 29.0
(55, 95, 21), 28.0
(38, 17, 24), 30.0
(36, 26, 54), 26.0
(66, 38, 26), 26.0
(45, 79, 37), 28.0
(72, 45, 72), None
(79, 10, 95), 28.0
(11, 4, 32), 30.0
(37, 81, 10), 24.0
(84, 77, 72), 33.0
(95, 64, 47), 28.0
(99, 25, 76), 23.0
(17, 10, 78), 26.0
(2, 72, 46), 30.0
(90, 36, 49), 28.0
(72, 93, 76), 28.0
(2, 20, 11), 53.0
(45, 86, 91), 28.0
(84, 44, 53), 32.0
(4, 82, 3), 33.0
(8, 6, 53), 24.0
(85, 97, 70), 18.0
(37, 46, 26), 28.0
(39, 71, 51), 24.0
(25, 68, 68), None
(41, 98, 98), None
(35, 28, 44), 36.0
(87, 57, 32), 24.0
(31, 56, 93), 30.0
(68, 26, 20), 26.0
(40, 43, 57), 30.0
(63, 71, 92), 34.0
(31, 53, 8), 24.0
(38, 53, 25), 24.0
(29, 69, 75), 34.0
(78, 43, 80), 28.0
(38, 29, 29), None
(65, 98, 52), 24.0
(20, 69, 13), 30.0
(37, 92, 0), 24.0
(12, 1, 76), 25.0
Sampler:CmaEsSampler
(67, 57, 29), 22.0
(34, 59, 36), 38.0
(89, 82, 43), 26.0
(25, 52, 47), 26.0
(55, 42, 42), None
(76, 40, 36), 24.0
(45, 19, 35), 28.0
(61, 35, 43), 45.0
(48, 40, 17), 26.0
(61, 50, 28), 26.0
(62, 40, 57), 29.0
(54, 30, 47), 26.0
(73, 66, 76), 35.0
(88, 86, 36), 32.0
(87, 46, 36), 22.0
(70, 78, 69), 26.0
(76, 10, 43), 34.0
(92, 40, 53), 28.0
(67, 66, 32), 28.0
(65, 54, 41), 36.0
(80, 33, 35), 24.0
(65, 38, 34), 26.0
(88, 53, 52), 24.0
(85, 37, 34), 26.0
(82, 53, 14), 20.0
(72, 49, 25), 26.0
(77, 5, 39), 38.0
(76, 34, 20), 28.0
(61, 30, 28), 24.0
(75, 42, 54), 31.0
(80, 35, 22), 28.0
(66, 15, 34), 30.0
(75, 38, 20), 28.0
(68, 38, 11), 28.0
(84, 41, 11), 28.0
(89, 63, 25), 28.0
(71, 40, 10), 23.0
(83, 30, 35), 28.0
(84, 38, 10), 26.0
(75, 44, 10), 28.0
(51, 15, 33), 54.0
(54, 49, 4), 28.0
(56, 27, 19), 33.0
(59, 26, 12), 36.0
(83, 36, 18), 38.0
(77, 36, 21), 26.0
(54, 48, 4), 24.0
(98, 42, 20), 35.0
(95, 28, 4), 28.0
(93, 31, 24), 26.0
(67, 26, 14), 36.0
(36, 35, 20), 24.0
(67, 47, 11), 24.0
(91, 17, 4), 24.0
(66, 50, 23), 24.0
(27, 50, 32), 34.0
(40, 33, 7), 30.0
(85, 51, 13), 30.0
(32, 50, 6), 44.0
(67, 40, 17), 26.0
(54, 39, 13), 28.0
(35, 23, 42), 28.0
(9, 39, 6), 48.0
(43, 35, 17), 31.0
(11, 46, 20), 30.0
(65, 36, 28), 30.0
(56, 21, 4), 24.0
(44, 40, 22), 29.0
(66, 40, 36), 20.0
(62, 28, 7), 24.0
(62, 40, 12), 28.0
(66, 27, 35), 32.0
(55, 30, 26), 26.0
(62, 34, 24), 30.0
(63, 36, 28), 35.0
(78, 34, 27), 30.0
(52, 28, 25), 28.0
(46, 31, 10), 25.0
(59, 27, 30), 28.0
(61, 28, 24), 34.0
(61, 26, 5), 26.0
(53, 31, 16), 29.0
(63, 26, 15), 28.0
(53, 18, 10), 32.0
(52, 27, 37), 24.0
(50, 42, 30), 31.0
(57, 12, 34), 31.0
(72, 27, 18), 38.0
(33, 32, 12), 28.0
(61, 31, 22), 38.0
(49, 25, 15), 28.0
(80, 27, 11), 30.0
(43, 17, 29), 32.0
(54, 26, 2), 26.0
(36, 22, 20), 34.0
(53, 26, 19), 29.0
(28, 28, 11), None
(33, 28, 34), 22.0
(96, 15, 15), None
(57, 43, 19), 26.0
(37, 27, 16), 28.0
(54, 26, 15), 28.0
(48, 24, 11), 24.0
(46, 31, 4), 28.0
(41, 37, 9), 30.0
(32, 37, 31), 32.0
(59, 33, 0), 37.0
(45, 31, 31), None
(27, 28, 33), 38.0
(52, 29, 34), 30.0
(55, 31, 21), 28.0
(49, 28, 21), 28.0
(35, 30, 15), 26.0
(61, 21, 0), 30.0
(49, 25, 7), 34.0
(48, 32, 8), 30.0
(58, 28, 10), 30.0
(46, 23, 28), 33.0
(40, 23, 13), 38.0
(46, 24, 8), 36.0
(50, 25, 33), 46.0
(46, 33, 13), 23.0
(36, 28, 20), 31.0
(53, 27, 16), 24.0
(41, 30, 5), 29.0
(52, 28, 17), 26.0
(34, 29, 21), 20.0
(49, 31, 12), 30.0
(40, 37, 24), 32.0
(50, 30, 8), 31.0
(62, 27, 32), 30.0
(31, 25, 20), 33.0
(28, 27, 17), 40.0
(38, 28, 22), 40.0
(39, 30, 15), 26.0
(44, 31, 18), 22.0
(35, 30, 21), 34.0
(40, 25, 21), 46.0
(38, 28, 15), 40.0
(38, 32, 26), 30.0
(42, 30, 26), 33.0
(40, 29, 19), 34.0
(37, 32, 26), 36.0
(33, 32, 19), 18.0
(45, 29, 12), 26.0
(38, 30, 8), 30.0
(38, 31, 20), 32.0
(38, 30, 22), 30.0
(47, 31, 24), 36.0
(37, 29, 17), 35.0
(36, 31, 20), 29.0
(43, 31, 16), 35.0
(33, 30, 17), 36.0
(31, 30, 16), 32.0
(32, 30, 23), 30.0
(29, 30, 14), 22.0
(38, 34, 21), 24.0
(40, 30, 16), 43.0
(34, 33, 19), 24.0
(38, 30, 17), 32.0
(33, 31, 17), 28.0
(33, 32, 18), 22.0
(41, 30, 22), 34.0
(32, 31, 11), 28.0
(29, 33, 20), 26.0
(37, 32, 23), 34.0
(34, 31, 15), 28.0
(30, 30, 22), None
(34, 32, 17), 22.0
(26, 34, 17), 40.0
(32, 30, 20), 31.0
(45, 31, 17), 32.0
(36, 31, 13), 28.0
(32, 35, 20), 39.0
(27, 31, 17), 34.0
(37, 34, 15), 24.0
(33, 34, 17), 26.0
(33, 33, 13), None
(32, 32, 16), None
(34, 30, 13), 30.0
(32, 32, 24), None
(31, 32, 17), 34.0
(29, 33, 16), 34.0
(36, 33, 14), 23.0
(39, 33, 10), 30.0
(28, 32, 17), 38.0
(34, 35, 16), 32.0
(29, 35, 18), 36.0
(36, 34, 10), 30.0
(37, 33, 10), 30.0
(40, 33, 18), 28.0
(44, 33, 17), 23.0
(40, 34, 8), 30.0
(40, 33, 5), 38.0
(37, 31, 4), 34.0
(44, 35, 15), 30.0
(49, 34, 18), 28.0
(46, 28, 14), 33.0
(41, 31, 11), 30.0
(44, 31, 25), 30.0
(51, 31, 18), 32.0
(55, 35, 15), 38.0
(41, 35, 18), 26.0
(56, 36, 12), 24.0
(46, 33, 18), 34.0
(49, 33, 26), 34.0
(48, 36, 8), 30.0
(57, 37, 21), 26.0
(52, 41, 6), 31.0
(44, 34, 7), 34.0
(53, 30, 17), 30.0
(47, 39, 18), 31.0
(32, 29, 34), 25.0
(49, 37, 22), 36.0
(57, 38, 7), 40.0
(34, 32, 8), 28.0
(57, 32, 17), 26.0
(31, 29, 21), 34.0
(34, 36, 24), 25.0
(58, 34, 27), 28.0
(28, 26, 35), 32.0
(44, 30, 22), 29.0
(28, 31, 21), 30.0
(37, 43, 9), 26.0
(36, 38, 11), 24.0
(44, 37, 27), 28.0
(29, 33, 28), 30.0
(35, 32, 20), 39.0
(39, 30, 19), 34.0
(38, 39, 15), 29.0
(27, 40, 4), 44.0
(22, 36, 17), 35.0
(35, 32, 11), 30.0
(31, 38, 18), 32.0
(46, 36, 11), 28.0
(26, 38, 21), 26.0
(30, 37, 15), 36.0
(16, 34, 19), 34.0
(29, 45, 9), 30.0
(27, 28, 22), 32.0
(17, 32, 11), 26.0
(46, 35, 22), 44.0
(55, 40, 22), 28.0
(9, 35, 14), 34.0
(35, 40, 9), 31.0
(34, 35, 15), 26.0
(31, 41, 17), 42.0
(31, 37, 15), 38.0
(29, 40, 4), 30.0
(32, 41, 5), 50.0
(33, 38, 13), 28.0
(22, 38, 4), 38.0
(41, 35, 8), 26.0
(29, 37, 9), 29.0
(30, 35, 22), 42.0
(26, 33, 24), 36.0
(27, 35, 17), 28.0
(27, 35, 14), 28.0
(33, 36, 11), 34.0
(41, 39, 3), 28.0
(22, 36, 9), 32.0
(35, 30, 20), 38.0
(34, 33, 21), 38.0
(46, 37, 8), 29.0
(34, 38, 9), 25.0
(38, 35, 11), 24.0
(28, 38, 6), 39.0
(33, 35, 6), 28.0
(24, 37, 12), 26.0
(29, 37, 16), 33.0
(31, 36, 0), 25.0
(42, 37, 8), 26.0
(35, 35, 12), None
(39, 36, 16), 30.0
(40, 36, 13), 28.0
(43, 38, 4), 26.0
(32, 33, 15), 32.0
(40, 38, 5), 32.0
(34, 34, 11), None
(33, 39, 12), 31.0
(43, 38, 9), 26.0
(28, 33, 9), 32.0
(33, 35, 11), 36.0
(38, 38, 9), None
(43, 41, 5), 32.0
(41, 36, 9), 32.0
(48, 38, 8), 38.0
(39, 38, 5), 31.0
(40, 35, 6), 28.0
(41, 39, 8), 34.0
(43, 38, 10), 34.0
(36, 35, 9), 40.0
(32, 36, 5), 30.0
(37, 37, 7), None
(46, 37, 7), 33.0
(40, 37, 12), 32.0
(44, 36, 6), 28.0
(37, 37, 10), None
(44, 37, 4), 26.0
(39, 41, 1), 26.0
(38, 39, 6), 27.0
(43, 36, 7), 26.0
(35, 38, 5), 30.0
(33, 35, 8), 30.0
(44, 37, 3), 28.0
(47, 40, 0), 26.0
(43, 38, 2), 28.0
(47, 37, 2), 40.0
(37, 37, 4), None
(35, 37, 4), 36.0
(47, 37, 3), 45.0
(40, 37, 5), 28.0
(43, 38, 5), 28.0
(40, 39, 1), 30.0
(49, 41, 3), 28.0
(42, 37, 4), 26.0
(50, 38, 1), 30.0
(41, 37, 7), 28.0
(51, 40, 4), 32.0
(36, 36, 10), None
(39, 36, 5), 34.0
(41, 37, 11), 28.0
(42, 38, 4), 22.0
(41, 38, 4), 30.0
(35, 37, 11), 24.0
(37, 39, 10), 28.0
(44, 38, 3), 28.0
(45, 38, 8), 28.0
(41, 37, 3), 26.0
(44, 40, 2), 28.0
(37, 37, 5), None
(42, 40, 7), 30.0
(38, 38, 7), None
(42, 37, 10), 30.0
(41, 38, 3), 32.0
(39, 37, 7), 32.0
(38, 39, 3), 32.0
(41, 39, 4), 28.0
(39, 36, 9), 38.0
(36, 37, 9), 32.0
(44, 39, 3), 30.0
(40, 38, 7), 32.0
(43, 39, 4), 30.0
(37, 38, 5), 35.0
(39, 38, 8), 27.0
(45, 38, 3), 26.0
(40, 37, 8), 28.0
(42, 39, 5), 30.0
(41, 38, 5), 32.0
(45, 39, 3), 28.0
(40, 38, 6), 34.0
(40, 39, 8), 32.0
(42, 37, 5), 26.0
(45, 37, 4), 28.0
(46, 38, 3), 34.0
(44, 37, 6), 28.0
(41, 37, 4), 26.0
(47, 38, 4), 31.0
(42, 37, 6), 28.0
(44, 38, 4), 28.0
(43, 37, 4), 26.0
(43, 39, 3), 24.0
(44, 35, 3), 28.0
(41, 38, 6), 32.0
(42, 38, 3), 28.0
(44, 36, 4), 24.0
(40, 37, 6), 30.0
(43, 39, 5), 28.0
(44, 37, 7), 28.0
(44, 37, 5), 22.0
(41, 37, 5), 28.0
(44, 40, 3), 28.0
(42, 37, 3), 26.0
(45, 39, 4), 28.0
(45, 38, 2), 26.0
(43, 37, 3), 24.0
(43, 37, 6), 24.0
(43, 36, 5), 26.0
(40, 38, 3), 34.0
(40, 37, 4), 30.0
(43, 37, 5), 26.0
(44, 37, 1), 28.0
(43, 36, 4), 24.0
(42, 37, 2), 28.0
(45, 36, 3), 31.0
(45, 37, 3), 28.0
(44, 37, 2), 32.0
(42, 39, 4), 24.0
(42, 36, 2), 28.0
(41, 36, 3), 28.0
(43, 40, 4), 28.0
(43, 41, 4), 33.0
(41, 39, 2), 30.0
(44, 39, 4), 28.0
(42, 38, 5), 30.0
(42, 39, 3), 24.0
(41, 39, 5), 28.0
(41, 41, 2), None
(41, 40, 3), 36.0
(43, 38, 3), 22.0
(42, 40, 3), 32.0
(43, 40, 3), 28.0
(42, 39, 2), 24.0
(44, 36, 3), 26.0
