Sampler:TPESampler
(281, 71, 16), 83.0
(224, 270, 341), 86.0
(119, 74, 43), None
(174, 5, 130), None
(93, 38, 120), 98.0
(354, 194, 54), 78.0
(291, 246, 143), 74.0
(336, 36, 353), 78.0
(292, 356, 126), 88.0
(220, 328, 305), 86.0
(15, 181, 236), 84.0
(389, 186, 195), 84.0
(380, 254, 69), 72.0
(398, 266, 184), 70.0
(383, 280, 230), 82.0
(332, 143, 82), 76.0
(253, 383, 193), 86.0
(398, 311, 287), 98.0
(161, 242, 93), 94.0
(340, 134, 0), 88.0
(48, 232, 180), None
(296, 242, 152), 72.0
(366, 301, 161), 82.0
(317, 224, 247), 98.0
(312, 275, 88), 82.0
(363, 342, 157), 82.0
(254, 152, 46), None
(398, 212, 394), 109.0
(263, 263, 213), None
(307, 302, 266), 86.0
(369, 384, 29), 62.0
(367, 385, 22), 75.0
(351, 362, 64), 74.0
(379, 259, 19), 60.0
(276, 111, 18), None
(379, 285, 33), 65.0
(322, 287, 110), None
(180, 326, 30), 78.0
(124, 393, 3), None
(371, 350, 38), 87.0
(347, 208, 47), None
(378, 259, 71), 73.0
(294, 229, 105), 72.0
(350, 169, 14), 98.0
(396, 292, 138), 95.0
(217, 247, 162), 90.0
(359, 327, 124), 60.0
(331, 321, 60), 76.0
(382, 360, 128), 90.0
(355, 339, 178), 93.0
(381, 371, 111), None
(336, 269, 74), 68.0
(336, 275, 81), 86.0
(357, 312, 34), 92.0
(396, 292, 54), 85.0
(325, 337, 93), 72.0
(369, 270, 74), 69.0
(371, 315, 67), 72.0
(344, 377, 12), 66.0
(305, 375, 9), None
(338, 398, 29), 64.0
(343, 398, 22), 57.0
(343, 393, 30), 68.0
(284, 396, 22), 63.0
(238, 399, 45), None
(314, 364, 28), 66.0
(279, 349, 0), 72.0
(386, 385, 53), 64.0
(359, 386, 54), 65.0
(323, 371, 18), 70.0
(388, 384, 52), 62.0
(388, 386, 42), None
(361, 394, 20), 61.0
(389, 353, 18), 70.0
(362, 367, 56), None
(372, 397, 36), 94.0
(298, 335, 0), 96.0
(350, 374, 25), 66.0
(329, 399, 10), None
(55, 5, 51), None
(379, 385, 81), 64.0
(361, 352, 41), None
(399, 384, 88), 61.0
(370, 361, 99), None
(399, 383, 81), 56.0
(398, 381, 64), 60.0
(396, 347, 83), 60.0
(399, 345, 84), 57.0
(396, 331, 122), 90.0
(397, 345, 89), 65.0
(399, 54, 104), 79.0
(387, 378, 81), 60.0
(378, 303, 112), 69.0
(389, 323, 81), 70.0
(378, 360, 135), 64.0
(359, 377, 98), None
(389, 368, 329), 90.0
(373, 344, 63), 58.0
(374, 348, 147), 64.0
(383, 343, 66), 64.0
(349, 329, 64), 76.0
(365, 353, 116), 68.0
(132, 377, 74), 92.0
(390, 359, 97), None
(398, 389, 62), 64.0
(355, 318, 88), 98.0
(378, 377, 82), 97.0
(363, 368, 217), 84.0
(372, 337, 106), 72.0
(386, 357, 120), 64.0
(194, 382, 77), None
(390, 391, 46), None
(367, 368, 35), 68.0
(399, 379, 68), 67.0
(381, 306, 90), 85.0
(389, 391, 61), 62.0
(350, 189, 8), None
(392, 391, 59), None
(382, 343, 50), None
(373, 123, 39), 77.0
(343, 364, 71), 74.0
(368, 381, 23), 76.0
(384, 371, 87), 66.0
(374, 399, 58), None
(357, 92, 75), 86.0
(399, 382, 42), None
(363, 166, 16), 90.0
(13, 356, 27), 88.0
(384, 388, 49), None
(392, 390, 170), 72.0
(391, 208, 391), None
(375, 372, 60), 68.0
(385, 399, 102), 62.0
(366, 382, 82), 96.0
(399, 398, 101), 94.0
(379, 363, 95), 75.0
(352, 392, 109), 78.0
(385, 221, 90), 72.0
(334, 327, 69), 62.0
(335, 328, 70), 70.0
(390, 373, 128), 64.0
(151, 348, 78), None
(344, 340, 33), 76.0
(76, 296, 85), 100.0
(355, 315, 68), 58.0
(375, 313, 96), None
(362, 390, 5), None
(371, 249, 53), 68.0
(356, 378, 22), 111.0
(327, 284, 67), 72.0
(399, 365, 104), 57.0
(390, 358, 104), 64.0
(381, 364, 110), None
(337, 331, 120), 88.0
(394, 351, 80), None
(399, 320, 94), 64.0
(384, 399, 136), 93.0
(367, 326, 272), 102.0
(375, 337, 74), 86.0
(387, 384, 59), None
(353, 346, 41), None
(266, 372, 68), 64.0
(399, 376, 85), 98.0
(380, 391, 13), 62.0
(391, 386, 53), 60.0
(376, 385, 12), 64.0
(391, 21, 34), 78.0
(368, 368, 45), None
(360, 351, 66), 64.0
(346, 358, 55), None
(383, 389, 92), 62.0
(391, 382, 75), 62.0
(231, 399, 93), 71.0
(373, 377, 103), 90.0
(381, 393, 19), 66.0
(393, 383, 77), None
(392, 366, 81), 66.0
(363, 332, 62), 66.0
(381, 312, 71), 64.0
(385, 393, 0), 59.0
(396, 399, 114), None
(390, 389, 2), 58.0
(399, 375, 4), None
(383, 388, 2), 72.0
(389, 382, 9), None
(378, 389, 19), 74.0
(370, 366, 26), 62.0
(366, 367, 26), 62.0
(357, 345, 1), 56.0
(360, 339, 0), 56.0
(357, 340, 2), 62.0
(387, 343, 8), None
(352, 350, 14), 68.0
(399, 391, 18), 81.0
(363, 339, 0), 58.0
(375, 338, 2), 78.0
(346, 331, 0), 68.0
(210, 354, 12), 82.0
(361, 319, 7), None
(373, 355, 0), 72.0
(358, 361, 16), 62.0
(28, 394, 8), None
(318, 326, 88), 62.0
(389, 375, 51), 70.0
(369, 368, 27), 62.0
(392, 379, 33), 83.0
(377, 346, 14), 68.0
(367, 371, 29), 64.0
(399, 359, 24), 63.0
(383, 394, 0), 59.0
(383, 334, 9), None
(355, 305, 17), 62.0
(363, 384, 0), 63.0
(383, 390, 8), None
(344, 319, 86), 62.0
(387, 240, 0), 61.0
(354, 254, 15), 68.0
(338, 274, 0), 86.0
(371, 261, 194), 78.0
(399, 226, 8), None
(381, 399, 11), 67.0
(388, 385, 99), None
(351, 308, 20), 66.0
(392, 241, 0), 61.0
(392, 237, 1), 86.0
(392, 342, 8), None
(385, 233, 0), None
(381, 243, 93), 70.0
(392, 205, 61), 78.0
(342, 197, 83), 62.0
(376, 222, 76), 60.0
(373, 249, 20), 74.0
(369, 217, 77), None
(394, 217, 12), 58.0
(397, 237, 0), 80.0
(399, 215, 9), None
(386, 209, 13), 80.0
(378, 226, 208), 80.0
(390, 178, 7), None
(377, 230, 70), 66.0
(391, 240, 20), 61.0
(392, 244, 20), 68.0
(386, 255, 8), None
(396, 234, 245), 83.0
(399, 218, 0), 84.0
(385, 201, 76), 80.0
(377, 243, 14), 66.0
(391, 223, 24), 62.0
(384, 337, 84), 58.0
(363, 336, 84), 58.0
(366, 336, 83), 58.0
(373, 336, 81), 76.0
(362, 344, 68), 102.0
(366, 335, 89), 64.0
(378, 328, 75), 86.0
(357, 341, 62), 60.0
(360, 344, 64), 80.0
(354, 338, 81), 90.0
(366, 351, 58), None
(362, 323, 83), 73.0
(373, 337, 72), 88.0
(349, 347, 66), 62.0
(381, 329, 91), 63.0
(248, 351, 54), 67.0
(369, 333, 75), 72.0
(358, 323, 98), None
(383, 342, 86), 72.0
(175, 356, 66), 80.0
(374, 344, 43), None
(399, 339, 75), 67.0
(399, 317, 85), 68.0
(350, 329, 56), None
(99, 378, 96), None
(384, 361, 88), 84.0
(364, 349, 306), 92.0
(376, 190, 80), None
(385, 381, 106), 93.0
(358, 373, 70), 98.0
(369, 155, 96), None
(391, 386, 62), 66.0
(343, 393, 39), 67.0
(377, 337, 8), None
(386, 333, 8), None
(369, 354, 47), None
(356, 396, 34), 64.0
(393, 343, 77), None
(399, 364, 89), 65.0
(350, 325, 15), 68.0
(382, 313, 65), 64.0
(377, 376, 76), 93.0
(389, 296, 25), 72.0
(362, 350, 4), None
(372, 268, 0), 69.0
(391, 335, 377), 96.0
(363, 391, 54), 61.0
(381, 360, 13), 74.0
(363, 386, 51), 62.0
(385, 324, 71), 64.0
(355, 391, 57), None
(394, 375, 105), 66.0
(375, 345, 158), 94.0
(398, 368, 84), 59.0
(399, 369, 81), 61.0
(331, 359, 93), 94.0
(387, 351, 145), 79.0
(370, 331, 116), 80.0
(380, 368, 84), 83.0
(347, 340, 182), 94.0
(392, 380, 68), 68.0
(370, 399, 100), 75.0
(380, 318, 81), 58.0
(379, 321, 73), 70.0
(399, 309, 85), 63.0
(366, 314, 92), 66.0
(387, 298, 78), None
(358, 332, 84), 68.0
(285, 288, 67), 62.0
(374, 319, 60), 91.0
(391, 352, 110), None
(343, 341, 127), 94.0
(380, 329, 98), None
(352, 347, 90), 70.0
(366, 337, 9), None
(383, 381, 171), 76.0
(373, 359, 79), None
(151, 322, 76), 72.0
(389, 374, 63), 60.0
(399, 373, 14), 94.0
(391, 362, 72), 62.0
(391, 385, 8), None
(357, 182, 86), 74.0
(399, 368, 63), 61.0
(382, 61, 101), 82.0
(386, 355, 19), 64.0
(367, 328, 0), 92.0
(379, 374, 93), 92.0
(349, 344, 30), 60.0
(346, 349, 80), None
(392, 389, 70), 70.0
(385, 338, 48), None
(337, 281, 24), 60.0
(340, 283, 23), 75.0
(333, 311, 38), 88.0
(335, 267, 13), 64.0
(305, 305, 37), None
(342, 280, 29), 76.0
(370, 399, 60), 71.0
(399, 94, 11), 84.0
(354, 345, 29), 64.0
(349, 357, 45), None
(363, 330, 5), None
(360, 318, 224), 78.0
(329, 300, 21), 62.0
(377, 368, 71), 72.0
(376, 338, 82), 96.0
(385, 378, 0), 58.0
(350, 325, 7), None
(387, 382, 3), None
(383, 391, 0), 68.0
(360, 132, 15), 73.0
(201, 362, 92), 74.0
(319, 349, 15), 73.0
(370, 376, 28), 70.0
(392, 372, 0), 70.0
(399, 380, 88), 62.0
(377, 338, 112), 96.0
(387, 354, 53), 66.0
(392, 388, 8), None
(372, 213, 22), 70.0
(342, 364, 15), 74.0
(377, 399, 0), 104.0
(392, 378, 60), 72.0
(384, 260, 8), None
(365, 292, 34), 64.0
(399, 392, 72), 103.0
(386, 385, 97), None
(266, 331, 105), 68.0
(371, 319, 0), 71.0
(392, 371, 64), 66.0
(349, 346, 86), 66.0
(360, 333, 9), None
(380, 309, 20), 74.0
(394, 385, 54), 61.0
(337, 340, 30), 70.0
(399, 354, 15), 90.0
(386, 32, 75), 88.0
(351, 346, 7), None
(357, 323, 15), 62.0
(373, 279, 101), 91.0
(381, 362, 25), 114.0
(365, 208, 7), None
(365, 333, 21), 64.0
(353, 356, 40), 82.0
(327, 344, 123), 88.0
(359, 340, 7), None
(61, 164, 81), 95.0
(378, 367, 79), None
(223, 387, 0), 75.0
(390, 393, 65), 57.0
(391, 399, 93), 105.0
(107, 392, 87), 90.0
(390, 379, 331), 87.0
(393, 377, 135), 108.0
(383, 394, 64), 58.0
(371, 393, 73), 92.0
(384, 399, 68), 62.0
(376, 389, 49), None
(382, 391, 32), 64.0
(398, 384, 291), 78.0
(341, 355, 60), 58.0
(384, 356, 56), None
(369, 393, 263), 100.0
(382, 379, 67), 64.0
(399, 367, 44), None
(337, 315, 0), 76.0
(371, 355, 66), 70.0
(237, 398, 58), None
(345, 327, 82), 87.0
(362, 369, 76), 68.0
(341, 350, 48), None
(336, 344, 18), 62.0
(1, 380, 71), 84.0
(390, 390, 88), None
(385, 375, 7), None
(393, 360, 58), None
(125, 393, 0), 103.0
(387, 362, 108), 74.0
(379, 332, 91), 91.0
(367, 337, 98), None
(399, 371, 67), 75.0
(380, 385, 58), None
(399, 355, 76), 89.0
(353, 320, 9), None
(327, 326, 8), None
(348, 398, 41), None
(341, 350, 25), 72.0
(356, 343, 65), 60.0
(185, 81, 49), None
(388, 348, 68), 86.0
(373, 193, 83), 78.0
(365, 337, 16), 62.0
(363, 343, 61), 62.0
(377, 362, 15), 62.0
(355, 399, 52), 67.0
(392, 377, 73), 90.0
(373, 224, 81), 66.0
(382, 371, 118), 70.0
(354, 386, 60), 58.0
(357, 386, 63), 58.0
(355, 385, 64), 58.0
(358, 387, 62), 60.0
(351, 384, 54), 63.0
(364, 393, 69), 70.0
(345, 386, 59), None
(355, 382, 71), 69.0
(367, 390, 0), 61.0
(360, 378, 46), None
(368, 392, 78), None
(351, 105, 63), 102.0
(358, 399, 7), None
(371, 381, 76), 64.0
(312, 368, 53), 62.0
(347, 376, 0), 62.0
(32, 392, 208), 68.0
(366, 381, 63), 92.0
(378, 387, 69), 70.0
(359, 399, 83), 65.0
(373, 371, 7), None
(385, 363, 90), 72.0
(344, 388, 75), 68.0
(82, 379, 56), None
(391, 393, 0), 63.0
(362, 368, 9), None
(376, 145, 67), 76.0
(386, 376, 89), 64.0
(367, 393, 78), None
(354, 385, 48), None
(138, 353, 368), 100.0
(273, 361, 97), None
(392, 399, 15), 87.0
(379, 372, 62), 73.0
(297, 384, 0), 64.0
(371, 391, 80), None
(253, 381, 72), 66.0
(384, 363, 8), None
(345, 357, 40), 58.0
(330, 353, 56), None
(320, 358, 41), None
(337, 349, 38), 78.0
(348, 333, 41), None
(340, 365, 50), None
(347, 356, 55), None
(352, 340, 67), 64.0
(357, 392, 18), 74.0
(335, 371, 46), None
(363, 348, 61), 84.0
(211, 332, 15), 92.0
(343, 383, 32), 62.0
(355, 126, 75), 80.0
(370, 391, 10), None
(347, 362, 84), 94.0
(399, 347, 64), 59.0
(363, 346, 60), 74.0
(166, 338, 54), 73.0
(375, 398, 23), 96.0
(399, 329, 67), 69.0
(391, 372, 86), 66.0
(332, 354, 74), 80.0
(355, 337, 48), None
(325, 364, 93), 91.0
(362, 345, 60), 78.0
(380, 374, 36), 62.0
(391, 171, 79), None
(369, 399, 0), 67.0
(376, 386, 13), 64.0
(343, 324, 65), 94.0
(386, 378, 102), 62.0
(398, 351, 70), 76.0
(350, 305, 84), 72.0
(399, 342, 72), 70.0
(361, 315, 95), 63.0
(380, 384, 7), None
(390, 330, 44), None
(356, 369, 81), 60.0
(368, 392, 5), None
(386, 335, 56), None
(374, 361, 235), 80.0
(350, 357, 168), 66.0
(364, 372, 25), 62.0
(340, 114, 90), None
(394, 346, 64), 59.0
(374, 386, 0), 59.0
(360, 323, 59), None
(369, 378, 19), 78.0
(393, 352, 75), 69.0
(354, 340, 52), 66.0
(381, 393, 9), None
(386, 335, 65), 58.0
(399, 329, 65), 65.0
(373, 316, 187), 88.0
(387, 336, 45), None
(381, 321, 54), 67.0
(363, 333, 72), 62.0
(349, 326, 71), 62.0
(390, 349, 62), 69.0
(332, 356, 81), 80.0
(370, 337, 28), 70.0
(380, 313, 36), 64.0
(342, 345, 49), None
(356, 380, 19), 62.0
(366, 340, 70), 74.0
(387, 366, 84), 66.0
(375, 382, 311), 84.0
(393, 345, 59), None
(382, 399, 14), 64.0
(399, 363, 78), None
(361, 324, 53), 82.0
(347, 332, 37), 70.0
(387, 350, 64), 70.0
(376, 388, 9), None
(337, 355, 94), 92.0
(355, 376, 73), 92.0
(392, 366, 103), 66.0
(368, 384, 255), None
(382, 0, 43), None
(361, 298, 14), 70.0
(374, 329, 0), 65.0
(369, 336, 56), None
(348, 392, 29), 67.0
(391, 359, 89), 77.0
(385, 367, 80), None
(322, 347, 64), 82.0
(353, 15, 74), 80.0
(399, 371, 87), 77.0
(381, 353, 79), None
(342, 342, 67), None
(362, 307, 22), 78.0
(393, 334, 50), None
(389, 358, 98), None
(357, 368, 85), 62.0
(377, 320, 7), None
(368, 388, 14), 78.0
(399, 343, 62), 57.0
(383, 341, 55), None
(332, 340, 61), 72.0
(345, 324, 47), None
(392, 328, 71), 68.0
(286, 350, 66), 62.0
(399, 334, 59), None
(354, 343, 43), None
(376, 316, 70), 64.0
(385, 355, 53), 64.0
(370, 337, 76), 80.0
(360, 347, 37), 78.0
(391, 55, 63), None
(339, 157, 70), 84.0
(377, 330, 59), None
(366, 376, 48), None
(350, 353, 151), 84.0
(399, 340, 77), None
(384, 326, 66), 69.0
(389, 358, 33), 74.0
(191, 145, 54), 91.0
(358, 377, 77), None
(378, 348, 89), 70.0
(367, 337, 58), None
(386, 311, 76), 72.0
(247, 330, 68), 60.0
(348, 360, 43), None
(399, 344, 200), 66.0
(373, 399, 50), None
(360, 379, 62), 58.0
(379, 374, 24), 87.0
(391, 320, 84), 78.0
(361, 362, 70), 84.0
(354, 383, 62), 62.0
(340, 70, 107), 84.0
(343, 383, 57), None
(326, 351, 67), 62.0
(392, 373, 46), None
(352, 335, 59), None
(370, 388, 20), 69.0
(383, 343, 92), 62.0
(361, 379, 53), 70.0
(333, 369, 36), 70.0
(350, 390, 80), None
(361, 378, 7), None
(312, 399, 72), 79.0
(372, 390, 355), 94.0
(392, 325, 99), None
(347, 381, 86), 81.0
(399, 352, 30), 89.0
(367, 385, 75), 68.0
(355, 359, 13), 86.0
(360, 289, 0), 80.0
(383, 367, 63), 84.0
(376, 393, 94), 102.0
(389, 336, 222), 76.0
(367, 349, 51), 61.0
(346, 374, 40), 60.0
(152, 364, 60), 82.0
(355, 302, 69), 70.0
(382, 344, 80), None
(374, 315, 21), 70.0
(386, 375, 7), None
(377, 386, 73), 66.0
(393, 330, 86), 67.0
(335, 367, 278), 96.0
(399, 392, 50), None
(365, 383, 59), None
(385, 399, 65), 61.0
(369, 322, 81), 70.0
(390, 335, 11), 68.0
(111, 359, 110), None
(354, 341, 68), 70.0
(339, 376, 46), None
(359, 355, 54), 84.0
(345, 350, 73), 62.0
(378, 383, 92), 70.0
(363, 340, 64), 94.0
(349, 365, 37), 74.0
(377, 391, 6), None
(399, 329, 19), 85.0
(393, 178, 54), 64.0
(363, 349, 75), 68.0
(385, 375, 0), 57.0
(372, 371, 10), None
(385, 341, 28), 66.0
(393, 363, 5), None
(383, 354, 1), 62.0
(45, 373, 14), None
(373, 310, 117), 94.0
(369, 381, 6), None
(379, 389, 0), 67.0
(392, 399, 59), None
(355, 359, 87), 94.0
(326, 377, 68), 60.0
(399, 371, 0), 73.0
(356, 367, 100), 63.0
(337, 387, 77), None
(386, 319, 15), 63.0
(387, 358, 18), 60.0
(231, 393, 42), None
(345, 377, 83), 58.0
(391, 378, 10), None
(344, 383, 94), 88.0
(364, 331, 83), 76.0
(377, 347, 28), 70.0
(319, 371, 6), None
(391, 385, 87), 64.0
(399, 379, 1), 75.0
(335, 271, 81), 74.0
(382, 366, 19), 78.0
(329, 363, 104), 82.0
(351, 324, 94), 68.0
(341, 375, 14), 60.0
(366, 391, 71), 63.0
(381, 372, 78), None
(392, 399, 84), 69.0
(348, 363, 391), 84.0
(302, 42, 7), None
(337, 382, 59), None
(358, 354, 93), 92.0
(345, 391, 88), 66.0
(386, 377, 0), 58.0
(383, 375, 139), 72.0
(351, 383, 49), None
(393, 369, 7), None
(372, 388, 73), 64.0
(399, 394, 0), 83.0
(378, 376, 0), 86.0
(334, 358, 24), 102.0
(387, 380, 15), 68.0
(358, 387, 66), 64.0
(385, 316, 0), 60.0
(376, 379, 9), None
(385, 331, 9), None
(390, 339, 14), 71.0
(275, 352, 32), 72.0
(362, 398, 24), 57.0
(362, 341, 28), 64.0
(347, 398, 99), None
(364, 398, 29), 62.0
(356, 338, 36), 80.0
(371, 199, 20), 91.0
(74, 389, 45), None
(371, 391, 21), 72.0
(393, 399, 0), 79.0
(354, 382, 108), 62.0
(341, 369, 27), 62.0
(399, 358, 18), 60.0
(385, 393, 14), 60.0
(371, 91, 37), 80.0
(399, 366, 10), None
(325, 383, 46), None
(361, 346, 58), None
(377, 389, 6), None
(391, 255, 10), None
(380, 374, 83), 64.0
(367, 360, 28), 76.0
(384, 294, 22), 68.0
(365, 364, 39), 75.0
(348, 392, 51), 68.0
(376, 304, 100), 60.0
(392, 324, 0), 61.0
(385, 347, 16), 74.0
(356, 399, 66), 100.0
(392, 109, 8), None
(339, 375, 15), 77.0
(399, 387, 30), 71.0
(377, 337, 90), 66.0
(261, 346, 0), 62.0
(390, 359, 25), 69.0
(364, 392, 82), 64.0
(376, 332, 158), 74.0
(358, 387, 21), 60.0
(371, 380, 11), 61.0
(348, 399, 75), 83.0
(340, 382, 58), None
(372, 351, 78), None
(394, 324, 7), None
(399, 371, 318), 109.0
(165, 355, 7), None
(388, 367, 17), 82.0
(383, 329, 7), None
(333, 349, 69), 66.0
(367, 343, 52), 64.0
(362, 337, 62), 58.0
(382, 394, 67), 64.0
(378, 337, 247), 90.0
(361, 382, 25), 62.0
(386, 317, 16), 60.0
(366, 135, 95), 72.0
(371, 388, 62), 65.0
(373, 331, 297), 102.0
(351, 324, 90), 70.0
(356, 307, 86), 64.0
(351, 333, 102), 63.0
(214, 352, 1), 76.0
(138, 373, 12), 94.0
(343, 364, 41), None
(380, 349, 8), None
(392, 361, 18), 68.0
(354, 377, 74), 88.0
(399, 399, 72), None
(363, 385, 65), 70.0
(327, 373, 53), 66.0
(392, 369, 40), 64.0
(379, 380, 121), 62.0
(385, 380, 0), 85.0
(343, 392, 57), None
(388, 342, 36), 68.0
(203, 358, 63), 66.0
(399, 338, 84), 64.0
(367, 343, 75), 68.0
(368, 326, 77), None
(350, 377, 46), None
(333, 354, 0), 80.0
(392, 343, 8), None
(347, 350, 53), 66.0
(383, 332, 20), 68.0
(378, 344, 131), 72.0
(373, 336, 91), 98.0
(372, 323, 96), None
(355, 363, 68), 64.0
(362, 385, 62), 72.0
(389, 183, 7), None
(368, 321, 116), 71.0
(377, 343, 46), None
(399, 399, 24), None
(363, 329, 76), 70.0
(391, 334, 83), 66.0
(342, 355, 61), 60.0
(360, 391, 77), None
(378, 338, 87), 60.0
(385, 391, 24), 61.0
(337, 369, 68), 72.0
(314, 393, 57), None
(175, 361, 82), 88.0
(383, 353, 106), 64.0
(360, 335, 73), 66.0
(334, 399, 51), 89.0
(356, 385, 59), None
(393, 160, 34), 64.0
(368, 313, 92), 66.0
(349, 342, 70), 62.0
(90, 315, 81), 70.0
(386, 365, 97), None
(294, 350, 31), 68.0
(399, 371, 14), 89.0
(366, 378, 86), 60.0
(375, 388, 1), 60.0
(375, 379, 62), 97.0
(372, 388, 74), 72.0
(243, 327, 44), None
(379, 343, 112), 67.0
(387, 357, 178), 98.0
(378, 393, 55), None
(361, 384, 200), 108.0
(352, 304, 70), 70.0
(393, 327, 340), 74.0
(369, 333, 17), 70.0
(346, 394, 48), None
(385, 369, 11), 61.0
(327, 366, 57), None
(356, 379, 44), None
(371, 386, 78), None
(355, 376, 63), 76.0
(358, 387, 63), 58.0
(381, 348, 6), None
(361, 319, 80), None
(347, 398, 34), 70.0
(351, 375, 12), 78.0
(365, 345, 100), 66.0
(357, 376, 54), 76.0
(12, 382, 32), 92.0
(399, 363, 21), 56.0
(393, 360, 16), 66.0
(399, 392, 70), 97.0
(399, 261, 6), None
(392, 169, 22), 90.0
(392, 351, 22), 71.0
(384, 340, 90), 76.0
(378, 350, 79), None
(392, 359, 13), 77.0
(392, 383, 65), 59.0
(398, 365, 85), 56.0
(395, 366, 27), 57.0
(398, 367, 33), 70.0
(399, 369, 20), 71.0
(393, 362, 38), 66.0
(364, 334, 90), 70.0
(399, 354, 23), 93.0
(392, 358, 43), None
(398, 358, 30), 64.0
(389, 375, 50), None
(387, 356, 30), 72.0
(392, 369, 43), None
(393, 362, 13), 60.0
(385, 310, 14), 68.0
(386, 372, 97), None
(383, 371, 144), 82.0
(393, 366, 25), 59.0
(387, 376, 54), 68.0
(366, 364, 73), 64.0
(380, 366, 106), 86.0
(398, 286, 37), 64.0
(343, 375, 23), 60.0
(399, 355, 28), 88.0
(399, 340, 35), 66.0
(377, 386, 6), None
(399, 391, 69), 77.0
(388, 356, 31), 70.0
(336, 379, 45), None
(387, 370, 109), 68.0
(392, 366, 23), 57.0
(391, 345, 23), 61.0
(399, 365, 39), 67.0
(387, 363, 20), 70.0
(392, 36, 28), 84.0
(399, 361, 31), 69.0
(393, 365, 25), 59.0
(384, 375, 83), 56.0
(383, 358, 93), 70.0
(399, 85, 37), 78.0
(384, 366, 23), 76.0
(390, 346, 12), 62.0
(392, 375, 22), 64.0
(379, 370, 101), 64.0
(380, 386, 86), 90.0
(351, 382, 77), None
(375, 371, 53), 90.0
(372, 383, 61), 70.0
(399, 350, 27), 69.0
(382, 378, 26), 60.0
(391, 233, 0), None
(381, 360, 33), 74.0
(385, 363, 0), 70.0
(371, 371, 91), None
(399, 399, 233), None
(226, 371, 38), 74.0
(391, 377, 18), 78.0
(391, 276, 13), 68.0
(384, 376, 213), 72.0
(378, 319, 85), 65.0
(375, 369, 95), 96.0
(391, 389, 9), None
(338, 376, 43), None
(339, 381, 46), None
(399, 385, 30), 62.0
(388, 390, 55), None
(379, 354, 100), 89.0
(392, 150, 18), 88.0
(399, 393, 71), 105.0
(389, 393, 67), 60.0
(386, 382, 6), None
(371, 349, 83), 62.0
(370, 362, 84), 76.0
(399, 387, 170), 67.0
(381, 103, 15), 90.0
(368, 354, 68), 64.0
(392, 399, 77), None
(358, 381, 36), 62.0
(384, 349, 96), None
(373, 346, 84), 60.0
(387, 208, 11), 77.0
(262, 119, 76), 76.0
(384, 366, 379), 90.0
(381, 357, 126), 60.0
(399, 370, 7), None
(392, 374, 19), 74.0
(362, 349, 60), 78.0
(59, 391, 74), None
(348, 372, 44), None
(361, 360, 36), 76.0
(320, 356, 28), 68.0
(355, 384, 49), None
(399, 366, 28), 67.0
(345, 383, 50), None
(378, 330, 114), None
(381, 337, 189), 76.0
(378, 399, 5), None
(392, 244, 21), 64.0
(391, 378, 67), 72.0
(371, 365, 7), None
(391, 373, 0), 63.0
(332, 363, 35), 64.0
(283, 191, 15), 66.0
(354, 389, 47), None
(375, 253, 89), 64.0
(118, 372, 21), 82.0
(385, 340, 105), 80.0
(376, 301, 88), 70.0
(349, 353, 98), None
(399, 384, 0), 59.0
(381, 392, 58), None
(386, 354, 14), 66.0
(361, 393, 62), 61.0
(368, 363, 82), 76.0
(399, 67, 14), 102.0
(369, 387, 7), None
(376, 398, 7), None
(390, 362, 21), 70.0
(393, 133, 91), 80.0
(381, 345, 13), 79.0
(153, 379, 72), 70.0
(391, 370, 26), 70.0
(385, 372, 1), 58.0
(399, 266, 0), 65.0
(187, 356, 30), 72.0
(390, 315, 79), None
(46, 365, 15), None
(350, 379, 56), None
(358, 376, 41), None
(361, 379, 39), 59.0
(392, 324, 10), None
(384, 394, 88), 62.0
(392, 387, 17), 68.0
(365, 357, 275), 100.0
(371, 348, 69), 68.0
(372, 344, 79), None
(385, 387, 68), 62.0
(360, 332, 79), None
(372, 329, 94), 86.0
(374, 339, 101), 91.0
(392, 175, 13), 70.0
(385, 368, 34), 66.0
(379, 374, 5), None
(392, 376, 0), 72.0
(399, 364, 25), 56.0
(394, 351, 26), 70.0
(393, 363, 24), 59.0
(387, 358, 8), None
(349, 387, 76), 70.0
(394, 362, 20), 59.0
(398, 381, 58), None
(399, 368, 12), 71.0
(399, 354, 7), None
(385, 350, 163), 90.0
(390, 376, 35), 80.0
(399, 356, 86), 106.0
(381, 358, 95), 65.0
(24, 367, 48), None
(399, 373, 104), 89.0
(384, 381, 0), 86.0
(378, 371, 260), 88.0
(387, 360, 30), 64.0
(378, 346, 81), 60.0
(308, 366, 29), 80.0
(391, 399, 87), 69.0
(399, 345, 12), 67.0
(388, 371, 20), 66.0
(377, 354, 25), 96.0
(386, 372, 8), None
(374, 333, 92), 88.0
(378, 337, 82), 74.0
(399, 359, 66), 63.0
(385, 378, 74), 63.0
(392, 391, 16), 69.0
(392, 337, 111), None
(328, 382, 19), 78.0
(386, 371, 7), None
(368, 352, 40), 68.0
(334, 363, 63), 62.0
(372, 366, 32), 62.0
(393, 364, 100), 66.0
(366, 322, 79), None
(399, 339, 17), 56.0
(399, 375, 14), 76.0
(392, 398, 21), 74.0
(399, 348, 285), 96.0
(399, 383, 25), 56.0
(391, 367, 22), 60.0
(399, 353, 26), 91.0
(399, 399, 29), None
(399, 386, 34), 71.0
(388, 21, 30), 78.0
(392, 385, 27), 63.0
(399, 362, 19), 61.0
(383, 391, 40), 70.0
(399, 343, 34), 64.0
(384, 330, 93), 60.0
(336, 378, 42), None
(390, 342, 11), 63.0
(392, 399, 20), 73.0
(399, 383, 22), 56.0
(393, 376, 15), 74.0
(386, 393, 24), 59.0
(393, 383, 32), 62.0
(392, 334, 23), 64.0
(392, 379, 11), 71.0
(399, 350, 29), 71.0
(399, 368, 25), 61.0
(399, 392, 37), 86.0
(399, 344, 109), 70.0
(385, 351, 20), 76.0
(390, 382, 149), 72.0
(386, 373, 19), 70.0
(386, 363, 7), None
(399, 296, 30), 70.0
(383, 356, 26), 62.0
(399, 220, 11), 73.0
(380, 385, 32), 76.0
(378, 385, 16), 66.0
(392, 373, 17), 69.0
(391, 361, 7), None
(399, 386, 25), 63.0
(391, 369, 22), 63.0
(386, 358, 33), 66.0
(384, 369, 15), 68.0
(392, 343, 19), 70.0
(392, 381, 12), 60.0
(380, 353, 9), None
(381, 399, 6), None
(385, 379, 0), 58.0
(379, 47, 103), None
(379, 392, 25), 69.0
(393, 375, 17), 74.0
(399, 359, 36), 62.0
(393, 389, 13), 66.0
(375, 342, 8), None
(385, 392, 23), 61.0
(388, 360, 31), 66.0
(387, 377, 1), 60.0
(202, 392, 38), 70.0
(393, 348, 44), None
(399, 364, 121), 59.0
(399, 363, 26), 60.0
(399, 387, 179), 91.0
(392, 384, 14), 62.0
(372, 383, 20), 64.0
(382, 394, 43), None
(255, 351, 51), None
(380, 345, 36), 76.0
(384, 374, 0), 58.0
(220, 380, 8), None
(390, 338, 0), 72.0
(388, 369, 26), 66.0
(379, 349, 34), 87.0
(391, 391, 0), None
(399, 378, 8), None
(372, 329, 16), 78.0
(389, 367, 354), 103.0
(70, 375, 15), 88.0
(399, 360, 39), 61.0
(100, 384, 51), 79.0
(399, 198, 23), 78.0
(392, 355, 321), 90.0
(386, 370, 8), None
(382, 359, 49), None
(382, 366, 51), 65.0
(399, 372, 0), 73.0
(392, 368, 27), 57.0
(390, 338, 29), 72.0
(272, 383, 31), 66.0
(391, 365, 18), 68.0
(391, 372, 12), 65.0
(393, 312, 31), 79.0
(240, 381, 92), 68.0
(377, 381, 30), 70.0
(379, 399, 39), 59.0
(399, 387, 135), 103.0
(387, 372, 8), None
(289, 399, 41), None
(392, 316, 26), 72.0
(392, 187, 15), 78.0
(377, 358, 21), 74.0
(399, 356, 7), None
(392, 349, 21), 63.0
(393, 365, 23), 59.0
(384, 366, 0), 82.0
(392, 364, 16), 64.0
(398, 380, 23), 57.0
(136, 378, 27), 84.0
(399, 382, 37), 60.0
(399, 300, 27), 64.0
(399, 377, 30), 81.0
(399, 385, 37), 67.0
(391, 358, 34), 82.0
(385, 372, 14), 62.0
(387, 360, 22), 72.0
(387, 367, 29), 78.0
(380, 352, 21), 70.0
(392, 374, 20), 64.0
(375, 388, 41), None
(392, 393, 16), 81.0
(385, 393, 33), 62.0
(386, 379, 6), None
(394, 387, 19), 70.0
(383, 378, 0), 56.0
(399, 369, 8), None
(399, 372, 12), 95.0
(384, 376, 17), 62.0
(380, 385, 12), 72.0
(392, 378, 23), 70.0
(399, 360, 23), 59.0
(179, 368, 8), None
(392, 379, 41), None
(399, 384, 14), 63.0
(399, 399, 15), None
(385, 375, 28), 62.0
(384, 391, 4), None
(391, 373, 9), None
(377, 369, 25), 68.0
(374, 393, 30), 71.0
(399, 365, 22), 61.0
(379, 379, 29), None
(399, 361, 33), 70.0
(330, 370, 36), 86.0
(391, 367, 20), 60.0
(385, 399, 7), None
(384, 385, 0), 68.0
(369, 378, 38), 80.0
(376, 337, 204), 86.0
(391, 353, 32), 68.0
(375, 361, 18), 62.0
(392, 93, 15), 86.0
(384, 378, 6), None
(385, 372, 6), None
(399, 386, 11), 71.0
(393, 388, 27), 59.0
(381, 354, 45), None
(35, 387, 15), 96.0
(387, 370, 0), 72.0
(374, 381, 20), 58.0
(399, 375, 21), 87.0
(390, 363, 6), None
(391, 370, 6), None
(387, 140, 0), 79.0
(392, 355, 29), 72.0
(379, 398, 9), None
(379, 394, 24), 81.0
(388, 390, 15), 64.0
(369, 350, 128), 70.0
(313, 362, 15), 68.0
(393, 374, 24), 66.0
(382, 364, 16), 77.0
(391, 367, 31), 62.0
(371, 382, 11), 59.0
(399, 341, 24), 59.0
(374, 391, 13), 62.0
(386, 381, 7), None
(384, 373, 1), 58.0
(384, 391, 7), None
(399, 392, 344), 87.0
(366, 386, 45), None
(391, 399, 0), 71.0
(232, 380, 251), None
(387, 370, 16), 68.0
(382, 366, 7), None
(83, 360, 32), 84.0
(392, 378, 13), 82.0
(378, 354, 1), 92.0
(372, 346, 94), 68.0
(374, 377, 23), 80.0
(129, 360, 18), 80.0
(0, 390, 42), None
(372, 351, 33), 84.0
(390, 358, 36), 78.0
(392, 373, 28), 68.0
(399, 369, 22), 69.0
(392, 398, 38), 84.0
(372, 348, 24), 60.0
(385, 374, 12), 62.0
(380, 346, 113), None
(399, 357, 29), 77.0
(392, 362, 223), 94.0
(383, 382, 10), None
(393, 387, 43), None
(388, 392, 0), 59.0
(378, 378, 19), None
(158, 380, 48), None
(399, 15, 8), None
(386, 117, 9), None
(392, 367, 17), 70.0
(399, 387, 26), 63.0
(399, 343, 242), 90.0
(368, 352, 15), 62.0
(378, 365, 18), 62.0
(392, 342, 100), 70.0
(385, 369, 0), 72.0
(365, 392, 51), 63.0
(378, 380, 22), 56.0
(399, 364, 30), 68.0
(378, 357, 154), 86.0
(386, 376, 25), 58.0
(382, 399, 36), 62.0
(382, 373, 365), 96.0
(377, 352, 35), 92.0
(365, 365, 27), None
(391, 384, 18), 68.0
(195, 358, 26), 66.0
(371, 330, 12), 82.0
(391, 383, 19), 70.0
(375, 367, 38), 70.0
(369, 356, 30), 72.0
(301, 383, 24), 56.0
(384, 377, 22), 56.0
(392, 383, 24), 59.0
(306, 378, 31), 70.0
(297, 388, 24), 70.0
(287, 378, 34), 66.0
(383, 383, 25), None
(266, 372, 22), 64.0
(387, 391, 33), 60.0
(399, 376, 24), 92.0
(390, 386, 19), 72.0
(392, 399, 30), 79.0
(380, 381, 192), 86.0
(392, 372, 16), 70.0
(274, 391, 36), 66.0
(304, 373, 23), 62.0
(383, 380, 26), 98.0
(399, 385, 16), 65.0
(296, 371, 37), 70.0
(392, 391, 31), 71.0
(384, 380, 16), 74.0
(378, 375, 14), 72.0
(387, 391, 20), 63.0
(391, 384, 31), 62.0
(317, 367, 38), 60.0
(399, 379, 15), 64.0
(378, 393, 26), 82.0
(386, 370, 12), 60.0
(399, 387, 24), 63.0
(391, 378, 39), 76.0
(380, 399, 17), 60.0
(392, 366, 30), 65.0
(386, 375, 11), 66.0
(376, 386, 19), 68.0
(392, 362, 33), 64.0
(399, 393, 10), None
(248, 373, 22), 70.0
(385, 399, 40), 59.0
(378, 380, 28), 64.0
(391, 368, 10), None
(399, 385, 19), 65.0
(376, 365, 13), 64.0
(393, 391, 39), 84.0
(384, 78, 9), None
(399, 383, 23), 56.0
(207, 392, 20), 92.0
(169, 386, 8), None
(392, 368, 29), 67.0
(282, 372, 23), 60.0
(399, 384, 33), 65.0
(399, 391, 16), 83.0
(373, 380, 141), 70.0
(399, 363, 24), 56.0
(399, 363, 31), 67.0
(386, 356, 7), None
(392, 361, 22), 61.0
(382, 381, 26), 72.0
(390, 361, 37), 70.0
(391, 391, 13), None
(392, 372, 35), 72.0
(399, 399, 39), None
(254, 380, 20), 69.0
(379, 384, 18), 61.0
(371, 377, 268), 90.0
(393, 394, 7), None
(399, 386, 14), 69.0
(386, 392, 10), None
(399, 370, 6), None
(399, 375, 29), 82.0
(399, 361, 35), 62.0
(379, 382, 21), 56.0
(382, 361, 16), 72.0
(374, 399, 26), 92.0
(371, 365, 18), 70.0
(367, 375, 173), 98.0
(386, 355, 30), 68.0
(380, 387, 29), 82.0
(381, 376, 23), 60.0
(142, 392, 304), 66.0
(368, 384, 20), 76.0
(386, 379, 43), None
(399, 372, 35), 96.0
(390, 372, 7), None
(392, 365, 118), 75.0
(381, 366, 13), 68.0
(373, 384, 25), 60.0
(367, 399, 19), 73.0
(375, 389, 8), None
(373, 392, 13), 65.0
(387, 380, 42), None
(392, 368, 37), 86.0
(382, 376, 24), 62.0
(114, 387, 7), None
(387, 379, 0), 62.0
(392, 379, 15), 75.0
(386, 373, 28), 60.0
(375, 371, 20), 64.0
(376, 392, 44), None
(399, 358, 33), 64.0
(385, 360, 6), None
(392, 379, 18), 75.0
(381, 369, 13), 66.0
(364, 367, 25), 68.0
(365, 392, 7), None
(369, 385, 14), 66.0
(382, 376, 29), 68.0
(399, 351, 4), None
(371, 383, 24), 62.0
(391, 360, 34), 64.0
(399, 354, 41), None
(378, 394, 18), 80.0
(377, 386, 8), None
(386, 374, 26), 60.0
(391, 372, 18), 71.0
(392, 399, 163), 90.0
(377, 385, 0), 58.0
(369, 399, 11), 69.0
(399, 364, 34), 64.0
(392, 387, 42), None
(399, 356, 30), 82.0
(390, 351, 34), 64.0
(383, 393, 19), 66.0
(385, 377, 23), 58.0
(392, 371, 0), 66.0
(379, 362, 31), 67.0
(392, 380, 14), 62.0
(363, 384, 8), None
(399, 380, 0), 55.0
(391, 381, 19), 72.0
(392, 378, 22), 70.0
(399, 369, 0), 69.0
(378, 383, 10), None
(370, 391, 6), None
(386, 370, 140), 78.0
(300, 391, 24), 62.0
(384, 377, 1), 56.0
(384, 380, 6), None
(383, 383, 7), None
(384, 384, 2), None
(393, 360, 0), 59.0
(399, 368, 212), 71.0
(363, 376, 6), None
(386, 382, 15), 70.0
(392, 377, 6), None
(399, 386, 12), 69.0
(399, 357, 5), None
(376, 376, 0), None
(368, 392, 13), 66.0
(379, 376, 0), 93.0
(391, 365, 14), 64.0
(386, 363, 1), 62.0
(379, 387, 1), 62.0
(391, 354, 1), 66.0
(399, 375, 7), None
(385, 367, 13), 66.0
(389, 371, 0), 67.0
(368, 392, 9), None
(216, 387, 7), None
(391, 374, 1), 64.0
(315, 380, 13), 66.0
(399, 365, 131), 68.0
(385, 364, 0), 65.0
(364, 384, 10), None
(392, 388, 19), 70.0
(399, 384, 20), 61.0
(381, 125, 7), None
(393, 27, 17), 82.0
(381, 373, 43), None
(374, 399, 22), 83.0
(385, 350, 7), None
(372, 399, 25), 75.0
(373, 398, 117), 89.0
(392, 360, 29), 68.0
(392, 368, 12), 66.0
(386, 375, 0), 57.0
(391, 382, 19), 70.0
(278, 380, 24), 64.0
(383, 349, 389), 86.0
(379, 369, 5), None
(382, 366, 125), 94.0
(377, 375, 183), 90.0
(379, 374, 1), 91.0
(365, 389, 12), 64.0
(361, 101, 291), 76.0
(387, 373, 0), 57.0
(372, 376, 7), None
(374, 382, 1), 58.0
(399, 349, 104), 61.0
(360, 52, 15), 90.0
(386, 361, 13), 68.0
(366, 390, 19), 70.0
(371, 364, 30), 62.0
(387, 228, 8), None
(392, 356, 14), 68.0
(383, 388, 0), 72.0
(308, 392, 19), 82.0
(260, 398, 38), 62.0
(377, 380, 14), 62.0
(392, 383, 229), 72.0
(386, 371, 9), None
(366, 393, 13), 66.0
(357, 385, 21), 58.0
(240, 383, 22), 59.0
(399, 380, 31), 69.0
(393, 391, 35), 68.0
(291, 365, 25), 72.0
(376, 371, 7), None
(399, 348, 8), None
(387, 366, 9), None
(391, 363, 16), 66.0
Sampler:BoTorchSampler
(10, 355, 355), None
(240, 305, 170), 74.0
(287, 386, 173), 74.0
(269, 306, 269), None
(366, 259, 26), 68.0
(180, 273, 207), 88.0
(226, 76, 381), 82.0
(43, 194, 26), None
(76, 330, 50), None
(126, 197, 236), 108.0
(93, 34, 155), 92.0
(126, 379, 382), 64.0
(312, 229, 376), 102.0
(322, 343, 370), 97.0
(59, 89, 373), None
(59, 132, 171), None
(59, 69, 19), None
(59, 172, 313), None
(59, 236, 148), None
(59, 161, 109), None
(58, 345, 244), None
(59, 115, 362), None
(59, 298, 122), None
(59, 240, 314), None
(59, 248, 156), None
(59, 269, 247), None
(59, 342, 122), None
(58, 77, 134), None
(59, 14, 274), None
(267, 350, 35), 70.0
(58, 228, 5), None
(58, 261, 38), None
(58, 331, 264), None
(57, 91, 344), None
(58, 321, 185), None
(56, 104, 267), None
(58, 275, 391), None
(57, 392, 144), None
(57, 358, 54), None
(57, 21, 11), None
(58, 266, 83), None
(58, 69, 235), None
(57, 354, 390), None
(57, 141, 110), None
(57, 382, 187), None
(57, 34, 34), None
(58, 154, 53), None
(57, 81, 94), None
(57, 27, 380), None
(57, 42, 90), None
(57, 78, 200), None
(57, 137, 365), None
(57, 64, 219), None
(57, 234, 296), None
(57, 87, 81), None
(58, 83, 12), None
(58, 242, 236), None
(57, 18, 356), None
(57, 199, 149), None
(58, 297, 39), None
(58, 122, 356), None
(57, 232, 5), None
(58, 358, 271), None
(57, 218, 96), None
(58, 187, 388), None
(58, 90, 164), None
(58, 280, 226), None
(58, 34, 280), None
(57, 20, 91), None
(57, 299, 306), None
(57, 148, 193), None
(57, 380, 25), None
(58, 335, 94), None
(57, 151, 314), None
(57, 10, 241), None
(58, 76, 327), None
(57, 256, 325), None
(57, 123, 111), None
(58, 55, 86), None
(57, 369, 197), None
(58, 289, 158), None
(58, 62, 215), None
(57, 94, 2), None
(57, 254, 295), None
(57, 258, 111), None
(57, 341, 193), None
(58, 176, 210), None
(58, 93, 140), None
(58, 294, 121), None
(58, 259, 2), None
(57, 309, 302), None
(58, 179, 47), None
(58, 281, 151), None
(57, 313, 142), None
(57, 78, 243), None
(58, 358, 91), None
(57, 194, 356), None
(57, 7, 331), None
(57, 39, 376), None
(57, 6, 55), None
(57, 387, 190), None
(58, 160, 274), None
(58, 144, 351), None
(57, 318, 159), None
(58, 235, 313), None
(58, 351, 353), None
(57, 106, 310), None
(58, 356, 141), None
(57, 298, 330), None
(58, 355, 30), None
(58, 79, 291), None
(57, 44, 380), None
(57, 97, 366), None
(58, 187, 139), None
(58, 289, 134), None
(57, 222, 383), None
(57, 336, 360), None
(57, 339, 195), None
(57, 197, 342), None
(57, 238, 205), None
(57, 293, 157), None
(57, 30, 104), None
(57, 103, 145), None
(57, 21, 86), None
(57, 280, 321), None
(58, 95, 179), None
(57, 285, 338), None
(57, 101, 49), None
(57, 394, 47), None
(58, 399, 331), None
(58, 22, 348), None
(57, 215, 301), None
(58, 222, 175), None
(57, 312, 279), None
(57, 339, 236), None
(58, 283, 213), None
(57, 362, 370), None
(58, 232, 224), None
(57, 362, 245), None
(57, 67, 40), None
(57, 95, 304), None
(57, 127, 168), None
(58, 185, 166), None
(57, 320, 383), None
(57, 127, 177), None
(58, 105, 205), None
(57, 64, 19), None
(58, 121, 352), None
(58, 216, 92), None
(57, 15, 73), None
(58, 56, 201), None
(58, 27, 127), None
(57, 265, 136), None
(227, 380, 0), 67.0
(50, 318, 170), None
(92, 396, 0), 72.0
(48, 377, 255), None
(49, 192, 130), None
(49, 185, 274), None
(49, 92, 99), None
(49, 15, 84), None
(48, 355, 7), None
(48, 217, 354), None
(49, 74, 155), None
(49, 224, 183), None
(49, 109, 316), None
(49, 204, 203), None
(49, 186, 230), None
(49, 329, 380), None
(49, 213, 10), None
(49, 265, 55), None
(49, 100, 24), None
(49, 103, 292), None
(49, 150, 214), None
(49, 376, 92), None
(49, 200, 310), None
(100, 330, 0), 71.0
(58, 50, 174), None
(59, 389, 86), None
(58, 217, 226), None
(58, 20, 10), None
(58, 131, 153), None
(58, 229, 94), None
(58, 8, 159), None
(59, 208, 286), None
(58, 27, 96), None
(58, 354, 305), None
(58, 308, 135), None
(58, 72, 316), None
(59, 396, 85), None
(57, 304, 399), None
(59, 57, 398), None
(58, 139, 176), None
(58, 138, 254), None
(59, 101, 234), None
(58, 235, 215), None
(58, 354, 37), None
(58, 238, 24), None
(58, 76, 153), None
(58, 46, 198), None
(59, 155, 140), None
(58, 316, 240), None
(59, 85, 352), None
(59, 200, 155), None
(262, 156, 0), 62.0
(46, 262, 335), None
(46, 352, 94), None
(46, 103, 169), None
(46, 305, 82), None
(46, 389, 309), None
(46, 250, 369), None
(46, 205, 343), None
(45, 207, 188), None
(46, 214, 364), None
(46, 66, 378), None
(46, 178, 157), None
(46, 215, 232), None
(329, 16, 0), 88.0
(243, 222, 0), 88.0
(336, 143, 0), 79.0
(29, 343, 183), 74.0
(31, 293, 361), 64.0
(15, 384, 387), 70.0
(64, 140, 309), 78.0
(0, 248, 231), 70.0
(0, 238, 47), None
(0, 237, 398), 80.0
(82, 257, 250), 66.0
(62, 86, 307), 99.0
(64, 242, 300), 56.0
(69, 306, 343), 64.0
(49, 253, 275), None
(49, 253, 276), None
(49, 254, 276), None
(48, 253, 275), None
(91, 160, 289), 72.0
(65, 374, 301), 62.0
(42, 322, 296), None
(41, 322, 296), None
(88, 2, 314), 74.0
(32, 341, 295), 70.0
(91, 323, 193), 72.0
(85, 263, 136), 90.0
(104, 373, 310), 80.0
(374, 378, 0), 84.0
(88, 294, 283), 66.0
(89, 290, 141), 66.0
(84, 299, 34), 100.0
(84, 301, 322), 72.0
(0, 215, 276), 80.0
(0, 131, 276), 80.0
(0, 373, 265), 65.0
(60, 194, 133), 100.0
(0, 337, 310), 68.0
(170, 263, 118), 80.0
(169, 237, 120), 88.0
(164, 268, 127), 68.0
(164, 148, 127), 90.0
(163, 357, 129), 78.0
(266, 67, 84), 104.0
(0, 360, 46), None
(0, 370, 86), 75.0
(0, 120, 180), 89.0
(25, 0, 258), 76.0
(193, 21, 255), None
(252, 139, 283), 101.0
(0, 79, 12), None
(0, 21, 51), 95.0
(0, 335, 243), 64.0
(0, 159, 6), None
(0, 258, 231), 81.0
(381, 5, 95), None
(0, 241, 170), 67.0
(0, 311, 47), None
(286, 29, 108), 96.0
(0, 166, 261), 87.0
(0, 129, 386), 77.0
(0, 230, 156), 90.0
(70, 78, 383), None
(51, 221, 362), 67.0
(0, 314, 325), 57.0
(0, 261, 257), 63.0
(0, 292, 35), 80.0
(0, 91, 33), 96.0
(210, 200, 350), 72.0
(139, 53, 17), 95.0
(280, 295, 164), 62.0
(0, 145, 51), 77.0
(0, 255, 8), None
(394, 77, 239), None
(0, 74, 188), 89.0
(0, 65, 155), 72.0
(0, 161, 239), 85.0
(0, 340, 266), 82.0
(0, 103, 333), 77.0
(0, 340, 193), 72.0
(68, 352, 109), 88.0
(0, 344, 71), 91.0
(0, 235, 303), 68.0
(0, 373, 126), 95.0
(0, 339, 262), 63.0
(0, 338, 144), 85.0
(5, 383, 317), None
(306, 3, 252), None
(0, 339, 203), 75.0
(0, 338, 236), 78.0
(117, 207, 394), 74.0
(0, 88, 4), None
(248, 109, 26), 92.0
(0, 80, 183), None
(0, 337, 13), 70.0
(0, 73, 312), 68.0
(0, 271, 180), 69.0
(0, 341, 98), None
(0, 339, 349), 71.0
(391, 310, 124), 85.0
(359, 122, 103), 70.0
(78, 320, 131), None
(103, 364, 149), 72.0
(0, 308, 64), 97.0
(216, 22, 99), None
(0, 173, 153), 116.0
(0, 319, 36), 80.0
(0, 0, 50), None
(70, 314, 31), 99.0
(71, 314, 388), 68.0
(0, 198, 82), 99.0
(0, 282, 326), 68.0
(124, 0, 383), 95.0
(346, 180, 51), 75.0
(115, 304, 387), None
(59, 359, 192), None
(57, 171, 359), None
(252, 341, 188), 71.0
(60, 219, 166), 98.0
(209, 234, 332), 83.0
(68, 235, 187), 72.0
(58, 151, 201), None
(82, 95, 311), 77.0
(66, 308, 85), 87.0
(58, 164, 381), None
(279, 30, 368), 71.0
(295, 150, 91), 78.0
(139, 391, 27), 81.0
(58, 376, 123), None
(239, 25, 349), 69.0
(331, 0, 32), 70.0
(389, 0, 54), 83.0
(19, 0, 27), 88.0
(321, 0, 252), 68.0
(237, 0, 342), 65.0
(363, 0, 340), 82.0
(74, 343, 223), 77.0
(34, 277, 309), 66.0
(255, 365, 292), None
(0, 328, 348), 80.0
(290, 42, 6), None
(175, 241, 392), 74.0
(50, 157, 167), None
(34, 79, 258), None
(5, 285, 85), None
(88, 205, 359), 74.0
(74, 121, 199), 96.0
(91, 263, 37), 86.0
(53, 8, 206), None
(272, 106, 385), 66.0
(93, 38, 1), 92.0
(165, 135, 13), 86.0
(319, 346, 242), 86.0
(371, 366, 10), None
(92, 150, 16), 90.0
(392, 133, 381), 62.0
(66, 74, 241), 96.0
(157, 83, 262), 62.0
(18, 81, 216), 114.0
(195, 40, 325), 82.0
(94, 74, 308), 76.0
(225, 68, 207), 72.0
(184, 76, 326), 88.0
(180, 75, 88), 86.0
(121, 282, 258), 58.0
(255, 216, 331), None
(150, 75, 231), 103.0
(188, 134, 195), 80.0
(328, 165, 398), 62.0
(141, 80, 270), None
(397, 266, 72), 70.0
(18, 76, 306), 86.0
(318, 39, 216), 92.0
(372, 158, 80), None
(15, 10, 134), None
(238, 266, 205), 66.0
(210, 80, 11), None
(26, 275, 120), 86.0
(284, 259, 238), 78.0
(289, 79, 147), None
(65, 49, 249), None
(202, 155, 176), 94.0
(135, 331, 112), 101.0
(97, 81, 382), None
(370, 309, 59), None
(149, 377, 149), None
(61, 19, 294), 88.0
(18, 269, 182), 92.0
(52, 196, 241), 82.0
(388, 65, 61), 84.0
(83, 134, 194), 116.0
(189, 75, 145), 90.0
(353, 294, 388), 98.0
(117, 78, 203), None
(247, 376, 343), 76.0
(380, 279, 320), 97.0
(166, 78, 67), None
(137, 235, 34), 82.0
(68, 76, 153), 82.0
(396, 69, 70), 85.0
(315, 81, 61), 78.0
(61, 77, 335), None
(52, 80, 190), None
(233, 147, 396), None
(168, 272, 18), 92.0
(31, 81, 342), 86.0
(342, 81, 368), 76.0
(219, 223, 45), None
(174, 287, 150), 68.0
(31, 384, 139), 71.0
(0, 51, 339), 74.0
(293, 378, 360), 88.0
(71, 146, 70), 83.0
(326, 160, 147), 86.0
(88, 32, 43), None
(19, 349, 13), 90.0
(15, 36, 134), 94.0
(200, 116, 363), 83.0
(178, 380, 304), 88.0
(147, 122, 225), 92.0
(371, 79, 322), None
(125, 308, 173), 96.0
(55, 200, 271), None
(124, 198, 352), 90.0
(377, 245, 52), 70.0
(84, 273, 42), None
(149, 72, 156), 82.0
(224, 351, 335), 66.0
(189, 87, 349), 70.0
(370, 166, 132), 75.0
(134, 233, 293), None
(370, 107, 57), None
(164, 247, 11), 93.0
(0, 157, 159), 83.0
(234, 230, 16), 70.0
(10, 255, 31), None
(262, 165, 224), 74.0
(176, 322, 129), 69.0
(61, 126, 222), 90.0
(252, 32, 148), 92.0
(209, 249, 149), 100.0
(298, 104, 368), 66.0
(58, 2, 40), None
(327, 126, 105), 80.0
(371, 93, 314), 74.0
(136, 90, 224), 78.0
(57, 46, 333), None
(222, 224, 374), 92.0
(83, 245, 332), 62.0
(398, 31, 115), None
(366, 260, 297), 82.0
(64, 299, 5), None
(84, 194, 241), 68.0
(328, 347, 165), 80.0
(328, 204, 216), 90.0
(280, 340, 148), 74.0
(277, 251, 149), 74.0
(200, 262, 230), 70.0
(315, 378, 279), 96.0
(305, 3, 336), None
(26, 329, 120), 70.0
(276, 122, 42), None
(68, 246, 388), 62.0
(142, 237, 93), 80.0
(222, 192, 383), 78.0
(291, 108, 313), 66.0
(16, 13, 247), 90.0
(191, 10, 276), None
(37, 373, 271), 74.0
(377, 75, 209), 78.0
(314, 262, 209), 78.0
(134, 168, 13), 72.0
(110, 321, 4), None
(109, 140, 307), 70.0
(363, 325, 12), 78.0
(161, 176, 313), 74.0
(327, 17, 201), 82.0
(27, 288, 99), None
(146, 369, 228), 62.0
(303, 171, 112), 80.0
(98, 180, 197), None
(253, 338, 317), 98.0
(251, 155, 24), 90.0
(301, 265, 86), 88.0
(258, 128, 182), 82.0
(254, 224, 248), 92.0
(11, 294, 295), 61.0
(278, 48, 183), None
(86, 139, 55), None
(8, 86, 241), None
(177, 272, 53), 84.0
(19, 50, 25), None
(255, 189, 131), None
(90, 367, 142), 76.0
(225, 178, 211), 90.0
(397, 205, 382), 73.0
(393, 392, 219), 79.0
(50, 97, 331), None
(267, 114, 266), None
(133, 216, 179), 82.0
(253, 138, 253), None
(243, 211, 264), 80.0
(11, 109, 96), None
(78, 163, 99), None
(91, 0, 188), 94.0
(389, 170, 143), 68.0
(310, 25, 388), 72.0
(87, 241, 201), 88.0
(394, 26, 111), None
(53, 0, 277), 78.0
(21, 237, 82), 106.0
(248, 58, 67), None
(239, 382, 3), None
(133, 258, 187), 80.0
(72, 99, 299), None
(208, 361, 35), 88.0
(376, 145, 79), None
(185, 220, 279), 76.0
(133, 313, 199), 70.0
(238, 211, 331), 72.0
(107, 250, 142), 72.0
(370, 62, 346), 70.0
(191, 262, 322), 86.0
(10, 4, 102), None
(224, 218, 10), None
(123, 344, 39), 91.0
(78, 26, 260), None
(204, 215, 117), 80.0
(127, 232, 359), None
(291, 74, 355), 76.0
(47, 271, 152), None
(355, 266, 267), 90.0
(44, 288, 48), None
(60, 11, 188), 95.0
(26, 9, 324), None
(187, 284, 134), 88.0
(208, 261, 118), 88.0
(105, 199, 64), 98.0
(16, 116, 7), None
(295, 172, 139), 88.0
(343, 163, 298), 64.0
(235, 75, 9), None
(293, 77, 148), None
(160, 160, 73), None
(355, 225, 341), 84.0
(140, 279, 82), 72.0
(304, 271, 195), 78.0
(247, 226, 245), 73.0
(87, 262, 328), 78.0
(352, 330, 216), 76.0
(76, 186, 294), 74.0
(34, 270, 238), 66.0
(80, 137, 91), None
(143, 237, 90), 104.0
(223, 75, 97), None
(199, 114, 205), None
(120, 214, 310), 86.0
(285, 114, 313), None
(47, 79, 194), None
(63, 60, 244), 122.0
(58, 44, 81), None
(389, 48, 40), None
(319, 164, 39), 76.0
(0, 159, 122), 101.0
(337, 105, 140), 68.0
(212, 332, 287), 80.0
(395, 102, 187), 92.0
(196, 278, 324), 100.0
(4, 215, 203), None
(292, 185, 324), 66.0
(241, 399, 235), 84.0
(359, 251, 304), 76.0
(287, 265, 183), 94.0
(143, 76, 249), 92.0
(373, 314, 384), 96.0
(379, 286, 285), 86.0
(339, 23, 360), 56.0
(235, 214, 390), 109.0
(354, 60, 116), 73.0
(39, 27, 174), 100.0
(297, 93, 196), 58.0
(166, 50, 40), None
(268, 198, 188), 66.0
(65, 242, 4), None
(195, 286, 231), 97.0
(284, 177, 321), 94.0
(253, 80, 347), None
(45, 126, 389), None
(16, 103, 192), 98.0
(369, 312, 390), 88.0
(129, 96, 155), None
(97, 52, 377), None
(283, 210, 390), 82.0
(26, 0, 65), 83.0
(217, 240, 280), 90.0
(237, 242, 353), 76.0
(134, 285, 217), 68.0
(270, 95, 365), 74.0
(398, 103, 90), 74.0
(232, 0, 120), None
(76, 105, 337), 86.0
(195, 291, 371), 72.0
(73, 10, 108), None
(221, 274, 389), 89.0
(328, 98, 350), None
(339, 116, 166), 81.0
(99, 133, 340), None
(298, 138, 348), 90.0
(220, 258, 358), 78.0
(108, 114, 246), None
(0, 32, 264), 103.0
(13, 245, 139), 68.0
(211, 204, 77), None
(5, 20, 378), None
(366, 41, 46), None
(120, 204, 336), 72.0
(317, 345, 298), 88.0
(291, 356, 384), 82.0
(52, 99, 361), None
(340, 247, 66), 80.0
(310, 333, 137), 86.0
(264, 189, 263), 78.0
(9, 387, 388), None
(385, 50, 394), None
(151, 81, 108), 98.0
(71, 20, 168), 90.0
(13, 339, 211), 76.0
(97, 35, 269), None
(178, 198, 353), 84.0
(187, 249, 184), 80.0
(257, 334, 1), 87.0
(132, 92, 256), None
(22, 28, 15), 86.0
(103, 98, 343), None
(18, 346, 66), 92.0
(371, 155, 85), 88.0
(398, 0, 312), 86.0
(314, 82, 61), 98.0
(101, 207, 154), 94.0
(88, 371, 228), 56.0
(8, 338, 280), None
(102, 231, 10), None
(225, 122, 13), 92.0
(221, 231, 225), 92.0
(111, 154, 387), None
(189, 213, 182), 82.0
(394, 161, 41), None
(68, 32, 333), 94.0
(395, 81, 203), 68.0
(206, 350, 166), 68.0
(268, 105, 103), 73.0
(112, 350, 358), 94.0
(161, 167, 104), 84.0
(222, 47, 289), None
(262, 369, 257), 89.0
(151, 80, 0), None
(224, 319, 13), 74.0
(204, 48, 111), None
(160, 185, 191), 92.0
(88, 153, 386), 86.0
(278, 232, 147), None
(131, 187, 12), 92.0
(375, 250, 265), 80.0
(41, 222, 125), None
(184, 295, 29), 74.0
(12, 211, 336), 90.0
(169, 12, 383), 74.0
(0, 320, 274), 66.0
(345, 203, 17), 86.0
(320, 272, 143), 72.0
(50, 241, 190), None
(263, 91, 284), 78.0
(157, 153, 354), 90.0
(83, 287, 293), 58.0
(349, 86, 376), 64.0
(393, 9, 156), None
(328, 281, 350), 98.0
(243, 159, 102), 62.0
(246, 102, 288), 76.0
(282, 263, 199), 88.0
(24, 353, 337), 76.0
(19, 259, 263), 68.0
(94, 125, 139), 96.0
(286, 83, 37), 90.0
(168, 222, 325), 84.0
(89, 162, 111), None
(217, 349, 286), 84.0
(169, 41, 278), None
(316, 387, 113), None
(398, 182, 183), 80.0
(317, 36, 3), None
(90, 68, 268), 93.0
(372, 138, 273), 74.0
(345, 242, 138), 84.0
(17, 175, 28), 96.0
(325, 273, 335), 78.0
(283, 324, 11), 69.0
(321, 286, 243), 86.0
(174, 308, 365), 78.0
(178, 157, 30), 74.0
(198, 223, 79), None
(187, 221, 134), 86.0
(110, 66, 216), None
(12, 397, 382), 64.0
(173, 100, 399), 80.0
(327, 166, 205), 98.0
(307, 383, 71), 73.0
(257, 220, 260), 60.0
(234, 67, 283), 68.0
(76, 274, 279), 78.0
(335, 59, 330), None
(291, 95, 325), 70.0
(317, 0, 384), 58.0
(113, 278, 104), None
(349, 358, 188), 70.0
(392, 93, 21), 76.0
(196, 333, 217), 101.0
(82, 89, 233), None
(49, 327, 147), None
(266, 226, 142), 74.0
(82, 53, 168), 90.0
(242, 234, 68), 70.0
(68, 230, 246), 66.0
(328, 36, 231), 88.0
(97, 175, 80), None
(238, 154, 192), 86.0
(291, 116, 298), 84.0
(278, 304, 19), 62.0
(197, 352, 200), 80.0
(16, 178, 156), 78.0
(163, 118, 349), 82.0
(391, 28, 49), None
(64, 394, 346), 59.0
(129, 347, 206), 70.0
(332, 183, 301), 90.0
(51, 135, 282), 69.0
(345, 78, 370), None
(354, 243, 359), 89.0
(238, 69, 255), None
(232, 125, 264), None
(74, 220, 319), 71.0
(87, 11, 309), 91.0
(122, 4, 258), None
(26, 72, 0), 106.0
(145, 337, 183), 68.0
(296, 366, 118), 70.0
(353, 175, 364), 74.0
(256, 58, 140), None
(190, 22, 247), 76.0
(347, 354, 363), 86.0
(35, 261, 103), 92.0
(75, 321, 239), 70.0
(372, 257, 123), 93.0
(280, 62, 255), None
(291, 269, 192), 68.0
(69, 76, 107), 94.0
(169, 250, 211), 70.0
(291, 372, 201), 84.0
(388, 94, 59), None
(275, 311, 357), 86.0
(40, 375, 393), 68.0
(211, 357, 85), 80.0
(381, 236, 347), 90.0
(324, 156, 272), 74.0
(101, 131, 296), 78.0
(210, 122, 129), 77.0
(87, 333, 18), 86.0
(82, 127, 35), 88.0
(178, 381, 349), 82.0
(19, 388, 41), None
(320, 360, 214), 86.0
(237, 368, 35), 72.0
(5, 187, 345), None
(222, 230, 104), 66.0
(86, 128, 43), None
(381, 366, 385), 92.0
(357, 93, 353), 106.0
(99, 34, 257), None
(199, 68, 117), 98.0
(265, 5, 51), None
(375, 3, 147), None
(162, 296, 293), 88.0
(128, 222, 123), 86.0
(145, 345, 211), 78.0
(368, 368, 367), None
(329, 16, 164), 84.0
(391, 80, 233), None
(277, 315, 51), 96.0
(288, 101, 240), 76.0
(144, 169, 282), 72.0
(393, 18, 88), 82.0
(342, 100, 37), 92.0
(300, 381, 132), 71.0
(99, 288, 399), None
(180, 141, 329), 82.0
(296, 349, 371), 95.0
(86, 33, 140), 80.0
(143, 315, 145), 82.0
(390, 46, 249), None
(136, 369, 388), 72.0
(124, 75, 389), 84.0
(235, 181, 155), 70.0
(42, 176, 21), None
(336, 90, 310), 70.0
(225, 295, 330), 78.0
(308, 28, 360), 64.0
(114, 80, 334), None
(99, 393, 41), None
(234, 367, 278), 80.0
(121, 0, 22), 95.0
(330, 292, 161), 92.0
(6, 373, 206), None
(307, 232, 116), None
(330, 38, 285), 74.0
(183, 233, 205), None
(112, 103, 344), 82.0
(144, 222, 215), 66.0
(215, 154, 7), None
(352, 386, 226), 81.0
(59, 179, 44), None
(119, 92, 10), None
(132, 131, 154), 108.0
(44, 127, 97), None
(296, 27, 165), 78.0
(206, 189, 64), 80.0
(76, 2, 195), 114.0
(254, 173, 127), 102.0
(207, 209, 393), 82.0
(307, 82, 342), 88.0
(336, 138, 299), 96.0
(12, 150, 22), 90.0
(279, 249, 292), 87.0
(211, 276, 244), 80.0
(358, 254, 227), 87.0
(255, 163, 136), None
(124, 18, 201), 88.0
(83, 129, 130), 81.0
(258, 376, 160), 80.0
(153, 91, 333), 76.0
(30, 100, 71), 108.0
(286, 77, 133), None
(62, 223, 97), None
(281, 157, 78), None
(53, 172, 360), 68.0
(209, 333, 148), 72.0
(39, 292, 80), None
(2, 13, 58), None
(334, 345, 131), 74.0
(226, 231, 396), 86.0
(166, 37, 119), 100.0
(178, 66, 81), 84.0
(81, 301, 311), 78.0
(332, 305, 178), 76.0
(59, 7, 181), None
(78, 345, 301), None
(15, 138, 85), 96.0
(301, 192, 284), 82.0
(393, 191, 307), 68.0
(367, 293, 222), 88.0
(38, 194, 89), 110.0
(341, 78, 327), None
(370, 350, 107), 81.0
(98, 73, 16), None
(386, 250, 228), 86.0
(225, 361, 235), 84.0
(397, 234, 1), 73.0
(167, 171, 238), 96.0
(92, 327, 164), 84.0
(32, 220, 171), 86.0
(208, 77, 387), None
(366, 119, 110), None
(242, 157, 170), 80.0
(293, 353, 372), 102.0
(309, 349, 326), 80.0
(338, 233, 18), None
(282, 283, 69), 92.0
(350, 236, 324), 80.0
(381, 71, 18), 82.0
(355, 130, 240), 72.0
(315, 203, 287), 86.0
(196, 209, 39), 92.0
(21, 3, 78), None
(232, 69, 217), None
(178, 157, 360), 76.0
(209, 41, 182), None
(200, 225, 25), 80.0
(59, 149, 325), None
(375, 27, 222), 70.0
(229, 214, 118), 84.0
(48, 279, 94), None
(328, 304, 123), 76.0
(92, 50, 247), None
(388, 361, 172), 74.0
(199, 214, 257), 81.0
(68, 133, 359), 88.0
(73, 81, 50), None
(160, 156, 32), 100.0
(30, 202, 343), 74.0
(149, 119, 1), 86.0
(209, 395, 136), 78.0
(297, 224, 3), None
(168, 39, 5), None
(57, 380, 108), None
(395, 49, 224), None
(288, 280, 102), 72.0
(215, 87, 371), 72.0
(192, 0, 117), 82.0
(135, 43, 45), None
(71, 5, 93), None
(26, 208, 53), 90.0
(164, 269, 320), 78.0
(95, 39, 225), 99.0
(213, 373, 369), 90.0
(355, 366, 343), 90.0
(151, 244, 57), None
(125, 382, 347), 92.0
(332, 30, 22), 70.0
(124, 137, 150), 84.0
(318, 232, 209), None
(57, 331, 211), None
(297, 320, 93), 72.0
(56, 348, 316), None
(241, 108, 166), 88.0
(41, 201, 37), None
(182, 108, 193), 96.0
(161, 247, 31), 84.0
(239, 31, 28), 105.0
(23, 82, 271), 80.0
(308, 41, 217), None
(186, 380, 140), 74.0
(397, 46, 377), None
(383, 320, 35), 72.0
(374, 231, 4), None
(236, 178, 342), 76.0
(281, 256, 354), None
(59, 125, 156), None
(264, 368, 267), 86.0
(107, 321, 226), 74.0
(382, 115, 74), None
(393, 136, 99), None
(49, 375, 109), None
(60, 70, 368), 74.0
(312, 318, 349), 90.0
(206, 95, 63), 91.0
(350, 68, 124), 74.0
(377, 187, 21), 92.0
(366, 126, 371), 68.0
(90, 368, 198), 72.0
(146, 125, 326), 70.0
(101, 267, 365), 65.0
(313, 302, 215), 70.0
(167, 172, 205), 104.0
(272, 32, 31), 95.0
(327, 395, 374), 98.0
(384, 75, 65), 90.0
(211, 20, 99), None
(137, 176, 91), 88.0
(379, 7, 248), None
(57, 84, 289), None
(206, 59, 27), None
(18, 308, 299), 65.0
(180, 272, 371), 90.0
(179, 333, 355), 82.0
(71, 137, 367), 78.0
(79, 371, 94), None
(212, 269, 18), 92.0
(80, 346, 133), None
(279, 337, 205), 75.0
(7, 192, 380), None
(187, 153, 187), None
(276, 394, 381), 82.0
(46, 178, 116), None
(345, 301, 82), 88.0
(229, 391, 335), 75.0
(284, 368, 94), 64.0
(0, 66, 121), 105.0
(150, 163, 79), None
(55, 346, 277), None
(309, 326, 325), 102.0
(30, 233, 47), None
(346, 93, 342), 68.0
(39, 114, 329), None
(267, 13, 26), 90.0
(296, 390, 57), None
(65, 268, 397), 65.0
(388, 83, 45), None
(317, 123, 272), 86.0
(7, 131, 135), None
(223, 378, 105), 66.0
(386, 181, 338), 64.0
(188, 395, 90), 66.0
(163, 363, 100), 91.0
(23, 84, 272), 86.0
(51, 24, 66), 83.0
(63, 159, 22), 108.0
(156, 323, 126), 92.0
(42, 225, 35), None
(306, 97, 164), None
(399, 95, 128), 83.0
(233, 77, 269), None
(169, 299, 267), 68.0
(351, 258, 255), None
(336, 160, 37), 72.0
(185, 146, 14), 92.0
(211, 99, 146), None
(267, 278, 341), 82.0
(376, 343, 379), 95.0
(343, 180, 82), 71.0
(212, 56, 208), None
(262, 320, 182), 73.0
(2, 2, 78), None
(189, 157, 395), 84.0
(84, 384, 38), 96.0
(36, 41, 197), None
(311, 286, 308), 103.0
(1, 134, 160), 96.0
(184, 269, 19), 94.0
(57, 312, 112), None
(384, 389, 273), 92.0
(126, 258, 314), 96.0
(342, 119, 399), 73.0
(196, 68, 24), 90.0
(306, 171, 289), 70.0
(358, 393, 326), 92.0
(287, 20, 189), 84.0
(377, 284, 215), 76.0
(118, 173, 152), 91.0
(288, 141, 347), 66.0
(297, 240, 361), 86.0
(266, 270, 184), 80.0
(128, 150, 53), 104.0
(272, 140, 325), 70.0
(154, 237, 110), None
(269, 333, 154), 68.0
(61, 80, 305), None
(184, 119, 68), 80.0
(385, 144, 308), 91.0
(110, 249, 367), None
(193, 282, 136), 80.0
(293, 375, 372), 88.0
(232, 243, 59), None
(63, 244, 144), 92.0
(90, 88, 297), 106.0
(393, 136, 226), 72.0
(201, 112, 188), 80.0
(265, 175, 67), 66.0
(272, 168, 119), 94.0
(70, 377, 274), 70.0
(76, 80, 369), None
(365, 241, 336), 90.0
(383, 182, 310), 98.0
(130, 14, 168), 102.0
(29, 285, 28), 89.0
(75, 8, 392), None
(65, 312, 311), 62.0
(346, 215, 67), 72.0
(70, 234, 174), 74.0
(297, 351, 382), 92.0
(79, 267, 207), None
(237, 177, 257), 64.0
(335, 178, 374), 96.0
(290, 158, 163), 90.0
(209, 212, 121), 90.0
(140, 38, 75), 90.0
(85, 108, 340), 94.0
(317, 3, 316), None
(6, 334, 379), None
(33, 105, 104), 90.0
(286, 236, 132), 65.0
(37, 337, 363), 62.0
(150, 277, 59), None
(136, 286, 313), 70.0
(267, 14, 90), 94.0
(227, 76, 275), 64.0
(244, 158, 137), 74.0
(246, 85, 167), 72.0
(213, 132, 21), 105.0
(266, 278, 121), 66.0
(327, 31, 334), 66.0
(237, 41, 95), None
(94, 170, 198), 88.0
(94, 21, 358), 76.0
(83, 202, 191), 78.0
(164, 354, 288), 68.0
(309, 162, 137), 86.0
(178, 14, 123), 104.0
(317, 151, 221), 74.0
(390, 92, 325), 66.0
(89, 248, 244), 62.0
(185, 9, 311), None
(321, 116, 289), 77.0
(124, 345, 252), 70.0
(302, 320, 219), 90.0
(225, 374, 365), 78.0
(203, 7, 332), None
(5, 392, 183), None
(365, 292, 212), 76.0
(23, 188, 176), 96.0
(36, 25, 240), 96.0
(90, 79, 247), None
(63, 2, 332), 80.0
(204, 388, 230), 76.0
(330, 67, 83), 66.0
(345, 180, 246), 72.0
(260, 221, 160), 56.0
(228, 16, 145), 90.0
(143, 133, 313), 70.0
(266, 238, 97), None
(254, 368, 100), 84.0
(325, 220, 295), 78.0
(272, 325, 268), 82.0
(244, 161, 399), 66.0
(192, 321, 193), 73.0
(328, 358, 276), 122.0
(346, 37, 86), 92.0
(132, 233, 185), None
(45, 102, 193), None
(322, 294, 334), 84.0
(76, 294, 193), 96.0
(84, 296, 83), 76.0
(304, 25, 346), 56.0
(93, 71, 182), 103.0
(243, 148, 151), 98.0
(64, 343, 71), 86.0
(8, 31, 329), None
(142, 86, 125), 85.0
(154, 159, 225), 86.0
(186, 291, 248), 90.0
(50, 321, 287), None
(91, 193, 116), 97.0
(152, 206, 365), 78.0
(315, 54, 197), 80.0
(331, 16, 394), 87.0
(12, 167, 314), 78.0
(298, 294, 174), 78.0
(138, 112, 193), 90.0
(240, 105, 254), 70.0
(94, 343, 132), 77.0
(279, 200, 202), 102.0
(369, 20, 203), 73.0
(50, 298, 85), None
(144, 343, 281), 84.0
(63, 88, 297), 82.0
(21, 346, 24), 86.0
(360, 155, 332), 66.0
(13, 276, 72), 90.0
(100, 9, 56), None
(41, 20, 370), None
(168, 217, 360), 66.0
(6, 209, 86), None
(362, 282, 28), 66.0
(290, 120, 130), 64.0
(295, 167, 21), 96.0
(101, 197, 14), 104.0
(97, 228, 192), None
(100, 133, 101), 90.0
(316, 11, 367), 70.0
(202, 1, 80), None
(58, 12, 391), None
(52, 381, 303), 74.0
(323, 198, 266), 92.0
(385, 178, 310), 84.0
(11, 84, 155), 101.0
(286, 392, 385), 82.0
(37, 252, 389), 70.0
(214, 206, 62), 72.0
(142, 357, 185), 96.0
(110, 252, 332), None
(364, 105, 162), 86.0
(223, 85, 379), 64.0
(159, 235, 102), 95.0
(343, 48, 368), None
(347, 134, 275), 78.0
(303, 233, 74), None
(188, 300, 347), 80.0
(128, 228, 365), 70.0
(51, 237, 197), 74.0
(168, 114, 299), None
(172, 86, 335), 90.0
(377, 105, 48), None
(383, 330, 304), 86.0
(113, 387, 98), None
(370, 101, 155), 82.0
(276, 240, 85), 64.0
(165, 269, 336), 72.0
(150, 377, 295), 98.0
(296, 96, 382), None
(156, 73, 256), None
(152, 199, 192), 77.0
(328, 182, 122), 68.0
(212, 396, 268), 82.0
(49, 34, 231), None
(140, 181, 222), 86.0
(371, 254, 368), 98.0
(27, 313, 390), 68.0
(96, 255, 274), None
(397, 275, 42), None
(53, 314, 382), 62.0
(27, 347, 55), None
(295, 140, 106), 74.0
(334, 158, 66), 92.0
(14, 298, 287), 66.0
(235, 297, 372), 110.0
(299, 376, 163), 83.0
(377, 108, 227), 66.0
(136, 158, 13), 70.0
(75, 204, 382), 78.0
(249, 109, 141), 74.0
(3, 111, 217), None
(89, 163, 255), None
(222, 150, 247), 68.0
(193, 149, 160), 88.0
(169, 232, 33), None
(253, 216, 183), 94.0
(92, 66, 11), 91.0
(287, 33, 198), 66.0
(232, 173, 304), None
(272, 20, 10), None
(4, 331, 368), None
(282, 162, 262), 62.0
(110, 351, 392), None
(177, 304, 3), None
(111, 152, 11), None
(246, 66, 61), 98.0
(395, 324, 318), 90.0
(324, 129, 20), 76.0
(359, 386, 232), None
(143, 128, 302), 96.0
(106, 377, 309), 62.0
(309, 239, 388), 91.0
(73, 200, 151), 92.0
(308, 63, 314), 62.0
(16, 56, 91), None
(28, 134, 138), 88.0
(389, 182, 346), 96.0
(231, 278, 248), 89.0
(65, 274, 381), 68.0
(367, 76, 96), None
(25, 118, 52), 96.0
(340, 149, 398), 70.0
(72, 117, 226), 72.0
(142, 34, 42), None
(166, 24, 54), 89.0
(106, 358, 32), 92.0
(272, 117, 334), 70.0
(304, 22, 16), 86.0
(187, 151, 239), 84.0
(16, 189, 170), 98.0
(21, 319, 313), 87.0
(32, 270, 264), 70.0
(10, 181, 145), None
(234, 149, 352), 87.0
(133, 210, 224), 80.0
(330, 161, 267), 90.0
(232, 193, 51), None
(264, 375, 267), 90.0
(37, 220, 376), 66.0
(38, 106, 69), 86.0
(365, 341, 225), 104.0
(178, 126, 139), 101.0
(258, 126, 127), 94.0
(308, 341, 178), 88.0
(283, 226, 274), 78.0
(180, 217, 55), None
(387, 208, 361), 86.0
(186, 215, 86), 70.0
(261, 247, 92), 74.0
(53, 310, 69), 92.0
(214, 211, 312), 88.0
(320, 57, 194), None
(262, 108, 90), 99.0
(15, 47, 189), None
(283, 246, 267), 78.0
(235, 234, 3), None
(235, 333, 349), 88.0
(137, 125, 176), 104.0
(149, 351, 376), 84.0
(31, 0, 146), 95.0
(313, 183, 184), 78.0
(296, 363, 75), 62.0
(390, 373, 303), 96.0
(389, 266, 275), 86.0
(280, 47, 52), None
(212, 79, 212), None
(181, 366, 348), 93.0
(243, 6, 126), None
(206, 266, 250), 70.0
(283, 167, 352), 70.0
(366, 57, 144), None
(128, 76, 329), 92.0
(372, 120, 183), 78.0
(366, 157, 233), None
(327, 315, 147), 64.0
(29, 267, 386), 64.0
(234, 126, 54), 89.0
(140, 53, 53), None
(381, 392, 56), None
(199, 347, 183), 93.0
(77, 176, 78), None
(302, 83, 222), 56.0
(21, 195, 369), 88.0
(186, 15, 248), 90.0
(184, 142, 186), 98.0
(117, 285, 48), None
(396, 335, 9), None
(261, 305, 296), 86.0
(224, 311, 175), 74.0
(307, 111, 195), None
(361, 16, 364), 80.0
(191, 313, 300), 76.0
(58, 228, 209), None
(273, 314, 170), 92.0
(125, 40, 241), 95.0
(189, 274, 97), None
(276, 19, 143), 82.0
(119, 35, 107), 92.0
(392, 102, 335), 68.0
(149, 121, 257), 82.0
(187, 27, 76), 98.0
(382, 166, 263), 86.0
(217, 101, 279), 78.0
(371, 111, 193), None
(138, 187, 360), 86.0
(245, 95, 70), 93.0
(107, 165, 103), 90.0
(311, 213, 5), None
(127, 124, 0), 89.0
(206, 76, 386), 84.0
(108, 193, 28), 92.0
(130, 170, 147), 94.0
(65, 397, 282), 63.0
(53, 66, 396), 80.0
(129, 173, 102), 86.0
(182, 220, 54), 81.0
(64, 238, 195), 88.0
(337, 102, 185), 88.0
(115, 229, 389), None
(318, 321, 6), None
(231, 379, 160), 82.0
(53, 65, 112), 92.0
(263, 56, 171), None
(72, 322, 63), 90.0
(325, 183, 379), 62.0
(280, 325, 91), 74.0
(371, 5, 381), None
(35, 339, 279), 60.0
(139, 334, 45), None
(26, 151, 224), 72.0
(223, 228, 234), 82.0
(157, 73, 37), 94.0
Sampler:CmaEsSampler
(136, 296, 268), 66.0
(187, 138, 258), 80.0
(260, 278, 163), 62.0
(69, 149, 265), 72.0
(352, 243, 326), 96.0
(130, 250, 227), 64.0
(300, 100, 144), 89.0
(120, 300, 192), 74.0
(84, 237, 246), 63.0
(238, 343, 213), 70.0
(264, 228, 205), 70.0
(249, 258, 217), 78.0
(247, 267, 170), 88.0
(235, 293, 158), 100.0
(214, 216, 112), 80.0
(139, 295, 178), 86.0
(174, 211, 316), 74.0
(103, 296, 262), 60.0
(244, 227, 158), 90.0
(125, 307, 225), 78.0
(93, 222, 195), 80.0
(92, 302, 344), 74.0
(120, 275, 330), 92.0
(145, 349, 302), 84.0
(116, 235, 280), 67.0
(36, 258, 347), 64.0
(133, 324, 271), 68.0
(257, 245, 213), 84.0
(161, 299, 288), 78.0
(47, 274, 287), None
(7, 258, 328), None
(137, 279, 349), 95.0
(53, 354, 390), 68.0
(150, 209, 200), 70.0
(71, 289, 266), 64.0
(18, 241, 251), 86.0
(186, 266, 322), 80.0
(54, 306, 311), 63.0
(188, 223, 265), 86.0
(28, 378, 285), 64.0
(12, 311, 314), 76.0
(166, 153, 263), 90.0
(48, 326, 367), None
(65, 315, 327), 58.0
(117, 398, 314), 66.0
(121, 180, 305), 96.0
(65, 346, 308), 78.0
(22, 299, 245), 68.0
(33, 329, 296), 66.0
(41, 324, 311), None
(54, 328, 337), 72.0
(63, 359, 387), 58.0
(116, 331, 246), 73.0
(73, 243, 352), 66.0
(147, 325, 230), 64.0
(102, 309, 384), 83.0
(38, 352, 375), 86.0
(115, 330, 323), None
(98, 341, 394), None
(91, 263, 334), 70.0
(82, 363, 368), 76.0
(72, 369, 397), 76.0
(38, 318, 371), 70.0
(93, 375, 218), 76.0
(85, 324, 323), 97.0
(133, 290, 209), 80.0
(170, 297, 231), 68.0
(88, 300, 324), 80.0
(192, 271, 265), 66.0
(111, 333, 194), None
(169, 330, 224), 70.0
(251, 240, 238), 76.0
(216, 221, 182), 64.0
(218, 298, 228), 70.0
(164, 349, 236), 94.0
(245, 145, 182), 92.0
(206, 289, 262), 74.0
(244, 392, 177), 74.0
(187, 156, 166), 86.0
(237, 224, 248), 92.0
(264, 219, 158), 67.0
(129, 313, 237), 89.0
(141, 299, 224), 62.0
(31, 248, 256), None
(157, 329, 262), 80.0
(164, 353, 337), 90.0
(221, 243, 203), 92.0
(131, 267, 217), 66.0
(225, 319, 192), 86.0
(258, 294, 217), 82.0
(270, 208, 149), 70.0
(68, 394, 264), 68.0
(281, 300, 178), 88.0
(154, 311, 199), 80.0
(150, 308, 170), 68.0
(120, 302, 276), 58.0
(96, 321, 275), None
(139, 229, 185), 87.0
(40, 331, 309), 68.0
(7, 347, 289), None
(66, 379, 278), 58.0
(257, 308, 239), 95.0
(146, 264, 275), 64.0
(85, 299, 278), 67.0
(117, 357, 250), 72.0
(55, 368, 312), None
(34, 330, 321), 68.0
(48, 343, 335), None
(157, 240, 210), 88.0
(89, 359, 321), 70.0
(258, 236, 134), 80.0
(200, 259, 254), 81.0
(127, 294, 253), 72.0
(88, 262, 253), 70.0
(97, 278, 281), None
(84, 277, 323), 58.0
(174, 212, 222), 90.0
(66, 268, 372), 66.0
(169, 251, 272), 86.0
(89, 294, 319), 72.0
(73, 329, 290), 70.0
(98, 252, 365), None
(101, 243, 349), 68.0
(8, 379, 389), None
(171, 293, 286), 72.0
(141, 238, 260), 58.0
(51, 222, 235), 77.0
(60, 292, 304), 66.0
(153, 236, 233), None
(78, 235, 286), None
(65, 270, 266), 64.0
(97, 280, 283), None
(67, 280, 370), 64.0
(129, 262, 287), 61.0
(194, 182, 218), 80.0
(139, 236, 269), 86.0
(147, 206, 274), 62.0
(45, 306, 321), None
(128, 202, 336), 82.0
(121, 170, 339), 82.0
(95, 264, 291), 71.0
(140, 253, 277), 82.0
(111, 294, 241), None
(197, 293, 224), 78.0
(117, 226, 303), 82.0
(133, 226, 248), 76.0
(86, 249, 292), 66.0
(108, 260, 305), 82.0
(77, 289, 281), None
(108, 248, 268), 74.0
(159, 234, 247), 95.0
(103, 265, 301), 92.0
(115, 282, 251), None
(53, 238, 350), 70.0
(37, 304, 350), 72.0
(105, 261, 268), 72.0
(26, 248, 344), 68.0
(120, 237, 330), 94.0
(43, 202, 385), None
(48, 218, 329), None
(15, 310, 337), 80.0
(35, 260, 396), 60.0
(89, 237, 318), 80.0
(44, 266, 318), None
(33, 261, 349), 66.0
(28, 284, 385), 60.0
(67, 260, 379), 68.0
(59, 291, 382), None
(37, 318, 372), 66.0
(74, 262, 335), 63.0
(53, 246, 329), 70.0
(43, 269, 389), None
(82, 313, 304), 62.0
(45, 222, 395), None
(17, 245, 382), 78.0
(83, 302, 268), 82.0
(77, 294, 295), None
(83, 271, 353), 72.0
(41, 361, 373), None
(55, 265, 352), None
(145, 289, 262), 76.0
(56, 283, 361), None
(23, 259, 361), 62.0
(94, 351, 311), 66.0
(70, 294, 323), 70.0
(60, 267, 302), 86.0
(40, 279, 362), 58.0
(80, 346, 311), None
(70, 294, 299), 88.0
(60, 304, 321), 92.0
(88, 257, 299), 76.0
(121, 295, 230), 96.0
(62, 296, 316), 78.0
(127, 289, 271), 72.0
(23, 241, 358), 62.0
(46, 232, 364), None
(0, 264, 374), 64.0
(92, 272, 264), 60.0
(82, 275, 272), 74.0
(76, 239, 321), 70.0
(75, 278, 297), 72.0
(11, 299, 382), 66.0
(24, 275, 360), 65.0
(98, 270, 301), None
(88, 257, 227), 65.0
(119, 254, 225), 74.0
(71, 256, 280), None
(62, 247, 279), 65.0
(45, 282, 309), None
(70, 270, 294), 66.0
(12, 240, 311), 68.0
(31, 273, 321), 68.0
(37, 270, 351), 72.0
(88, 299, 270), 72.0
(60, 243, 249), 70.0
(35, 303, 302), 86.0
(29, 265, 295), 66.0
(127, 253, 239), 83.0
(58, 217, 258), None
(124, 232, 226), None
(31, 244, 286), 76.0
(107, 248, 242), 68.0
(46, 219, 264), None
(78, 266, 287), None
(85, 270, 261), 64.0
(35, 241, 319), 72.0
(14, 261, 356), 66.0
(31, 230, 316), 65.0
(129, 242, 143), 94.0
(98, 223, 197), None
(36, 215, 323), 68.0
(30, 300, 337), 70.0
(49, 222, 334), None
(45, 289, 306), None
(4, 276, 349), None
(68, 261, 312), 66.0
(116, 256, 228), None
(37, 235, 294), 82.0
(25, 249, 327), 62.0
(104, 259, 239), 79.0
(21, 285, 330), 62.0
(125, 253, 262), 67.0
(75, 243, 294), 68.0
(3, 269, 347), None
(38, 249, 344), 88.0
(22, 282, 322), 54.0
(53, 258, 285), 68.0
(42, 279, 330), None
(6, 231, 366), None
(7, 281, 358), None
(77, 310, 273), None
(57, 275, 299), None
(22, 290, 334), 66.0
(33, 262, 329), 70.0
(63, 227, 289), 76.0
(60, 258, 276), 92.0
(48, 289, 312), None
(24, 265, 323), 72.0
(2, 256, 312), None
(25, 287, 345), 78.0
(44, 267, 296), None
(29, 290, 337), 66.0
(45, 311, 309), None
(32, 255, 348), None
(36, 324, 278), 64.0
(25, 286, 349), 58.0
(40, 272, 319), 77.0
(34, 258, 313), 88.0
(19, 317, 354), 76.0
(7, 291, 335), None
(2, 277, 348), 67.0
(47, 300, 322), None
(22, 272, 312), 64.0
(42, 260, 303), None
(32, 255, 326), None
(15, 289, 340), 74.0
(26, 317, 343), 64.0
(30, 279, 330), 71.0
(38, 299, 325), 59.0
(30, 276, 298), 86.0
(33, 285, 329), 68.0
(50, 292, 322), None
(39, 284, 320), 106.0
(59, 260, 307), None
(36, 264, 321), 80.0
(38, 299, 306), 59.0
(43, 292, 327), None
(53, 265, 293), 60.0
(22, 297, 340), 62.0
(44, 313, 314), None
(25, 296, 321), 64.0
(11, 272, 313), 59.0
(75, 266, 279), 64.0
(68, 291, 273), 70.0
(56, 293, 304), None
(8, 261, 328), None
(23, 295, 340), 64.0
(28, 306, 329), 62.0
(6, 308, 357), None
(49, 267, 299), None
(58, 302, 292), None
(52, 292, 277), 82.0
(20, 252, 317), 76.0
(8, 265, 311), None
(28, 307, 321), 84.0
(6, 290, 342), None
(29, 296, 308), 68.0
(42, 263, 296), None
(56, 262, 307), None
(47, 273, 310), None
(16, 279, 328), 65.0
(58, 301, 303), None
(1, 294, 350), 70.0
(27, 311, 313), 68.0
(10, 303, 324), None
(1, 292, 323), 64.0
(4, 304, 344), None
(22, 289, 325), 70.0
(14, 305, 334), 66.0
(12, 315, 328), 66.0
(22, 309, 317), 66.0
(21, 293, 315), 80.0
(43, 278, 293), None
(13, 282, 287), 78.0
(56, 274, 269), None
(27, 311, 306), 64.0
(31, 323, 293), 62.0
(68, 304, 287), 68.0
(3, 328, 333), None
(12, 313, 329), 64.0
(32, 296, 295), 63.0
(37, 305, 280), 82.0
(23, 318, 312), 72.0
(40, 296, 306), 60.0
(0, 292, 343), 68.0
(20, 301, 309), 68.0
(36, 268, 299), 61.0
(8, 338, 330), None
(47, 305, 286), None
(56, 319, 291), None
(27, 329, 314), 64.0
(28, 308, 307), 59.0
(24, 304, 300), 86.0
(37, 292, 302), 70.0
(40, 281, 301), 56.0
(59, 316, 278), None
(13, 267, 313), 60.0
(32, 292, 307), 62.0
(27, 276, 313), 86.0
(21, 293, 319), 89.0
(7, 280, 315), None
(11, 276, 325), 63.0
(24, 277, 304), 62.0
(44, 276, 284), None
(58, 262, 282), None
(11, 270, 330), 65.0
(31, 269, 316), 66.0
(39, 319, 299), 74.0
(30, 271, 299), 72.0
(17, 305, 315), 62.0
(21, 264, 301), 86.0
(40, 300, 314), 62.0
(31, 279, 300), 73.0
(4, 317, 334), None
(21, 312, 314), 70.0
(41, 307, 301), None
(18, 280, 316), 68.0
(3, 303, 348), None
(13, 295, 328), 64.0
(33, 292, 301), 64.0
(30, 288, 300), 68.0
(29, 278, 308), 68.0
(12, 288, 330), 62.0
(23, 303, 315), 62.0
(21, 307, 324), 64.0
(40, 293, 295), 88.0
(22, 273, 311), 74.0
(15, 267, 324), 86.0
(30, 286, 305), 78.0
(14, 292, 326), 64.0
(15, 294, 322), 66.0
(26, 284, 316), 60.0
(16, 296, 330), 70.0
(17, 286, 325), 78.0
(36, 291, 314), 88.0
(12, 310, 330), 64.0
(29, 280, 313), 68.0
(23, 284, 322), 88.0
(24, 289, 314), 66.0
(20, 300, 325), 84.0
(21, 291, 324), 64.0
(6, 289, 330), None
(17, 286, 322), 82.0
(21, 292, 324), 66.0
(6, 295, 332), None
(21, 294, 320), 66.0
(15, 303, 323), 76.0
(15, 285, 330), 70.0
(19, 286, 323), 90.0
(31, 288, 312), 60.0
(15, 290, 325), 72.0
(14, 289, 326), 72.0
(14, 290, 322), 72.0
(18, 290, 326), 78.0
(24, 293, 321), 66.0
(20, 291, 317), 74.0
(27, 290, 313), 66.0
(24, 290, 320), 62.0
(37, 289, 308), 85.0
(20, 292, 327), 68.0
(20, 292, 325), 66.0
(31, 286, 315), 64.0
(35, 286, 308), 74.0
(30, 291, 313), 74.0
(26, 291, 317), 70.0
(26, 290, 317), 66.0
(29, 280, 318), 74.0
(32, 288, 312), 58.0
(32, 290, 315), 64.0
(22, 295, 323), 64.0
(19, 298, 326), 60.0
(27, 295, 321), 64.0
(23, 287, 323), 74.0
(28, 295, 321), 64.0
(30, 290, 315), 66.0
(26, 293, 318), 76.0
(27, 290, 315), 66.0
(28, 299, 317), 98.0
(30, 287, 315), 66.0
(21, 295, 323), 62.0
(31, 298, 317), 68.0
(21, 294, 323), 64.0
(27, 289, 317), 66.0
(20, 292, 328), 68.0
(17, 298, 326), 64.0
(31, 294, 315), 80.0
(27, 291, 315), 66.0
(22, 294, 322), 66.0
(20, 292, 326), 66.0
(22, 293, 321), 66.0
(18, 295, 326), 66.0
(19, 301, 326), 84.0
(23, 295, 324), 62.0
(19, 298, 325), 60.0
(30, 299, 317), 84.0
(13, 303, 330), 66.0
(21, 297, 323), 58.0
(22, 298, 325), 60.0
(19, 300, 325), 82.0
(19, 297, 325), 60.0
(23, 299, 325), 60.0
(23, 299, 324), 58.0
(20, 298, 325), 60.0
(26, 293, 319), 78.0
(23, 295, 321), 64.0
(18, 299, 326), 63.0
(15, 301, 329), 72.0
(29, 296, 320), 66.0
(21, 296, 324), 58.0
(21, 304, 327), 66.0
(20, 301, 326), 84.0
(25, 296, 322), 64.0
(24, 297, 322), 62.0
(15, 299, 329), 65.0
(21, 297, 326), 60.0
(25, 294, 322), 66.0
(23, 297, 322), 56.0
(23, 296, 323), 62.0
(21, 301, 327), 78.0
(20, 296, 325), 58.0
(25, 293, 320), 68.0
(24, 296, 323), 62.0
(18, 298, 327), 68.0
(22, 296, 322), 62.0
(24, 296, 321), 64.0
(19, 299, 327), 63.0
(20, 297, 326), 62.0
(21, 295, 324), 58.0
(24, 296, 322), 64.0
(22, 297, 324), 58.0
(20, 296, 324), 58.0
(23, 297, 323), 62.0
(20, 297, 324), 58.0
(22, 297, 323), 58.0
(22, 296, 324), 58.0
(22, 297, 325), 58.0
(21, 296, 325), 58.0
(21, 296, 323), 58.0
(19, 296, 325), 62.0
(18, 297, 325), 60.0
(21, 297, 324), 58.0
(20, 297, 325), 58.0
(19, 296, 324), 66.0
(21, 298, 324), 58.0
(22, 296, 323), 58.0
(23, 295, 322), 64.0
(23, 296, 322), 62.0
(20, 295, 323), 62.0
(21, 295, 322), 64.0
(18, 295, 325), 62.0
(20, 294, 325), 60.0
(21, 294, 324), 64.0
(22, 295, 324), 58.0
(20, 296, 326), 62.0
(21, 293, 324), 66.0
(19, 294, 324), 64.0
(22, 298, 324), 58.0
(21, 297, 325), 58.0
(23, 299, 323), 58.0
(22, 301, 323), 86.0
(22, 299, 324), 58.0
(23, 301, 323), 84.0
(21, 298, 323), 58.0
(23, 300, 322), 72.0
(24, 297, 324), 64.0
(21, 300, 324), 86.0
(21, 298, 325), 60.0
(24, 300, 324), 82.0
(22, 299, 323), 58.0
(22, 298, 322), 56.0
(23, 298, 322), 56.0
(23, 297, 321), 60.0
(22, 298, 323), 58.0
(22, 297, 322), 56.0
(23, 298, 321), 60.0
(22, 299, 321), 56.0
(22, 298, 321), 56.0
(25, 299, 322), 60.0
(21, 297, 321), 56.0
(23, 296, 320), 64.0
(22, 295, 322), 64.0
(22, 298, 319), 73.0
(23, 297, 320), 60.0
(24, 302, 317), 60.0
(24, 298, 319), 65.0
(19, 299, 320), 68.0
(26, 301, 316), 62.0
(22, 301, 320), 66.0
(27, 304, 315), 62.0
(20, 291, 322), 66.0
(24, 302, 320), 88.0
(22, 300, 320), 56.0
(21, 296, 321), 64.0
(24, 297, 319), 77.0
(22, 299, 319), 77.0
(22, 299, 322), 56.0
(23, 301, 320), 72.0
(22, 301, 322), 60.0
(20, 298, 322), 58.0
(22, 302, 323), 62.0
(20, 299, 324), 60.0
(21, 301, 324), 82.0
(22, 300, 322), 68.0
(24, 301, 321), 56.0
(25, 298, 318), 68.0
(24, 301, 322), 60.0
(19, 299, 324), 62.0
(24, 301, 320), 72.0
(24, 301, 323), 82.0
(21, 299, 323), 58.0
(21, 300, 322), 73.0
(21, 300, 321), 70.0
(24, 298, 321), 60.0
(21, 298, 322), 56.0
(23, 298, 323), 58.0
(23, 299, 322), 56.0
(22, 300, 321), 56.0
(23, 299, 321), 60.0
(22, 299, 320), 56.0
(22, 297, 319), 74.0
(22, 298, 320), 56.0
(20, 297, 322), 58.0
(22, 298, 318), 70.0
(23, 298, 319), 73.0
(23, 299, 318), 96.0
(23, 300, 321), 64.0
(22, 300, 318), 60.0
(23, 300, 318), 60.0
(21, 299, 319), 79.0
(23, 299, 320), 60.0
(21, 298, 319), 85.0
(23, 299, 319), 71.0
(23, 298, 320), 60.0
(22, 297, 320), 56.0
(22, 297, 321), 56.0
(21, 298, 321), 56.0
(21, 296, 322), 62.0
(22, 296, 321), 64.0
(22, 300, 319), 60.0
