Sampler:TPESampler
(216, 219, 11, 52, 36, 331, 230, 41, 180), 44.0
(9, 17, 68, 213, 150, 177, 147, 281, 66), 44.0
(3, 1, 358, 176, 252, 37, 32, 88, 77), 52.0
(233, 317, 27, 92, 352, 119, 116, 200, 229), 48.0
(25, 84, 344, 234, 162, 96, 349, 59, 231), 42.0
(74, 300, 145, 344, 254, 222, 360, 324, 361), 61.0
(268, 231, 270, 12, 38, 240, 190, 334, 267), 43.0
(18, 256, 234, 358, 334, 288, 237, 206, 194), 57.0
(88, 231, 279, 145, 393, 226, 105, 352, 7), 38.0
(49, 301, 4, 281, 277, 112, 25, 357, 220), 39.0
(368, 137, 158, 123, 396, 353, 89, 393, 11), 42.0
(115, 381, 294, 290, 289, 152, 13, 399, 130), 56.0
(125, 144, 117, 266, 390, 0, 67, 262, 318), 47.0
(134, 380, 192, 139, 202, 93, 0, 125, 143), 62.0
(81, 299, 398, 309, 317, 397, 154, 338, 3), 65.0
(167, 170, 85, 183, 110, 259, 65, 264, 291), 46.0
(70, 266, 221, 245, 260, 180, 293, 363, 399), 58.0
(296, 189, 301, 391, 204, 62, 122, 151, 102), 48.0
(175, 334, 255, 154, 362, 138, 41, 299, 156), 49.0
(55, 94, 183, 92, 294, 279, 175, 238, 44), 60.0
(114, 263, 330, 298, 95, 184, 93, 358, 234), 42.0
(383, 136, 59, 113, 397, 383, 83, 387, 2), None
(352, 121, 134, 46, 374, 308, 119, 396, 24), 50.0
(99, 259, 341, 313, 116, 197, 44, 309, 237), 42.0
(46, 332, 384, 339, 80, 213, 43, 301, 264), 56.0
(152, 221, 310, 213, 225, 158, 103, 3, 207), 40.0
(156, 210, 294, 209, 228, 148, 217, 15, 199), 60.0
(196, 180, 262, 253, 296, 103, 148, 171, 175), 38.0
(251, 172, 250, 263, 297, 61, 151, 175, 120), 51.0
(189, 351, 16, 167, 318, 116, 267, 95, 167), None
(282, 289, 217, 274, 341, 16, 177, 218, 321), 62.0
(200, 215, 323, 223, 172, 68, 113, 24, 172), None
(144, 238, 280, 194, 229, 162, 138, 71, 95), 42.0
(215, 189, 314, 245, 271, 121, 71, 137, 53), 44.0
(94, 52, 361, 206, 230, 90, 21, 108, 206), None
(33, 235, 259, 159, 177, 235, 106, 165, 257), None
(56, 163, 171, 244, 275, 131, 144, 357, 215), 38.0
(8, 161, 66, 248, 319, 37, 221, 366, 289), 38.0
(3, 165, 40, 253, 322, 30, 209, 271, 297), 46.0
(316, 115, 93, 321, 361, 45, 243, 370, 346), 54.0
(33, 87, 177, 230, 306, 77, 383, 334, 83), 44.0
(46, 196, 12, 282, 282, 111, 166, 348, 284), None
(63, 53, 50, 237, 338, 131, 199, 377, 219), 50.0
(10, 158, 77, 186, 251, 43, 131, 321, 251), None
(91, 283, 30, 277, 277, 100, 315, 292, 323), None
(24, 149, 122, 258, 377, 206, 248, 241, 184), 60.0
(76, 115, 97, 336, 349, 11, 182, 346, 382), 37.0
(112, 115, 156, 380, 354, 22, 186, 190, 375), 40.0
(74, 61, 101, 360, 377, 15, 143, 323, 362), 44.0
(2, 181, 229, 135, 330, 50, 223, 344, 392), 48.0
(132, 9, 196, 328, 307, 6, 198, 377, 341), 38.0
(134, 132, 173, 335, 306, 2, 164, 378, 349), 38.0
(133, 0, 203, 336, 309, 20, 162, 376, 342), 34.0
(136, 1, 208, 330, 300, 11, 161, 379, 353), 36.0
(177, 4, 206, 358, 306, 0, 158, 374, 337), 55.0
(136, 29, 203, 333, 247, 0, 195, 382, 377), 38.0
(228, 27, 237, 374, 14, 19, 169, 398, 347), 38.0
(236, 43, 242, 386, 23, 24, 165, 391, 358), 34.0
(238, 27, 237, 380, 4, 27, 178, 392, 308), None
(60, 98, 148, 394, 45, 79, 130, 358, 368), 40.0
(235, 1, 235, 361, 11, 56, 206, 395, 337), None
(122, 41, 217, 303, 382, 37, 256, 346, 380), 55.0
(167, 68, 207, 341, 259, 0, 192, 379, 384), 36.0
(159, 83, 169, 349, 266, 37, 226, 362, 278), 36.0
(158, 65, 169, 351, 268, 28, 231, 317, 384), 38.0
(165, 77, 185, 347, 263, 30, 227, 312, 390), 52.0
(207, 74, 126, 318, 140, 73, 267, 333, 362), 40.0
(102, 105, 161, 289, 241, 13, 186, 357, 398), 44.0
(185, 36, 196, 328, 343, 9, 205, 384, 307), 50.0
(147, 14, 208, 306, 211, 57, 190, 370, 331), 50.0
(172, 24, 276, 374, 189, 47, 291, 385, 357), 34.0
(174, 15, 280, 373, 51, 42, 283, 384, 355), 38.0
(251, 45, 252, 387, 290, 88, 180, 361, 368), 58.0
(81, 64, 270, 398, 62, 20, 324, 338, 325), 41.0
(215, 19, 66, 366, 190, 40, 217, 370, 287), 40.0
(186, 85, 136, 349, 143, 66, 154, 352, 272), 44.0
(164, 49, 228, 344, 323, 29, 301, 365, 307), 50.0
(224, 29, 240, 372, 78, 53, 130, 393, 347), 40.0
(199, 76, 294, 296, 128, 15, 352, 149, 146), 49.0
(123, 11, 189, 325, 284, 34, 165, 384, 338), 44.0
(111, 38, 209, 5, 212, 50, 142, 287, 371), 44.0
(148, 126, 107, 383, 330, 10, 216, 333, 358), 44.0
(157, 58, 242, 353, 14, 24, 172, 395, 386), 40.0
(133, 6, 260, 338, 299, 5, 154, 374, 353), 46.0
(173, 24, 274, 380, 21, 42, 278, 398, 355), 46.0
(86, 101, 221, 105, 362, 272, 240, 347, 326), 54.0
(203, 114, 265, 315, 310, 0, 123, 216, 316), 44.0
(194, 34, 248, 335, 253, 18, 190, 180, 370), 40.0
(102, 1, 282, 27, 349, 241, 98, 379, 242), 44.0
(141, 19, 201, 368, 237, 62, 196, 387, 398), 42.0
(128, 90, 177, 87, 389, 229, 73, 341, 14), 44.0
(164, 46, 281, 367, 29, 39, 326, 385, 379), 52.0
(181, 21, 304, 342, 41, 9, 290, 364, 341), 50.0
(117, 71, 193, 313, 309, 191, 165, 375, 347), 56.0
(138, 248, 164, 329, 300, 347, 208, 359, 314), 48.0
(110, 134, 180, 72, 365, 0, 159, 329, 297), 40.0
(151, 147, 142, 295, 315, 22, 183, 352, 365), 50.0
(269, 207, 153, 172, 276, 81, 116, 399, 187), 52.0
(36, 133, 214, 323, 328, 34, 399, 368, 279), 51.0
(174, 61, 83, 356, 260, 28, 230, 324, 381), 40.0
(101, 14, 224, 335, 289, 255, 136, 376, 329), 44.0
(130, 10, 51, 149, 337, 9, 197, 366, 333), 52.0
(15, 163, 204, 266, 240, 49, 172, 354, 374), 44.0
(247, 29, 215, 360, 250, 17, 199, 389, 342), 38.0
(156, 399, 176, 370, 1, 24, 263, 312, 353), 55.0
(68, 30, 215, 391, 250, 14, 54, 386, 393), 53.0
(54, 123, 170, 306, 267, 176, 163, 345, 225), 46.0
(92, 155, 186, 333, 280, 215, 150, 356, 67), 50.0
(80, 54, 198, 343, 221, 0, 87, 376, 364), 38.0
(194, 177, 168, 350, 271, 134, 284, 186, 158), 46.0
(212, 1, 246, 374, 300, 7, 174, 399, 347), 42.0
(224, 43, 233, 399, 293, 8, 146, 381, 386), 46.0
(41, 108, 109, 362, 318, 32, 169, 364, 375), 38.0
(243, 142, 72, 221, 351, 21, 183, 390, 261), 51.0
(38, 83, 104, 387, 321, 37, 250, 370, 212), 50.0
(164, 65, 226, 350, 188, 45, 234, 340, 384), 44.0
(256, 38, 36, 320, 267, 71, 225, 361, 360), 40.0
(23, 189, 286, 241, 286, 58, 277, 160, 168), None
(172, 107, 266, 377, 314, 29, 305, 132, 393), 42.0
(225, 23, 203, 329, 97, 105, 188, 204, 352), 44.0
(161, 10, 91, 286, 275, 46, 215, 380, 362), 34.0
(142, 11, 91, 353, 294, 17, 218, 377, 334), 30.0
(144, 11, 86, 354, 305, 46, 213, 381, 357), 36.0
(143, 9, 89, 341, 306, 50, 211, 378, 335), 38.0
(157, 21, 126, 354, 260, 20, 234, 391, 362), 44.0
(183, 207, 79, 283, 275, 94, 136, 355, 122), 40.0
(149, 51, 91, 348, 295, 63, 209, 381, 376), 40.0
(141, 7, 58, 313, 287, 11, 196, 372, 369), 42.0
(168, 224, 109, 366, 30, 35, 217, 365, 356), 36.0
(294, 0, 98, 363, 158, 17, 216, 388, 341), 38.0
(123, 226, 65, 273, 326, 39, 219, 365, 319), 38.0
(119, 227, 66, 253, 327, 42, 241, 349, 294), 40.0
(131, 244, 114, 325, 306, 33, 203, 370, 324), 56.0
(166, 13, 97, 343, 28, 0, 190, 377, 360), 36.0
(170, 273, 99, 190, 68, 52, 212, 56, 111), 56.0
(190, 15, 119, 364, 36, 29, 178, 363, 357), 65.0
(162, 36, 76, 381, 28, 16, 191, 399, 348), 48.0
(151, 9, 85, 342, 48, 1, 201, 380, 367), 59.0
(179, 18, 115, 365, 341, 35, 225, 371, 375), 41.0
(262, 52, 90, 357, 249, 23, 254, 387, 362), 36.0
(314, 31, 97, 356, 240, 24, 251, 388, 361), 38.0
(139, 44, 111, 337, 27, 8, 259, 382, 356), 44.0
(147, 56, 131, 344, 221, 307, 243, 375, 366), 47.0
(160, 69, 87, 351, 258, 26, 231, 256, 385), 42.0
(277, 25, 290, 373, 62, 44, 292, 391, 177), 46.0
(258, 52, 255, 387, 231, 1, 183, 377, 331), 38.0
(228, 34, 104, 378, 10, 13, 161, 392, 350), 44.0
(198, 0, 94, 355, 281, 56, 169, 112, 375), 60.0
(168, 14, 324, 332, 19, 46, 269, 385, 341), 36.0
(167, 13, 357, 330, 22, 22, 276, 384, 339), None
(176, 20, 322, 321, 297, 11, 272, 357, 310), 34.0
(183, 25, 333, 319, 13, 12, 272, 398, 314), 50.0
(154, 8, 320, 341, 35, 49, 304, 357, 332), 39.0
(171, 17, 88, 307, 301, 69, 211, 349, 335), 44.0
(141, 10, 309, 335, 293, 49, 267, 366, 345), 50.0
(164, 31, 344, 327, 247, 7, 258, 384, 399), 52.0
(181, 41, 334, 318, 282, 33, 155, 372, 355), 54.0
(124, 230, 61, 296, 55, 39, 220, 363, 312), 36.0
(154, 238, 50, 289, 17, 25, 223, 360, 304), 42.0
(207, 20, 386, 304, 49, 37, 238, 341, 325), 51.0
(174, 253, 76, 296, 34, 43, 204, 355, 310), 36.0
(174, 1, 73, 359, 30, 42, 203, 351, 308), 45.0
(189, 311, 59, 293, 5, 60, 286, 367, 321), 54.0
(160, 265, 353, 313, 22, 18, 218, 376, 344), 32.0
(148, 254, 367, 303, 55, 19, 222, 375, 282), 51.0
(128, 267, 361, 313, 41, 30, 219, 389, 298), 38.0
(167, 288, 80, 287, 20, 81, 298, 380, 343), 57.0
(158, 275, 319, 301, 33, 44, 247, 363, 315), 44.0
(137, 250, 345, 347, 24, 379, 206, 391, 357), 42.0
(175, 214, 298, 321, 2, 22, 229, 357, 339), 44.0
(160, 243, 71, 275, 41, 35, 255, 371, 270), 36.0
(160, 259, 51, 278, 34, 34, 254, 371, 271), None
(145, 238, 75, 309, 42, 54, 268, 383, 348), 40.0
(168, 229, 68, 369, 23, 15, 214, 375, 250), 42.0
(154, 235, 86, 332, 59, 28, 238, 367, 330), 41.0
(187, 217, 61, 293, 43, 38, 193, 379, 367), 36.0
(185, 15, 351, 296, 10, 64, 193, 384, 364), 36.0
(189, 196, 0, 324, 12, 66, 189, 399, 366), None
(176, 259, 384, 298, 15, 18, 262, 359, 302), 46.0
(136, 16, 350, 311, 271, 57, 201, 389, 353), 48.0
(113, 24, 327, 348, 9, 46, 209, 380, 361), 42.0
(183, 215, 376, 294, 21, 40, 193, 383, 367), 38.0
(195, 205, 59, 275, 72, 36, 220, 371, 288), 42.0
(163, 248, 43, 359, 32, 26, 230, 391, 346), 48.0
(178, 6, 80, 282, 43, 12, 176, 376, 373), 36.0
(180, 7, 22, 262, 41, 7, 177, 379, 375), None
(168, 223, 82, 276, 53, 12, 180, 373, 356), 46.0
(203, 0, 71, 284, 40, 0, 189, 385, 372), None
(185, 222, 60, 267, 94, 17, 196, 365, 381), 40.0
(151, 263, 93, 342, 299, 33, 217, 354, 311), 36.0
(395, 269, 98, 282, 45, 32, 277, 350, 309), 52.0
(149, 244, 91, 333, 296, 22, 214, 359, 328), 46.0
(172, 8, 106, 289, 28, 46, 206, 373, 340), 42.0
(178, 17, 192, 296, 50, 8, 184, 392, 362), 42.0
(161, 23, 46, 315, 25, 24, 173, 366, 351), 60.0
(125, 282, 81, 296, 312, 38, 223, 334, 318), 38.0
(154, 36, 354, 340, 288, 29, 313, 379, 371), 66.0
(145, 263, 336, 350, 266, 52, 236, 352, 290), 44.0
(133, 232, 306, 324, 305, 35, 252, 387, 350), 44.0
(193, 6, 372, 370, 126, 17, 243, 367, 389), 46.0
(174, 241, 75, 270, 38, 40, 214, 342, 336), 36.0
(168, 241, 74, 272, 34, 44, 199, 342, 334), 44.0
(160, 255, 92, 340, 279, 35, 217, 357, 276), 43.0
(170, 13, 67, 304, 14, 59, 208, 382, 359), 46.0
(143, 15, 211, 284, 295, 13, 161, 376, 367), 38.0
(269, 218, 55, 315, 25, 50, 202, 363, 324), 36.0
(270, 217, 36, 314, 2, 52, 195, 395, 322), 38.0
(260, 200, 316, 305, 23, 69, 204, 365, 345), 60.0
(154, 255, 81, 354, 314, 5, 216, 345, 300), 49.0
(186, 26, 89, 365, 301, 25, 170, 375, 359), 38.0
(304, 221, 54, 322, 18, 30, 193, 359, 308), 38.0
(181, 232, 65, 268, 45, 42, 226, 370, 315), 46.0
(281, 1, 101, 343, 176, 49, 185, 383, 353), 44.0
(162, 280, 95, 299, 27, 44, 205, 373, 326), 38.0
(174, 11, 75, 284, 40, 19, 286, 387, 338), 38.0
(148, 21, 341, 330, 257, 146, 267, 379, 381), 46.0
(276, 249, 56, 292, 57, 9, 153, 352, 332), 50.0
(175, 80, 74, 338, 32, 25, 196, 393, 347), 42.0
(167, 238, 219, 311, 18, 60, 229, 362, 320), 44.0
(265, 264, 62, 260, 38, 14, 175, 371, 336), 42.0
(243, 49, 272, 289, 191, 36, 164, 356, 313), 46.0
(157, 9, 84, 354, 289, 0, 213, 364, 343), 44.0
(191, 212, 67, 390, 34, 41, 214, 378, 369), 41.0
(177, 0, 201, 279, 48, 52, 202, 364, 330), 40.0
(136, 17, 109, 347, 277, 31, 221, 386, 361), 40.0
(166, 227, 78, 299, 28, 48, 188, 378, 353), 40.0
(154, 34, 95, 360, 306, 23, 234, 397, 364), 36.0
(152, 32, 93, 332, 307, 18, 245, 399, 364), 44.0
(140, 59, 70, 319, 300, 28, 231, 392, 237), 36.0
(128, 66, 41, 320, 318, 39, 236, 399, 298), 46.0
(140, 38, 85, 362, 300, 25, 257, 389, 239), 39.0
(159, 25, 70, 306, 11, 34, 224, 372, 201), 48.0
(359, 243, 101, 383, 290, 40, 212, 392, 256), 38.0
(146, 44, 89, 357, 309, 12, 233, 388, 269), 36.0
(143, 44, 79, 371, 308, 28, 232, 386, 260), 46.0
(292, 62, 61, 289, 263, 7, 206, 380, 246), 52.0
(124, 38, 395, 354, 314, 20, 221, 394, 357), 44.0
(152, 28, 326, 343, 284, 11, 271, 384, 267), 39.0
(166, 9, 101, 336, 22, 54, 180, 370, 370), None
(134, 49, 94, 364, 301, 28, 245, 349, 280), 43.0
(119, 52, 87, 358, 322, 14, 230, 399, 232), 40.0
(180, 19, 350, 326, 295, 6, 225, 375, 264), 46.0
(174, 13, 89, 377, 32, 20, 199, 382, 378), 46.0
(160, 250, 208, 351, 37, 42, 212, 361, 343), 44.0
(169, 4, 81, 346, 51, 47, 219, 367, 351), 55.0
(158, 230, 113, 335, 6, 38, 207, 375, 363), 50.0
(186, 20, 366, 279, 27, 62, 190, 358, 356), 46.0
(172, 9, 187, 297, 45, 32, 200, 370, 373), 38.0
(138, 32, 95, 316, 310, 27, 238, 390, 308), 48.0
(199, 217, 224, 329, 65, 48, 261, 379, 338), 40.0
(146, 274, 71, 312, 302, 21, 217, 389, 346), 46.0
(180, 260, 55, 342, 16, 37, 208, 367, 323), 52.0
(164, 16, 79, 271, 273, 1, 169, 352, 364), 40.0
(153, 236, 105, 370, 36, 57, 191, 380, 355), 39.0
(143, 43, 67, 322, 291, 13, 254, 387, 381), 42.0
(128, 58, 73, 329, 256, 25, 295, 275, 326), 44.0
(288, 71, 47, 361, 316, 9, 233, 393, 285), 42.0
(188, 9, 194, 348, 41, 0, 281, 299, 339), 39.0
(172, 207, 360, 302, 160, 34, 145, 361, 220), 47.0
(153, 58, 87, 357, 298, 167, 232, 376, 367), 44.0
(147, 223, 151, 367, 307, 21, 242, 239, 273), 44.0
(135, 243, 236, 199, 324, 45, 224, 79, 293), 40.0
(162, 26, 58, 309, 21, 33, 181, 340, 389), 38.0
(179, 267, 77, 289, 30, 16, 159, 385, 316), 44.0
(249, 4, 140, 353, 213, 121, 0, 382, 350), 42.0
(149, 34, 118, 342, 294, 29, 248, 387, 357), 42.0
(332, 46, 65, 335, 283, 12, 226, 372, 302), 46.0
(263, 253, 250, 321, 0, 8, 265, 396, 254), 44.0
(109, 17, 96, 394, 270, 23, 216, 376, 373), 51.0
(158, 25, 296, 378, 334, 15, 174, 389, 364), 50.0
(169, 233, 83, 295, 56, 41, 212, 351, 332), 57.0
(211, 13, 101, 127, 310, 7, 199, 399, 344), 38.0
(193, 73, 203, 316, 250, 19, 240, 367, 311), 40.0
(272, 56, 214, 284, 285, 32, 276, 358, 321), 42.0
(237, 0, 341, 327, 84, 27, 183, 220, 267), 41.0
(161, 38, 49, 306, 15, 0, 164, 382, 331), 40.0
(174, 29, 109, 338, 21, 15, 224, 392, 346), 38.0
(131, 334, 91, 350, 9, 53, 216, 366, 353), 46.0
(140, 20, 29, 346, 303, 65, 195, 380, 375), 45.0
(184, 6, 262, 272, 46, 44, 207, 372, 45), 52.0
(156, 199, 312, 300, 29, 53, 199, 344, 336), None
(166, 44, 352, 361, 265, 24, 260, 387, 362), 48.0
(180, 62, 83, 377, 115, 9, 155, 373, 369), 36.0
(152, 224, 70, 332, 42, 37, 220, 357, 350), 33.0
(190, 90, 76, 382, 71, 23, 152, 356, 384), 48.0
(201, 11, 68, 317, 119, 7, 190, 26, 371), 40.0
(146, 223, 64, 387, 140, 34, 145, 368, 379), 48.0
(121, 209, 73, 376, 53, 34, 218, 328, 370), 44.0
(179, 66, 52, 278, 39, 45, 227, 253, 304), 42.0
(152, 260, 85, 337, 318, 15, 207, 350, 351), 40.0
(150, 0, 180, 327, 296, 48, 235, 335, 340), 45.0
(141, 76, 90, 367, 102, 29, 247, 383, 282), 47.0
(172, 189, 129, 331, 170, 6, 160, 360, 360), None
(138, 229, 59, 319, 303, 40, 230, 366, 192), 50.0
(157, 217, 326, 257, 316, 58, 220, 378, 342), 54.0
(184, 238, 71, 296, 47, 34, 255, 358, 319), 40.0
(162, 350, 285, 310, 149, 52, 213, 393, 228), 46.0
(152, 248, 211, 334, 288, 75, 209, 399, 352), 58.0
(164, 225, 59, 290, 36, 288, 175, 373, 360), 48.0
(147, 18, 244, 353, 10, 321, 289, 381, 393), 43.0
(130, 49, 372, 358, 281, 12, 154, 388, 364), 37.0
(173, 12, 196, 231, 26, 40, 331, 365, 350), 42.0
(182, 63, 38, 181, 59, 20, 237, 343, 295), 54.0
(130, 271, 78, 372, 311, 28, 224, 371, 277), 36.0
(286, 34, 231, 339, 275, 19, 230, 352, 336), 52.0
(111, 210, 103, 345, 311, 28, 219, 375, 329), 48.0
(121, 270, 81, 374, 331, 39, 165, 372, 378), 42.0
(176, 0, 334, 385, 19, 5, 202, 363, 356), 37.0
(196, 286, 81, 390, 24, 59, 190, 356, 324), 46.0
(166, 20, 161, 325, 36, 44, 311, 375, 349), 48.0
(138, 27, 93, 365, 296, 12, 371, 392, 341), 41.0
(125, 8, 85, 377, 196, 3, 177, 378, 370), 54.0
(144, 243, 72, 45, 44, 24, 270, 386, 311), 57.0
(130, 279, 79, 397, 205, 19, 153, 383, 387), 40.0
(189, 266, 64, 307, 85, 32, 210, 345, 301), 43.0
(166, 56, 98, 362, 235, 1, 141, 395, 345), 38.0
(256, 296, 275, 340, 243, 49, 199, 363, 358), 59.0
(176, 84, 86, 323, 16, 63, 215, 353, 328), 39.0
(157, 231, 46, 282, 41, 39, 226, 362, 291), 52.0
(220, 8, 203, 347, 108, 49, 183, 369, 367), 44.0
(145, 214, 221, 353, 298, 14, 168, 348, 313), 42.0
(157, 246, 304, 315, 28, 37, 202, 384, 348), 38.0
(183, 255, 120, 269, 53, 36, 284, 374, 359), 42.0
(135, 54, 92, 373, 308, 11, 235, 391, 377), 42.0
(168, 43, 108, 368, 261, 22, 242, 387, 280), 40.0
(151, 32, 100, 355, 291, 10, 159, 393, 358), 46.0
(279, 276, 78, 248, 136, 201, 188, 371, 368), 44.0
(132, 237, 71, 373, 322, 28, 225, 368, 271), 38.0
(301, 262, 348, 287, 31, 46, 209, 357, 335), 44.0
(204, 67, 191, 332, 305, 18, 166, 379, 384), 54.0
(186, 74, 62, 380, 254, 29, 219, 377, 239), 48.0
(266, 22, 99, 358, 313, 2, 180, 381, 367), 38.0
(170, 15, 361, 302, 34, 55, 195, 361, 321), None
(164, 258, 86, 346, 274, 0, 205, 366, 273), 42.0
(147, 30, 91, 364, 302, 16, 230, 398, 211), 43.0
(194, 269, 76, 388, 7, 31, 194, 371, 354), None
(128, 6, 257, 312, 312, 26, 223, 384, 372), None
(138, 37, 81, 325, 322, 24, 131, 288, 342), 42.0
(178, 23, 66, 293, 45, 69, 235, 399, 283), 44.0
(140, 218, 94, 370, 305, 37, 217, 335, 333), 54.0
(152, 49, 86, 338, 183, 11, 257, 389, 263), 38.0
(170, 224, 59, 220, 23, 45, 31, 356, 342), 42.0
(160, 0, 183, 349, 267, 54, 244, 379, 353), 42.0
(114, 14, 319, 319, 14, 20, 295, 372, 376), None
(157, 58, 104, 333, 287, 9, 272, 388, 87), 40.0
(147, 43, 88, 363, 294, 27, 247, 379, 245), 32.0
(154, 20, 211, 344, 278, 32, 249, 380, 247), 46.0
(144, 51, 109, 362, 292, 22, 235, 390, 253), 52.0
(251, 41, 292, 358, 285, 17, 229, 374, 230), 47.0
(144, 63, 96, 381, 294, 25, 244, 392, 352), 43.0
(105, 38, 227, 375, 299, 250, 225, 363, 241), 42.0
(161, 239, 53, 276, 39, 39, 174, 364, 360), None
(169, 200, 197, 366, 250, 10, 154, 374, 364), 40.0
(119, 49, 67, 303, 227, 31, 250, 385, 262), 54.0
(127, 174, 88, 360, 310, 0, 241, 380, 358), 44.0
(163, 249, 336, 340, 18, 44, 266, 346, 306), 52.0
(141, 7, 74, 162, 1, 18, 212, 352, 294), 40.0
(132, 69, 241, 329, 276, 30, 220, 357, 326), 44.0
(121, 58, 19, 351, 305, 7, 237, 395, 333), 50.0
(135, 222, 53, 312, 316, 39, 216, 364, 255), 52.0
(179, 229, 75, 292, 50, 58, 204, 370, 343), 42.0
(157, 41, 83, 383, 264, 14, 259, 372, 269), 44.0
(169, 28, 267, 328, 29, 27, 252, 369, 265), 48.0
(191, 15, 366, 373, 62, 24, 148, 192, 219), 44.0
(151, 26, 99, 355, 328, 8, 231, 386, 363), 56.0
(148, 318, 90, 349, 299, 14, 169, 383, 381), 42.0
(139, 33, 345, 322, 293, 31, 280, 399, 350), 38.0
(231, 45, 109, 368, 285, 0, 230, 378, 347), 55.0
(178, 8, 378, 340, 35, 47, 188, 377, 369), 50.0
(149, 22, 118, 355, 303, 396, 160, 390, 376), 47.0
(159, 80, 95, 398, 319, 13, 240, 384, 393), 51.0
(241, 212, 220, 334, 284, 186, 222, 102, 319), 58.0
(213, 62, 209, 389, 258, 222, 247, 370, 273), 38.0
(134, 0, 80, 361, 311, 23, 222, 393, 285), 42.0
(152, 285, 87, 345, 294, 19, 228, 383, 355), 44.0
(163, 15, 68, 261, 77, 36, 263, 377, 347), 60.0
(273, 251, 175, 334, 22, 7, 304, 345, 311), 49.0
(258, 267, 147, 316, 269, 36, 258, 360, 300), None
(142, 276, 46, 325, 243, 42, 277, 363, 278), 38.0
(172, 235, 330, 294, 41, 87, 197, 223, 338), 52.0
(148, 37, 99, 353, 301, 22, 243, 393, 289), 40.0
(128, 50, 105, 368, 324, 28, 140, 386, 355), 43.0
(164, 42, 358, 379, 279, 18, 214, 318, 236), 50.0
(155, 6, 84, 344, 129, 12, 213, 370, 139), 44.0
(179, 206, 68, 308, 58, 272, 149, 354, 317), 44.0
(119, 262, 56, 314, 93, 34, 205, 361, 308), 46.0
(163, 20, 398, 369, 170, 44, 223, 370, 247), 44.0
(172, 243, 72, 383, 291, 32, 228, 350, 258), 48.0
(158, 241, 279, 375, 306, 39, 124, 342, 278), 54.0
(199, 10, 317, 284, 26, 54, 203, 334, 336), 40.0
(146, 31, 95, 349, 297, 21, 252, 379, 363), 42.0
(170, 295, 77, 322, 34, 0, 173, 59, 325), 48.0
(184, 14, 302, 300, 11, 53, 194, 377, 347), 43.0
(188, 5, 355, 360, 154, 64, 186, 377, 370), 36.0
(136, 96, 201, 367, 181, 17, 252, 398, 377), 35.0
(116, 92, 191, 390, 192, 6, 210, 363, 392), 44.0
(142, 98, 205, 337, 165, 47, 186, 398, 385), 42.0
(134, 30, 340, 362, 184, 356, 241, 392, 342), 59.0
(127, 83, 185, 369, 204, 19, 237, 399, 360), 42.0
(136, 69, 197, 360, 216, 14, 250, 387, 376), 42.0
(136, 76, 233, 374, 201, 27, 236, 399, 272), 36.0
(154, 22, 216, 356, 184, 142, 261, 384, 369), 44.0
(126, 61, 205, 380, 338, 24, 231, 391, 288), 42.0
(138, 76, 236, 376, 208, 28, 160, 397, 387), 47.0
(149, 0, 90, 348, 109, 5, 270, 370, 356), 49.0
(174, 228, 63, 386, 199, 37, 238, 399, 262), 42.0
(160, 91, 220, 367, 180, 49, 266, 385, 363), 46.0
(169, 184, 196, 302, 46, 14, 181, 373, 378), 38.0
(124, 256, 245, 352, 237, 42, 216, 356, 329), 52.0
(146, 271, 260, 341, 254, 32, 209, 352, 302), 42.0
(284, 11, 80, 71, 33, 10, 206, 367, 312), 38.0
(186, 17, 203, 290, 15, 160, 193, 380, 352), 40.0
(328, 53, 35, 280, 316, 19, 171, 389, 399), 39.0
(158, 218, 64, 276, 48, 34, 253, 346, 321), 46.0
(104, 67, 212, 333, 23, 27, 218, 356, 332), 59.0
(154, 75, 351, 307, 158, 52, 255, 391, 269), 46.0
(207, 0, 387, 330, 193, 73, 274, 377, 29), 48.0
(263, 9, 252, 357, 197, 65, 285, 381, 343), 43.0
(165, 251, 115, 340, 271, 37, 269, 364, 319), 46.0
(274, 259, 86, 342, 25, 126, 203, 364, 295), 38.0
(193, 15, 327, 328, 12, 55, 181, 145, 376), 36.0
(177, 22, 189, 291, 54, 59, 190, 166, 367), 48.0
(200, 27, 369, 298, 9, 66, 181, 206, 374), 47.0
(189, 110, 55, 279, 148, 66, 199, 359, 382), 34.0
(165, 110, 101, 244, 283, 21, 216, 368, 224), 44.0
(195, 106, 57, 283, 261, 107, 176, 233, 387), 51.0
(183, 120, 311, 364, 124, 80, 295, 373, 385), 53.0
(207, 101, 326, 366, 177, 69, 163, 48, 364), 42.0
(142, 310, 158, 352, 147, 5, 227, 140, 381), 36.0
(176, 307, 227, 265, 42, 2, 195, 177, 393), 40.0
(217, 344, 175, 325, 126, 9, 171, 119, 375), 52.0
(190, 97, 348, 394, 169, 84, 186, 376, 384), 44.0
(197, 277, 7, 274, 133, 30, 235, 307, 277), None
(132, 57, 49, 142, 118, 17, 155, 399, 370), 58.0
(315, 79, 217, 376, 176, 11, 203, 360, 355), 54.0
(192, 38, 70, 266, 68, 91, 242, 391, 199), 42.0
(151, 44, 82, 252, 310, 22, 261, 385, 336), 40.0
(187, 89, 357, 284, 162, 73, 168, 379, 399), 40.0
(183, 0, 355, 296, 144, 57, 185, 372, 373), 54.0
(179, 93, 341, 373, 190, 62, 195, 382, 365), 45.0
(116, 71, 53, 316, 141, 64, 203, 343, 305), 40.0
(186, 86, 365, 383, 156, 46, 252, 354, 287), 40.0
(178, 243, 74, 258, 221, 41, 260, 338, 371), 40.0
(188, 367, 233, 344, 152, 59, 137, 386, 360), 44.0
(137, 84, 40, 308, 288, 48, 209, 353, 245), 42.0
(248, 220, 292, 270, 18, 76, 199, 366, 345), 53.0
(201, 10, 377, 268, 171, 29, 150, 377, 375), None
(195, 17, 332, 331, 1, 17, 184, 391, 375), None
(207, 26, 315, 328, 6, 67, 177, 135, 382), 40.0
(151, 48, 135, 361, 300, 16, 223, 389, 351), 40.0
(128, 34, 74, 287, 309, 171, 246, 372, 263), 52.0
(172, 98, 91, 381, 217, 27, 234, 399, 363), 35.0
(143, 123, 95, 393, 318, 7, 231, 388, 385), 42.0
(172, 108, 63, 270, 50, 42, 326, 349, 339), 40.0
(157, 101, 60, 310, 296, 25, 237, 398, 252), 58.0
(198, 291, 324, 388, 14, 50, 279, 147, 377), 43.0
(165, 116, 110, 360, 274, 23, 224, 269, 349), 40.0
(177, 99, 76, 379, 38, 32, 246, 360, 255), 51.0
(121, 15, 336, 300, 188, 53, 218, 399, 363), 45.0
(196, 89, 162, 280, 211, 27, 178, 142, 390), 36.0
(135, 7, 224, 323, 199, 42, 252, 399, 356), 43.0
(130, 87, 210, 370, 215, 36, 210, 367, 350), None
(140, 91, 160, 378, 204, 25, 235, 69, 393), 42.0
(195, 97, 44, 316, 214, 49, 181, 105, 395), 40.0
(189, 304, 358, 397, 152, 62, 224, 20, 381), 42.0
(143, 74, 87, 369, 182, 14, 239, 391, 365), 40.0
(160, 65, 200, 210, 290, 12, 160, 383, 368), None
(109, 232, 203, 387, 30, 36, 217, 359, 329), 42.0
(168, 54, 102, 354, 226, 0, 248, 391, 358), 43.0
(147, 26, 186, 348, 255, 0, 231, 130, 358), 54.0
(181, 134, 84, 291, 61, 34, 268, 376, 369), 40.0
(122, 148, 274, 384, 197, 40, 58, 335, 290), 46.0
(173, 313, 304, 338, 28, 55, 191, 134, 382), 41.0
(184, 8, 207, 284, 146, 7, 163, 140, 380), 54.0
(150, 17, 249, 18, 301, 78, 229, 187, 375), 63.0
(137, 82, 114, 371, 93, 29, 211, 357, 299), 58.0
(159, 200, 127, 376, 103, 19, 221, 248, 314), 40.0
(173, 318, 179, 115, 154, 99, 218, 1, 274), 60.0
(154, 193, 50, 305, 294, 33, 236, 398, 268), 36.0
(165, 0, 319, 351, 144, 13, 145, 380, 370), 40.0
(130, 325, 309, 360, 163, 20, 302, 120, 349), 58.0
(178, 375, 143, 346, 182, 7, 226, 140, 385), 46.0
(94, 255, 348, 295, 163, 67, 200, 160, 374), 44.0
(122, 229, 26, 317, 12, 46, 245, 122, 230), None
(142, 29, 95, 332, 205, 24, 241, 399, 341), 32.0
(153, 28, 105, 337, 21, 22, 215, 399, 338), 46.0
(209, 103, 217, 329, 192, 42, 207, 379, 345), 58.0
(160, 11, 121, 351, 246, 3, 318, 149, 357), 42.0
(225, 167, 167, 344, 237, 9, 255, 87, 361), None
(143, 35, 322, 334, 202, 26, 288, 169, 205), 46.0
(383, 35, 94, 276, 331, 32, 244, 391, 237), 43.0
(132, 43, 93, 359, 219, 22, 235, 399, 344), 34.0
(134, 45, 230, 361, 202, 19, 247, 197, 342), 36.0
(113, 18, 195, 332, 225, 54, 196, 387, 337), 38.0
(134, 395, 236, 365, 216, 20, 254, 399, 344), 51.0
(143, 42, 93, 356, 222, 38, 235, 391, 350), 38.0
(125, 53, 79, 399, 231, 27, 229, 392, 336), 44.0
(201, 81, 160, 326, 218, 14, 171, 140, 391), 47.0
(170, 98, 105, 371, 205, 27, 203, 150, 359), 42.0
(139, 43, 100, 319, 212, 16, 246, 193, 345), 48.0
Sampler:BoTorchSampler
(140, 94, 264, 142, 302, 156, 281, 375, 138), 44.0
(171, 141, 124, 355, 22, 339, 78, 213, 393), 40.0
(0, 191, 286, 187, 331, 314, 117, 109, 291), 44.0
(184, 349, 328, 211, 393, 49, 46, 122, 10), 49.0
(136, 371, 61, 78, 31, 337, 211, 147, 215), 48.0
(119, 37, 64, 347, 190, 191, 110, 3, 124), 47.0
(141, 393, 305, 243, 217, 215, 350, 39, 248), 40.0
(213, 143, 93, 95, 184, 237, 386, 329, 253), 46.0
(172, 123, 115, 203, 378, 66, 300, 242, 306), 50.0
(348, 336, 252, 318, 333, 49, 32, 68, 347), 50.0
(98, 367, 334, 249, 220, 258, 343, 39, 264), 36.0
(66, 348, 357, 255, 222, 290, 337, 39, 277), 56.0
(194, 358, 274, 229, 201, 166, 293, 23, 216), 40.0
(195, 175, 276, 265, 172, 155, 197, 25, 226), 58.0
(186, 251, 270, 195, 232, 181, 118, 27, 210), 43.0
(188, 219, 266, 175, 252, 184, 392, 28, 208), 53.0
(150, 100, 253, 205, 240, 195, 257, 57, 242), 42.0
(163, 387, 256, 291, 164, 154, 356, 62, 242), 48.0
(295, 71, 258, 176, 267, 203, 320, 204, 138), 34.0
(308, 24, 272, 161, 275, 234, 312, 225, 117), 40.0
(344, 90, 257, 185, 266, 179, 339, 242, 106), 38.0
(284, 44, 255, 181, 242, 160, 367, 200, 141), 54.0
(267, 57, 98, 150, 157, 0, 353, 203, 170), 43.0
(245, 101, 343, 242, 53, 170, 371, 6, 218), 40.0
(65, 18, 217, 255, 112, 69, 56, 80, 369), 44.0
(220, 101, 192, 369, 240, 180, 282, 18, 322), 49.0
(192, 350, 82, 348, 207, 22, 36, 24, 295), 39.0
(318, 146, 314, 189, 288, 42, 309, 72, 298), 45.0
(298, 382, 296, 98, 348, 118, 287, 58, 74), 52.0
(249, 212, 102, 386, 56, 367, 83, 113, 137), 42.0
(122, 230, 121, 387, 150, 238, 83, 379, 221), 46.0
(15, 125, 307, 10, 172, 210, 92, 49, 320), 48.0
(14, 114, 383, 267, 364, 331, 217, 240, 98), 36.0
(134, 113, 186, 349, 140, 160, 222, 16, 273), 49.0
(109, 133, 271, 173, 96, 231, 365, 331, 274), 48.0
(91, 229, 61, 97, 156, 7, 90, 346, 6), 44.0
(103, 76, 256, 73, 126, 140, 77, 38, 143), 52.0
(313, 109, 349, 16, 227, 44, 222, 321, 137), 38.0
(117, 14, 343, 378, 56, 340, 144, 286, 288), 44.0
(164, 82, 128, 202, 243, 199, 328, 103, 52), 60.0
(43, 287, 353, 142, 396, 52, 358, 234, 182), 38.0
(218, 27, 30, 100, 262, 47, 242, 376, 133), 54.0
(370, 337, 376, 39, 100, 78, 167, 330, 217), 54.0
(375, 241, 191, 62, 261, 255, 72, 264, 242), 50.0
(316, 365, 230, 294, 263, 97, 230, 85, 397), None
(142, 322, 134, 57, 329, 153, 95, 19, 84), 48.0
(287, 100, 123, 352, 14, 256, 336, 197, 308), 54.0
(28, 139, 106, 54, 126, 207, 364, 341, 304), 44.0
(233, 105, 7, 179, 355, 398, 394, 150, 166), 36.0
(33, 389, 175, 351, 290, 1, 390, 170, 34), 44.0
(89, 296, 189, 396, 262, 398, 274, 178, 273), 56.0
(331, 153, 66, 171, 65, 244, 70, 74, 326), 41.0
(264, 62, 191, 185, 290, 290, 270, 291, 11), None
(77, 293, 113, 230, 388, 86, 181, 152, 325), 43.0
(152, 92, 72, 188, 105, 13, 96, 42, 186), 40.0
(84, 117, 274, 223, 341, 385, 328, 334, 382), 61.0
(263, 240, 316, 143, 171, 80, 56, 312, 144), 49.0
(8, 97, 329, 216, 158, 70, 378, 390, 2), 44.0
(240, 187, 296, 8, 378, 391, 28, 70, 106), 38.0
(231, 214, 223, 120, 248, 182, 386, 378, 305), 58.0
(124, 397, 261, 239, 321, 234, 99, 243, 92), 42.0
(260, 247, 342, 148, 81, 199, 137, 254, 154), 34.0
(280, 334, 105, 331, 212, 162, 16, 232, 133), 34.0
(15, 75, 331, 44, 142, 271, 3, 18, 176), 42.0
(96, 332, 102, 335, 255, 194, 189, 62, 373), 40.0
(25, 191, 160, 42, 16, 322, 105, 103, 0), 69.0
(251, 339, 94, 336, 196, 152, 21, 186, 168), 40.0
(287, 334, 131, 338, 197, 203, 21, 243, 101), 38.0
(289, 338, 76, 348, 240, 141, 6, 265, 102), 42.0
(297, 292, 118, 321, 148, 207, 20, 205, 162), 42.0
(333, 102, 314, 142, 263, 203, 249, 253, 107), 44.0
(230, 382, 154, 319, 231, 183, 44, 225, 138), 38.0
(234, 333, 136, 336, 269, 211, 2, 194, 130), 48.0
(278, 386, 129, 320, 152, 137, 64, 253, 129), None
(278, 383, 128, 320, 156, 139, 62, 253, 130), 40.0
(286, 57, 110, 333, 172, 176, 6, 283, 190), 36.0
(279, 191, 105, 335, 170, 136, 27, 270, 163), 60.0
(325, 374, 101, 310, 170, 193, 13, 230, 158), 34.0
(335, 368, 101, 315, 186, 192, 51, 236, 166), 38.0
(296, 363, 116, 280, 156, 180, 0, 243, 131), 42.0
(320, 373, 111, 395, 176, 182, 22, 220, 161), 38.0
(268, 363, 92, 357, 186, 189, 57, 283, 184), 36.0
(294, 349, 121, 354, 206, 173, 77, 264, 134), 44.0
(272, 385, 73, 335, 185, 187, 9, 234, 212), 58.0
(372, 364, 129, 347, 156, 187, 39, 182, 106), 32.0
(399, 360, 135, 346, 158, 173, 32, 178, 105), 48.0
(295, 375, 118, 357, 124, 249, 73, 212, 88), 40.0
(297, 290, 125, 109, 268, 143, 367, 121, 336), 53.0
(16, 104, 338, 175, 289, 231, 259, 388, 353), 42.0
(277, 335, 339, 383, 391, 189, 13, 383, 230), None
(295, 365, 218, 318, 122, 219, 75, 206, 143), 49.0
(228, 114, 324, 20, 78, 188, 177, 276, 199), 41.0
(350, 215, 256, 52, 294, 211, 392, 267, 270), 54.0
(25, 168, 41, 200, 289, 211, 93, 352, 321), 46.0
(38, 159, 116, 62, 315, 211, 367, 202, 370), 44.0
(372, 137, 248, 262, 183, 390, 269, 380, 243), 52.0
(213, 317, 181, 22, 51, 334, 356, 378, 145), 36.0
(342, 40, 5, 210, 51, 196, 395, 133, 87), 34.0
(298, 362, 83, 341, 154, 163, 68, 153, 59), 40.0
(259, 113, 129, 108, 331, 330, 292, 375, 374), 57.0
(98, 24, 200, 212, 163, 154, 215, 8, 200), None
(381, 377, 87, 347, 179, 244, 32, 330, 54), 44.0
(42, 370, 259, 189, 3, 252, 22, 202, 184), 42.0
(254, 359, 112, 364, 90, 140, 0, 219, 76), 54.0
(79, 343, 18, 181, 265, 121, 151, 398, 385), 44.0
(356, 369, 334, 65, 51, 159, 25, 153, 240), 38.0
(247, 107, 248, 267, 224, 305, 83, 111, 380), 51.0
(128, 244, 49, 321, 296, 317, 281, 310, 353), 40.0
(344, 285, 191, 78, 243, 25, 137, 221, 394), 41.0
(229, 31, 70, 323, 102, 303, 238, 170, 218), 38.0
(296, 254, 4, 220, 361, 90, 27, 376, 206), 40.0
(346, 377, 91, 276, 215, 224, 101, 156, 105), 38.0
(82, 208, 226, 162, 31, 46, 234, 293, 102), 40.0
(95, 300, 36, 217, 337, 0, 64, 83, 354), 47.0
(355, 307, 109, 264, 232, 129, 70, 188, 102), 50.0
(209, 137, 9, 198, 142, 19, 313, 115, 198), None
(15, 198, 217, 276, 385, 98, 18, 391, 175), 36.0
(329, 269, 283, 108, 378, 335, 330, 96, 9), 52.0
(154, 151, 129, 357, 371, 340, 360, 151, 55), None
(88, 341, 151, 324, 112, 246, 276, 235, 339), 44.0
(318, 206, 99, 203, 385, 226, 259, 98, 269), 60.0
(342, 175, 289, 154, 186, 93, 63, 76, 18), 48.0
(205, 368, 135, 87, 366, 123, 195, 237, 136), 38.0
(6, 172, 19, 81, 324, 103, 51, 335, 349), 42.0
(141, 124, 18, 86, 356, 390, 35, 48, 176), 52.0
(293, 204, 171, 249, 38, 387, 100, 179, 187), 34.0
(292, 238, 258, 185, 28, 317, 115, 226, 180), 50.0
(264, 86, 127, 85, 44, 345, 239, 83, 358), 57.0
(235, 134, 1, 192, 58, 143, 49, 26, 34), 54.0
(200, 73, 386, 393, 136, 188, 108, 248, 264), 34.0
(211, 275, 147, 284, 42, 76, 153, 8, 298), 46.0
(129, 284, 56, 331, 23, 196, 107, 314, 105), 46.0
(315, 142, 186, 79, 308, 125, 93, 253, 395), 42.0
(174, 274, 1, 59, 156, 51, 29, 213, 199), 60.0
(309, 16, 118, 63, 241, 89, 41, 150, 356), 44.0
(387, 392, 106, 319, 241, 55, 278, 12, 376), 58.0
(132, 216, 289, 351, 267, 394, 138, 138, 25), None
(322, 365, 50, 195, 107, 227, 183, 264, 3), 40.0
(101, 339, 89, 121, 167, 79, 355, 287, 388), 36.0
(185, 209, 324, 26, 270, 114, 232, 95, 370), 52.0
(96, 36, 110, 371, 387, 386, 146, 114, 216), 50.0
(225, 213, 69, 126, 16, 202, 217, 125, 313), 44.0
(182, 367, 242, 110, 318, 14, 63, 260, 362), 50.0
(291, 31, 149, 323, 211, 162, 116, 250, 10), 52.0
(272, 29, 97, 238, 223, 218, 138, 272, 100), None
(218, 166, 250, 186, 188, 367, 182, 382, 73), 39.0
(277, 386, 225, 135, 330, 233, 183, 78, 161), 42.0
(92, 151, 178, 129, 398, 256, 134, 189, 364), 64.0
(74, 21, 1, 240, 264, 113, 298, 137, 63), 53.0
(55, 36, 309, 2, 94, 270, 396, 148, 396), None
(200, 141, 244, 330, 276, 264, 56, 77, 248), 49.0
(63, 337, 249, 112, 358, 107, 133, 379, 115), 46.0
(118, 36, 44, 373, 350, 87, 354, 327, 298), 56.0
(122, 113, 364, 217, 297, 305, 194, 276, 111), 38.0
(193, 72, 390, 308, 165, 206, 138, 281, 208), 49.0
(294, 195, 374, 326, 356, 242, 72, 273, 297), 68.0
(318, 384, 35, 336, 201, 239, 103, 237, 125), 44.0
(123, 146, 345, 143, 348, 368, 153, 239, 97), 38.0
(207, 109, 308, 159, 311, 352, 250, 263, 112), 48.0
(80, 63, 198, 328, 224, 66, 272, 210, 66), None
(25, 237, 18, 268, 369, 18, 222, 14, 334), None
(25, 156, 373, 210, 344, 291, 131, 293, 102), 40.0
(357, 83, 22, 114, 385, 299, 124, 262, 323), 52.0
(38, 118, 63, 179, 350, 352, 89, 137, 109), 64.0
(177, 387, 62, 5, 296, 21, 196, 313, 77), 42.0
(144, 196, 372, 130, 179, 267, 180, 316, 108), 42.0
(262, 397, 124, 168, 237, 210, 163, 286, 118), 40.0
(44, 124, 258, 161, 324, 341, 138, 152, 112), 42.0
(44, 124, 322, 159, 325, 341, 133, 145, 112), 39.0
(65, 123, 88, 126, 381, 279, 179, 161, 105), 57.0
(50, 132, 111, 233, 288, 381, 136, 181, 100), 53.0
(52, 134, 57, 242, 282, 388, 129, 179, 102), 30.0
(373, 326, 370, 191, 195, 321, 7, 345, 183), 54.0
(98, 109, 43, 154, 210, 205, 276, 286, 135), 64.0
(352, 304, 207, 279, 331, 21, 58, 296, 31), 42.0
(26, 116, 1, 206, 263, 381, 125, 225, 65), 53.0
(249, 74, 322, 36, 247, 297, 132, 250, 361), 56.0
(23, 357, 314, 207, 19, 33, 16, 243, 349), 44.0
(54, 112, 122, 83, 364, 258, 194, 187, 96), 36.0
(84, 7, 182, 195, 191, 344, 65, 26, 376), 54.0
(205, 307, 378, 248, 292, 93, 254, 142, 126), 44.0
(288, 206, 213, 151, 136, 30, 309, 340, 283), 48.0
(250, 39, 250, 306, 172, 353, 97, 369, 32), None
(182, 253, 11, 292, 182, 203, 236, 276, 376), None
(326, 252, 135, 136, 317, 240, 113, 185, 11), 53.0
(187, 144, 26, 365, 198, 331, 234, 179, 393), 54.0
(58, 177, 386, 56, 321, 232, 56, 281, 332), None
(394, 102, 207, 240, 136, 332, 109, 335, 151), 46.0
(388, 196, 132, 364, 272, 46, 391, 323, 170), 42.0
(165, 120, 325, 163, 396, 165, 353, 99, 356), None
(360, 236, 198, 114, 291, 255, 41, 47, 296), 52.0
(51, 302, 304, 354, 122, 344, 110, 192, 7), 36.0
(106, 116, 8, 217, 68, 223, 80, 183, 144), 68.0
(6, 291, 210, 87, 174, 383, 309, 19, 344), 41.0
(349, 109, 241, 140, 376, 154, 16, 0, 333), 36.0
(169, 14, 365, 92, 347, 102, 282, 249, 187), 42.0
(120, 322, 328, 234, 235, 367, 83, 171, 194), 41.0
(375, 75, 192, 234, 278, 112, 233, 367, 296), 47.0
(295, 285, 56, 392, 176, 163, 24, 349, 64), 40.0
(136, 148, 71, 275, 310, 308, 335, 25, 213), 50.0
(68, 313, 351, 192, 395, 333, 93, 232, 154), 47.0
(33, 199, 52, 106, 102, 324, 331, 225, 299), 36.0
(304, 131, 276, 54, 71, 255, 174, 14, 117), 52.0
(346, 181, 98, 345, 189, 270, 392, 322, 341), 45.0
(178, 245, 126, 67, 145, 8, 344, 169, 399), 46.0
(87, 23, 52, 93, 22, 179, 126, 100, 64), 51.0
(63, 272, 309, 213, 293, 47, 287, 307, 108), 46.0
(162, 168, 326, 256, 330, 290, 350, 298, 4), 45.0
(15, 350, 108, 323, 352, 316, 4, 323, 338), None
(56, 183, 386, 292, 238, 376, 128, 234, 71), 40.0
(176, 107, 389, 61, 116, 343, 230, 46, 17), 42.0
(219, 118, 88, 151, 367, 249, 349, 362, 304), 42.0
(183, 297, 0, 42, 94, 203, 104, 273, 191), 48.0
(57, 221, 298, 188, 80, 231, 114, 1, 291), 46.0
(7, 263, 164, 63, 182, 105, 47, 398, 113), 57.0
(325, 58, 157, 270, 118, 18, 316, 1, 189), 42.0
(381, 73, 200, 231, 175, 93, 296, 150, 343), 46.0
(53, 73, 82, 303, 54, 76, 156, 306, 114), 53.0
(328, 160, 87, 153, 63, 71, 285, 35, 137), 42.0
(87, 352, 26, 63, 213, 56, 39, 28, 359), 38.0
(342, 76, 278, 192, 319, 0, 282, 93, 127), 42.0
(6, 399, 67, 180, 301, 115, 392, 41, 161), 42.0
(151, 281, 374, 52, 338, 66, 302, 136, 5), 38.0
(117, 355, 296, 312, 293, 353, 19, 332, 326), 64.0
(370, 232, 195, 9, 223, 98, 122, 339, 346), 46.0
(182, 321, 399, 243, 360, 119, 349, 278, 178), 46.0
(196, 371, 387, 151, 240, 315, 13, 191, 3), 34.0
(21, 177, 347, 86, 97, 126, 342, 102, 230), 40.0
(288, 35, 146, 82, 41, 305, 227, 143, 69), 46.0
(35, 265, 292, 34, 371, 365, 281, 106, 98), 47.0
(219, 29, 166, 362, 188, 319, 275, 362, 329), None
(38, 254, 140, 188, 396, 203, 10, 15, 62), 42.0
(304, 158, 57, 383, 120, 113, 164, 158, 63), None
(151, 133, 62, 183, 24, 284, 35, 170, 288), 55.0
(89, 247, 92, 350, 57, 140, 263, 41, 323), 54.0
(25, 141, 379, 301, 52, 258, 324, 77, 56), 52.0
(229, 142, 72, 51, 87, 160, 223, 277, 109), 42.0
(250, 216, 370, 96, 381, 185, 280, 92, 89), 40.0
(258, 326, 48, 350, 380, 301, 314, 254, 90), 40.0
(170, 63, 47, 333, 329, 215, 46, 296, 176), 52.0
(136, 323, 182, 258, 135, 298, 356, 18, 324), 45.0
(338, 35, 42, 37, 155, 217, 333, 282, 324), 42.0
(110, 388, 373, 120, 113, 162, 3, 300, 138), 44.0
(177, 102, 179, 264, 311, 229, 15, 315, 253), 54.0
(143, 300, 383, 222, 199, 338, 80, 217, 33), 40.0
(314, 285, 308, 397, 280, 171, 21, 317, 51), 34.0
(267, 394, 17, 272, 19, 0, 68, 296, 54), 48.0
(124, 314, 366, 389, 109, 380, 38, 372, 240), 59.0
(57, 381, 153, 315, 68, 8, 183, 50, 73), 48.0
(340, 41, 54, 9, 58, 293, 280, 115, 246), 44.0
(98, 378, 142, 37, 217, 348, 119, 391, 132), 50.0
(44, 298, 63, 287, 253, 31, 180, 89, 32), 49.0
(177, 261, 227, 261, 194, 255, 372, 141, 219), None
(220, 135, 385, 186, 326, 313, 41, 369, 115), 42.0
(119, 259, 211, 98, 127, 248, 399, 344, 314), 55.0
(389, 105, 59, 237, 135, 113, 390, 74, 90), 54.0
(394, 225, 297, 132, 357, 145, 338, 111, 208), 41.0
(228, 334, 161, 24, 121, 7, 66, 238, 46), 50.0
(77, 164, 177, 39, 52, 195, 392, 230, 139), 53.0
(341, 385, 178, 45, 192, 225, 238, 109, 390), 40.0
(270, 364, 282, 133, 293, 350, 74, 17, 331), 52.0
(61, 250, 380, 169, 129, 335, 311, 33, 379), 32.0
(146, 250, 98, 178, 125, 146, 246, 216, 138), None
(186, 38, 82, 152, 249, 96, 336, 102, 249), None
(228, 242, 89, 95, 72, 164, 6, 122, 391), 60.0
(84, 73, 114, 338, 42, 215, 135, 179, 173), 52.0
(370, 96, 273, 117, 16, 375, 72, 181, 314), 55.0
(312, 125, 291, 325, 302, 58, 355, 360, 81), 45.0
(234, 186, 68, 45, 39, 367, 271, 268, 102), 48.0
(102, 366, 189, 271, 239, 144, 18, 193, 130), 44.0
(392, 269, 321, 101, 142, 250, 154, 14, 181), 38.0
(51, 93, 21, 160, 202, 142, 12, 204, 270), 52.0
(137, 129, 104, 164, 194, 77, 158, 5, 127), 54.0
(135, 373, 364, 369, 174, 63, 98, 30, 114), 46.0
(237, 125, 218, 20, 145, 301, 129, 73, 160), 54.0
(224, 210, 81, 351, 108, 232, 3, 31, 21), 48.0
(171, 308, 60, 198, 380, 117, 284, 387, 227), 40.0
(308, 241, 195, 375, 354, 111, 66, 173, 277), 44.0
(157, 58, 115, 209, 165, 309, 96, 174, 234), 54.0
(73, 335, 273, 49, 345, 34, 326, 24, 329), 40.0
(270, 50, 313, 342, 343, 52, 156, 366, 355), 46.0
(394, 206, 308, 259, 53, 368, 191, 216, 228), 52.0
(23, 256, 259, 56, 7, 332, 47, 343, 23), None
(199, 385, 165, 175, 283, 375, 392, 351, 123), 39.0
(399, 385, 258, 185, 181, 338, 281, 192, 383), 50.0
(387, 182, 8, 296, 16, 208, 387, 306, 181), None
(31, 317, 354, 288, 210, 108, 376, 311, 373), 56.0
(185, 181, 15, 386, 42, 129, 152, 5, 246), 64.0
(48, 208, 93, 214, 302, 354, 3, 260, 41), 44.0
(284, 299, 64, 339, 76, 248, 315, 141, 304), 39.0
(281, 271, 156, 307, 377, 130, 307, 249, 365), None
(74, 33, 194, 255, 261, 278, 228, 362, 323), 45.0
(162, 380, 78, 14, 53, 291, 36, 102, 391), 44.0
(381, 93, 129, 32, 164, 368, 314, 36, 204), 40.0
(125, 36, 34, 294, 152, 269, 154, 376, 272), 62.0
(64, 153, 70, 231, 191, 301, 117, 380, 66), 54.0
(235, 253, 177, 113, 140, 68, 216, 318, 275), 48.0
(195, 386, 262, 192, 324, 348, 45, 302, 370), 57.0
(173, 72, 131, 326, 45, 91, 22, 376, 210), 48.0
(367, 110, 152, 141, 143, 181, 48, 383, 391), 44.0
(26, 379, 13, 132, 377, 39, 163, 198, 286), 47.0
(320, 193, 342, 381, 298, 192, 301, 144, 221), 54.0
(166, 209, 197, 302, 129, 162, 280, 46, 157), 46.0
(242, 129, 156, 95, 291, 28, 239, 127, 200), 36.0
(191, 348, 383, 322, 234, 390, 214, 227, 166), 50.0
(112, 260, 248, 369, 86, 77, 340, 32, 359), 40.0
(19, 104, 215, 215, 351, 65, 44, 378, 22), None
(106, 319, 134, 80, 28, 349, 292, 194, 223), 42.0
(358, 249, 398, 345, 304, 90, 243, 252, 222), 44.0
(325, 233, 234, 376, 102, 108, 105, 105, 126), None
(26, 202, 175, 376, 373, 257, 100, 128, 288), 40.0
(158, 199, 57, 232, 115, 316, 49, 215, 48), 56.0
(398, 80, 208, 238, 353, 356, 380, 363, 271), 43.0
(256, 43, 140, 340, 127, 84, 71, 309, 341), 50.0
(59, 182, 396, 97, 86, 188, 360, 99, 129), 42.0
(364, 90, 62, 30, 90, 15, 135, 82, 35), None
(18, 381, 186, 243, 155, 262, 40, 331, 9), 42.0
(290, 327, 58, 324, 349, 109, 102, 388, 274), 42.0
(377, 188, 209, 284, 344, 77, 167, 198, 61), 53.0
(271, 188, 28, 99, 208, 224, 95, 173, 360), 48.0
(306, 168, 144, 343, 160, 135, 153, 57, 306), None
(57, 154, 268, 15, 105, 299, 77, 137, 52), 64.0
(170, 366, 175, 393, 381, 144, 183, 307, 18), 44.0
(364, 125, 108, 364, 125, 126, 398, 111, 316), None
(340, 43, 245, 261, 275, 105, 360, 8, 27), 47.0
(179, 368, 220, 247, 116, 270, 226, 119, 223), 48.0
(9, 198, 61, 308, 5, 69, 306, 366, 130), 50.0
(389, 121, 382, 359, 36, 384, 399, 107, 298), 51.0
(296, 104, 324, 312, 113, 205, 170, 345, 399), 40.0
(165, 342, 339, 237, 166, 266, 110, 174, 0), 42.0
(242, 188, 85, 77, 320, 72, 55, 71, 372), 42.0
(361, 385, 364, 303, 252, 362, 278, 148, 274), 44.0
(156, 77, 73, 11, 68, 350, 359, 34, 222), 56.0
(65, 130, 188, 254, 11, 377, 98, 287, 36), 50.0
(214, 280, 142, 306, 214, 212, 75, 299, 7), None
(110, 8, 260, 211, 155, 395, 295, 167, 270), 38.0
(284, 384, 221, 325, 300, 204, 21, 167, 350), 60.0
(298, 216, 352, 269, 245, 326, 94, 299, 331), 57.0
(371, 191, 1, 126, 309, 87, 386, 247, 158), 44.0
(398, 149, 85, 41, 329, 186, 357, 269, 361), 40.0
(101, 312, 258, 193, 303, 360, 25, 282, 162), 54.0
(286, 364, 398, 162, 317, 219, 61, 263, 296), 46.0
(82, 46, 214, 21, 380, 44, 346, 130, 332), 59.0
(163, 374, 142, 34, 144, 349, 135, 17, 110), 35.0
(340, 202, 165, 69, 292, 44, 293, 295, 242), 48.0
(84, 304, 161, 370, 149, 285, 155, 74, 81), 40.0
(177, 184, 230, 215, 310, 255, 209, 368, 79), 56.0
(343, 300, 256, 60, 239, 236, 9, 283, 272), 37.0
(393, 62, 87, 199, 318, 329, 331, 151, 54), 50.0
(299, 287, 291, 338, 295, 78, 359, 236, 342), 66.0
(2, 333, 176, 90, 350, 51, 177, 30, 229), 57.0
(2, 227, 1, 195, 379, 129, 157, 31, 236), 56.0
(384, 136, 217, 338, 112, 75, 203, 116, 155), 51.0
(209, 376, 213, 126, 120, 322, 239, 121, 48), 40.0
(131, 262, 258, 104, 246, 293, 339, 289, 96), 42.0
(332, 258, 11, 8, 238, 262, 82, 131, 348), 40.0
(92, 319, 247, 307, 224, 129, 172, 205, 215), 54.0
(211, 194, 40, 340, 144, 331, 304, 41, 355), 52.0
(142, 163, 386, 396, 251, 166, 143, 118, 227), 48.0
(252, 165, 291, 87, 38, 46, 359, 260, 22), 38.0
(238, 47, 248, 67, 258, 112, 228, 52, 280), 50.0
(203, 345, 344, 51, 111, 292, 163, 68, 97), 37.0
(267, 223, 286, 375, 157, 382, 58, 182, 359), 45.0
(32, 4, 323, 319, 338, 165, 284, 91, 11), 40.0
(287, 377, 127, 322, 386, 184, 46, 258, 329), 62.0
(163, 384, 306, 116, 163, 349, 58, 0, 55), None
(229, 241, 349, 81, 310, 360, 358, 147, 267), 51.0
(295, 219, 335, 160, 216, 360, 88, 318, 216), None
(249, 341, 214, 90, 127, 232, 221, 246, 123), 50.0
(101, 293, 95, 317, 97, 275, 249, 140, 111), 47.0
(55, 342, 276, 37, 208, 336, 373, 362, 210), 52.0
(155, 396, 308, 136, 170, 378, 50, 0, 47), 40.0
(150, 333, 236, 90, 197, 13, 285, 379, 262), 39.0
(200, 316, 158, 88, 206, 302, 32, 18, 60), 38.0
(270, 168, 341, 297, 12, 333, 283, 189, 29), 42.0
(259, 232, 308, 233, 140, 251, 297, 330, 360), 48.0
(44, 37, 391, 104, 121, 308, 335, 345, 56), 40.0
(210, 310, 214, 79, 207, 311, 0, 0, 56), None
(27, 60, 272, 351, 79, 166, 325, 305, 71), 32.0
(113, 331, 337, 170, 205, 297, 241, 219, 293), 52.0
(381, 143, 233, 240, 285, 62, 181, 150, 224), 44.0
(59, 256, 197, 167, 234, 226, 90, 316, 215), 52.0
(173, 143, 342, 277, 349, 369, 219, 215, 20), 54.0
(241, 117, 102, 21, 53, 360, 315, 92, 161), 50.0
(6, 158, 182, 14, 295, 184, 244, 356, 396), 50.0
(56, 13, 174, 265, 365, 2, 239, 372, 1), 40.0
(110, 398, 81, 97, 344, 245, 51, 5, 300), 48.0
(4, 315, 41, 8, 81, 169, 30, 281, 50), 59.0
(87, 173, 197, 80, 278, 175, 192, 332, 99), 57.0
(382, 24, 20, 299, 106, 347, 284, 185, 237), 36.0
(0, 37, 386, 311, 250, 217, 263, 320, 129), 40.0
(15, 52, 229, 172, 182, 192, 245, 353, 147), 42.0
(20, 47, 207, 142, 375, 268, 252, 236, 115), 40.0
(49, 10, 345, 359, 128, 176, 365, 352, 95), 47.0
(80, 31, 132, 101, 118, 33, 241, 1, 104), 56.0
(186, 232, 376, 55, 381, 166, 31, 311, 291), 44.0
(20, 52, 198, 140, 392, 256, 233, 242, 115), 44.0
(142, 242, 2, 140, 116, 44, 348, 341, 43), 59.0
(22, 55, 244, 144, 389, 241, 240, 236, 116), 56.0
(44, 232, 134, 105, 332, 150, 42, 252, 109), 53.0
(66, 397, 217, 200, 80, 138, 41, 317, 80), None
(137, 388, 210, 172, 13, 236, 125, 343, 173), 46.0
(347, 325, 65, 186, 380, 20, 278, 399, 126), 44.0
(188, 56, 359, 143, 80, 114, 42, 258, 23), 54.0
(185, 37, 387, 360, 238, 307, 176, 291, 308), 46.0
(136, 200, 357, 290, 117, 327, 207, 327, 2), None
(227, 182, 84, 1, 320, 361, 115, 382, 199), 47.0
(320, 394, 309, 43, 351, 190, 224, 236, 74), 46.0
(66, 47, 370, 94, 372, 68, 102, 200, 265), 61.0
(294, 158, 82, 91, 48, 37, 282, 277, 159), 62.0
(134, 222, 199, 209, 96, 232, 259, 305, 144), 49.0
(283, 347, 314, 176, 103, 224, 181, 83, 358), 46.0
(110, 14, 153, 194, 198, 57, 344, 250, 55), 55.0
(203, 314, 254, 63, 216, 316, 25, 31, 62), 44.0
(144, 154, 12, 393, 269, 196, 366, 139, 114), 34.0
(261, 304, 150, 294, 100, 36, 262, 117, 343), 54.0
(272, 39, 337, 287, 148, 392, 31, 326, 305), 40.0
(87, 291, 361, 24, 317, 337, 187, 328, 5), 36.0
(329, 78, 93, 197, 207, 184, 55, 216, 375), 50.0
(55, 118, 4, 388, 305, 33, 27, 173, 225), 39.0
(70, 57, 373, 113, 234, 347, 231, 82, 195), 49.0
(388, 41, 64, 143, 136, 253, 362, 208, 96), 40.0
(157, 349, 106, 52, 219, 326, 237, 199, 16), 38.0
(154, 357, 294, 45, 215, 333, 262, 206, 4), 46.0
(141, 192, 387, 391, 4, 18, 186, 242, 194), 38.0
(7, 78, 214, 128, 102, 132, 321, 87, 213), 50.0
(50, 244, 238, 188, 247, 247, 72, 303, 208), None
(139, 52, 113, 306, 313, 383, 65, 137, 271), 42.0
(7, 272, 210, 45, 27, 101, 325, 358, 324), 46.0
(380, 184, 61, 3, 44, 288, 330, 263, 354), 52.0
(129, 157, 20, 61, 251, 17, 88, 169, 21), 55.0
(146, 142, 113, 254, 103, 392, 270, 173, 353), 48.0
(219, 87, 113, 219, 219, 142, 193, 60, 55), None
(191, 94, 242, 139, 218, 30, 224, 282, 203), 49.0
(301, 241, 312, 292, 189, 347, 32, 232, 124), 46.0
(226, 177, 359, 389, 181, 317, 393, 342, 202), 57.0
(220, 25, 116, 207, 216, 399, 187, 69, 58), 40.0
(29, 359, 37, 271, 235, 396, 86, 111, 39), 50.0
(115, 43, 72, 156, 34, 176, 72, 69, 41), None
(6, 265, 41, 15, 134, 208, 33, 80, 253), 44.0
(262, 371, 81, 155, 278, 372, 74, 69, 51), 44.0
(335, 250, 132, 41, 379, 123, 44, 267, 116), 42.0
(176, 292, 336, 33, 313, 336, 0, 189, 25), None
(91, 69, 140, 205, 151, 323, 63, 237, 66), 60.0
(320, 172, 17, 264, 214, 210, 111, 381, 133), 56.0
(373, 213, 390, 273, 196, 34, 372, 74, 73), 46.0
(257, 86, 102, 160, 321, 109, 155, 394, 276), 40.0
(356, 98, 340, 312, 25, 337, 268, 202, 357), 46.0
(228, 262, 368, 24, 26, 21, 227, 154, 66), 54.0
(293, 351, 83, 330, 321, 208, 171, 304, 297), 46.0
(262, 287, 269, 356, 88, 181, 364, 318, 244), 56.0
(252, 27, 339, 262, 311, 241, 346, 384, 214), 51.0
(202, 77, 213, 313, 318, 370, 371, 233, 282), 56.0
(47, 151, 352, 146, 385, 291, 131, 19, 134), 44.0
(149, 23, 212, 163, 294, 125, 255, 61, 198), 46.0
(262, 126, 300, 288, 43, 292, 44, 226, 382), 52.0
(399, 198, 294, 171, 132, 87, 323, 87, 282), None
(196, 150, 12, 149, 28, 229, 241, 105, 96), 46.0
(286, 356, 152, 161, 236, 59, 358, 314, 366), 52.0
(385, 96, 157, 132, 1, 389, 329, 161, 307), 40.0
(76, 386, 60, 64, 307, 313, 41, 389, 131), 39.0
(107, 76, 383, 274, 211, 123, 59, 11, 210), 44.0
(116, 62, 366, 347, 190, 179, 328, 227, 179), None
(320, 167, 283, 382, 35, 129, 298, 76, 231), 42.0
(169, 295, 181, 47, 319, 356, 0, 185, 21), 44.0
(285, 366, 208, 334, 81, 295, 43, 325, 30), 42.0
(336, 178, 333, 49, 4, 275, 212, 201, 99), 38.0
(326, 213, 164, 184, 217, 334, 23, 263, 193), 40.0
(59, 318, 8, 146, 168, 362, 197, 256, 18), 42.0
(397, 47, 20, 291, 326, 134, 290, 295, 80), 40.0
(32, 92, 265, 165, 321, 49, 92, 229, 253), None
(232, 264, 224, 324, 204, 351, 105, 336, 17), 48.0
(171, 124, 141, 77, 330, 348, 206, 107, 144), 47.0
(262, 42, 389, 353, 164, 135, 234, 355, 271), 46.0
(87, 214, 74, 46, 116, 385, 227, 136, 348), 42.0
(312, 315, 263, 201, 174, 219, 270, 41, 293), 44.0
(38, 319, 341, 82, 57, 259, 197, 142, 285), 46.0
(104, 132, 161, 119, 238, 55, 371, 395, 312), 32.0
(122, 297, 362, 21, 334, 288, 55, 42, 324), 45.0
(252, 389, 58, 132, 387, 29, 332, 62, 394), 52.0
(318, 324, 110, 215, 40, 43, 349, 308, 50), 40.0
(385, 164, 178, 316, 93, 325, 255, 393, 54), 41.0
(165, 307, 203, 317, 378, 305, 14, 186, 224), 50.0
(30, 121, 267, 361, 8, 237, 183, 332, 118), 38.0
(269, 213, 380, 272, 216, 190, 386, 80, 40), 40.0
(126, 63, 156, 253, 203, 152, 42, 34, 275), 47.0
(335, 196, 92, 292, 16, 342, 150, 389, 266), 40.0
(203, 287, 10, 319, 19, 113, 148, 163, 221), 44.0
(165, 90, 38, 272, 368, 284, 153, 24, 252), 42.0
(141, 228, 208, 81, 52, 32, 206, 122, 13), 56.0
(36, 302, 26, 288, 27, 78, 68, 84, 85), 52.0
(387, 52, 276, 156, 94, 273, 345, 2, 183), 48.0
(58, 50, 62, 230, 76, 114, 55, 227, 230), None
(153, 231, 320, 335, 386, 213, 306, 93, 89), 46.0
(47, 122, 368, 59, 199, 151, 30, 103, 194), 46.0
(306, 32, 221, 135, 184, 100, 252, 297, 218), 40.0
(78, 72, 164, 268, 120, 103, 212, 368, 343), 36.0
(58, 231, 12, 236, 46, 392, 222, 271, 67), 44.0
(264, 313, 193, 18, 77, 255, 71, 318, 334), 44.0
(257, 348, 27, 364, 321, 215, 40, 107, 175), 46.0
Sampler:CmaEsSampler
(269, 18, 194, 387, 25, 162, 349, 337, 157), 42.0
(234, 250, 33, 282, 185, 90, 264, 311, 279), 40.0
(168, 190, 99, 162, 147, 196, 313, 95, 244), 54.0
(231, 171, 213, 135, 272, 221, 226, 221, 169), None
(274, 151, 187, 171, 100, 99, 112, 11, 195), 57.0
(217, 176, 201, 188, 168, 210, 127, 250, 151), 55.0
(193, 96, 176, 263, 198, 207, 265, 276, 79), 46.0
(237, 288, 265, 127, 134, 112, 176, 160, 220), 49.0
(232, 109, 145, 377, 255, 237, 163, 222, 133), 52.0
(160, 184, 227, 263, 252, 137, 232, 250, 157), 41.0
(178, 236, 198, 277, 94, 231, 203, 173, 179), 53.0
(179, 244, 254, 182, 114, 192, 207, 252, 28), 44.0
(344, 214, 74, 283, 107, 158, 295, 293, 232), 50.0
(123, 94, 274, 285, 235, 64, 215, 192, 230), 41.0
(164, 231, 237, 183, 244, 276, 152, 326, 115), 36.0
(189, 269, 149, 198, 181, 40, 285, 305, 152), 47.0
(246, 192, 59, 308, 139, 107, 263, 215, 282), 42.0
(76, 258, 81, 291, 202, 98, 276, 332, 100), 50.0
(185, 128, 170, 313, 185, 109, 242, 243, 183), None
(133, 170, 247, 254, 314, 207, 302, 231, 153), 54.0
(147, 198, 124, 228, 161, 26, 354, 264, 172), 46.0
(122, 276, 98, 294, 153, 131, 245, 295, 126), 47.0
(255, 272, 117, 110, 203, 82, 284, 348, 242), 44.0
(216, 223, 186, 305, 229, 84, 287, 164, 151), 56.0
(153, 181, 176, 342, 182, 197, 179, 275, 242), 58.0
(94, 258, 98, 343, 253, 104, 216, 286, 160), 42.0
(196, 191, 242, 267, 328, 110, 200, 240, 209), 54.0
(164, 212, 300, 119, 230, 192, 174, 298, 194), 49.0
(148, 180, 123, 230, 207, 195, 244, 316, 136), 38.0
(162, 228, 193, 312, 320, 107, 178, 225, 182), 56.0
(211, 251, 252, 322, 221, 178, 179, 268, 257), 50.0
(147, 190, 175, 174, 206, 149, 264, 302, 175), None
(160, 165, 279, 188, 233, 203, 254, 269, 230), 54.0
(78, 218, 279, 236, 171, 204, 106, 231, 230), 49.0
(130, 200, 191, 301, 178, 231, 203, 191, 146), None
(229, 172, 128, 279, 235, 230, 146, 310, 118), 54.0
(115, 199, 186, 298, 169, 163, 198, 362, 213), 46.0
(127, 251, 132, 276, 202, 78, 135, 277, 232), 54.0
(217, 205, 179, 223, 180, 134, 208, 238, 239), 45.0
(171, 195, 263, 257, 260, 119, 163, 248, 114), 46.0
(201, 161, 184, 271, 188, 206, 188, 158, 157), None
(165, 264, 149, 273, 230, 54, 266, 229, 100), 55.0
(21, 217, 199, 247, 272, 106, 208, 310, 152), 46.0
(85, 228, 198, 183, 242, 54, 193, 292, 158), 40.0
(166, 202, 77, 300, 163, 208, 160, 343, 207), 54.0
(85, 173, 78, 245, 125, 227, 194, 194, 198), None
(167, 125, 179, 211, 208, 251, 240, 303, 10), 48.0
(105, 292, 183, 143, 291, 206, 130, 278, 148), 66.0
(134, 242, 183, 205, 208, 154, 183, 392, 143), None
(119, 238, 239, 209, 278, 22, 174, 336, 135), 46.0
(227, 275, 168, 252, 187, 50, 173, 273, 242), 50.0
(131, 157, 255, 259, 184, 113, 162, 307, 158), 48.0
(111, 253, 190, 162, 236, 148, 241, 270, 227), 54.0
(123, 220, 245, 243, 276, 139, 198, 280, 156), 56.0
(160, 165, 80, 312, 330, 175, 188, 326, 48), 46.0
(139, 244, 181, 287, 181, 93, 129, 345, 225), None
(174, 158, 174, 325, 257, 108, 262, 316, 164), None
(230, 159, 198, 277, 279, 10, 274, 288, 272), 60.0
(141, 239, 143, 230, 300, 61, 239, 243, 233), None
(97, 277, 233, 233, 221, 106, 135, 311, 167), None
(59, 159, 240, 210, 198, 155, 115, 274, 183), 50.0
(77, 151, 193, 201, 252, 222, 132, 262, 143), 46.0
(182, 113, 110, 224, 279, 155, 222, 248, 128), 54.0
(60, 141, 182, 184, 197, 52, 258, 249, 77), 48.0
(28, 60, 207, 199, 279, 49, 100, 273, 79), 42.0
(263, 226, 142, 237, 251, 56, 255, 272, 121), 59.0
(150, 127, 203, 201, 242, 100, 233, 378, 148), 56.0
(143, 251, 216, 147, 241, 139, 211, 316, 191), 49.0
(218, 222, 244, 179, 242, 89, 142, 398, 93), 50.0
(198, 129, 137, 299, 235, 90, 215, 253, 182), 50.0
(97, 165, 269, 249, 325, 55, 102, 393, 33), 46.0
(162, 203, 179, 185, 209, 128, 96, 259, 175), 40.0
(183, 161, 297, 219, 298, 82, 124, 323, 111), 48.0
(25, 109, 151, 266, 226, 94, 152, 315, 214), 44.0
(198, 158, 256, 184, 270, 139, 128, 296, 201), 42.0
(177, 97, 209, 149, 274, 13, 102, 351, 3), 56.0
(19, 2, 171, 216, 224, 109, 61, 311, 164), 42.0
(108, 146, 231, 117, 211, 199, 115, 218, 221), 55.0
(106, 256, 182, 209, 235, 50, 185, 215, 29), 43.0
(119, 97, 237, 267, 213, 68, 192, 285, 110), 50.0
(132, 146, 216, 107, 188, 62, 148, 250, 152), 56.0
(100, 123, 196, 226, 257, 34, 26, 347, 81), 43.0
(91, 167, 224, 207, 233, 93, 132, 251, 97), 45.0
(133, 55, 211, 160, 214, 68, 46, 325, 257), 41.0
(158, 41, 190, 131, 380, 131, 99, 279, 88), None
(186, 160, 216, 116, 273, 13, 70, 319, 201), 40.0
(130, 88, 270, 166, 274, 99, 116, 305, 122), 40.0
(73, 65, 140, 190, 198, 177, 36, 282, 230), 50.0
(61, 122, 177, 212, 213, 132, 98, 260, 113), 45.0
(41, 133, 171, 210, 225, 51, 138, 376, 175), 52.0
(222, 154, 230, 270, 235, 175, 80, 315, 186), 40.0
(91, 65, 166, 127, 205, 106, 93, 296, 111), 51.0
(180, 112, 216, 253, 292, 20, 157, 316, 175), 52.0
(152, 98, 240, 179, 256, 67, 80, 248, 89), 41.0
(210, 145, 276, 177, 212, 53, 56, 350, 163), 58.0
(257, 228, 152, 233, 251, 8, 36, 388, 199), 53.0
(163, 82, 178, 127, 282, 58, 86, 334, 283), 45.0
(239, 155, 266, 84, 261, 20, 24, 344, 226), 38.0
(131, 182, 309, 168, 294, 65, 27, 347, 239), 38.0
(176, 85, 279, 173, 220, 54, 144, 315, 123), 40.0
(86, 146, 302, 114, 228, 75, 54, 201, 150), 42.0
(160, 176, 193, 100, 360, 14, 48, 262, 167), 38.0
(303, 98, 176, 117, 336, 118, 25, 355, 214), 45.0
(183, 68, 252, 40, 251, 15, 7, 221, 181), 52.0
(187, 134, 256, 131, 231, 30, 27, 239, 227), 50.0
(146, 89, 314, 66, 256, 36, 68, 359, 362), 42.0
(94, 223, 250, 171, 264, 25, 63, 379, 69), 48.0
(201, 171, 389, 130, 217, 2, 11, 274, 191), 59.0
(118, 50, 236, 93, 285, 57, 16, 341, 152), 43.0
(216, 172, 218, 112, 332, 15, 11, 324, 99), 48.0
(214, 157, 294, 175, 226, 119, 2, 269, 87), 40.0
(166, 59, 253, 95, 329, 99, 67, 255, 172), 48.0
(115, 152, 271, 157, 223, 20, 0, 322, 228), 46.0
(126, 206, 279, 228, 253, 38, 15, 364, 195), 38.0
(128, 162, 343, 136, 188, 137, 58, 380, 220), 40.0
(134, 184, 318, 79, 249, 82, 16, 265, 174), 38.0
(271, 187, 312, 56, 323, 113, 1, 314, 217), 38.0
(152, 174, 238, 242, 169, 23, 68, 226, 101), 52.0
(58, 191, 263, 233, 279, 182, 86, 384, 203), 42.0
(162, 142, 286, 266, 234, 78, 10, 316, 204), 47.0
(184, 139, 269, 138, 181, 41, 20, 263, 199), 42.0
(239, 209, 333, 95, 255, 148, 40, 312, 86), 46.0
(169, 185, 233, 47, 149, 87, 115, 225, 210), 50.0
(61, 205, 309, 175, 267, 155, 112, 281, 171), 44.0
(223, 146, 320, 124, 239, 87, 76, 361, 202), 38.0
(63, 186, 248, 265, 162, 123, 58, 288, 178), 46.0
(140, 136, 260, 162, 281, 99, 143, 286, 254), 56.0
(73, 191, 307, 186, 195, 113, 64, 305, 197), 36.0
(189, 193, 286, 247, 139, 139, 50, 260, 126), None
(222, 211, 284, 142, 338, 8, 14, 357, 143), 40.0
(190, 297, 337, 194, 199, 90, 69, 289, 256), 46.0
(211, 230, 320, 141, 266, 39, 80, 398, 196), 46.0
(154, 218, 164, 180, 212, 60, 21, 287, 187), 36.0
(234, 73, 351, 148, 297, 16, 5, 254, 260), 32.0
(240, 79, 376, 57, 197, 4, 35, 182, 297), 46.0
(168, 119, 285, 251, 211, 140, 68, 245, 211), None
(207, 112, 318, 137, 244, 40, 50, 307, 245), 50.0
(144, 178, 209, 173, 255, 132, 37, 290, 152), 50.0
(30, 190, 279, 189, 199, 138, 15, 319, 166), 57.0
(249, 147, 217, 133, 268, 119, 60, 214, 260), 41.0
(200, 125, 223, 260, 292, 179, 91, 289, 187), 46.0
(113, 114, 362, 195, 153, 33, 54, 284, 293), 42.0
(124, 136, 270, 220, 189, 115, 101, 261, 216), 42.0
(190, 171, 329, 117, 295, 48, 23, 241, 259), 44.0
(135, 182, 265, 215, 237, 82, 74, 316, 187), 42.0
(179, 263, 293, 133, 206, 157, 92, 213, 264), 38.0
(195, 101, 236, 132, 269, 7, 50, 321, 346), 44.0
(158, 130, 327, 196, 125, 176, 161, 233, 358), 50.0
(242, 180, 119, 175, 266, 38, 137, 199, 263), 47.0
(178, 121, 366, 166, 248, 63, 25, 234, 362), 40.0
(137, 120, 267, 204, 192, 37, 81, 250, 229), 50.0
(160, 114, 254, 224, 196, 9, 167, 209, 120), 38.0
(146, 189, 175, 173, 247, 71, 123, 271, 265), 46.0
(169, 158, 296, 185, 216, 25, 109, 201, 240), 40.0
(177, 154, 245, 207, 202, 103, 52, 251, 314), 40.0
(189, 206, 266, 216, 184, 156, 147, 157, 225), 48.0
(169, 105, 297, 200, 216, 77, 95, 170, 260), 38.0
(154, 163, 279, 134, 229, 71, 105, 236, 192), 55.0
(172, 275, 277, 99, 146, 112, 241, 165, 192), 59.0
(117, 88, 297, 180, 169, 84, 62, 237, 270), 40.0
(155, 252, 365, 148, 144, 153, 95, 188, 307), 42.0
(186, 127, 275, 168, 190, 121, 81, 216, 298), 61.0
(231, 178, 330, 144, 275, 32, 64, 264, 248), 36.0
(152, 197, 382, 183, 186, 117, 174, 292, 239), 56.0
(216, 156, 285, 197, 248, 77, 113, 194, 257), 54.0
(161, 95, 369, 88, 297, 61, 15, 197, 253), 36.0
(198, 143, 347, 141, 194, 49, 98, 167, 240), 40.0
(156, 60, 333, 178, 144, 43, 102, 205, 230), 55.0
(206, 252, 340, 239, 233, 51, 86, 275, 249), 40.0
(91, 169, 254, 238, 241, 124, 160, 145, 165), 57.0
(121, 156, 310, 254, 242, 106, 123, 240, 237), 48.0
(196, 161, 348, 161, 230, 95, 108, 154, 256), None
(140, 144, 249, 166, 205, 65, 147, 243, 181), 52.0
(218, 263, 304, 164, 286, 119, 157, 217, 329), 44.0
(257, 120, 332, 117, 216, 23, 27, 206, 357), 40.0
(205, 140, 335, 162, 285, 122, 88, 283, 200), 48.0
(184, 188, 335, 149, 235, 55, 124, 161, 286), 41.0
(206, 114, 367, 144, 228, 118, 45, 99, 265), 46.0
(184, 124, 360, 145, 246, 146, 96, 131, 174), 59.0
(189, 123, 289, 137, 231, 128, 135, 196, 263), 40.0
(249, 155, 375, 215, 187, 77, 42, 243, 219), 42.0
(212, 110, 321, 120, 180, 137, 90, 96, 285), 36.0
(221, 148, 396, 172, 267, 113, 51, 112, 345), 46.0
(207, 142, 273, 193, 208, 105, 128, 156, 283), 44.0
(238, 168, 319, 148, 312, 15, 67, 211, 284), 40.0
(243, 61, 358, 83, 249, 95, 15, 177, 200), 42.0
(247, 130, 315, 44, 203, 109, 42, 106, 294), 52.0
(227, 59, 303, 139, 169, 151, 121, 246, 235), 60.0
(306, 105, 278, 116, 189, 121, 32, 100, 325), 37.0
(206, 91, 193, 167, 268, 87, 170, 179, 278), 50.0
(108, 105, 356, 109, 230, 117, 99, 170, 273), 63.0
(228, 172, 339, 129, 174, 204, 120, 79, 308), 50.0
(250, 108, 359, 90, 215, 110, 61, 166, 301), 40.0
(176, 109, 239, 231, 187, 137, 213, 151, 218), 60.0
(175, 178, 328, 104, 175, 142, 118, 119, 305), None
(252, 185, 392, 92, 199, 83, 78, 125, 313), 48.0
(210, 231, 255, 87, 182, 162, 74, 156, 310), 52.0
(291, 229, 282, 112, 229, 111, 64, 181, 375), None
(253, 229, 251, 153, 252, 185, 155, 142, 226), 48.0
(292, 107, 258, 150, 218, 241, 73, 112, 244), 55.0
(230, 80, 380, 137, 172, 138, 60, 96, 261), 38.0
(291, 99, 369, 78, 186, 226, 12, 90, 323), 38.0
(283, 151, 381, 59, 207, 126, 55, 146, 314), 44.0
(260, 122, 244, 132, 229, 76, 60, 194, 379), 42.0
(346, 163, 323, 131, 256, 114, 60, 33, 308), 36.0
(213, 81, 277, 213, 112, 160, 72, 129, 289), None
(199, 36, 292, 131, 270, 95, 91, 197, 349), 42.0
(272, 82, 250, 101, 239, 106, 94, 164, 258), 40.0
(309, 132, 298, 129, 215, 34, 63, 142, 248), 52.0
(299, 117, 375, 192, 167, 142, 132, 68, 320), 38.0
(284, 131, 355, 113, 244, 98, 44, 21, 162), 42.0
(359, 224, 305, 78, 227, 114, 76, 47, 255), 39.0
(246, 118, 325, 192, 244, 68, 92, 157, 252), 48.0
(290, 156, 260, 123, 180, 194, 146, 53, 365), 50.0
(264, 185, 274, 206, 305, 101, 30, 198, 226), 49.0
(340, 32, 304, 170, 283, 117, 29, 85, 277), 40.0
(305, 90, 349, 64, 226, 160, 9, 49, 290), 48.0
(320, 143, 382, 37, 259, 270, 85, 12, 311), 36.0
(284, 130, 349, 130, 152, 158, 43, 82, 352), None
(211, 168, 380, 106, 284, 54, 15, 131, 281), 56.0
(203, 105, 345, 60, 212, 165, 91, 167, 173), 54.0
(340, 60, 386, 110, 238, 205, 21, 107, 310), 52.0
(315, 126, 362, 118, 255, 215, 59, 3, 323), 40.0
(365, 197, 338, 133, 178, 206, 89, 4, 279), 46.0
(295, 96, 201, 151, 167, 188, 138, 133, 310), 60.0
(316, 113, 300, 104, 194, 214, 35, 50, 303), 58.0
(293, 218, 316, 100, 295, 142, 236, 83, 275), 49.0
(309, 130, 334, 83, 233, 146, 123, 11, 298), 40.0
(266, 144, 356, 101, 234, 286, 89, 63, 214), 43.0
(293, 100, 316, 87, 273, 198, 89, 86, 316), None
(161, 98, 278, 229, 247, 254, 207, 150, 203), 34.0
(178, 95, 283, 228, 232, 192, 244, 41, 333), 37.0
(158, 2, 361, 151, 276, 120, 150, 69, 145), 36.0
(169, 212, 310, 81, 302, 141, 176, 112, 383), 44.0
(191, 167, 317, 120, 298, 118, 94, 118, 280), None
(242, 234, 290, 235, 191, 220, 154, 44, 145), 42.0
(81, 37, 313, 152, 206, 198, 167, 139, 167), None
(313, 146, 347, 176, 196, 267, 105, 27, 185), 36.0
(275, 90, 236, 199, 184, 245, 227, 44, 131), 51.0
(271, 181, 337, 140, 154, 217, 73, 158, 302), 34.0
(253, 88, 290, 185, 252, 276, 165, 19, 237), 42.0
(296, 119, 364, 86, 226, 150, 97, 56, 281), 43.0
(203, 42, 285, 161, 185, 236, 189, 217, 109), 53.0
(153, 109, 291, 235, 154, 170, 100, 202, 254), 42.0
(334, 231, 359, 137, 243, 151, 201, 101, 213), 40.0
(242, 100, 320, 176, 224, 121, 138, 11, 208), 52.0
(245, 15, 391, 165, 246, 220, 68, 74, 224), 46.0
(236, 109, 242, 181, 143, 252, 172, 85, 198), 52.0
(291, 25, 373, 100, 236, 180, 65, 75, 261), 50.0
(207, 144, 279, 234, 242, 175, 53, 152, 280), 48.0
(216, 54, 269, 180, 236, 205, 133, 61, 259), 42.0
(303, 48, 302, 109, 213, 130, 31, 124, 244), 42.0
(187, 63, 254, 135, 147, 183, 227, 144, 204), 49.0
(298, 93, 295, 212, 175, 136, 110, 115, 217), 56.0
(267, 82, 362, 208, 179, 138, 172, 93, 152), 50.0
(296, 170, 329, 136, 206, 206, 180, 142, 282), None
(333, 239, 276, 188, 252, 213, 184, 131, 275), 50.0
(266, 178, 314, 144, 198, 114, 225, 201, 250), 52.0
(217, 152, 366, 206, 222, 160, 160, 110, 182), None
(273, 132, 349, 228, 179, 180, 218, 7, 284), 38.0
(255, 63, 308, 83, 201, 84, 128, 171, 213), 49.0
(199, 147, 302, 194, 259, 124, 149, 217, 163), 62.0
(233, 36, 311, 196, 298, 88, 157, 109, 259), 48.0
(190, 132, 326, 151, 155, 50, 92, 174, 180), 46.0
(180, 174, 247, 197, 157, 129, 182, 71, 220), 36.0
(183, 163, 341, 241, 115, 109, 204, 44, 243), 44.0
(219, 148, 254, 194, 155, 61, 142, 145, 264), 54.0
(177, 208, 319, 217, 73, 189, 221, 66, 235), 52.0
(252, 164, 280, 236, 133, 168, 169, 63, 223), 47.0
(251, 104, 293, 137, 181, 112, 117, 78, 301), 50.0
(174, 174, 294, 196, 127, 170, 271, 52, 241), None
(297, 245, 243, 236, 87, 205, 246, 99, 180), 50.0
(68, 194, 281, 315, 184, 87, 292, 140, 204), 48.0
(153, 151, 270, 254, 139, 68, 183, 163, 164), 32.0
(263, 256, 334, 139, 160, 151, 188, 54, 269), 54.0
(201, 140, 310, 189, 114, 135, 238, 66, 291), 38.0
(204, 9, 372, 168, 215, 8, 115, 58, 263), 42.0
(145, 204, 211, 226, 257, 87, 257, 191, 221), None
(38, 206, 279, 355, 86, 19, 247, 185, 180), 51.0
(239, 205, 269, 277, 143, 117, 229, 98, 242), 38.0
(161, 168, 317, 196, 144, 46, 138, 120, 271), 38.0
(70, 187, 225, 227, 110, 36, 220, 87, 173), 56.0
(166, 124, 285, 145, 142, 117, 169, 29, 275), 57.0
(219, 133, 312, 205, 94, 129, 207, 14, 168), 48.0
(120, 151, 294, 346, 131, 67, 306, 194, 145), 48.0
(156, 127, 320, 193, 100, 54, 149, 97, 199), 54.0
(171, 139, 257, 180, 216, 117, 238, 159, 146), 61.0
(231, 191, 315, 163, 180, 68, 114, 172, 231), None
(150, 146, 272, 273, 93, 69, 129, 233, 253), 59.0
(186, 150, 271, 276, 50, 118, 229, 117, 157), 52.0
(219, 114, 318, 223, 122, 55, 151, 178, 309), 46.0
(283, 229, 280, 208, 166, 139, 218, 98, 204), 50.0
(140, 194, 317, 235, 107, 36, 106, 121, 203), 48.0
(166, 129, 336, 343, 157, 53, 235, 177, 222), 48.0
(212, 178, 328, 235, 84, 214, 139, 101, 262), 40.0
(274, 148, 308, 171, 97, 131, 192, 115, 281), 54.0
(177, 186, 221, 224, 128, 57, 151, 166, 253), 49.0
(329, 215, 390, 159, 161, 165, 277, 45, 334), 40.0
(258, 218, 372, 205, 83, 190, 79, 142, 304), 50.0
(142, 202, 337, 233, 125, 169, 119, 163, 269), 42.0
(163, 111, 343, 267, 106, 99, 174, 49, 272), 48.0
(222, 225, 356, 313, 93, 151, 226, 167, 283), 46.0
(223, 104, 323, 283, 51, 112, 134, 158, 305), 50.0
(294, 257, 283, 159, 151, 86, 122, 164, 325), 38.0
(187, 216, 391, 170, 143, 128, 178, 131, 287), 46.0
(181, 211, 336, 182, 97, 145, 154, 154, 319), None
(190, 121, 345, 220, 145, 142, 192, 92, 267), 59.0
(248, 240, 289, 84, 142, 152, 242, 85, 350), 48.0
(301, 139, 347, 242, 186, 189, 97, 135, 239), 40.0
(398, 210, 304, 213, 255, 225, 112, 154, 239), 56.0
(191, 157, 374, 240, 196, 82, 151, 190, 241), 42.0
(292, 196, 302, 243, 124, 211, 178, 94, 274), 44.0
(138, 248, 286, 253, 55, 56, 148, 209, 291), 54.0
(252, 246, 309, 207, 171, 67, 237, 185, 316), 50.0
(288, 273, 241, 203, 82, 41, 139, 126, 365), 49.0
(324, 262, 348, 193, 92, 138, 203, 71, 326), 50.0
(231, 166, 378, 233, 71, 238, 120, 69, 252), 49.0
(347, 275, 352, 174, 100, 248, 128, 52, 319), 38.0
(285, 196, 291, 236, 146, 156, 112, 65, 313), 38.0
(275, 247, 315, 221, 53, 89, 120, 99, 345), 34.0
(240, 303, 365, 193, 58, 165, 114, 87, 223), 42.0
(203, 153, 331, 179, 179, 157, 88, 103, 317), None
(249, 255, 383, 251, 106, 268, 188, 95, 286), 61.0
(197, 294, 332, 227, 35, 175, 153, 180, 317), 60.0
(305, 244, 354, 169, 140, 166, 183, 125, 363), 44.0
(345, 188, 304, 186, 152, 201, 175, 73, 339), 40.0
(268, 178, 388, 171, 102, 267, 101, 110, 332), 42.0
(299, 235, 201, 285, 149, 213, 186, 72, 329), 42.0
(285, 368, 329, 241, 146, 154, 156, 118, 256), 48.0
(247, 265, 294, 200, 165, 67, 83, 110, 282), 43.0
(207, 237, 257, 187, 41, 59, 118, 194, 232), 48.0
(271, 227, 324, 183, 106, 179, 51, 48, 324), None
(364, 295, 351, 245, 64, 319, 206, 31, 286), 50.0
(273, 191, 230, 250, 111, 164, 198, 59, 299), 48.0
(389, 361, 321, 168, 22, 179, 163, 95, 369), 39.0
(350, 305, 284, 218, 57, 183, 181, 66, 301), 54.0
(209, 196, 255, 283, 60, 85, 212, 162, 288), 48.0
(231, 273, 229, 254, 122, 45, 214, 108, 277), 52.0
(249, 306, 297, 261, 34, 13, 188, 181, 350), 40.0
(245, 158, 338, 208, 187, 74, 213, 105, 289), 47.0
(280, 279, 325, 175, 53, 103, 205, 39, 306), 39.0
(321, 379, 272, 161, 14, 192, 157, 86, 365), 36.0
(280, 259, 366, 155, 89, 157, 120, 87, 361), 40.0
(369, 326, 271, 213, 54, 164, 72, 138, 355), 46.0
(247, 264, 309, 294, 123, 76, 213, 195, 221), 38.0
(254, 386, 307, 172, 89, 42, 211, 203, 222), 46.0
(277, 238, 388, 213, 95, 127, 152, 161, 208), 42.0
(291, 274, 313, 209, 25, 161, 193, 22, 307), 39.0
(242, 147, 276, 178, 152, 64, 137, 153, 226), 52.0
(310, 320, 316, 240, 25, 209, 225, 3, 372), 50.0
(231, 281, 268, 223, 20, 140, 258, 209, 266), 56.0
(294, 274, 290, 194, 61, 115, 152, 176, 309), 42.0
(249, 193, 367, 182, 62, 127, 148, 9, 337), 51.0
(293, 252, 342, 173, 68, 140, 132, 89, 362), 54.0
(248, 290, 275, 325, 18, 99, 152, 120, 280), 44.0
(285, 297, 317, 148, 75, 230, 63, 52, 308), 38.0
(238, 312, 317, 236, 7, 149, 157, 126, 314), 50.0
(274, 357, 222, 149, 90, 104, 205, 127, 307), 44.0
(282, 295, 264, 259, 12, 196, 215, 159, 309), 60.0
(319, 350, 272, 201, 42, 150, 189, 109, 261), 44.0
(240, 320, 211, 213, 35, 98, 208, 179, 245), 36.0
(288, 393, 174, 231, 10, 113, 215, 138, 282), 42.0
(239, 324, 318, 174, 58, 146, 156, 140, 248), 48.0
(247, 280, 266, 184, 68, 143, 42, 181, 398), 32.0
(277, 356, 130, 282, 9, 167, 283, 217, 219), 44.0
(182, 278, 298, 215, 30, 91, 249, 158, 221), 52.0
(218, 249, 245, 212, 97, 63, 29, 260, 207), 45.0
(269, 343, 177, 201, 77, 97, 67, 253, 250), 41.0
(208, 296, 199, 253, 132, 180, 85, 232, 172), 46.0
(202, 398, 268, 227, 29, 185, 197, 122, 240), 44.0
(244, 175, 286, 184, 129, 116, 128, 171, 188), 53.0
(316, 383, 183, 216, 57, 137, 127, 181, 364), 36.0
(272, 321, 156, 138, 81, 143, 117, 218, 378), 40.0
(196, 238, 266, 243, 101, 208, 64, 185, 345), 54.0
(275, 283, 248, 260, 66, 88, 164, 204, 269), 50.0
(185, 331, 199, 240, 40, 188, 93, 284, 262), 44.0
(286, 301, 188, 210, 80, 109, 92, 174, 296), 38.0
(166, 322, 255, 273, 77, 86, 64, 296, 294), 41.0
(274, 367, 204, 189, 87, 136, 75, 242, 335), 36.0
(137, 307, 311, 203, 46, 156, 23, 166, 277), 36.0
(315, 314, 220, 221, 68, 179, 91, 103, 337), 44.0
(302, 344, 286, 184, 53, 155, 113, 85, 389), 40.0
(240, 351, 211, 138, 101, 108, 62, 117, 252), 48.0
(218, 399, 170, 218, 7, 72, 90, 210, 351), None
(291, 350, 285, 167, 43, 177, 107, 172, 394), 44.0
(363, 373, 193, 184, 111, 174, 96, 175, 345), 66.0
(200, 273, 194, 253, 101, 80, 108, 132, 235), 44.0
(188, 373, 175, 254, 55, 131, 46, 226, 266), 44.0
(207, 353, 255, 244, 40, 85, 106, 189, 268), 38.0
(285, 373, 184, 194, 21, 166, 185, 164, 253), 54.0
(217, 344, 225, 158, 71, 161, 84, 180, 308), 44.0
(315, 354, 343, 190, 122, 175, 113, 202, 320), 46.0
(267, 348, 286, 232, 1, 103, 65, 229, 337), 50.0
(235, 356, 306, 223, 79, 140, 65, 129, 299), 44.0
(226, 340, 248, 250, 62, 23, 114, 241, 249), 48.0
(229, 339, 229, 209, 102, 107, 96, 247, 317), None
(314, 253, 285, 178, 79, 172, 133, 112, 346), 45.0
(187, 311, 207, 307, 49, 134, 93, 158, 288), 54.0
(253, 362, 288, 230, 40, 219, 76, 112, 326), 61.0
(232, 299, 285, 237, 82, 136, 123, 100, 301), 40.0
(165, 286, 290, 235, 68, 117, 160, 142, 251), 43.0
(156, 304, 193, 262, 54, 160, 140, 149, 336), 51.0
(312, 321, 257, 169, 42, 178, 73, 200, 358), 36.0
(242, 337, 245, 292, 64, 105, 142, 245, 319), None
(244, 320, 274, 179, 107, 173, 74, 187, 315), 48.0
(181, 322, 314, 237, 78, 196, 146, 184, 348), 43.0
(265, 273, 346, 133, 45, 150, 67, 117, 323), 46.0
(317, 307, 311, 185, 0, 216, 103, 74, 368), 38.0
(217, 299, 223, 197, 81, 221, 76, 142, 286), 38.0
(216, 286, 317, 180, 60, 86, 110, 193, 329), 46.0
(325, 392, 273, 214, 20, 183, 74, 160, 319), 52.0
(212, 339, 299, 234, 6, 158, 60, 116, 293), 46.0
(248, 288, 335, 248, 127, 153, 117, 221, 332), None
(247, 324, 244, 259, 114, 132, 151, 211, 287), 48.0
(346, 272, 287, 172, 80, 164, 93, 205, 396), 54.0
(202, 185, 377, 155, 59, 253, 79, 41, 328), 44.0
(269, 258, 256, 185, 83, 208, 66, 126, 314), 54.0
(270, 331, 217, 149, 91, 132, 46, 102, 368), 42.0
(273, 298, 365, 143, 64, 256, 25, 97, 359), 48.0
(304, 163, 328, 156, 92, 193, 80, 15, 315), 38.0
(250, 256, 290, 181, 78, 198, 91, 51, 322), 28.0
(306, 294, 279, 156, 22, 222, 79, 65, 352), 42.0
(243, 322, 281, 116, 97, 178, 73, 141, 330), 50.0
(278, 293, 322, 144, 21, 260, 58, 95, 327), 42.0
(236, 223, 292, 202, 106, 143, 84, 163, 329), 44.0
(265, 220, 315, 121, 110, 198, 83, 47, 360), 44.0
(273, 256, 313, 202, 75, 236, 114, 46, 336), 37.0
(242, 242, 301, 242, 117, 129, 82, 104, 291), None
(323, 236, 312, 178, 67, 244, 93, 95, 379), 42.0
(235, 208, 338, 177, 91, 172, 107, 1, 269), 50.0
(269, 264, 271, 211, 97, 153, 115, 42, 330), 54.0
(243, 298, 288, 172, 44, 234, 87, 91, 340), 48.0
(264, 260, 286, 158, 58, 230, 76, 91, 342), 44.0
(198, 250, 290, 202, 70, 222, 120, 74, 306), 38.0
(316, 249, 294, 141, 13, 236, 86, 26, 343), 42.0
(250, 185, 310, 154, 119, 177, 74, 98, 275), 48.0
(276, 287, 294, 227, 89, 221, 85, 67, 298), 36.0
(286, 196, 308, 200, 78, 249, 141, 1, 362), 48.0
(290, 237, 328, 130, 91, 249, 100, 87, 358), 43.0
(223, 275, 348, 185, 37, 173, 80, 91, 352), 40.0
(202, 210, 310, 247, 107, 219, 119, 70, 308), 48.0
(287, 272, 278, 183, 63, 185, 43, 77, 309), 36.0
(223, 294, 246, 234, 60, 244, 213, 80, 326), 44.0
(226, 240, 358, 141, 99, 190, 60, 35, 338), 40.0
(281, 321, 363, 165, 76, 241, 52, 100, 332), 40.0
(294, 197, 311, 225, 70, 219, 136, 81, 309), 48.0
(290, 268, 310, 242, 80, 207, 105, 91, 308), 54.0
(280, 304, 281, 210, 38, 244, 136, 47, 394), 40.0
(180, 247, 378, 236, 75, 196, 121, 100, 288), 40.0
(288, 248, 311, 195, 7, 234, 53, 16, 305), 48.0
(359, 319, 338, 173, 16, 262, 83, 41, 393), 47.0
(291, 244, 321, 219, 98, 211, 100, 41, 290), 40.0
(301, 249, 277, 143, 114, 149, 37, 73, 321), 36.0
(318, 185, 292, 190, 110, 212, 60, 73, 292), None
(230, 261, 300, 243, 55, 158, 97, 86, 341), 46.0
(285, 316, 225, 199, 57, 229, 38, 169, 344), 40.0
(256, 307, 253, 208, 74, 219, 58, 128, 311), 41.0
(268, 266, 338, 208, 69, 196, 95, 35, 326), 42.0
(275, 322, 310, 215, 90, 206, 137, 68, 276), 44.0
(318, 241, 277, 162, 138, 210, 104, 73, 325), 40.0
(253, 273, 290, 242, 74, 172, 121, 103, 322), 42.0
(304, 282, 320, 152, 59, 165, 57, 89, 373), 40.0
(292, 291, 283, 187, 82, 181, 53, 115, 349), 47.0
(262, 252, 289, 212, 74, 174, 112, 75, 337), 48.0
(256, 306, 271, 207, 86, 232, 99, 85, 334), 46.0
(251, 263, 281, 162, 115, 174, 82, 66, 319), 40.0
(291, 194, 320, 170, 90, 224, 77, 22, 315), 40.0
(289, 223, 326, 159, 159, 195, 77, 57, 310), None
(265, 249, 297, 138, 124, 182, 63, 68, 298), 43.0
(298, 227, 269, 180, 123, 184, 46, 55, 337), 46.0
(259, 237, 273, 171, 136, 143, 37, 129, 332), 46.0
(259, 202, 285, 140, 134, 152, 50, 67, 319), 48.0
(322, 255, 285, 168, 81, 189, 123, 67, 372), 56.0
(344, 292, 277, 145, 46, 182, 66, 50, 358), 52.0
(329, 269, 299, 140, 51, 176, 55, 2, 384), 36.0
(288, 238, 296, 165, 183, 128, 83, 133, 342), 49.0
(329, 293, 260, 157, 112, 195, 96, 82, 304), 36.0
(273, 236, 307, 187, 120, 180, 85, 47, 332), 46.0
(277, 217, 305, 139, 124, 126, 63, 39, 335), 38.0
(273, 308, 240, 205, 104, 142, 46, 98, 337), 40.0
(309, 271, 299, 115, 97, 169, 21, 10, 349), 42.0
(326, 286, 277, 136, 83, 160, 64, 16, 315), 50.0
(326, 225, 249, 132, 128, 226, 101, 72, 373), 48.0
(307, 288, 316, 155, 98, 163, 24, 108, 354), 42.0
(300, 275, 222, 138, 105, 178, 98, 34, 351), 42.0
(320, 292, 294, 125, 90, 112, 35, 77, 359), 48.0
(320, 260, 244, 160, 102, 188, 66, 30, 364), 38.0
(330, 281, 279, 141, 79, 247, 75, 42, 360), 38.0
(281, 255, 243, 206, 104, 145, 101, 89, 357), 50.0
(297, 244, 271, 172, 100, 136, 97, 1, 381), 42.0
(250, 243, 291, 179, 58, 162, 103, 30, 297), 40.0
(304, 233, 312, 204, 106, 156, 84, 50, 364), 39.0
(283, 244, 284, 165, 81, 113, 52, 44, 359), 32.0
(275, 214, 290, 172, 159, 126, 84, 52, 332), 50.0
(240, 171, 359, 172, 113, 145, 86, 44, 283), 42.0
(325, 279, 302, 145, 95, 217, 38, 8, 370), 32.0
(317, 263, 277, 170, 73, 196, 65, 52, 344), 37.0
(257, 257, 237, 172, 103, 165, 86, 98, 293), None
(297, 240, 278, 155, 86, 198, 56, 16, 363), 50.0
(276, 265, 305, 173, 60, 132, 31, 22, 327), 38.0
