Sampler:TPESampler
(116, 359, 152), 82.0
(397, 368, 283), 60.0
(41, 356, 305), 58.0
(48, 335, 0), 52.0
(367, 25, 14), 48.0
(259, 1, 65), 61.0
(226, 28, 390), 52.0
(81, 67, 290), 48.0
(336, 97, 356), 74.0
(55, 216, 333), 56.0
(147, 252, 160), 60.0
(300, 125, 189), 54.0
(162, 130, 111), 62.0
(123, 280, 255), 58.0
(329, 163, 398), 58.0
(203, 296, 216), 52.0
(2, 101, 131), 96.0
(9, 184, 121), 88.0
(1, 196, 89), 66.0
(20, 157, 128), 80.0
(86, 83, 53), 66.0
(102, 210, 152), 60.0
(1, 238, 207), 68.0
(152, 176, 161), 42.0
(65, 394, 114), 54.0
(114, 126, 233), 68.0
(28, 314, 71), 64.0
(184, 257, 183), 74.0
(73, 61, 41), 94.0
(18, 50, 28), 53.0
(84, 104, 40), 92.0
(80, 103, 40), 84.0
(55, 59, 83), 74.0
(31, 139, 95), 102.0
(45, 142, 91), 88.0
(125, 86, 5), 100.0
(129, 37, 2), 70.0
(31, 4, 25), 96.0
(38, 10, 6), 47.0
(241, 87, 25), 102.0
(248, 82, 56), 58.0
(268, 82, 17), 52.0
(206, 21, 21), None
(226, 112, 61), 66.0
(181, 41, 134), 82.0
(34, 145, 97), 98.0
(294, 152, 94), 66.0
(101, 4, 30), 92.0
(29, 134, 74), 100.0
(64, 135, 79), 83.0
(45, 171, 103), 62.0
(36, 116, 49), 80.0
(19, 147, 65), 72.0
(233, 184, 14), 52.0
(11, 94, 146), 98.0
(388, 75, 144), 50.0
(96, 95, 170), 84.0
(136, 123, 103), 68.0
(273, 93, 74), 84.0
(58, 164, 122), 92.0
(17, 139, 143), 94.0
(33, 72, 26), 90.0
(27, 114, 48), 80.0
(0, 128, 105), 101.0
(7, 201, 109), 86.0
(2, 131, 95), 54.0
(51, 152, 71), 84.0
(71, 224, 120), 80.0
(114, 90, 318), 84.0
(172, 57, 178), 78.0
(12, 107, 157), 98.0
(11, 106, 195), 100.0
(28, 108, 265), 76.0
(48, 118, 200), 64.0
(14, 97, 157), 94.0
(13, 68, 224), 70.0
(24, 138, 249), 54.0
(0, 162, 138), 95.0
(44, 127, 194), 84.0
(212, 78, 359), 65.0
(75, 42, 83), 92.0
(12, 104, 149), 68.0
(40, 87, 170), 72.0
(63, 177, 131), 56.0
(21, 123, 1), 100.0
(22, 122, 6), 86.0
(37, 148, 35), 90.0
(89, 108, 12), 101.0
(195, 115, 14), 84.0
(241, 64, 5), 90.0
(55, 141, 58), 58.0
(89, 129, 42), 74.0
(8, 87, 15), 98.0
(29, 103, 110), 78.0
(147, 84, 22), 100.0
(152, 53, 1), 94.0
(135, 109, 32), 76.0
(117, 158, 21), 76.0
(167, 87, 17), 76.0
(93, 78, 44), 66.0
(218, 71, 55), 90.0
(106, 96, 89), 56.0
(339, 86, 31), 66.0
(3, 124, 12), 113.0
(140, 356, 1), 56.0
(1, 122, 11), 92.0
(10, 134, 24), 90.0
(21, 101, 36), 98.0
(21, 110, 38), 62.0
(194, 119, 68), 82.0
(156, 130, 207), 66.0
(35, 145, 79), 100.0
(39, 168, 100), 64.0
(6, 145, 50), 103.0
(30, 143, 52), 96.0
(0, 183, 79), 91.0
(126, 133, 61), 92.0
(47, 151, 9), 74.0
(70, 114, 26), 68.0
(18, 123, 20), 99.0
(61, 155, 75), 88.0
(18, 139, 19), None
(8, 121, 10), 75.0
(256, 99, 49), 88.0
(26, 126, 0), 91.0
(7, 111, 22), 100.0
(6, 110, 29), 88.0
(37, 146, 66), 84.0
(284, 93, 290), 54.0
(81, 161, 45), 84.0
(51, 74, 83), 72.0
(16, 127, 15), 86.0
(32, 376, 21), 52.0
(14, 116, 8), 92.0
(23, 134, 33), 96.0
(6, 105, 24), 102.0
(1, 104, 37), 80.0
(6, 62, 58), 54.0
(42, 81, 27), 102.0
(32, 97, 89), 88.0
(44, 45, 26), 72.0
(12, 78, 44), 67.0
(107, 108, 10), 80.0
(22, 84, 29), 80.0
(38, 91, 14), 98.0
(8, 100, 0), 87.0
(27, 114, 37), 86.0
(1, 270, 52), 50.0
(58, 138, 17), 84.0
(16, 67, 25), 80.0
(26, 82, 67), 90.0
(17, 124, 21), 90.0
(10, 118, 7), 67.0
(34, 320, 21), 74.0
(176, 145, 32), 74.0
(21, 134, 42), 65.0
(44, 105, 8), 94.0
(316, 122, 106), 58.0
(7, 155, 1), 92.0
(0, 90, 17), 57.0
(147, 112, 75), 102.0
(150, 110, 90), 98.0
(161, 100, 98), 94.0
(117, 129, 120), 44.0
(134, 117, 267), 64.0
(146, 93, 78), 96.0
(19, 139, 73), 92.0
(30, 127, 61), 74.0
(126, 109, 382), 72.0
(12, 82, 241), 100.0
(11, 72, 258), 84.0
(19, 80, 247), 54.0
(142, 91, 285), 92.0
(8, 100, 13), 71.0
(27, 119, 27), None
(50, 85, 235), 84.0
(0, 107, 218), 67.0
(16, 151, 38), 84.0
(188, 61, 21), 80.0
(35, 133, 50), 86.0
(23, 114, 83), 88.0
(16, 103, 32), 66.0
(39, 92, 16), 86.0
(9, 125, 6), 107.0
(7, 125, 0), 83.0
(13, 144, 337), 52.0
(1, 74, 6), 80.0
(25, 132, 10), 94.0
(9, 117, 313), 92.0
(239, 171, 187), 78.0
(31, 122, 23), 88.0
(21, 101, 37), 96.0
(95, 84, 14), 80.0
(40, 143, 97), 95.0
(13, 137, 113), 80.0
(8, 95, 167), 74.0
(0, 109, 71), 60.0
(13, 80, 178), 64.0
(26, 113, 235), 86.0
(53, 163, 93), 94.0
(169, 151, 24), 76.0
(19, 125, 123), 52.0
(8, 98, 134), 92.0
(0, 107, 9), 79.0
(7, 89, 0), 102.0
(7, 82, 4), 102.0
(226, 72, 5), 74.0
(160, 54, 14), 92.0
(15, 88, 2), 73.0
(28, 75, 18), 68.0
(8, 238, 0), 60.0
(20, 130, 84), 92.0
(7, 84, 12), 97.0
(20, 99, 27), 46.0
(31, 91, 31), None
(14, 81, 8), 63.0
(266, 66, 21), 106.0
(299, 65, 20), 56.0
(268, 65, 8), 68.0
(291, 116, 23), 50.0
(257, 72, 12), 92.0
(0, 139, 1), 61.0
(110, 108, 17), 72.0
(273, 92, 16), 86.0
(247, 88, 27), 84.0
(5, 30, 0), 82.0
(35, 146, 104), 68.0
(145, 125, 86), 94.0
(42, 78, 43), 66.0
(25, 131, 33), 86.0
(15, 98, 15), None
(149, 112, 89), 68.0
(101, 119, 76), 66.0
(123, 122, 87), 80.0
(133, 107, 63), 84.0
(7, 85, 38), 84.0
(18, 103, 26), 74.0
(8, 94, 276), 88.0
(24, 103, 204), 86.0
(13, 70, 7), 63.0
(215, 78, 47), 92.0
(36, 111, 18), 112.0
(31, 113, 21), 102.0
(43, 115, 20), 82.0
(30, 121, 9), 99.0
(33, 122, 8), 95.0
(204, 131, 11), 72.0
(29, 116, 20), 62.0
(49, 135, 0), 78.0
(281, 125, 25), 68.0
(22, 203, 13), 98.0
(87, 112, 7), 98.0
(0, 119, 32), 48.0
(34, 128, 23), 70.0
(15, 101, 16), 61.0
(26, 110, 6), 94.0
(37, 139, 19), 96.0
(70, 59, 29), 76.0
(179, 95, 13), 92.0
(8, 120, 7), 88.0
(17, 131, 298), 100.0
(17, 136, 324), 54.0
(6, 86, 53), 88.0
(13, 131, 242), 86.0
(0, 145, 217), 67.0
(367, 106, 298), 48.0
(21, 68, 335), 56.0
(44, 95, 354), 50.0
(33, 112, 225), 70.0
(10, 130, 30), 83.0
(21, 87, 70), 78.0
(0, 52, 37), 48.0
(17, 77, 0), 88.0
(57, 149, 19), 96.0
(28, 119, 9), 80.0
(316, 103, 303), 60.0
(9, 139, 195), 86.0
(40, 158, 78), 80.0
(27, 126, 273), 58.0
(13, 112, 25), 92.0
(49, 81, 14), 42.0
(268, 96, 34), 52.0
(248, 103, 0), 81.0
(9, 90, 21), 90.0
(24, 119, 13), 84.0
(78, 139, 256), 81.0
(19, 128, 27), 86.0
(121, 71, 67), 84.0
(33, 111, 5), 80.0
(0, 79, 45), 61.0
(156, 105, 10), 86.0
(189, 126, 19), 60.0
(15, 190, 98), 72.0
(6, 61, 0), 111.0
(5, 219, 58), 98.0
(7, 47, 378), 98.0
(9, 58, 0), 38.0
(14, 73, 8), 88.0
(5, 61, 0), 91.0
(234, 289, 16), 60.0
(63, 85, 39), 72.0
(21, 66, 27), 76.0
(164, 95, 74), 94.0
(0, 88, 14), 71.0
(25, 99, 33), 78.0
(39, 39, 6), None
(13, 399, 22), 48.0
(136, 74, 110), 90.0
(16, 154, 0), 92.0
(0, 145, 80), 90.0
(114, 113, 17), 106.0
(99, 135, 11), 97.0
(113, 112, 21), 36.0
(128, 115, 30), 74.0
(282, 53, 62), 94.0
(110, 104, 17), 65.0
(139, 122, 7), 80.0
(117, 87, 42), 64.0
(89, 63, 52), 44.0
(103, 80, 92), 94.0
(260, 132, 25), 64.0
(10, 94, 14), 84.0
(129, 110, 36), 82.0
(7, 100, 23), 96.0
(32, 118, 10), 74.0
(21, 137, 0), 79.0
(50, 126, 17), 88.0
(224, 78, 30), 60.0
(43, 111, 9), 84.0
(26, 144, 296), 52.0
(6, 91, 6), None
(13, 67, 39), 82.0
(143, 103, 159), 68.0
(37, 121, 17), 72.0
(21, 130, 82), 88.0
(33, 85, 27), 94.0
(0, 69, 20), None
(9, 97, 104), 90.0
(154, 107, 10), 100.0
(25, 116, 0), 69.0
(18, 133, 47), 98.0
(201, 125, 284), 72.0
(121, 81, 32), 94.0
(156, 153, 7), 68.0
(152, 106, 13), 76.0
(142, 109, 15), 56.0
(167, 102, 23), 82.0
(11, 142, 228), 62.0
(56, 115, 69), 84.0
(5, 94, 59), 85.0
(133, 89, 5), 90.0
(13, 82, 0), 93.0
(72, 55, 28), 60.0
(144, 98, 342), 50.0
(1, 108, 309), 66.0
(18, 117, 11), 87.0
(30, 136, 148), 68.0
(83, 346, 244), 64.0
(41, 125, 20), 83.0
(24, 148, 7), 84.0
(17, 175, 35), 119.0
(179, 165, 39), 60.0
(94, 148, 45), 66.0
(306, 198, 34), 60.0
(47, 117, 30), 80.0
(17, 154, 97), 92.0
(30, 74, 52), 70.0
(0, 169, 24), 85.0
(148, 91, 16), 110.0
(152, 181, 22), 66.0
(167, 106, 13), 72.0
(108, 187, 12), 90.0
(7, 94, 32), 98.0
(139, 76, 40), 66.0
(35, 173, 120), 76.0
(15, 111, 20), 80.0
(23, 123, 17), 98.0
(8, 87, 179), 84.0
(149, 98, 5), 66.0
(131, 68, 24), 104.0
(110, 63, 75), 38.0
(131, 69, 26), 96.0
(132, 207, 33), 68.0
(41, 61, 0), None
(0, 74, 19), 75.0
(123, 160, 41), 78.0
(124, 48, 27), 88.0
(257, 60, 47), 62.0
(397, 374, 11), 96.0
(160, 103, 33), 98.0
(151, 229, 15), 92.0
(275, 92, 67), 96.0
(27, 81, 90), 108.0
(37, 81, 90), 52.0
(12, 70, 107), 100.0
(263, 69, 108), 95.0
(7, 88, 25), 80.0
(244, 45, 80), 80.0
(139, 79, 95), 94.0
(23, 140, 91), 92.0
(24, 130, 7), 80.0
(14, 100, 20), 97.0
(121, 69, 122), 92.0
(348, 113, 12), 66.0
(127, 92, 15), 95.0
(116, 53, 35), 68.0
(62, 141, 81), 109.0
(58, 157, 81), 100.0
(288, 108, 98), 54.0
(68, 119, 84), 40.0
(62, 177, 85), 66.0
(60, 161, 26), 92.0
(76, 141, 103), 74.0
(97, 75, 103), 76.0
(233, 86, 21), 64.0
(55, 160, 87), 70.0
(52, 82, 93), 94.0
(44, 57, 97), 78.0
(30, 261, 70), 100.0
(87, 95, 7), 74.0
(0, 16, 5), 68.0
(50, 288, 86), 62.0
(29, 140, 55), 70.0
(38, 88, 42), 54.0
(19, 149, 29), 82.0
(212, 99, 4), 62.0
(35, 131, 0), 78.0
(148, 76, 17), 98.0
(82, 167, 80), 80.0
(7, 105, 36), 96.0
(18, 122, 26), 60.0
(116, 65, 14), 90.0
(26, 135, 319), 68.0
(13, 125, 64), 82.0
(26, 324, 12), 68.0
(60, 302, 70), 90.0
(8, 82, 21), 92.0
(128, 114, 0), 75.0
(142, 34, 32), 54.0
(45, 145, 73), 88.0
(34, 63, 45), 69.0
(46, 154, 76), 88.0
(66, 155, 17), 92.0
(52, 147, 85), 68.0
(14, 129, 128), 68.0
(102, 134, 368), 50.0
(0, 193, 27), 64.0
(162, 105, 8), 102.0
(17, 91, 10), 72.0
(8, 115, 38), 74.0
(299, 99, 8), 95.0
(171, 105, 18), 70.0
(0, 93, 8), 86.0
(129, 74, 23), 60.0
(192, 230, 31), 60.0
(8, 117, 14), 98.0
(133, 84, 0), 73.0
(145, 97, 50), 88.0
(160, 72, 108), 78.0
(220, 59, 110), 60.0
(134, 105, 24), 80.0
(70, 127, 19), 106.0
(92, 123, 17), 80.0
(77, 112, 7), 58.0
(75, 118, 38), 66.0
(68, 138, 29), 90.0
(21, 109, 20), 94.0
(252, 126, 57), 62.0
(29, 124, 12), 88.0
(170, 105, 13), 74.0
(14, 68, 113), 82.0
(86, 80, 25), 86.0
(137, 90, 6), 56.0
(67, 100, 36), 56.0
(22, 121, 0), 87.0
(7, 117, 0), 66.0
(279, 50, 18), 92.0
(33, 146, 31), 84.0
(26, 134, 61), 94.0
(161, 111, 12), 88.0
(147, 80, 24), 80.0
(57, 155, 46), 88.0
(150, 106, 17), 72.0
(63, 169, 30), 60.0
(75, 140, 39), 66.0
(6, 116, 23), 74.0
(0, 99, 21), 79.0
(42, 128, 8), 76.0
(185, 133, 76), 80.0
(265, 214, 32), 50.0
(41, 128, 14), 66.0
(156, 108, 9), 74.0
(155, 92, 8), 84.0
(209, 125, 398), 82.0
(235, 136, 53), 94.0
(29, 263, 69), 94.0
(58, 159, 87), 94.0
(105, 79, 17), 100.0
(15, 119, 23), 88.0
(12, 100, 41), 98.0
(139, 63, 6), 78.0
(36, 87, 29), 96.0
(116, 75, 0), 78.0
(9, 111, 18), 77.0
(6, 55, 114), 74.0
(49, 129, 33), 84.0
(22, 119, 24), 56.0
(17, 131, 15), 80.0
(50, 144, 95), 94.0
(121, 87, 8), 78.0
(144, 95, 27), 98.0
(86, 89, 13), 56.0
(0, 39, 45), 63.0
(314, 247, 6), 52.0
(127, 82, 16), 62.0
(19, 113, 34), 85.0
(35, 0, 79), 58.0
(114, 67, 1), 79.0
(23, 118, 8), 56.0
(15, 125, 169), 58.0
(380, 138, 28), 52.0
(7, 79, 21), 44.0
(13, 70, 20), 63.0
(44, 150, 93), 50.0
(0, 64, 104), 77.0
(67, 172, 89), 84.0
(94, 98, 14), 80.0
(19, 106, 35), 85.0
(135, 90, 7), 62.0
(164, 104, 0), 99.0
(26, 131, 40), 94.0
(226, 77, 193), 60.0
(10, 121, 24), 96.0
(107, 57, 17), 108.0
(110, 43, 14), 76.0
(99, 59, 23), 76.0
(108, 61, 27), 82.0
(104, 182, 15), 86.0
(79, 54, 34), 80.0
(99, 97, 48), 80.0
(94, 48, 20), 78.0
(85, 71, 9), 100.0
(328, 55, 26), 44.0
(6, 47, 15), 86.0
(270, 112, 40), 52.0
(29, 68, 0), 66.0
(197, 100, 31), 66.0
(72, 113, 11), 100.0
(289, 83, 21), 76.0
(118, 90, 8), 80.0
(1, 105, 18), 84.0
(14, 71, 27), 71.0
(0, 113, 37), 86.0
(20, 57, 0), 93.0
(36, 96, 13), 92.0
(177, 121, 21), 94.0
(252, 87, 7), 74.0
(104, 75, 28), 94.0
(7, 106, 43), 86.0
(91, 139, 14), 104.0
(13, 149, 16), 84.0
(29, 133, 34), 82.0
(110, 138, 55), 80.0
(95, 143, 9), 94.0
(20, 32, 23), 88.0
(42, 139, 29), 44.0
(8, 128, 19), 88.0
(70, 61, 10), 88.0
(83, 80, 0), 64.0
(123, 141, 49), 96.0
(26, 51, 16), 58.0
(90, 97, 6), 56.0
(0, 125, 141), 93.0
(14, 135, 39), 75.0
(98, 64, 21), 80.0
(53, 148, 98), 100.0
(81, 91, 13), 80.0
(83, 109, 29), 80.0
(246, 124, 34), 70.0
(105, 74, 6), 94.0
(35, 197, 22), 74.0
(73, 102, 13), 108.0
(54, 88, 15), 84.0
(76, 101, 6), 84.0
(61, 81, 26), None
(74, 43, 13), 84.0
(69, 94, 20), 66.0
(46, 67, 0), 76.0
(143, 104, 29), 97.0
(116, 84, 12), 98.0
(32, 114, 36), 86.0
(66, 77, 7), 88.0
(23, 102, 18), 86.0
(89, 93, 45), 48.0
(43, 121, 25), 84.0
(131, 56, 13), 80.0
(24, 112, 0), 85.0
(60, 86, 20), 97.0
(78, 68, 31), 84.0
(17, 389, 7), 50.0
(278, 98, 62), 66.0
(241, 73, 24), 94.0
(34, 114, 14), 85.0
(153, 92, 40), 80.0
(258, 106, 7), 62.0
(113, 82, 31), 92.0
(92, 119, 18), 84.0
(54, 165, 0), 73.0
(11, 63, 22), 86.0
(123, 130, 12), 80.0
(29, 100, 51), 82.0
(138, 208, 28), 62.0
(20, 47, 37), 56.0
(39, 153, 8), 97.0
(8, 143, 17), 72.0
(204, 85, 23), 110.0
(174, 107, 13), 74.0
(64, 77, 42), 80.0
(204, 84, 31), 98.0
(223, 117, 28), 68.0
(215, 93, 22), 68.0
(187, 75, 0), 83.0
(163, 68, 7), 98.0
(47, 56, 16), 99.0
(104, 133, 7), 82.0
(181, 178, 36), 64.0
(236, 126, 26), 56.0
(148, 84, 17), 52.0
(227, 86, 47), 102.0
(208, 26, 53), 64.0
(270, 78, 8), 54.0
(202, 88, 61), 96.0
(231, 75, 43), 52.0
(156, 63, 19), 100.0
(219, 101, 49), 64.0
(189, 88, 58), 60.0
(240, 95, 68), 68.0
(75, 189, 34), 64.0
(131, 68, 211), 74.0
(15, 144, 28), 84.0
(212, 83, 46), 62.0
(81, 108, 23), 106.0
(89, 102, 37), 44.0
(230, 116, 43), 52.0
(80, 94, 22), 96.0
(73, 109, 25), 62.0
(255, 39, 0), 74.0
(83, 122, 10), 97.0
(99, 136, 13), 87.0
(84, 94, 16), 76.0
(198, 130, 62), 48.0
(69, 111, 24), 100.0
(248, 54, 74), 62.0
(98, 84, 50), 62.0
(78, 95, 31), 88.0
(216, 71, 7), 72.0
(306, 104, 0), 85.0
(91, 75, 33), 92.0
(86, 121, 6), 80.0
(64, 64, 18), None
(241, 100, 22), 83.0
(7, 111, 32), 86.0
(69, 90, 27), 93.0
(230, 77, 42), 48.0
(106, 137, 16), 84.0
(206, 158, 54), 52.0
(247, 150, 37), 72.0
(54, 356, 41), 48.0
(74, 122, 39), 74.0
(39, 65, 11), 77.0
(60, 52, 13), 82.0
(115, 77, 25), 88.0
(148, 129, 20), 76.0
(264, 144, 25), 78.0
(224, 115, 83), 88.0
(79, 125, 35), 102.0
(371, 116, 12), 66.0
(87, 101, 34), 60.0
(138, 86, 0), 73.0
(81, 80, 35), 60.0
(93, 138, 26), 80.0
(224, 60, 30), 90.0
(78, 126, 43), 92.0
(92, 130, 7), 66.0
(50, 149, 46), 62.0
(357, 165, 18), 54.0
(74, 134, 19), 96.0
(64, 140, 7), 104.0
(71, 123, 54), 60.0
(67, 137, 0), 65.0
(0, 155, 128), 71.0
(62, 141, 58), 86.0
(63, 126, 12), 92.0
(80, 119, 6), 62.0
(235, 146, 74), 48.0
(75, 153, 155), 61.0
(67, 68, 6), 104.0
(61, 49, 22), 92.0
(324, 163, 14), 58.0
(67, 73, 30), 78.0
(71, 58, 30), 64.0
(82, 70, 37), 42.0
(56, 61, 18), 60.0
(195, 43, 11), 89.0
(56, 147, 6), 88.0
(104, 86, 6), 80.0
(70, 56, 22), 38.0
(53, 335, 13), 80.0
(62, 65, 5), 76.0
(98, 70, 14), 126.0
(100, 68, 11), 58.0
(94, 36, 17), 82.0
(108, 51, 6), 84.0
(338, 58, 0), 56.0
(112, 66, 6), 100.0
(90, 67, 25), 90.0
(91, 138, 16), 90.0
(105, 48, 25), 86.0
(102, 171, 16), 78.0
(117, 109, 21), 62.0
(117, 143, 13), 100.0
(86, 58, 21), 80.0
(97, 73, 8), 66.0
(79, 129, 16), 86.0
(85, 155, 84), 72.0
(48, 71, 25), 66.0
(75, 79, 0), 60.0
(83, 142, 32), 98.0
(123, 132, 9), 84.0
(99, 221, 29), 62.0
(110, 184, 21), 86.0
(65, 70, 70), None
(48, 79, 48), None
(58, 88, 38), 98.0
(287, 105, 19), 56.0
(218, 141, 28), 70.0
(130, 60, 5), 78.0
(70, 54, 34), 83.0
(91, 132, 14), 106.0
(95, 119, 9), 88.0
(97, 134, 17), 86.0
(89, 73, 26), 62.0
(109, 158, 2), 65.0
(86, 138, 16), 96.0
(76, 45, 25), 76.0
(68, 199, 22), 58.0
(85, 130, 33), 68.0
(98, 63, 13), 80.0
(77, 123, 0), 91.0
(92, 130, 31), 82.0
(105, 150, 12), 78.0
(349, 81, 7), 68.0
(100, 64, 14), 88.0
(77, 125, 48), 84.0
(293, 115, 12), 98.0
(90, 72, 18), 96.0
(6, 95, 5), 77.0
(81, 138, 21), 96.0
(82, 120, 0), 85.0
(12, 113, 13), 95.0
(125, 80, 8), 92.0
(71, 127, 42), 80.0
(93, 145, 262), 78.0
(6, 94, 11), 94.0
(62, 146, 82), 76.0
(260, 137, 34), 62.0
(75, 140, 139), 68.0
(1, 55, 21), 72.0
(83, 123, 24), 90.0
(118, 277, 1), 66.0
(93, 130, 36), 108.0
(102, 130, 14), 74.0
(93, 150, 27), 56.0
(109, 134, 34), 88.0
(105, 63, 7), 92.0
(96, 51, 45), 60.0
(278, 108, 21), 68.0
(112, 117, 53), 84.0
(90, 70, 28), 79.0
(98, 162, 18), 98.0
(88, 149, 9), 88.0
(66, 86, 41), 76.0
(40, 139, 27), 54.0
(172, 116, 17), 86.0
(55, 133, 30), 102.0
(87, 127, 50), 96.0
(62, 132, 39), 85.0
(60, 135, 31), 78.0
(105, 151, 0), 93.0
(72, 172, 22), 74.0
(94, 75, 11), 92.0
(115, 120, 8), 96.0
(101, 41, 41), None
(20, 241, 17), 90.0
(32, 157, 21), 64.0
(120, 105, 0), 87.0
(54, 128, 27), 92.0
(141, 114, 347), 48.0
(63, 136, 35), 100.0
(12, 61, 13), 53.0
(85, 126, 37), 82.0
(78, 304, 21), 52.0
(110, 143, 16), 63.0
(96, 110, 24), 54.0
(70, 102, 29), 100.0
(127, 123, 63), 78.0
(81, 129, 36), 54.0
(183, 89, 183), None
(267, 77, 7), 54.0
(122, 118, 11), 70.0
(133, 110, 11), 92.0
(102, 105, 17), 64.0
(49, 70, 5), 98.0
(14, 50, 0), 43.0
(17, 63, 16), 83.0
(81, 123, 30), 86.0
(29, 150, 164), 62.0
(91, 98, 22), 44.0
(66, 63, 26), 70.0
(24, 111, 22), 96.0
(75, 144, 47), 92.0
(208, 164, 117), 54.0
(85, 134, 328), 48.0
(59, 134, 9), 91.0
(164, 108, 13), 76.0
(19, 140, 94), 79.0
(52, 131, 36), 78.0
(240, 86, 49), 104.0
(98, 178, 43), 92.0
(111, 142, 53), 80.0
(7, 86, 6), 96.0
(299, 79, 4), 71.0
(255, 93, 43), 62.0
(90, 57, 47), 44.0
(74, 121, 73), 52.0
(106, 117, 62), 80.0
(274, 20, 30), 56.0
(96, 44, 18), 101.0
(7, 74, 12), 100.0
(240, 67, 57), 60.0
(70, 117, 26), 52.0
(82, 99, 18), 94.0
(0, 78, 7), 48.0
(88, 150, 36), 58.0
(13, 87, 0), 79.0
(113, 191, 103), 54.0
(98, 70, 0), 45.0
(122, 123, 70), 88.0
(68, 134, 31), 84.0
(79, 129, 39), 111.0
(80, 143, 55), 76.0
(76, 207, 43), 62.0
(87, 128, 40), 82.0
(71, 157, 52), 92.0
(88, 55, 37), 81.0
(78, 132, 25), 80.0
(105, 139, 46), 90.0
(65, 127, 36), 80.0
(90, 145, 20), 88.0
(75, 123, 58), 76.0
(99, 50, 30), 88.0
(81, 58, 16), 76.0
(92, 130, 25), 52.0
(74, 138, 14), 84.0
(84, 122, 40), 86.0
(63, 153, 131), 76.0
(103, 35, 30), 58.0
(71, 115, 49), 76.0
(94, 67, 20), 72.0
(282, 138, 13), 56.0
(113, 127, 23), 92.0
(58, 145, 34), 98.0
(83, 80, 11), 82.0
(69, 98, 22), 42.0
(87, 161, 40), 90.0
(104, 60, 30), 98.0
(95, 115, 147), 92.0
(76, 132, 203), 86.0
(251, 74, 14), 86.0
(196, 109, 19), 86.0
(66, 122, 9), 90.0
(113, 50, 50), None
(58, 94, 27), 84.0
(81, 68, 7), 90.0
(100, 136, 34), 84.0
(309, 83, 273), 58.0
(87, 150, 16), 66.0
(72, 118, 23), 54.0
(93, 169, 43), 60.0
(108, 366, 63), 80.0
(63, 102, 8), 95.0
(81, 62, 17), 68.0
(264, 142, 0), 90.0
(21, 130, 35), 64.0
(118, 92, 27), 68.0
(97, 74, 13), 72.0
(71, 42, 22), 114.0
(68, 22, 21), 96.0
(74, 49, 24), 56.0
(54, 27, 12), 73.0
(63, 43, 17), 80.0
(68, 50, 7), 80.0
(75, 49, 364), 52.0
(57, 55, 26), 70.0
(84, 29, 18), 62.0
(47, 33, 8), 80.0
(80, 58, 30), 42.0
(88, 38, 14), 92.0
(67, 35, 0), 73.0
(58, 43, 24), 69.0
(76, 45, 8), 85.0
(78, 65, 32), 80.0
(93, 42, 252), 56.0
(71, 84, 174), 94.0
(103, 35, 19), 80.0
(89, 58, 13), 108.0
(85, 51, 6), 106.0
(89, 38, 13), 104.0
(87, 35, 6), 90.0
(96, 55, 26), 94.0
(84, 42, 0), 87.0
(75, 50, 6), 36.0
(98, 53, 15), 82.0
(88, 39, 17), 94.0
(82, 38, 10), 56.0
(91, 45, 0), 88.0
(108, 17, 30), 102.0
(100, 32, 13), 72.0
(85, 44, 19), 78.0
(68, 54, 9), 80.0
(107, 55, 36), 98.0
(94, 69, 24), 56.0
(99, 60, 30), 44.0
(87, 59, 0), 69.0
(80, 214, 19), 76.0
(88, 110, 11), 88.0
(128, 61, 39), 62.0
(112, 69, 25), 90.0
(120, 41, 7), 96.0
(81, 104, 20), 85.0
(67, 51, 6), 80.0
(77, 48, 15), 82.0
(75, 26, 7), 66.0
(95, 119, 18), 76.0
(104, 29, 222), 100.0
(93, 35, 31), 98.0
(179, 13, 14), 103.0
(249, 65, 38), 58.0
(82, 36, 0), 89.0
(89, 113, 26), 74.0
(92, 41, 9), 102.0
(85, 31, 16), 76.0
(62, 64, 7), 74.0
(76, 20, 20), None
(78, 45, 25), 82.0
(58, 55, 6), 78.0
(96, 230, 15), 80.0
(103, 23, 31), 90.0
(73, 48, 23), 68.0
(42, 121, 12), 94.0
(115, 71, 39), 87.0
(66, 96, 5), 74.0
(82, 28, 0), 75.0
(53, 91, 8), 60.0
(49, 76, 18), 88.0
(93, 103, 32), 78.0
(107, 59, 43), 80.0
(125, 38, 32), 92.0
(86, 49, 232), 66.0
(203, 112, 22), 102.0
(97, 44, 380), 54.0
(69, 60, 124), 104.0
(61, 51, 8), 79.0
(58, 58, 113), None
(71, 42, 147), 86.0
(74, 125, 115), 92.0
(273, 101, 24), 48.0
(284, 82, 33), 74.0
(296, 82, 40), 68.0
(257, 108, 16), 82.0
(89, 29, 14), 82.0
(52, 61, 0), 97.0
(106, 54, 25), 80.0
(69, 126, 12), 100.0
(328, 60, 22), 98.0
(190, 114, 20), 52.0
(242, 90, 31), 88.0
(86, 49, 0), 93.0
(319, 55, 136), 60.0
(64, 65, 138), 56.0
(29, 76, 42), 50.0
(117, 7, 27), 116.0
(99, 18, 128), 112.0
(118, 16, 27), 92.0
(120, 1, 28), 86.0
(387, 7, 18), 48.0
(112, 10, 159), 72.0
(103, 13, 188), 56.0
(111, 9, 13), 86.0
(101, 13, 22), 98.0
(107, 10, 129), 80.0
(101, 31, 17), 52.0
(100, 25, 13), 94.0
(95, 7, 124), 92.0
(107, 5, 7), 86.0
(124, 0, 155), 75.0
(95, 14, 24), 84.0
(133, 20, 36), 86.0
(119, 71, 30), 66.0
(19, 6, 119), 98.0
(97, 23, 21), 70.0
(107, 7, 50), 72.0
(38, 119, 9), 94.0
(79, 23, 34), 70.0
(26, 21, 0), 113.0
(27, 19, 0), 51.0
(25, 23, 0), 78.0
(30, 109, 13), 88.0
(18, 9, 7), 45.0
(21, 4, 13), 86.0
(40, 5, 100), 84.0
(34, 19, 168), 79.0
(26, 17, 0), 59.0
(16, 2, 21), 69.0
(350, 18, 212), 56.0
(13, 1, 9), 45.0
(8, 16, 18), 87.0
(362, 12, 108), 62.0
(23, 27, 26), 84.0
(33, 10, 9), 48.0
(0, 22, 28), 85.0
(111, 13, 16), 88.0
(25, 26, 0), 85.0
(37, 195, 9), 96.0
(17, 29, 37), 118.0
(17, 28, 38), 79.0
(15, 35, 44), 79.0
(10, 24, 38), 51.0
(24, 34, 52), 56.0
(34, 13, 45), 71.0
(14, 21, 35), 40.0
(199, 30, 64), 80.0
(7, 29, 33), 44.0
(28, 18, 26), 38.0
(20, 32, 57), 52.0
(11, 44, 44), None
(20, 24, 37), 66.0
(29, 14, 28), 48.0
(7, 35, 390), 48.0
(40, 24, 23), 105.0
(0, 17, 36), 72.0
(18, 345, 29), 48.0
(26, 184, 0), 87.0
(14, 32, 19), 85.0
(9, 11, 7), 51.0
(36, 38, 42), 70.0
(44, 27, 14), 48.0
(24, 114, 31), 88.0
(100, 8, 144), 98.0
(6, 46, 22), 80.0
(205, 14, 7), 91.0
(117, 103, 30), 76.0
(0, 118, 197), 78.0
(196, 18, 16), 121.0
(174, 1, 0), 59.0
(214, 20, 14), 66.0
(176, 20, 20), None
(17, 2, 45), 71.0
(29, 0, 35), 41.0
(193, 22, 18), 85.0
(185, 31, 8), 94.0
(11, 18, 54), 85.0
(165, 27, 26), 110.0
(183, 29, 40), 98.0
(169, 25, 30), 64.0
(159, 26, 26), None
(22, 36, 44), 84.0
(152, 13, 36), 92.0
(172, 15, 13), 101.0
(209, 37, 51), 64.0
(187, 11, 7), 96.0
(163, 14, 29), 74.0
(172, 38, 24), 92.0
(197, 19, 37), None
(183, 28, 17), 64.0
(178, 39, 25), 95.0
(139, 22, 134), 78.0
(214, 13, 21), 72.0
(214, 384, 33), 58.0
(206, 7, 47), 88.0
(185, 30, 28), 88.0
(197, 0, 59), 80.0
(12, 19, 36), 80.0
(192, 29, 7), 85.0
(169, 10, 15), 76.0
(157, 40, 6), 70.0
(33, 45, 23), 86.0
(148, 21, 41), 86.0
(0, 33, 0), None
(195, 26, 14), 92.0
(205, 37, 13), 66.0
(87, 24, 7), 74.0
(204, 7, 14), 85.0
(16, 50, 0), 41.0
(46, 102, 24), 66.0
(127, 31, 102), 64.0
(114, 15, 19), 86.0
(158, 44, 8), 72.0
(33, 12, 33), None
(116, 17, 28), 88.0
(111, 125, 18), 71.0
(103, 96, 47), 76.0
(23, 40, 0), 99.0
(124, 27, 32), 98.0
(10, 34, 118), 96.0
(136, 50, 13), 72.0
(340, 51, 21), 84.0
(21, 20, 20), None
(7, 21, 41), None
(91, 314, 66), 56.0
(95, 5, 287), 52.0
(87, 33, 91), 80.0
(82, 7, 151), 76.0
(16, 251, 9), 57.0
(162, 43, 7), 94.0
(147, 95, 28), 82.0
(42, 30, 14), 40.0
(28, 9, 40), 51.0
(218, 27, 6), 71.0
(4, 34, 13), 71.0
(32, 40, 0), 83.0
(110, 112, 24), 54.0
(199, 127, 20), 86.0
(120, 0, 33), 91.0
(18, 47, 13), 82.0
(133, 177, 22), 64.0
(168, 208, 53), 92.0
(103, 15, 7), 87.0
(11, 20, 13), 36.0
(24, 52, 31), 66.0
(191, 17, 109), 68.0
(114, 76, 78), 82.0
(105, 99, 26), 92.0
(101, 102, 176), 72.0
(6, 131, 36), 72.0
(123, 224, 21), 88.0
(40, 122, 18), 100.0
(100, 41, 7), 96.0
(17, 94, 46), 80.0
(81, 30, 8), 79.0
(94, 23, 0), 79.0
(30, 81, 36), 68.0
(176, 189, 28), 68.0
(87, 8, 0), 79.0
(210, 45, 15), 54.0
(90, 132, 14), 110.0
(143, 88, 27), 92.0
(12, 134, 59), 95.0
(24, 65, 21), 86.0
(108, 37, 8), 94.0
(4, 117, 31), 58.0
(83, 109, 42), 90.0
(93, 128, 24), 74.0
(102, 22, 12), 88.0
(222, 56, 6), 78.0
(94, 121, 18), 86.0
(371, 76, 36), 58.0
(110, 134, 17), 92.0
(84, 13, 52), 80.0
(187, 203, 241), 94.0
(93, 27, 6), 87.0
(12, 87, 29), 100.0
(0, 134, 17), 76.0
(21, 70, 90), 82.0
(153, 81, 46), 96.0
(166, 64, 128), 92.0
(49, 128, 23), 68.0
(70, 111, 38), 64.0
(113, 42, 11), 98.0
(100, 0, 0), None
(33, 71, 314), 78.0
(78, 33, 68), 84.0
(201, 10, 13), 68.0
(76, 19, 25), 84.0
(75, 118, 31), 100.0
(86, 47, 0), 87.0
(16, 107, 29), 104.0
(93, 55, 8), 86.0
(9, 175, 19), 101.0
(38, 60, 13), 46.0
(75, 120, 40), 92.0
(126, 92, 164), 100.0
(30, 25, 0), 84.0
(23, 107, 25), 76.0
(50, 77, 34), 82.0
(179, 89, 41), 52.0
(118, 102, 24), 84.0
(7, 14, 19), 87.0
(81, 37, 9), 52.0
(134, 67, 22), 88.0
(90, 25, 59), 54.0
(96, 136, 48), 88.0
(141, 82, 32), 96.0
(92, 49, 7), 90.0
(17, 111, 97), 92.0
(58, 126, 29), 92.0
(0, 114, 22), 63.0
(25, 57, 13), 73.0
(42, 122, 37), 90.0
(191, 138, 16), 78.0
(13, 144, 19), 98.0
(76, 34, 0), 58.0
(34, 96, 45), 94.0
(101, 129, 14), 68.0
(100, 123, 15), 86.0
(70, 120, 34), 46.0
(84, 8, 7), 91.0
(210, 104, 27), 60.0
(23, 134, 18), 72.0
(13, 328, 80), 54.0
(229, 72, 29), 56.0
(154, 87, 51), 80.0
(9, 96, 40), 64.0
(90, 19, 24), 57.0
(6, 59, 7), 41.0
(198, 129, 118), 100.0
(19, 76, 35), 72.0
(0, 52, 10), 81.0
(30, 66, 25), 90.0
(107, 43, 0), 112.0
(117, 33, 1), 60.0
(104, 42, 6), 84.0
(108, 28, 6), 80.0
(108, 266, 12), 74.0
(102, 38, 108), 40.0
(99, 241, 0), 63.0
(110, 26, 12), 78.0
(126, 15, 184), 80.0
(117, 42, 6), 74.0
(91, 35, 18), 96.0
(219, 22, 56), 76.0
(100, 7, 6), 97.0
(117, 284, 13), 54.0
(96, 43, 4), 68.0
(106, 165, 0), 97.0
(39, 28, 20), 42.0
(21, 41, 6), None
(398, 15, 15), None
(28, 26, 74), 64.0
(15, 35, 14), None
(57, 183, 0), 91.0
(96, 136, 142), 88.0
(108, 147, 0), 99.0
(91, 16, 13), 94.0
(7, 96, 27), 76.0
(0, 108, 46), 100.0
(130, 196, 14), 74.0
(106, 154, 10), 86.0
(85, 42, 8), 86.0
(116, 0, 64), 73.0
(96, 31, 22), 54.0
(203, 102, 33), 96.0
(20, 59, 23), 64.0
(32, 64, 89), 52.0
(162, 53, 31), 98.0
(190, 142, 15), 66.0
(81, 10, 38), 48.0
(46, 125, 20), 98.0
(44, 21, 19), 62.0
(11, 57, 0), 42.0
(79, 91, 28), 58.0
(50, 27, 134), 92.0
(87, 49, 0), 85.0
(125, 114, 11), 94.0
(120, 6, 101), 86.0
(65, 21, 20), 113.0
(39, 16, 53), 110.0
(43, 23, 74), 102.0
(50, 14, 46), 46.0
(47, 8, 59), 86.0
(38, 17, 52), 92.0
(57, 14, 70), 112.0
(52, 13, 64), 80.0
(59, 7, 52), 66.0
(55, 19, 65), 85.0
(39, 12, 80), 44.0
(64, 19, 64), None
(45, 5, 80), 80.0
(52, 6, 60), 86.0
(53, 23, 50), 42.0
(37, 1, 77), 82.0
(46, 16, 70), 54.0
(58, 12, 85), 90.0
(60, 20, 82), 77.0
(47, 0, 43), 86.0
(63, 26, 71), 88.0
(36, 11, 77), 80.0
(56, 30, 71), 64.0
(38, 20, 84), 76.0
(64, 28, 95), 76.0
(52, 15, 44), 67.0
(43, 0, 57), 61.0
(62, 18, 70), 60.0
(66, 24, 59), 80.0
(55, 11, 91), 80.0
(32, 27, 79), 76.0
(72, 31, 47), 84.0
(47, 34, 64), 52.0
(38, 8, 73), 80.0
(68, 20, 50), 66.0
(62, 34, 47), 56.0
(43, 8, 77), 65.0
(30, 16, 68), 80.0
(70, 27, 54), 48.0
(70, 19, 40), 49.0
(30, 8, 87), 80.0
(56, 23, 66), 80.0
(33, 37, 60), 42.0
(50, 14, 92), 92.0
(67, 30, 38), 76.0
(41, 35, 73), 86.0
(210, 9, 54), 62.0
(28, 24, 86), 98.0
(181, 19, 58), 76.0
(27, 39, 48), 66.0
(55, 14, 36), 86.0
(43, 28, 83), 86.0
(195, 0, 69), 62.0
(60, 12, 57), 50.0
(74, 19, 37), 116.0
(63, 19, 42), 76.0
(75, 31, 41), 58.0
(38, 7, 56), 84.0
(25, 26, 43), 108.0
(29, 21, 48), 61.0
(37, 21, 51), 46.0
(65, 30, 43), 80.0
(27, 15, 52), 71.0
(170, 24, 47), 88.0
(75, 21, 36), 88.0
(203, 30, 41), 92.0
(23, 13, 59), 60.0
(74, 6, 41), 79.0
(23, 28, 65), 92.0
(67, 6, 30), 86.0
(35, 14, 35), None
(59, 40, 31), 40.0
(49, 8, 36), 79.0
(85, 37, 32), 82.0
(213, 37, 42), 68.0
(78, 0, 97), 98.0
(73, 19, 34), 86.0
(51, 15, 52), 86.0
(137, 21, 38), 102.0
(71, 10, 32), 79.0
(64, 29, 51), 86.0
(44, 0, 75), 85.0
(186, 22, 58), 78.0
(22, 33, 278), 60.0
(57, 29, 40), 42.0
(33, 24, 68), 54.0
(17, 17, 43), None
(199, 33, 47), 94.0
(56, 18, 86), 68.0
(222, 26, 50), 90.0
(64, 8, 298), 72.0
(151, 43, 26), 84.0
(110, 217, 30), 82.0
(177, 47, 24), 64.0
(58, 10, 26), 69.0
(72, 0, 63), 94.0
(25, 26, 58), 56.0
(50, 16, 205), 64.0
(83, 26, 43), 84.0
(37, 15, 45), 83.0
(83, 36, 39), 78.0
(78, 6, 33), 72.0
(79, 11, 28), 73.0
(13, 36, 50), 122.0
(11, 34, 45), 75.0
(14, 41, 57), 64.0
(15, 24, 53), 84.0
(19, 43, 66), 64.0
(15, 34, 65), 92.0
(9, 20, 73), 81.0
(22, 33, 50), 38.0
(4, 45, 24), None
(22, 38, 47), 48.0
(6, 27, 49), 106.0
(19, 27, 55), 85.0
(27, 16, 56), 101.0
(84, 44, 37), 86.0
(13, 24, 39), 73.0
(67, 37, 23), 64.0
(33, 16, 78), None
(70, 36, 19), 84.0
(0, 33, 35), 34.0
(44, 43, 71), 80.0
(32, 174, 64), 90.0
(15, 9, 63), 53.0
(27, 20, 86), 84.0
(89, 47, 35), 52.0
(16, 25, 46), 80.0
(7, 49, 97), 61.0
(54, 28, 53), 60.0
(40, 11, 76), 56.0
(22, 32, 40), 86.0
(183, 17, 31), 66.0
(27, 24, 64), 92.0
(62, 13, 32), 78.0
(162, 47, 21), 88.0
(49, 21, 45), 82.0
(34, 27, 61), 64.0
(140, 0, 24), None
(66, 37, 19), 80.0
(8, 7, 44), 75.0
(15, 39, 89), 100.0
(73, 15, 30), 94.0
(21, 30, 53), 62.0
(112, 5, 38), 84.0
(70, 39, 15), 94.0
(94, 20, 32), 86.0
(46, 189, 22), 66.0
(8, 234, 52), 86.0
(207, 54, 26), 72.0
(1, 48, 101), 108.0
(41, 33, 27), 70.0
(195, 7, 371), 62.0
(54, 87, 72), 80.0
(78, 14, 13), 95.0
(58, 21, 43), 76.0
(104, 54, 20), 74.0
(130, 54, 19), 92.0
(2, 49, 115), 66.0
(25, 30, 38), 46.0
(18, 31, 48), 72.0
(216, 23, 56), 84.0
(105, 43, 34), 100.0
(36, 17, 30), 97.0
(1, 38, 37), 66.0
(30, 169, 261), 70.0
(11, 14, 193), 87.0
(3, 38, 100), 74.0
(71, 201, 9), 94.0
(191, 29, 42), 72.0
(77, 6, 10), 57.0
(5, 45, 49), 88.0
(7, 34, 58), 84.0
(27, 23, 57), 36.0
(173, 32, 43), 92.0
(91, 6, 29), 114.0
(146, 2, 34), 96.0
(97, 7, 35), 98.0
(2, 1, 28), None
(91, 10, 26), 98.0
(82, 3, 27), 96.0
(61, 9, 18), 42.0
(40, 1, 69), 98.0
(6, 15, 99), 94.0
(73, 11, 25), 98.0
(19, 22, 46), 60.0
(124, 0, 30), 79.0
(17, 19, 42), 73.0
(32, 13, 81), 70.0
(22, 22, 41), None
(203, 9, 48), 78.0
(10, 12, 116), 98.0
(102, 7, 33), 93.0
(15, 22, 38), 62.0
(154, 11, 84), 86.0
(90, 16, 36), 102.0
(95, 0, 31), 70.0
(27, 21, 52), 74.0
(87, 0, 18), 69.0
(81, 16, 8), 52.0
(77, 8, 19), 95.0
(111, 29, 23), 108.0
(39, 18, 75), 77.0
(49, 16, 220), 60.0
(91, 159, 33), 102.0
(224, 25, 45), 90.0
(116, 29, 24), 58.0
(75, 7, 13), 96.0
(0, 43, 27), 86.0
(9, 40, 63), 86.0
(34, 16, 27), 86.0
(11, 35, 17), 88.0
(48, 0, 69), 92.0
(42, 23, 24), None
(164, 184, 238), 44.0
(188, 9, 9), None
(84, 12, 39), 86.0
(17, 40, 100), 92.0
(116, 28, 26), 64.0
(107, 24, 15), 86.0
(30, 14, 82), 52.0
(64, 8, 7), 99.0
(98, 49, 6), 54.0
(64, 18, 173), 98.0
(213, 24, 161), 52.0
Sampler:BoTorchSampler
(375, 59, 117), 72.0
(30, 130, 312), 74.0
(261, 56, 239), 44.0
(61, 101, 323), 60.0
(305, 132, 177), 54.0
(64, 122, 251), 54.0
(42, 215, 336), 54.0
(341, 376, 128), 54.0
(85, 260, 273), 56.0
(15, 353, 42), 54.0
(153, 27, 42), 100.0
(184, 0, 2), 125.0
(253, 0, 0), None
(254, 0, 0), None
(252, 0, 0), None
(256, 0, 0), None
(255, 0, 0), None
(93, 0, 0), None
Sampler:CmaEsSampler
(36, 97, 90), 114.0
(232, 92, 238), 82.0
(220, 244, 180), 94.0
(130, 209, 80), 58.0
(257, 109, 120), 62.0
(326, 220, 220), None
(187, 115, 238), 58.0
(276, 317, 194), 102.0
(191, 273, 177), 74.0
(301, 342, 139), 69.0
(173, 147, 225), 60.0
(270, 353, 93), 70.0
(266, 355, 65), 56.0
(238, 309, 119), 70.0
(299, 344, 244), 86.0
(245, 119, 219), 53.0
(130, 332, 328), 48.0
(236, 270, 77), 76.0
(304, 311, 335), 48.0
(222, 295, 344), 92.0
(236, 288, 107), 44.0
(255, 369, 227), 58.0
(335, 322, 149), 60.0
(79, 219, 336), 52.0
(361, 270, 181), 84.0
(155, 241, 364), 50.0
(109, 291, 322), 54.0
(309, 246, 171), 54.0
(292, 182, 244), 90.0
(218, 291, 283), 54.0
(306, 139, 166), 50.0
(320, 279, 211), 54.0
(295, 258, 238), 109.0
(200, 158, 246), 56.0
(353, 152, 200), 52.0
(283, 293, 245), 80.0
(182, 382, 227), 76.0
(237, 328, 246), 84.0
(259, 339, 280), 80.0
(246, 331, 264), 70.0
(180, 303, 203), 80.0
(297, 244, 249), 34.0
(202, 183, 226), 86.0
(274, 296, 244), 84.0
(158, 210, 233), 68.0
(294, 330, 258), 92.0
(220, 314, 206), 76.0
(248, 242, 234), 60.0
(182, 143, 206), 88.0
(265, 224, 240), 92.0
(163, 190, 284), 54.0
(182, 325, 243), 74.0
(300, 260, 265), 92.0
(233, 313, 243), 70.0
(235, 296, 275), 77.0
(270, 288, 259), 72.0
(268, 349, 240), 70.0
(333, 360, 279), 52.0
(193, 228, 267), 60.0
(286, 291, 224), 96.0
(278, 248, 252), 86.0
(305, 231, 244), 60.0
(282, 252, 259), 60.0
(201, 215, 254), 56.0
(271, 296, 293), 78.0
(266, 206, 260), 80.0
(249, 231, 235), 80.0
(269, 302, 202), 86.0
(274, 297, 255), 110.0
(273, 309, 229), 70.0
(271, 263, 211), 58.0
(292, 269, 254), 96.0
(287, 287, 227), None
(269, 266, 250), 64.0
(261, 332, 235), 62.0
(267, 303, 273), 74.0
(271, 287, 232), 91.0
(277, 265, 273), 82.0
(268, 288, 237), 65.0
(265, 268, 245), 88.0
(291, 267, 243), 76.0
(282, 285, 222), 76.0
(282, 269, 237), 42.0
(260, 283, 253), 80.0
(273, 301, 235), 66.0
(298, 292, 244), 64.0
(269, 268, 234), 98.0
(270, 283, 225), 80.0
(281, 287, 241), 92.0
(263, 282, 232), 74.0
(263, 275, 242), 76.0
(276, 264, 236), 86.0
(259, 268, 238), 87.0
(251, 258, 246), 84.0
(285, 300, 236), 76.0
(283, 275, 211), 48.0
(283, 273, 230), 50.0
(273, 271, 228), 96.0
(287, 279, 238), 79.0
(265, 250, 234), 68.0
(270, 280, 229), 68.0
(286, 294, 231), 62.0
(258, 263, 232), 64.0
(281, 265, 229), 102.0
(275, 270, 222), 42.0
(274, 261, 220), 86.0
(299, 308, 223), 56.0
(260, 268, 218), 50.0
(281, 262, 233), 80.0
(276, 238, 218), 112.0
(279, 273, 234), 99.0
(263, 245, 218), 80.0
(280, 271, 222), 83.0
(269, 271, 228), 88.0
(291, 254, 217), 96.0
(276, 280, 229), 56.0
(271, 208, 210), 56.0
(290, 294, 233), 80.0
(288, 242, 214), 78.0
(276, 247, 220), 60.0
(274, 268, 218), 96.0
(283, 270, 197), 54.0
(301, 262, 213), 62.0
(298, 296, 196), 78.0
(276, 252, 227), 100.0
(277, 271, 241), 36.0
(277, 277, 226), None
(286, 274, 239), 88.0
(284, 268, 211), 86.0
(299, 279, 218), 103.0
(307, 279, 217), 88.0
(291, 246, 224), 86.0
(282, 268, 220), 98.0
(306, 298, 226), 64.0
(301, 260, 210), 72.0
(284, 250, 218), 54.0
(292, 278, 221), 48.0
(281, 256, 212), 52.0
(311, 278, 210), 64.0
(277, 235, 218), 64.0
(293, 267, 221), 78.0
(291, 284, 223), 92.0
(289, 249, 210), 65.0
(287, 255, 230), 56.0
(282, 253, 227), 72.0
(300, 278, 217), 74.0
(294, 278, 222), 58.0
(287, 278, 228), 56.0
(291, 253, 209), 54.0
(287, 276, 216), 88.0
(291, 283, 211), 60.0
(296, 262, 219), 62.0
(296, 266, 212), 66.0
(285, 260, 220), 98.0
(293, 277, 221), 52.0
(289, 268, 217), 91.0
(286, 285, 221), 91.0
(299, 278, 214), 109.0
(297, 272, 215), 86.0
(298, 277, 210), 77.0
(297, 271, 211), 62.0
(298, 272, 220), 58.0
(291, 266, 213), 80.0
(288, 268, 218), 69.0
(296, 270, 219), 102.0
(294, 262, 217), 66.0
(297, 273, 210), 80.0
(306, 273, 207), 72.0
(304, 271, 213), 80.0
(297, 283, 219), 72.0
(278, 263, 222), 62.0
(292, 272, 219), 68.0
(311, 273, 211), 64.0
(304, 276, 216), 92.0
(306, 286, 216), 79.0
(302, 274, 215), 74.0
(300, 284, 216), 72.0
(300, 279, 220), 78.0
(296, 258, 215), 96.0
(302, 276, 211), 48.0
(301, 272, 211), 56.0
(302, 268, 213), 82.0
(290, 264, 224), 86.0
(305, 254, 207), 70.0
(288, 252, 225), 68.0
(301, 268, 213), 80.0
(305, 264, 212), 58.0
(295, 263, 216), 84.0
(303, 272, 218), 66.0
(298, 264, 218), 84.0
(299, 260, 211), 66.0
(293, 259, 223), 62.0
(292, 258, 215), 86.0
(294, 260, 218), 58.0
(290, 263, 217), 56.0
(294, 256, 209), 68.0
(288, 259, 218), 100.0
(284, 259, 225), 72.0
(291, 266, 225), 87.0
(305, 257, 208), 62.0
(284, 257, 227), 66.0
(292, 257, 216), 72.0
(285, 256, 220), 66.0
(294, 260, 221), 88.0
(285, 263, 227), 76.0
(289, 259, 222), 48.0
(286, 267, 221), 84.0
(289, 263, 224), 82.0
(295, 263, 218), 60.0
(288, 261, 223), 88.0
(284, 261, 222), 96.0
(290, 262, 221), 94.0
(288, 264, 227), 64.0
(288, 270, 225), 80.0
(283, 257, 219), 62.0
(274, 260, 230), 46.0
(283, 264, 226), 98.0
(284, 258, 223), 72.0
(278, 256, 228), 88.0
(287, 263, 223), 98.0
(282, 261, 217), 65.0
(281, 264, 229), 100.0
(286, 270, 228), 62.0
(285, 271, 228), 66.0
(286, 263, 224), 94.0
(272, 261, 231), 52.0
(289, 260, 228), 68.0
(278, 263, 229), 46.0
(285, 259, 226), 72.0
(277, 265, 231), 60.0
(274, 267, 231), 66.0
(283, 261, 226), 80.0
(280, 264, 229), 94.0
(278, 264, 230), 50.0
(279, 264, 231), 58.0
(282, 265, 223), 92.0
(279, 266, 232), 76.0
(280, 263, 230), 100.0
(288, 264, 222), 98.0
(283, 258, 225), 78.0
(283, 261, 228), 86.0
(285, 264, 224), 98.0
(287, 263, 225), 82.0
(281, 257, 224), 86.0
(281, 265, 228), 94.0
(286, 269, 228), 62.0
(283, 265, 229), 108.0
(282, 266, 230), 106.0
(284, 266, 227), 82.0
(281, 259, 225), 90.0
(282, 264, 228), 101.0
(280, 264, 227), 100.0
(286, 267, 223), 77.0
(284, 264, 229), 76.0
(282, 267, 231), 100.0
(285, 263, 226), 74.0
(279, 265, 232), 76.0
(285, 267, 228), 79.0
(285, 266, 228), 124.0
(283, 266, 230), 106.0
(283, 267, 231), 100.0
(280, 264, 231), 88.0
(285, 264, 230), 66.0
(288, 269, 229), 64.0
(285, 265, 231), 78.0
(284, 268, 230), 94.0
(284, 269, 230), 72.0
(281, 268, 233), 88.0
(283, 269, 232), 84.0
(280, 265, 233), 90.0
(282, 267, 229), 68.0
(279, 267, 231), 70.0
(282, 265, 230), 106.0
(278, 265, 230), 54.0
(279, 267, 234), 92.0
(283, 265, 231), 100.0
(280, 267, 234), 80.0
(284, 265, 230), 89.0
(283, 264, 228), 88.0
(281, 265, 231), 92.0
(281, 266, 231), 100.0
(282, 264, 231), 100.0
(283, 266, 232), 106.0
(285, 266, 230), 89.0
(281, 264, 233), 86.0
(282, 268, 232), 90.0
(282, 264, 230), 94.0
(282, 268, 234), 70.0
(282, 265, 232), 98.0
(281, 264, 230), 100.0
(284, 264, 226), 102.0
(283, 264, 227), 91.0
(281, 263, 230), 94.0
(283, 265, 226), 86.0
(287, 267, 226), 62.0
(284, 262, 224), 94.0
(282, 264, 229), 100.0
(285, 265, 228), 70.0
(283, 263, 228), 74.0
(283, 262, 228), 78.0
(283, 262, 224), 100.0
(282, 260, 224), 84.0
(285, 267, 232), 98.0
(284, 263, 226), 86.0
(280, 264, 230), 100.0
(280, 263, 228), 102.0
(286, 264, 225), 80.0
(284, 263, 224), 92.0
(281, 261, 225), 88.0
(281, 264, 231), 94.0
(278, 263, 230), 50.0
(282, 263, 229), 88.0
(280, 265, 232), 94.0
(280, 263, 229), 100.0
(283, 265, 228), 91.0
(279, 263, 230), 56.0
(281, 263, 227), 107.0
(281, 263, 229), 104.0
(281, 263, 228), 106.0
(281, 262, 227), 86.0
(280, 262, 226), 95.0
(281, 264, 228), 98.0
(282, 263, 228), 89.0
(280, 263, 227), 100.0
(282, 265, 231), 100.0
(282, 263, 227), 88.0
(281, 263, 226), 88.0
(282, 263, 226), 94.0
