Sampler:TPESampler
(316, 14, 112, 254, 198, 82), 68.0
(41, 323, 30, 360, 349, 31), None
(63, 24, 26, 307, 91, 39), 66.0
(86, 370, 254, 3, 236, 135), None
(185, 112, 390, 4, 59, 135), None
(249, 267, 333, 309, 220, 193), 62.0
(11, 255, 101, 34, 258, 131), None
(182, 216, 190, 308, 7, 324), None
(37, 382, 14, 176, 377, 99), None
(79, 62, 32, 121, 48, 293), None
(390, 137, 160, 223, 133, 274), 56.0
(324, 7, 117, 255, 137, 14), None
(280, 3, 87, 398, 125, 53), None
(137, 88, 234, 277, 296, 208), 55.0
(371, 50, 71, 166, 171, 83), None
(238, 163, 127, 342, 86, 1), 60.0
(132, 51, 58, 226, 184, 200), None
(321, 175, 1, 273, 283, 80), None
(335, 3, 153, 120, 1, 51), None
(142, 93, 252, 328, 90, 399), 48.0
(231, 64, 60, 396, 188, 162), 58.0
(271, 298, 342, 293, 233, 242), None
(282, 239, 296, 227, 313, 172), 52.0
(221, 291, 388, 319, 218, 107), 50.0
(346, 211, 201, 250, 158, 58), None
(259, 338, 322, 363, 267, 251), 62.0
(304, 273, 138, 200, 205, 350), 66.0
(300, 32, 139, 189, 107, 369), 46.0
(357, 164, 185, 134, 43, 339), None
(397, 336, 40, 156, 318, 37), 58.0
(90, 128, 109, 86, 158, 28), 75.0
(87, 123, 99, 72, 158, 21), None
(60, 33, 157, 77, 204, 69), None
(38, 86, 81, 219, 200, 32), 60.0
(115, 24, 115, 200, 242, 113), None
(13, 189, 48, 88, 147, 0), None
(181, 138, 172, 252, 108, 161), 60.0
(167, 240, 203, 12, 183, 134), 60.0
(210, 106, 17, 146, 72, 90), 71.0
(212, 141, 220, 50, 76, 88), None
(99, 108, 21, 102, 29, 121), None
(60, 85, 3, 150, 67, 41), None
(307, 67, 101, 184, 116, 312), 43.0
(166, 26, 36, 137, 34, 71), None
(292, 118, 140, 106, 221, 93), 52.0
(374, 266, 90, 288, 101, 23), 53.0
(200, 49, 72, 208, 135, 224), None
(73, 193, 130, 243, 254, 143), 53.0
(3, 357, 23, 38, 167, 61), None
(249, 16, 107, 269, 57, 45), None
(22, 149, 56, 306, 398, 12), None
(262, 318, 351, 366, 256, 245), None
(318, 394, 294, 366, 265, 261), 64.0
(319, 383, 269, 347, 210, 281), 60.0
(339, 395, 175, 300, 340, 361), 58.0
(358, 103, 279, 169, 284, 300), 58.0
(313, 74, 223, 386, 125, 261), 54.0
(123, 44, 74, 340, 228, 334), None
(151, 227, 123, 239, 188, 212), 56.0
(105, 291, 11, 375, 82, 182), 52.0
(281, 125, 140, 322, 20, 102), 74.0
(289, 176, 156, 325, 24, 74), 52.0
(329, 156, 140, 347, 52, 107), 52.0
(281, 123, 168, 319, 19, 96), None
(298, 98, 60, 265, 148, 58), None
(233, 0, 193, 285, 11, 120), None
(272, 206, 375, 380, 240, 146), 62.0
(354, 78, 305, 212, 42, 393), None
(374, 179, 87, 353, 92, 17), 56.0
(248, 313, 115, 331, 71, 32), None
(53, 57, 244, 191, 163, 86), None
(308, 134, 397, 379, 268, 140), 50.0
(214, 268, 321, 313, 178, 221), 58.0
(269, 208, 369, 391, 243, 148), 68.0
(268, 362, 371, 393, 198, 160), 54.0
(329, 17, 42, 366, 290, 50), None
(248, 230, 147, 336, 269, 190), 52.0
(196, 256, 27, 61, 307, 70), None
(299, 35, 129, 123, 215, 126), 60.0
(343, 165, 94, 156, 231, 106), 50.0
(78, 113, 183, 280, 249, 78), None
(262, 353, 331, 396, 270, 262), None
(282, 330, 367, 362, 304, 312), 75.0
(287, 337, 357, 354, 326, 368), 64.0
(276, 399, 381, 370, 196, 318), 58.0
(288, 339, 361, 358, 328, 374), 64.0
(227, 305, 356, 299, 379, 341), 58.0
(243, 330, 345, 236, 359, 352), 72.0
(242, 276, 107, 228, 357, 328), 50.0
(255, 323, 12, 262, 361, 390), None
(211, 244, 348, 243, 148, 353), 50.0
(304, 346, 366, 182, 334, 380), 69.0
(308, 347, 338, 181, 303, 379), 72.0
(46, 378, 368, 184, 342, 382), None
(28, 346, 338, 172, 303, 356), 48.0
(295, 374, 390, 144, 373, 376), 68.0
(297, 375, 384, 162, 389, 346), 71.0
(311, 371, 389, 143, 384, 378), 63.0
(328, 385, 397, 127, 366, 344), 72.0
(296, 386, 382, 125, 397, 362), 72.0
(320, 390, 382, 99, 398, 345), None
(328, 361, 364, 127, 368, 365), 80.0
(325, 360, 398, 127, 364, 330), 54.0
(335, 366, 323, 132, 389, 367), 62.0
(303, 344, 379, 115, 348, 358), None
(308, 330, 364, 113, 370, 384), None
(280, 383, 342, 165, 390, 305), 70.0
(281, 385, 345, 165, 389, 307), 79.0
(238, 386, 350, 90, 349, 320), 46.0
(350, 353, 389, 156, 367, 337), 68.0
(363, 367, 310, 161, 380, 345), 72.0
(334, 370, 313, 141, 357, 348), 74.0
(339, 370, 326, 160, 379, 288), 68.0
(369, 380, 303, 177, 353, 365), 52.0
(384, 364, 313, 140, 386, 352), 70.0
(366, 354, 335, 148, 374, 308), 71.0
(358, 390, 334, 150, 398, 306), 76.0
(359, 392, 289, 129, 394, 398), 81.0
(386, 331, 278, 81, 363, 392), 53.0
(327, 389, 344, 130, 319, 293), 65.0
(351, 393, 330, 196, 344, 317), 65.0
(344, 383, 305, 114, 398, 398), None
(364, 399, 314, 106, 378, 330), 66.0
(359, 367, 288, 153, 395, 359), None
(313, 375, 316, 135, 382, 346), 71.0
(336, 357, 337, 170, 359, 371), 74.0
(380, 358, 356, 175, 355, 324), 56.0
(330, 390, 336, 123, 370, 372), 69.0
(395, 365, 375, 97, 333, 338), None
(344, 313, 348, 166, 368, 386), 71.0
(333, 347, 312, 211, 357, 278), 70.0
(359, 378, 359, 151, 393, 361), None
(319, 326, 338, 136, 381, 399), 78.0
(321, 329, 327, 136, 374, 369), 54.0
(337, 130, 341, 202, 337, 399), None
(352, 383, 265, 122, 384, 296), 70.0
(378, 370, 352, 142, 380, 349), 62.0
(316, 354, 322, 69, 398, 388), 80.0
(317, 321, 298, 60, 361, 388), 48.0
(342, 355, 318, 42, 399, 393), None
(285, 398, 292, 68, 388, 312), 59.0
(314, 304, 331, 179, 372, 376), 78.0
(316, 300, 334, 16, 350, 379), 80.0
(315, 292, 334, 19, 351, 378), 63.0
(323, 304, 307, 13, 376, 386), 64.0
(292, 315, 371, 29, 391, 365), 72.0
(278, 339, 328, 112, 392, 399), 77.0
(333, 301, 323, 93, 366, 399), 48.0
(266, 336, 343, 108, 388, 374), 62.0
(290, 313, 325, 26, 392, 392), None
(304, 344, 333, 180, 346, 381), 70.0
(276, 350, 360, 187, 398, 374), 68.0
(349, 145, 284, 86, 380, 386), 60.0
(298, 326, 376, 2, 371, 360), 56.0
(280, 292, 318, 35, 386, 366), 50.0
(312, 317, 339, 168, 279, 380), 72.0
(327, 339, 328, 149, 282, 397), 60.0
(315, 307, 347, 169, 320, 388), 62.0
(289, 339, 365, 55, 392, 372), None
(363, 364, 301, 117, 365, 337), 62.0
(371, 353, 310, 159, 305, 383), 62.0
(302, 360, 332, 137, 379, 354), 58.0
(338, 324, 351, 45, 376, 367), None
(272, 285, 318, 26, 357, 354), 66.0
(324, 389, 394, 127, 399, 329), 69.0
(259, 317, 340, 8, 386, 271), None
(353, 375, 355, 129, 369, 345), 74.0
(254, 333, 353, 192, 339, 392), 72.0
(333, 376, 334, 73, 359, 377), 77.0
(349, 376, 206, 78, 352, 382), None
(155, 375, 346, 105, 358, 372), 78.0
(130, 379, 343, 69, 362, 372), 48.0
(105, 357, 328, 104, 345, 399), 54.0
(177, 373, 369, 83, 372, 238), 70.0
(309, 368, 338, 108, 331, 380), 54.0
(333, 361, 354, 117, 356, 389), 69.0
(163, 389, 361, 98, 372, 359), None
(90, 343, 348, 73, 0, 5), None
(355, 374, 324, 142, 387, 365), 66.0
(338, 382, 330, 132, 365, 342), 50.0
(145, 128, 373, 22, 382, 373), None
(321, 399, 338, 147, 367, 376), 69.0
(329, 383, 361, 129, 391, 285), 71.0
(199, 310, 347, 90, 358, 304), 64.0
(315, 120, 337, 121, 351, 391), 77.0
(346, 128, 355, 116, 349, 388), 68.0
(361, 111, 311, 157, 376, 393), None
(318, 116, 320, 122, 341, 398), 50.0
(310, 93, 333, 107, 352, 380), 51.0
(280, 150, 353, 191, 339, 390), 66.0
(298, 394, 383, 132, 399, 360), 69.0
(343, 367, 344, 140, 358, 348), 78.0
(339, 121, 334, 139, 383, 367), 58.0
(315, 369, 344, 170, 326, 381), 58.0
(354, 350, 368, 63, 370, 350), None
(291, 360, 328, 97, 391, 367), None
(69, 297, 362, 50, 359, 374), None
(326, 375, 124, 114, 377, 316), None
(341, 388, 321, 123, 126, 357), 66.0
(333, 365, 337, 145, 365, 341), None
(346, 381, 80, 151, 360, 326), None
(307, 345, 339, 179, 285, 383), 58.0
(318, 318, 353, 139, 384, 385), None
(285, 327, 347, 128, 352, 351), 64.0
(266, 336, 343, 111, 345, 370), None
(276, 280, 358, 193, 340, 399), 68.0
(258, 335, 370, 77, 373, 390), None
(293, 137, 318, 32, 361, 363), 48.0
(371, 367, 306, 163, 297, 333), 66.0
(301, 351, 331, 125, 398, 25), 48.0
(220, 358, 164, 155, 380, 349), 60.0
(325, 386, 398, 130, 393, 362), 63.0
(363, 101, 326, 172, 386, 377), 59.0
(312, 319, 342, 168, 347, 392), 64.0
(331, 311, 350, 145, 318, 174), 66.0
(354, 370, 148, 161, 376, 376), None
(344, 374, 334, 153, 368, 387), 69.0
(122, 330, 323, 180, 336, 392), 68.0
(323, 356, 315, 200, 355, 395), 74.0
(321, 219, 338, 1, 351, 381), 47.0
(308, 301, 231, 102, 391, 298), 60.0
(315, 352, 344, 174, 357, 377), 84.0
(334, 341, 350, 204, 356, 399), 72.0
(317, 354, 330, 138, 366, 372), 78.0
(323, 355, 109, 134, 367, 371), 50.0
(312, 349, 330, 137, 100, 201), 72.0
(316, 349, 327, 136, 98, 387), None
(329, 361, 313, 120, 358, 393), 70.0
(340, 366, 297, 149, 372, 374), 66.0
(355, 378, 315, 144, 362, 399), 73.0
(350, 376, 318, 143, 363, 398), 73.0
(350, 378, 321, 146, 354, 399), 66.0
(355, 360, 315, 140, 361, 399), 70.0
(335, 374, 306, 153, 366, 389), 66.0
(345, 394, 333, 118, 351, 382), 62.0
(327, 378, 320, 132, 374, 386), 47.0
(361, 358, 341, 140, 361, 393), None
(341, 186, 326, 125, 63, 378), 44.0
(319, 368, 314, 88, 344, 399), 68.0
(350, 385, 334, 159, 369, 384), 60.0
(333, 353, 347, 144, 381, 370), 68.0
(377, 369, 308, 162, 381, 389), 79.0
(322, 374, 302, 172, 362, 392), 62.0
(159, 368, 320, 160, 374, 385), 57.0
(375, 382, 312, 152, 354, 391), 83.0
(365, 359, 308, 154, 350, 378), 68.0
(377, 391, 332, 315, 384, 371), 74.0
(376, 392, 339, 166, 384, 366), 72.0
(394, 390, 331, 327, 175, 358), 74.0
(393, 397, 332, 320, 174, 357), 74.0
(380, 397, 345, 323, 168, 356), 60.0
(373, 399, 99, 350, 178, 360), None
(389, 383, 356, 110, 386, 371), None
(398, 344, 327, 324, 176, 44), None
(389, 387, 332, 299, 196, 376), 69.0
(390, 387, 344, 312, 155, 350), 65.0
(382, 120, 328, 286, 222, 232), None
(371, 395, 338, 344, 399, 369), 65.0
(398, 391, 293, 331, 164, 155), 68.0
(383, 383, 324, 314, 149, 362), None
(395, 390, 332, 316, 391, 385), 78.0
(392, 366, 310, 332, 160, 382), 60.0
(374, 380, 361, 175, 383, 376), 56.0
(304, 353, 351, 60, 393, 308), 53.0
(399, 392, 332, 383, 189, 388), 64.0
(386, 397, 252, 316, 391, 366), 70.0
(380, 110, 67, 304, 37, 377), None
(368, 371, 138, 120, 377, 388), 52.0
(324, 342, 347, 277, 79, 391), None
(377, 132, 338, 337, 399, 382), 74.0
(360, 133, 341, 131, 397, 380), 52.0
(384, 383, 358, 373, 387, 369), 51.0
(366, 371, 327, 66, 379, 344), 58.0
(314, 387, 332, 295, 145, 373), 72.0
(185, 361, 302, 251, 350, 292), 61.0
(377, 120, 322, 336, 399, 129), 52.0
(388, 380, 345, 74, 371, 361), 64.0
(394, 260, 213, 81, 371, 323), 56.0
(319, 365, 314, 93, 387, 273), 67.0
(376, 167, 338, 328, 388, 385), 64.0
(306, 122, 354, 360, 14, 392), 66.0
(327, 349, 289, 163, 354, 56), None
(338, 334, 319, 102, 341, 391), 69.0
(297, 399, 362, 112, 114, 383), None
(1, 377, 345, 124, 213, 356), 58.0
(284, 390, 336, 175, 380, 101), 54.0
(29, 374, 116, 155, 377, 373), 68.0
(387, 390, 332, 323, 169, 363), 60.0
(393, 135, 179, 305, 180, 252), 51.0
(334, 355, 297, 153, 332, 334), None
(312, 361, 264, 187, 355, 399), 62.0
(52, 340, 352, 131, 371, 390), 60.0
(99, 353, 193, 120, 366, 380), None
(306, 145, 340, 167, 399, 382), 56.0
(298, 127, 325, 338, 391, 300), 54.0
(320, 324, 330, 309, 139, 374), 73.0
(397, 243, 348, 182, 365, 355), 66.0
(331, 346, 315, 222, 385, 386), 71.0
(112, 366, 367, 136, 392, 368), 56.0
(271, 399, 324, 323, 375, 216), 54.0
(369, 383, 338, 147, 344, 360), 72.0
(344, 368, 352, 140, 381, 65), 72.0
(344, 372, 276, 128, 53, 346), 46.0
(355, 380, 335, 114, 362, 313), None
(326, 357, 375, 50, 354, 399), None
(387, 387, 327, 316, 158, 379), None
(376, 393, 333, 332, 390, 390), None
(315, 387, 310, 86, 184, 353), 70.0
(133, 334, 342, 357, 348, 383), 50.0
(282, 108, 343, 163, 194, 6), None
(231, 71, 359, 150, 369, 381), 54.0
(305, 363, 308, 104, 379, 114), None
(360, 374, 317, 131, 359, 393), 84.0
(369, 376, 317, 132, 358, 85), 66.0
(362, 370, 304, 139, 355, 392), 58.0
(379, 197, 324, 340, 393, 378), 80.0
(356, 84, 92, 120, 393, 190), 50.0
(88, 155, 315, 345, 399, 386), 61.0
(370, 225, 325, 99, 385, 372), None
(274, 135, 321, 352, 262, 391), 59.0
(290, 183, 49, 345, 394, 381), None
(359, 115, 300, 71, 390, 393), None
(153, 192, 322, 148, 399, 377), 57.0
(311, 288, 329, 174, 337, 368), 60.0
(360, 271, 242, 110, 379, 35), None
(378, 348, 339, 159, 374, 373), 72.0
(336, 340, 365, 14, 365, 399), None
(191, 379, 322, 138, 376, 365), 58.0
(322, 359, 310, 168, 347, 392), 60.0
(317, 380, 350, 364, 368, 399), 79.0
(305, 99, 131, 355, 245, 385), None
(313, 331, 349, 369, 362, 394), 68.0
(328, 379, 345, 375, 384, 399), 67.0
(292, 40, 351, 185, 369, 282), 54.0
(171, 214, 359, 128, 368, 388), 52.0
(319, 373, 336, 57, 358, 378), None
(330, 200, 326, 145, 346, 306), 67.0
(391, 399, 332, 360, 173, 388), 64.0
(399, 390, 344, 390, 173, 362), None
(78, 235, 319, 366, 380, 318), None
(316, 368, 307, 123, 390, 393), 53.0
(208, 387, 336, 116, 206, 399), 59.0
(386, 59, 328, 76, 375, 376), None
(13, 362, 356, 92, 366, 384), 55.0
(341, 350, 338, 155, 392, 384), 65.0
(380, 382, 347, 132, 385, 371), 66.0
(367, 390, 332, 104, 384, 374), 56.0
(323, 341, 317, 83, 323, 393), None
(302, 251, 292, 261, 330, 393), 59.0
(347, 170, 371, 123, 310, 19), 50.0
(300, 379, 158, 383, 22, 175), 60.0
(141, 322, 343, 171, 359, 378), 48.0
(335, 355, 350, 179, 153, 365), 80.0
(317, 357, 363, 180, 142, 387), 54.0
(331, 298, 352, 198, 129, 367), 64.0
(265, 326, 172, 161, 374, 384), 71.0
(350, 370, 357, 131, 369, 263), 71.0
(330, 365, 284, 140, 350, 398), 74.0
(66, 344, 76, 43, 390, 289), None
(339, 351, 281, 149, 341, 397), 52.0
(366, 374, 381, 366, 380, 375), None
(311, 307, 343, 186, 398, 384), 60.0
(332, 363, 289, 112, 151, 399), 54.0
(321, 381, 350, 157, 157, 365), None
(245, 282, 329, 211, 162, 359), 66.0
(306, 384, 338, 93, 142, 379), 52.0
(317, 339, 369, 67, 374, 367), 74.0
(277, 352, 363, 118, 362, 388), 49.0
(312, 336, 367, 86, 373, 369), 58.0
(361, 203, 339, 178, 399, 381), 58.0
(373, 146, 352, 350, 392, 386), 80.0
(373, 151, 349, 355, 388, 389), 70.0
(350, 364, 356, 361, 384, 389), 73.0
(367, 159, 355, 346, 394, 299), 80.0
(367, 152, 347, 351, 392, 378), 73.0
(356, 171, 355, 373, 392, 313), 76.0
(364, 172, 356, 372, 390, 306), 56.0
(355, 176, 353, 345, 393, 297), None
(372, 159, 344, 364, 383, 319), 60.0
(347, 163, 363, 138, 398, 294), 58.0
(358, 187, 348, 352, 381, 311), 60.0
(341, 161, 323, 377, 399, 392), 76.0
(379, 159, 335, 344, 389, 399), 76.0
(336, 178, 323, 379, 399, 390), 78.0
(342, 165, 322, 387, 381, 391), 80.0
(337, 178, 310, 382, 378, 386), 76.0
(324, 142, 319, 391, 371, 378), 72.0
(337, 190, 303, 375, 383, 392), 60.0
(328, 193, 323, 389, 364, 386), 72.0
(341, 157, 327, 193, 377, 376), 78.0
(343, 165, 315, 180, 377, 372), 54.0
(344, 154, 327, 396, 357, 377), 62.0
(325, 167, 310, 187, 369, 382), 62.0
(333, 144, 324, 196, 378, 374), 66.0
(347, 148, 316, 190, 386, 399), 59.0
(384, 178, 328, 398, 387, 391), 55.0
(333, 163, 298, 386, 350, 382), 55.0
(339, 174, 335, 172, 367, 367), None
(319, 184, 342, 205, 358, 374), 67.0
(374, 157, 320, 383, 391, 391), None
(315, 209, 306, 197, 380, 387), 56.0
(353, 195, 329, 180, 374, 379), 52.0
(328, 166, 341, 39, 364, 365), 62.0
(308, 154, 320, 340, 384, 399), 55.0
(365, 139, 333, 166, 399, 392), 58.0
(299, 145, 347, 368, 391, 385), 60.0
(382, 179, 311, 126, 381, 393), 46.0
(323, 357, 339, 134, 392, 385), 72.0
(347, 372, 359, 190, 353, 372), None
(309, 349, 376, 231, 373, 392), 72.0
(337, 371, 334, 164, 345, 376), 74.0
(353, 361, 324, 32, 375, 366), 50.0
(369, 355, 316, 361, 399, 356), 76.0
(322, 161, 349, 379, 385, 384), 77.0
(315, 171, 328, 174, 391, 398), 58.0
(360, 219, 342, 150, 366, 378), 50.0
(372, 363, 355, 121, 381, 390), 64.0
(343, 376, 324, 19, 370, 372), 48.0
(333, 201, 313, 175, 377, 253), 63.0
(323, 163, 349, 372, 384, 382), 78.0
(321, 160, 366, 394, 385, 383), 74.0
(327, 177, 352, 368, 392, 361), 58.0
(309, 152, 346, 216, 364, 382), 67.0
(341, 152, 361, 381, 233, 371), None
(315, 168, 339, 375, 372, 385), 71.0
(325, 153, 351, 380, 385, 379), 60.0
(384, 184, 301, 360, 357, 351), 66.0
(335, 380, 333, 339, 376, 365), 72.0
(361, 352, 327, 354, 393, 393), None
(330, 372, 345, 156, 363, 372), None
(351, 169, 356, 370, 381, 399), 66.0
(378, 348, 316, 146, 399, 388), 74.0
(301, 145, 341, 349, 336, 378), 56.0
(347, 382, 371, 388, 366, 355), 60.0
(338, 368, 333, 51, 372, 364), 72.0
(238, 360, 306, 185, 389, 392), 66.0
(318, 161, 360, 135, 352, 383), 51.0
(368, 295, 347, 167, 342, 375), 54.0
(308, 167, 338, 142, 383, 390), 53.0
(325, 161, 351, 399, 385, 383), 72.0
(349, 376, 322, 359, 109, 369), 65.0
(317, 185, 336, 159, 360, 234), 66.0
(175, 343, 299, 195, 399, 394), 72.0
(326, 150, 365, 378, 377, 379), 70.0
(336, 387, 329, 365, 374, 364), None
(362, 197, 341, 149, 354, 399), 50.0
(254, 331, 319, 349, 391, 399), 73.0
(374, 344, 309, 131, 393, 387), 71.0
(388, 161, 354, 388, 384, 374), None
(217, 364, 325, 205, 379, 386), 66.0
(356, 157, 348, 376, 387, 341), 71.0
(294, 314, 330, 174, 391, 399), 80.0
(302, 313, 332, 175, 393, 392), 78.0
(293, 316, 317, 180, 392, 391), 66.0
(381, 293, 378, 168, 370, 379), 67.0
(302, 305, 334, 176, 378, 360), 52.0
(297, 309, 343, 192, 369, 371), 66.0
(297, 299, 360, 164, 399, 392), 64.0
(307, 283, 312, 174, 391, 381), 56.0
(295, 300, 325, 170, 394, 372), 58.0
(304, 276, 330, 160, 386, 386), None
(289, 307, 261, 190, 393, 353), 58.0
(312, 175, 320, 186, 399, 376), 58.0
(313, 317, 305, 177, 382, 397), 80.0
(365, 315, 298, 179, 377, 397), 74.0
(309, 289, 310, 173, 383, 398), 70.0
(312, 322, 294, 184, 388, 393), 67.0
(300, 322, 311, 182, 399, 265), 70.0
(147, 392, 303, 164, 366, 200), 70.0
(373, 312, 304, 202, 374, 390), 74.0
(158, 369, 291, 156, 382, 399), 72.0
(389, 309, 276, 173, 118, 389), None
(318, 317, 316, 194, 378, 399), 76.0
(304, 304, 370, 167, 386, 384), None
(288, 307, 355, 159, 389, 399), 59.0
(319, 324, 333, 183, 378, 383), 72.0
(313, 313, 319, 179, 369, 392), None
(329, 328, 306, 171, 383, 387), 57.0
(343, 383, 324, 145, 361, 244), 75.0
(370, 318, 340, 188, 392, 390), 61.0
(325, 376, 362, 149, 362, 365), None
(187, 207, 333, 335, 394, 392), 68.0
(354, 399, 323, 166, 390, 399), None
(359, 358, 314, 5, 93, 376), None
(332, 335, 351, 138, 373, 224), 55.0
(378, 367, 343, 357, 273, 384), 67.0
(307, 329, 299, 151, 357, 357), None
(204, 385, 329, 177, 368, 369), 66.0
(385, 136, 220, 161, 380, 380), None
(340, 297, 314, 198, 399, 378), 75.0
(126, 374, 337, 342, 391, 277), 72.0
(303, 319, 347, 140, 364, 385), 75.0
(348, 263, 360, 365, 399, 335), 56.0
(318, 145, 345, 176, 349, 363), 78.0
(293, 139, 340, 154, 347, 348), 50.0
(323, 146, 322, 184, 349, 362), 54.0
(399, 143, 306, 369, 374, 368), 60.0
(311, 149, 325, 175, 386, 378), 62.0
(316, 179, 330, 192, 384, 387), 71.0
(321, 159, 317, 170, 392, 375), 53.0
Sampler:BoTorchSampler
(365, 314, 247, 316, 321, 59), None
(178, 235, 272, 170, 251, 378), 58.0
(280, 19, 301, 317, 235, 133), 54.0
(159, 82, 148, 279, 384, 4), None
(100, 357, 79, 272, 318, 340), None
(29, 125, 105, 218, 58, 380), None
(176, 328, 92, 219, 215, 30), 62.0
(208, 163, 71, 324, 182, 133), 54.0
(309, 153, 305, 104, 55, 114), None
(320, 30, 157, 200, 14, 385), 70.0
(152, 62, 52, 139, 235, 188), 62.0
(395, 229, 118, 387, 134, 393), 72.0
(227, 262, 84, 247, 234, 373), 60.0
(377, 253, 84, 105, 193, 216), 52.0
(209, 44, 144, 61, 8, 294), None
(47, 399, 194, 219, 245, 184), None
(241, 273, 308, 329, 199, 181), 68.0
(391, 171, 142, 363, 77, 342), None
(391, 171, 142, 363, 77, 51), None
(391, 171, 142, 363, 78, 393), None
(391, 172, 142, 363, 78, 266), None
(390, 170, 142, 362, 76, 318), 44.0
(101, 299, 102, 379, 193, 379), None
(280, 0, 157, 122, 0, 125), None
(280, 0, 157, 122, 0, 271), None
(280, 0, 157, 122, 0, 89), None
(279, 0, 156, 121, 0, 379), None
(394, 298, 102, 327, 193, 186), 54.0
(279, 0, 156, 122, 0, 249), None
(279, 0, 156, 123, 0, 228), None
(280, 0, 156, 123, 0, 231), None
(280, 0, 156, 123, 0, 387), None
(279, 0, 156, 122, 0, 10), None
(279, 0, 156, 122, 0, 195), None
(279, 0, 156, 122, 0, 250), None
(280, 0, 156, 124, 0, 215), None
(279, 0, 156, 123, 0, 179), None
(279, 0, 156, 123, 0, 378), None
(280, 0, 156, 124, 0, 234), None
(280, 0, 156, 123, 0, 229), None
(280, 0, 156, 124, 0, 350), None
(279, 0, 156, 122, 0, 318), None
(278, 0, 156, 121, 0, 279), None
(278, 0, 156, 121, 0, 111), None
(278, 0, 156, 121, 0, 136), None
(279, 0, 156, 123, 0, 135), None
(281, 0, 156, 125, 0, 243), None
(279, 0, 156, 122, 0, 268), None
(279, 0, 156, 122, 0, 32), None
(279, 0, 156, 123, 0, 215), None
(278, 0, 156, 121, 0, 379), None
(279, 0, 156, 123, 0, 146), None
(279, 0, 156, 122, 0, 65), None
(281, 0, 156, 125, 0, 158), None
(279, 0, 156, 122, 0, 273), None
(279, 0, 156, 123, 0, 47), None
(279, 0, 156, 123, 0, 57), None
(279, 0, 156, 122, 0, 257), None
(279, 0, 156, 123, 0, 21), None
(280, 0, 156, 124, 0, 391), None
(280, 0, 156, 123, 0, 60), None
(279, 0, 156, 122, 0, 161), None
(279, 0, 156, 122, 0, 47), None
(279, 0, 156, 123, 0, 364), None
(280, 0, 156, 124, 0, 5), None
(278, 0, 156, 122, 0, 164), None
(279, 0, 156, 123, 0, 203), None
(272, 0, 170, 130, 0, 256), None
(280, 0, 156, 123, 0, 110), None
(280, 0, 156, 123, 0, 154), None
(280, 0, 156, 123, 0, 228), None
(279, 0, 156, 122, 0, 307), None
(280, 0, 156, 124, 0, 292), None
(279, 0, 156, 122, 0, 14), None
(280, 0, 156, 123, 0, 238), None
(279, 0, 156, 122, 0, 380), None
(279, 0, 156, 122, 0, 174), None
(279, 0, 156, 123, 0, 198), None
(278, 0, 156, 121, 0, 303), None
(280, 0, 156, 124, 0, 195), None
(278, 0, 156, 121, 0, 71), None
(279, 0, 156, 122, 0, 383), None
(278, 0, 156, 120, 0, 58), None
(279, 0, 156, 123, 0, 84), None
(278, 0, 156, 121, 0, 267), None
(280, 0, 156, 124, 0, 69), None
(278, 0, 156, 120, 0, 241), None
(278, 0, 156, 121, 0, 75), None
(279, 0, 156, 123, 0, 366), None
(279, 0, 156, 122, 0, 371), None
(279, 0, 156, 122, 0, 291), None
(280, 0, 156, 124, 0, 327), None
(279, 0, 156, 122, 0, 350), None
(280, 0, 156, 124, 0, 117), None
(279, 0, 156, 123, 0, 101), None
(279, 0, 156, 123, 0, 171), None
(280, 0, 156, 124, 0, 313), None
(279, 0, 156, 123, 0, 392), None
(278, 0, 156, 121, 0, 87), None
(278, 0, 156, 121, 0, 100), None
(279, 0, 156, 123, 0, 351), None
(280, 0, 156, 124, 0, 219), None
(280, 0, 156, 124, 0, 35), None
(280, 0, 156, 124, 0, 211), None
(278, 0, 156, 120, 0, 100), None
(280, 0, 156, 124, 0, 379), None
(279, 0, 156, 123, 0, 13), None
(279, 0, 156, 123, 0, 164), None
(279, 0, 156, 122, 0, 228), None
(279, 0, 156, 122, 0, 372), None
(279, 0, 156, 122, 0, 112), None
(279, 0, 156, 122, 0, 43), None
(279, 0, 156, 122, 0, 22), None
(279, 0, 156, 122, 0, 348), None
(279, 0, 156, 123, 0, 81), None
(279, 0, 156, 123, 0, 289), None
(279, 0, 156, 122, 0, 322), None
(280, 0, 156, 125, 0, 82), None
(279, 0, 156, 122, 0, 44), None
(280, 0, 156, 124, 0, 376), None
(278, 0, 156, 121, 0, 347), None
(280, 0, 156, 124, 0, 131), None
(280, 0, 156, 125, 0, 350), None
(280, 0, 156, 125, 0, 297), None
(279, 0, 156, 123, 0, 96), None
(278, 0, 156, 121, 0, 188), None
(279, 0, 156, 122, 0, 181), None
(280, 0, 156, 124, 0, 66), None
(280, 0, 156, 123, 0, 96), None
(280, 0, 156, 124, 0, 370), None
(280, 0, 156, 124, 0, 188), None
(279, 0, 156, 122, 0, 274), None
(280, 0, 156, 123, 0, 240), None
(279, 0, 156, 122, 0, 283), None
(280, 0, 156, 124, 0, 218), None
(279, 0, 156, 123, 0, 284), None
(279, 0, 156, 122, 0, 314), None
(278, 0, 156, 121, 0, 301), None
(277, 0, 156, 120, 0, 373), None
(280, 0, 156, 124, 0, 153), None
(280, 0, 156, 124, 0, 44), None
(278, 0, 156, 121, 0, 231), None
(279, 0, 156, 123, 0, 267), None
(279, 0, 156, 123, 0, 380), None
(278, 0, 156, 122, 0, 162), None
(279, 0, 156, 123, 0, 93), None
(280, 0, 156, 124, 0, 56), None
(280, 0, 156, 124, 0, 162), None
(279, 0, 156, 122, 0, 290), None
(278, 0, 156, 121, 0, 129), None
(279, 0, 156, 123, 0, 27), None
(277, 0, 156, 119, 0, 10), None
(280, 0, 156, 123, 0, 173), None
(279, 0, 156, 122, 0, 224), None
(279, 0, 156, 123, 0, 275), None
(280, 0, 156, 124, 0, 112), None
(280, 0, 156, 123, 0, 77), None
(279, 0, 156, 122, 0, 55), None
(280, 0, 156, 124, 0, 126), None
(279, 0, 156, 123, 0, 180), None
(279, 0, 156, 123, 0, 69), None
(188, 336, 388, 343, 211, 165), 66.0
(375, 164, 123, 324, 99, 398), None
(375, 164, 123, 325, 99, 155), None
(375, 165, 123, 325, 99, 338), None
(375, 164, 123, 324, 99, 288), None
(375, 164, 123, 324, 99, 80), None
(375, 165, 123, 325, 99, 111), None
(375, 164, 123, 324, 99, 399), None
(375, 164, 123, 324, 99, 139), None
(375, 165, 123, 325, 99, 271), None
(375, 164, 123, 325, 99, 30), None
(375, 165, 123, 325, 99, 244), None
(375, 165, 123, 325, 99, 384), None
(375, 164, 123, 324, 99, 263), None
(375, 164, 123, 324, 99, 128), None
(375, 165, 123, 325, 99, 170), None
(374, 163, 123, 323, 98, 247), None
(375, 164, 123, 325, 99, 281), None
(375, 164, 123, 324, 99, 262), None
(375, 164, 123, 325, 99, 221), None
(375, 165, 123, 325, 99, 337), None
(375, 164, 123, 325, 99, 166), None
(375, 164, 123, 324, 99, 274), None
(375, 164, 123, 325, 99, 183), None
(375, 165, 123, 325, 99, 357), None
(375, 164, 123, 324, 99, 293), None
(375, 164, 123, 324, 99, 163), None
(375, 164, 123, 325, 99, 395), None
(374, 163, 123, 323, 98, 76), None
(375, 164, 123, 325, 99, 224), None
(375, 164, 123, 325, 99, 103), None
(375, 164, 123, 325, 99, 118), None
(375, 165, 123, 325, 99, 224), None
(375, 164, 123, 325, 99, 125), None
(375, 164, 123, 325, 99, 26), None
(375, 164, 123, 324, 99, 47), None
(375, 164, 123, 324, 99, 40), None
(375, 164, 123, 324, 99, 265), None
(375, 164, 123, 324, 99, 214), None
(375, 164, 123, 325, 99, 212), None
(375, 164, 123, 325, 99, 276), None
(375, 164, 123, 325, 99, 196), None
(375, 165, 123, 325, 99, 77), None
(375, 164, 123, 324, 99, 377), None
(375, 164, 123, 324, 99, 365), None
(375, 165, 123, 325, 99, 386), None
(375, 164, 123, 324, 99, 16), None
(375, 164, 123, 324, 99, 7), None
(375, 165, 123, 325, 100, 249), 48.0
(280, 271, 94, 194, 175, 70), 74.0
(325, 279, 113, 150, 152, 58), None
(325, 279, 113, 149, 152, 58), None
(325, 279, 113, 150, 153, 58), None
(326, 279, 114, 149, 152, 58), None
(325, 279, 114, 149, 152, 58), None
Sampler:CmaEsSampler
(210, 66, 253, 204, 330, 176), 62.0
(70, 209, 281, 182, 223, 277), 60.0
(173, 164, 213, 245, 197, 196), 67.0
(129, 250, 148, 263, 277, 194), 50.0
(187, 179, 303, 224, 226, 215), 54.0
(174, 268, 134, 231, 292, 107), 60.0
(252, 116, 151, 104, 122, 224), 50.0
(217, 145, 197, 72, 295, 144), 66.0
(166, 211, 175, 205, 171, 250), 60.0
(289, 338, 258, 123, 70, 197), 60.0
(172, 123, 209, 214, 184, 208), 52.0
(300, 265, 267, 131, 340, 265), None
(112, 142, 153, 195, 248, 228), 55.0
(197, 150, 232, 165, 117, 82), None
(239, 160, 124, 209, 160, 176), None
(119, 207, 132, 145, 233, 111), None
(135, 244, 252, 241, 236, 102), 48.0
(181, 186, 219, 172, 279, 187), 54.0
(95, 234, 180, 193, 242, 112), 71.0
(175, 184, 234, 127, 366, 197), 53.0
(167, 204, 197, 137, 165, 166), 62.0
(164, 194, 172, 195, 165, 82), 52.0
(133, 162, 201, 195, 248, 234), 52.0
(140, 124, 207, 100, 152, 118), 64.0
(89, 139, 203, 190, 248, 161), 58.0
(98, 330, 180, 117, 167, 207), None
(57, 263, 248, 248, 204, 131), None
(76, 208, 89, 233, 164, 169), None
(160, 171, 281, 194, 121, 87), 70.0
(176, 213, 175, 50, 236, 173), None
(52, 131, 146, 101, 166, 125), 74.0
(209, 219, 202, 211, 368, 147), 60.0
(105, 225, 169, 86, 224, 129), 57.0
(229, 188, 298, 199, 73, 169), 49.0
(120, 161, 154, 221, 273, 165), 83.0
(80, 232, 285, 214, 105, 116), None
(106, 256, 189, 205, 183, 155), None
(160, 303, 212, 143, 253, 146), 58.0
(102, 151, 172, 228, 249, 176), 58.0
(157, 203, 167, 153, 163, 82), 62.0
(97, 118, 153, 225, 191, 14), None
(117, 125, 178, 155, 243, 92), 62.0
(77, 136, 194, 180, 223, 195), None
(128, 106, 112, 183, 230, 203), 60.0
(64, 186, 169, 161, 269, 112), 68.0
(227, 229, 149, 136, 195, 120), 56.0
(161, 161, 176, 150, 312, 88), None
(106, 152, 203, 250, 141, 186), 62.0
(194, 210, 145, 247, 257, 152), 66.0
(101, 139, 125, 186, 230, 137), 58.0
(37, 155, 69, 188, 256, 100), None
(208, 143, 86, 191, 235, 82), 62.0
(123, 129, 135, 205, 250, 48), None
(99, 201, 199, 158, 257, 79), None
(112, 173, 141, 225, 169, 31), 48.0
(127, 261, 100, 214, 120, 91), 70.0
(118, 260, 180, 216, 261, 176), 50.0
(125, 168, 96, 241, 285, 167), None
(101, 177, 186, 124, 159, 138), 62.0
(93, 194, 179, 214, 293, 158), 62.0
(109, 148, 163, 243, 243, 75), None
(102, 133, 97, 159, 219, 48), None
(147, 235, 206, 226, 290, 179), 62.0
(114, 188, 175, 97, 282, 152), None
(96, 133, 218, 126, 286, 47), None
(101, 174, 235, 154, 252, 149), 59.0
(160, 125, 201, 93, 253, 169), 66.0
(128, 193, 103, 120, 208, 114), None
(160, 133, 243, 187, 226, 231), 56.0
(172, 169, 125, 96, 165, 119), None
(156, 199, 128, 228, 208, 124), 66.0
(110, 159, 179, 220, 216, 14), None
(62, 245, 84, 151, 186, 124), 62.0
(218, 237, 153, 183, 185, 193), 64.0
(107, 159, 149, 160, 132, 99), None
(132, 248, 47, 150, 145, 119), None
(167, 167, 161, 240, 178, 181), None
(107, 226, 156, 151, 222, 113), None
(48, 180, 108, 134, 168, 73), None
(147, 189, 198, 223, 171, 134), 54.0
(186, 231, 90, 223, 127, 112), 52.0
(138, 193, 71, 207, 136, 131), 59.0
(92, 195, 145, 153, 125, 144), 63.0
(56, 196, 103, 158, 120, 108), None
(145, 244, 142, 212, 82, 146), 67.0
(119, 216, 134, 286, 109, 10), None
(175, 238, 161, 190, 216, 133), 60.0
(129, 258, 144, 147, 158, 154), 62.0
(238, 291, 153, 199, 104, 238), None
(110, 151, 74, 234, 31, 94), None
(140, 216, 143, 187, 188, 69), 67.0
(215, 280, 90, 140, 93, 218), 54.0
(193, 191, 175, 224, 93, 140), 48.0
(135, 192, 122, 207, 139, 91), 68.0
(117, 255, 156, 180, 170, 190), None
(86, 271, 91, 159, 83, 187), 64.0
(108, 205, 137, 238, 38, 118), 78.0
(141, 202, 134, 238, 140, 173), 50.0
(187, 201, 78, 214, 85, 88), None
(130, 231, 164, 267, 33, 80), None
(131, 152, 147, 250, 191, 45), None
(144, 202, 142, 198, 135, 99), None
(40, 183, 135, 209, 200, 128), 68.0
(68, 210, 90, 191, 182, 193), 59.0
(71, 222, 121, 250, 52, 86), 58.0
(82, 253, 191, 308, 16, 192), 52.0
(195, 225, 140, 203, 74, 164), 56.0
(158, 242, 153, 319, 52, 130), 64.0
(52, 182, 95, 187, 58, 128), None
(153, 244, 150, 289, 84, 135), 74.0
(164, 238, 116, 237, 36, 87), 65.0
(46, 274, 112, 137, 13, 121), None
(164, 259, 172, 193, 155, 163), 68.0
(83, 268, 207, 218, 242, 106), 56.0
(131, 198, 128, 303, 129, 155), 64.0
(99, 196, 233, 309, 53, 147), None
(77, 250, 184, 267, 81, 144), None
(125, 219, 191, 270, 95, 90), 70.0
(169, 247, 185, 245, 162, 144), 78.0
(120, 241, 162, 242, 144, 143), 66.0
(79, 291, 145, 292, 108, 200), None
(76, 333, 124, 249, 60, 151), 62.0
(175, 297, 185, 307, 130, 153), 62.0
(142, 220, 84, 246, 64, 147), 62.0
(131, 204, 131, 262, 124, 50), None
(94, 235, 133, 174, 34, 120), 73.0
(93, 236, 194, 246, 77, 92), None
(83, 211, 178, 236, 119, 76), 72.0
(69, 230, 168, 220, 56, 82), None
(128, 276, 124, 278, 96, 116), None
(57, 257, 140, 180, 141, 136), None
(153, 209, 201, 227, 171, 147), 54.0
(165, 268, 196, 251, 160, 89), 54.0
(108, 255, 199, 139, 60, 134), None
(199, 175, 201, 207, 144, 91), 60.0
(182, 275, 196, 245, 147, 159), 62.0
(120, 350, 142, 204, 84, 130), 68.0
(128, 263, 134, 246, 98, 197), None
(177, 209, 155, 203, 147, 77), None
(186, 256, 204, 230, 109, 108), None
(161, 233, 230, 261, 68, 139), None
(113, 220, 214, 249, 210, 126), None
(101, 266, 124, 234, 41, 86), None
(146, 302, 185, 209, 77, 158), None
(85, 262, 151, 240, 156, 101), 62.0
(223, 243, 228, 198, 168, 123), 56.0
(129, 220, 153, 245, 124, 156), 55.0
(106, 250, 149, 231, 80, 130), None
(133, 305, 193, 205, 85, 138), 54.0
(74, 321, 148, 200, 84, 80), None
(39, 169, 152, 245, 67, 41), None
(127, 227, 178, 275, 107, 165), 62.0
(88, 212, 180, 255, 34, 70), None
(59, 276, 165, 181, 139, 97), None
(92, 301, 228, 217, 18, 138), 58.0
(118, 231, 160, 217, 173, 114), None
(169, 203, 209, 197, 162, 121), 53.0
(122, 256, 187, 261, 149, 82), None
(84, 182, 191, 206, 117, 80), None
(181, 252, 246, 233, 141, 116), None
(141, 257, 105, 259, 140, 122), 73.0
(97, 257, 178, 233, 114, 24), None
(130, 345, 158, 297, 85, 145), 54.0
(55, 245, 173, 226, 47, 74), None
(91, 239, 164, 259, 86, 112), 71.0
(174, 274, 115, 281, 28, 119), None
(139, 322, 153, 258, 58, 174), None
(102, 327, 181, 236, 207, 166), 52.0
(146, 336, 208, 231, 100, 138), 66.0
(76, 242, 81, 313, 75, 94), None
(145, 252, 169, 230, 73, 119), 68.0
(142, 322, 127, 224, 43, 105), None
(87, 302, 61, 243, 127, 102), 68.0
(108, 235, 158, 281, 62, 87), 58.0
(154, 266, 156, 255, 137, 161), None
(109, 289, 132, 263, 129, 82), 64.0
(132, 239, 146, 249, 134, 127), 59.0
(105, 266, 113, 228, 89, 92), None
(65, 279, 146, 242, 112, 164), 62.0
(59, 291, 94, 255, 148, 84), None
(139, 290, 190, 278, 48, 143), None
(167, 259, 166, 265, 98, 138), None
(120, 266, 164, 300, 191, 186), 64.0
(120, 256, 128, 287, 73, 122), None
(164, 235, 127, 311, 99, 74), None
(177, 237, 102, 295, 163, 102), None
(122, 261, 129, 309, 103, 102), 71.0
(77, 283, 154, 246, 83, 90), None
(61, 273, 184, 224, 127, 125), 68.0
(173, 318, 118, 307, 109, 147), 58.0
(93, 272, 143, 229, 90, 67), 69.0
(56, 259, 112, 272, 79, 86), None
(66, 226, 151, 253, 72, 90), 59.0
(170, 295, 137, 265, 147, 98), None
(197, 221, 147, 283, 110, 93), None
(173, 257, 163, 265, 146, 168), 58.0
(164, 242, 122, 270, 94, 68), 74.0
(117, 292, 138, 273, 83, 138), None
(156, 283, 132, 272, 46, 147), None
(136, 298, 140, 242, 147, 70), 53.0
(114, 264, 125, 288, 51, 129), None
(96, 259, 128, 283, 85, 110), None
(108, 239, 145, 266, 103, 138), 62.0
(132, 255, 164, 304, 97, 111), None
(132, 285, 126, 199, 145, 113), None
(116, 276, 132, 242, 156, 124), 55.0
(127, 224, 127, 305, 114, 96), None
(164, 213, 134, 331, 144, 87), 66.0
(119, 307, 139, 260, 120, 125), 66.0
(123, 218, 149, 307, 77, 80), None
(143, 222, 185, 244, 115, 57), None
(156, 210, 141, 285, 137, 106), 54.0
(160, 249, 210, 282, 110, 91), None
(102, 292, 168, 291, 44, 78), None
(120, 167, 153, 272, 141, 80), None
(143, 225, 145, 271, 31, 44), None
(126, 192, 108, 269, 138, 50), None
(173, 253, 124, 240, 143, 144), 66.0
(178, 273, 81, 256, 107, 56), None
(150, 250, 140, 314, 106, 88), 48.0
(179, 242, 140, 287, 116, 60), 53.0
(97, 240, 121, 265, 87, 173), None
(152, 196, 130, 313, 107, 66), 68.0
(120, 260, 153, 258, 57, 118), None
(217, 255, 157, 254, 44, 72), None
(108, 289, 131, 293, 178, 67), 52.0
(104, 225, 120, 237, 163, 85), 61.0
(150, 260, 102, 253, 88, 84), 79.0
(150, 258, 104, 255, 90, 32), None
(170, 271, 129, 268, 105, 54), 77.0
(122, 283, 106, 251, 82, 53), 64.0
(140, 217, 110, 324, 115, 76), None
(162, 241, 86, 234, 69, 70), 70.0
(153, 275, 124, 286, 130, 69), 45.0
(142, 296, 70, 297, 101, 150), 59.0
(163, 292, 111, 277, 80, 147), None
(177, 187, 115, 313, 99, 97), None
(141, 260, 94, 285, 51, 65), 62.0
(176, 260, 147, 256, 128, 70), None
(237, 238, 78, 289, 101, 158), None
(201, 223, 83, 268, 66, 79), None
(170, 227, 134, 280, 95, 139), 64.0
(136, 245, 107, 279, 142, 105), 60.0
(186, 247, 136, 288, 114, 138), None
(194, 244, 52, 259, 140, 100), 56.0
(157, 290, 95, 251, 115, 22), None
(164, 255, 134, 223, 153, 52), None
(135, 299, 161, 233, 38, 98), None
(170, 194, 115, 225, 158, 42), None
(243, 287, 62, 246, 97, 111), None
(125, 223, 121, 250, 149, 61), 56.0
(169, 283, 107, 311, 79, 127), None
(217, 288, 109, 253, 95, 117), 62.0
(184, 285, 129, 311, 92, 42), None
(133, 288, 99, 245, 87, 29), None
(97, 273, 128, 268, 71, 52), None
(158, 240, 140, 245, 122, 123), 76.0
(172, 237, 120, 187, 104, 38), 62.0
(173, 248, 104, 237, 104, 111), None
(159, 315, 101, 262, 47, 85), None
(154, 250, 126, 296, 94, 42), None
(209, 257, 116, 250, 102, 64), 62.0
(87, 270, 105, 248, 102, 46), None
(193, 277, 128, 295, 68, 41), None
(169, 271, 129, 223, 92, 55), None
(199, 274, 149, 233, 106, 153), None
(101, 238, 95, 262, 128, 28), 66.0
(185, 306, 98, 277, 24, 51), None
(113, 286, 80, 239, 56, 58), None
(188, 238, 124, 300, 49, 51), None
(158, 215, 92, 239, 91, 78), None
(122, 280, 99, 214, 70, 112), None
(114, 272, 114, 283, 95, 107), None
(121, 276, 122, 233, 111, 57), None
(128, 252, 117, 237, 105, 42), None
(109, 301, 58, 215, 85, 65), None
(174, 292, 98, 240, 40, 33), None
(151, 298, 111, 268, 82, 38), None
(133, 302, 82, 278, 112, 30), 54.0
(138, 212, 119, 284, 121, 129), 70.0
(135, 269, 157, 213, 88, 96), None
(143, 283, 87, 201, 74, 51), 72.0
(157, 274, 103, 241, 90, 105), 54.0
(159, 265, 94, 261, 78, 85), None
(165, 256, 134, 232, 78, 96), None
(149, 260, 107, 251, 134, 50), None
(151, 224, 96, 227, 125, 79), None
(126, 256, 161, 237, 105, 116), None
(150, 240, 121, 263, 121, 105), None
(150, 201, 127, 267, 141, 100), 70.0
(158, 245, 137, 225, 89, 143), 64.0
(135, 271, 132, 234, 76, 140), 61.0
(154, 209, 146, 246, 108, 108), None
(182, 251, 122, 232, 110, 109), None
(192, 236, 79, 230, 87, 57), None
(130, 225, 134, 200, 109, 70), 64.0
(152, 214, 118, 212, 100, 111), None
(136, 280, 134, 227, 105, 118), 70.0
(157, 247, 125, 215, 105, 88), 56.0
(209, 238, 126, 237, 158, 88), 48.0
(142, 256, 150, 285, 107, 128), None
(201, 237, 125, 262, 75, 112), 70.0
(146, 266, 152, 254, 108, 150), 53.0
(159, 252, 143, 311, 104, 81), 58.0
(135, 242, 121, 209, 129, 95), 72.0
(128, 229, 104, 274, 134, 122), 51.0
(148, 222, 165, 267, 98, 115), None
(193, 229, 162, 246, 126, 125), 52.0
(140, 223, 102, 259, 135, 123), 58.0
(162, 299, 99, 266, 59, 91), None
(140, 198, 129, 241, 122, 128), 74.0
(127, 246, 142, 241, 111, 102), None
(144, 246, 149, 224, 85, 98), None
(137, 232, 110, 220, 142, 99), None
(131, 218, 177, 247, 103, 101), 66.0
(168, 275, 103, 271, 67, 62), 46.0
(160, 174, 170, 215, 133, 143), 60.0
(156, 194, 115, 209, 127, 129), None
(136, 228, 144, 207, 141, 111), None
(143, 188, 167, 243, 117, 110), None
(131, 235, 133, 246, 151, 111), None
(138, 202, 125, 241, 87, 53), 65.0
(150, 243, 132, 253, 91, 95), 64.0
(116, 242, 144, 209, 94, 92), 54.0
(132, 215, 139, 250, 85, 112), 60.0
(128, 206, 158, 255, 116, 74), None
(137, 199, 100, 245, 140, 97), None
(151, 200, 136, 236, 93, 99), None
(117, 207, 134, 226, 117, 154), None
(159, 196, 133, 269, 139, 129), 71.0
(103, 260, 158, 214, 125, 126), 61.0
(125, 219, 133, 287, 108, 101), 62.0
(148, 229, 84, 247, 93, 71), 58.0
(130, 197, 123, 212, 120, 82), 52.0
(109, 217, 139, 208, 109, 115), None
(137, 208, 135, 226, 142, 119), 64.0
(174, 210, 119, 255, 121, 114), None
(167, 245, 133, 261, 95, 118), 52.0
(138, 222, 150, 251, 117, 131), 50.0
(133, 212, 151, 224, 161, 110), None
(143, 225, 104, 248, 97, 92), None
(137, 208, 134, 250, 136, 73), 58.0
(146, 206, 169, 287, 97, 41), None
(171, 174, 120, 247, 146, 121), 82.0
(149, 208, 136, 272, 126, 115), None
(120, 186, 143, 263, 81, 96), None
(145, 203, 164, 266, 112, 89), 71.0
(118, 231, 115, 275, 116, 91), None
(144, 199, 147, 237, 94, 88), 60.0
(129, 207, 121, 232, 159, 110), None
(177, 207, 148, 242, 94, 137), 70.0
(196, 178, 135, 258, 135, 132), None
(164, 227, 130, 289, 107, 121), 66.0
(153, 161, 169, 275, 115, 145), None
(179, 177, 103, 253, 99, 50), None
(201, 168, 143, 283, 175, 111), None
(190, 206, 123, 266, 117, 114), None
(158, 184, 139, 241, 131, 111), None
(160, 205, 149, 269, 149, 139), None
(164, 227, 131, 290, 119, 138), 51.0
(157, 168, 176, 236, 118, 121), 58.0
(142, 213, 99, 223, 102, 106), None
(203, 173, 126, 275, 168, 143), 48.0
(146, 176, 159, 265, 109, 76), 58.0
(137, 209, 150, 262, 102, 60), 66.0
(142, 197, 130, 199, 129, 144), 56.0
(171, 199, 127, 255, 116, 74), None
(153, 178, 140, 268, 97, 90), None
(134, 229, 138, 249, 84, 74), 60.0
(170, 241, 135, 292, 137, 144), 56.0
(129, 221, 142, 276, 102, 83), 62.0
(152, 219, 137, 298, 91, 74), 72.0
(146, 247, 127, 259, 86, 116), 65.0
(131, 234, 152, 250, 104, 115), None
(144, 241, 138, 284, 97, 80), None
(166, 222, 152, 303, 104, 45), None
(120, 214, 144, 249, 91, 91), None
(152, 199, 98, 291, 106, 112), None
(162, 210, 100, 281, 98, 83), None
(177, 169, 158, 268, 124, 123), 53.0
(143, 227, 171, 294, 69, 101), 55.0
(131, 181, 140, 279, 153, 57), None
(143, 207, 115, 258, 112, 75), None
(199, 232, 136, 280, 87, 97), None
(104, 208, 171, 268, 69, 94), 62.0
(132, 225, 138, 291, 93, 60), 52.0
(165, 222, 151, 269, 72, 105), 59.0
(152, 202, 108, 280, 82, 68), 66.0
(136, 183, 121, 279, 107, 86), 58.0
(144, 209, 160, 292, 76, 78), None
(148, 222, 126, 303, 66, 71), 69.0
(170, 200, 130, 262, 99, 141), None
(150, 229, 117, 282, 84, 48), None
(123, 203, 147, 315, 93, 78), None
(174, 186, 116, 355, 88, 94), 68.0
(142, 278, 147, 254, 47, 109), None
(153, 214, 119, 299, 83, 101), 62.0
(127, 215, 119, 281, 115, 117), None
(140, 264, 140, 286, 37, 70), None
(164, 186, 126, 245, 124, 133), 62.0
(159, 219, 143, 311, 66, 102), 56.0
(197, 167, 151, 310, 120, 100), 48.0
(165, 189, 135, 300, 99, 69), None
(159, 236, 120, 284, 98, 79), None
(158, 192, 101, 289, 88, 65), 62.0
(161, 203, 137, 292, 83, 89), 52.0
(167, 200, 140, 325, 130, 91), 72.0
(141, 234, 135, 338, 35, 32), 78.0
(171, 166, 116, 338, 99, 77), None
(138, 219, 112, 336, 63, 81), 74.0
(165, 200, 135, 276, 105, 124), 67.0
(126, 266, 141, 278, 48, 79), None
(117, 217, 162, 290, 33, 62), 58.0
(153, 198, 108, 347, 75, 70), 60.0
(167, 231, 88, 328, 78, 82), None
(149, 180, 144, 368, 92, 64), 70.0
(169, 196, 91, 318, 91, 88), None
(174, 207, 85, 309, 68, 48), None
(155, 211, 168, 301, 82, 103), 74.0
(174, 213, 98, 317, 72, 76), None
(179, 223, 120, 308, 65, 99), None
(173, 185, 101, 304, 100, 127), 48.0
(113, 201, 131, 288, 67, 72), None
(153, 189, 106, 311, 58, 40), None
(169, 230, 125, 337, 25, 39), 64.0
(136, 302, 144, 271, 12, 41), None
(140, 226, 131, 349, 32, 78), None
(122, 232, 131, 299, 64, 75), None
(106, 185, 159, 354, 60, 57), None
(131, 195, 162, 264, 119, 93), 54.0
(147, 219, 144, 392, 64, 143), 48.0
(116, 205, 143, 296, 56, 59), None
(174, 214, 164, 322, 73, 50), None
(125, 236, 141, 315, 58, 83), None
(142, 221, 123, 305, 64, 82), 75.0
(213, 237, 106, 392, 65, 49), None
(125, 269, 141, 339, 21, 39), 54.0
(166, 211, 145, 350, 100, 56), None
(185, 222, 106, 398, 31, 63), 56.0
(145, 220, 152, 328, 38, 76), 68.0
(131, 240, 143, 284, 78, 57), None
(149, 246, 116, 342, 47, 54), None
(113, 225, 103, 246, 91, 59), None
(151, 234, 102, 361, 31, 25), 66.0
(162, 206, 113, 343, 69, 68), None
(115, 231, 177, 329, 42, 103), None
(149, 249, 129, 365, 48, 42), None
(130, 257, 149, 323, 88, 68), 50.0
(172, 224, 67, 327, 67, 64), None
(139, 229, 150, 353, 52, 39), 62.0
(150, 187, 105, 251, 96, 89), None
(121, 263, 135, 296, 40, 100), 61.0
(169, 197, 88, 348, 19, 76), 62.0
(161, 258, 128, 296, 18, 34), 64.0
(108, 230, 161, 345, 63, 63), None
(163, 227, 188, 329, 52, 65), 68.0
(167, 233, 117, 304, 48, 68), None
(145, 230, 135, 329, 37, 60), 64.0
(159, 227, 153, 351, 85, 62), 54.0
(175, 213, 111, 366, 77, 65), None
(167, 218, 126, 361, 71, 65), 67.0
(126, 192, 137, 394, 4, 56), None
(161, 209, 128, 327, 74, 64), 60.0
(149, 207, 172, 294, 79, 55), None
(183, 246, 152, 336, 82, 69), 54.0
(134, 214, 118, 323, 59, 59), None
(155, 215, 174, 298, 76, 62), 64.0
(153, 252, 166, 355, 50, 43), None
(147, 265, 150, 303, 39, 85), 67.0
(129, 197, 149, 284, 96, 105), None
(167, 229, 160, 375, 42, 55), None
(132, 285, 151, 352, 3, 49), None
(156, 218, 161, 371, 8, 52), None
(209, 193, 130, 315, 76, 74), 61.0
(200, 261, 154, 309, 68, 90), 57.0
(132, 220, 206, 328, 71, 78), None
(173, 199, 154, 343, 89, 49), None
(177, 213, 161, 281, 109, 66), 67.0
(118, 203, 176, 277, 66, 94), 58.0
(188, 214, 172, 360, 57, 101), None
(197, 264, 212, 353, 20, 81), 48.0
(144, 240, 102, 363, 2, 61), 61.0
(168, 241, 148, 296, 64, 106), 71.0
(137, 240, 145, 353, 39, 30), 64.0
(168, 209, 183, 364, 61, 75), 66.0
(190, 246, 147, 317, 47, 76), None
(162, 234, 134, 222, 143, 109), 74.0
(132, 217, 159, 296, 65, 67), 57.0
(190, 251, 152, 319, 39, 59), None
(155, 259, 158, 305, 44, 74), None
(132, 239, 151, 318, 75, 72), 74.0
(158, 213, 162, 299, 109, 80), None
(170, 253, 144, 285, 77, 70), None
(129, 258, 143, 352, 38, 82), 58.0
(161, 235, 161, 297, 83, 66), None
(149, 247, 161, 351, 17, 78), None
(166, 241, 165, 318, 65, 51), 54.0
(159, 225, 138, 266, 57, 61), None
(181, 246, 147, 258, 57, 116), None
(158, 204, 201, 243, 129, 135), 55.0
