Sampler:TPESampler
(108, 211, 162, 208, 168, 117), 60.0
(30, 102, 250, 193, 186, 267), 46.0
(13, 79, 56, 176, 162, 59), 62.0
(6, 21, 20, 97, 50, 49), 64.0
(86, 252, 252, 205, 259, 72), None
(104, 211, 191, 122, 70, 95), 44.0
(33, 65, 123, 198, 51, 211), 38.0
(12, 242, 229, 280, 80, 131), 43.0
(222, 269, 11, 235, 233, 23), 36.0
(194, 63, 92, 239, 214, 263), 40.0
(289, 298, 3, 18, 293, 2), 39.0
(214, 155, 111, 297, 13, 202), 38.0
(247, 149, 107, 254, 104, 185), 38.0
(172, 3, 51, 137, 225, 206), 49.0
(134, 145, 149, 70, 126, 162), 51.0
(241, 47, 290, 241, 4, 231), None
(76, 290, 71, 162, 297, 9), 34.0
(74, 288, 60, 153, 298, 2), 40.0
(145, 258, 34, 75, 262, 35), 42.0
(285, 189, 85, 163, 248, 27), 48.0
(51, 274, 0, 4, 210, 89), 38.0
(60, 274, 7, 5, 201, 81), 54.0
(42, 105, 128, 227, 132, 238), 52.0
(211, 177, 85, 297, 274, 160), 48.0
(225, 222, 34, 268, 241, 18), 48.0
(256, 126, 70, 255, 117, 167), 39.0
(172, 179, 35, 224, 106, 297), 42.0
(256, 233, 101, 180, 281, 133), 54.0
(118, 264, 5, 49, 228, 99), 48.0
(72, 198, 165, 206, 178, 46), 41.0
(98, 279, 25, 106, 196, 68), 38.0
(104, 276, 30, 107, 200, 68), 54.0
(49, 290, 19, 33, 151, 106), 42.0
(90, 237, 45, 84, 196, 23), 44.0
(123, 276, 74, 130, 162, 54), 34.0
(176, 299, 69, 136, 171, 51), 42.0
(128, 253, 63, 117, 153, 63), None
(97, 215, 18, 179, 237, 40), 49.0
(260, 158, 135, 262, 95, 180), 52.0
(194, 98, 111, 296, 29, 8), 59.0
(123, 282, 189, 93, 186, 124), 60.0
(157, 262, 78, 136, 168, 19), 46.0
(22, 272, 49, 59, 215, 88), 38.0
(78, 240, 0, 164, 258, 79), 58.0
(29, 264, 55, 49, 226, 61), 58.0
(65, 224, 17, 59, 142, 113), 46.0
(4, 248, 43, 22, 216, 40), 38.0
(20, 249, 43, 22, 209, 34), 56.0
(240, 135, 100, 216, 72, 141), 42.0
(145, 290, 28, 113, 185, 11), 38.0
(140, 299, 21, 124, 184, 9), 44.0
(117, 278, 112, 195, 160, 56), 38.0
(156, 287, 74, 187, 162, 55), 42.0
(109, 269, 89, 153, 286, 30), 38.0
(111, 287, 121, 153, 284, 14), 42.0
(91, 266, 93, 168, 298, 29), 54.0
(151, 256, 56, 198, 253, 3), 34.0
(98, 228, 59, 145, 267, 0), 42.0
(182, 248, 53, 242, 251, 0), 58.0
(39, 33, 141, 196, 30, 264), 44.0
(158, 289, 5, 215, 239, 16), 45.0
(3, 258, 37, 101, 219, 83), 38.0
(111, 278, 86, 170, 285, 47), 40.0
(212, 163, 68, 248, 269, 175), 52.0
(56, 270, 162, 188, 255, 31), 36.0
(27, 207, 172, 128, 257, 27), None
(57, 242, 230, 230, 231, 77), None
(82, 294, 179, 188, 242, 10), 40.0
(68, 254, 12, 96, 249, 42), 48.0
(0, 260, 41, 207, 218, 36), 43.0
(17, 273, 156, 32, 274, 93), 42.0
(138, 270, 120, 145, 287, 23), 48.0
(52, 280, 28, 195, 196, 70), 43.0
(150, 247, 81, 177, 142, 57), 38.0
(129, 260, 92, 154, 295, 32), 44.0
(284, 172, 209, 281, 206, 228), 63.0
(203, 96, 10, 2, 2, 199), None
(217, 61, 146, 274, 185, 6), 40.0
(236, 133, 107, 292, 47, 193), 46.0
(97, 282, 27, 131, 157, 20), 36.0
(89, 232, 49, 132, 173, 47), 58.0
(148, 284, 78, 174, 141, 57), 38.0
(167, 246, 78, 178, 110, 19), 42.0
(6, 256, 42, 111, 221, 67), 40.0
(99, 266, 63, 106, 141, 102), 54.0
(112, 273, 67, 215, 263, 24), 44.0
(119, 293, 289, 118, 156, 11), 46.0
(38, 236, 40, 159, 272, 39), 54.0
(103, 299, 32, 86, 176, 16), 38.0
(82, 266, 31, 146, 257, 29), 48.0
(45, 12, 21, 202, 229, 281), 43.0
(270, 285, 129, 188, 120, 52), 40.0
(61, 278, 11, 72, 165, 88), 40.0
(130, 291, 1, 47, 191, 112), 58.0
(23, 274, 50, 23, 213, 4), None
(74, 296, 21, 85, 132, 18), 40.0
(247, 153, 99, 232, 157, 32), 38.0
(122, 280, 99, 223, 159, 43), 48.0
(91, 268, 26, 139, 280, 25), 46.0
(9, 257, 37, 157, 288, 41), 34.0
(13, 255, 34, 85, 236, 64), 42.0
(102, 142, 55, 184, 174, 149), 44.0
(34, 279, 160, 15, 146, 37), 36.0
(31, 285, 160, 18, 245, 37), 43.0
(51, 261, 169, 11, 279, 49), 42.0
(9, 285, 185, 172, 149, 74), 48.0
(36, 298, 49, 61, 253, 16), 72.0
(23, 273, 61, 158, 293, 7), 50.0
(248, 217, 156, 34, 94, 35), 47.0
(16, 247, 196, 10, 233, 43), 38.0
(55, 241, 14, 163, 132, 62), 40.0
(45, 268, 116, 10, 289, 23), 40.0
(35, 85, 73, 38, 265, 227), 52.0
(133, 191, 145, 232, 147, 32), 54.0
(0, 254, 27, 105, 224, 82), 49.0
(94, 280, 26, 114, 201, 13), 51.0
(82, 260, 35, 126, 207, 57), 40.0
(14, 275, 136, 198, 239, 47), 48.0
(67, 299, 47, 141, 179, 0), 45.0
(115, 280, 5, 168, 168, 68), None
(150, 292, 79, 176, 139, 55), 41.0
(228, 284, 58, 61, 126, 38), 46.0
(103, 290, 100, 251, 161, 19), 45.0
(193, 122, 42, 132, 154, 32), 52.0
(20, 247, 218, 23, 232, 43), 34.0
(144, 251, 243, 153, 277, 26), 38.0
(140, 230, 241, 1, 278, 50), 38.0
(72, 264, 250, 150, 293, 26), 48.0
(26, 242, 214, 0, 215, 125), 42.0
(9, 272, 36, 101, 221, 78), 44.0
(127, 204, 275, 245, 298, 13), 42.0
(165, 289, 17, 121, 146, 20), 38.0
(161, 247, 259, 121, 272, 29), 44.0
(107, 230, 238, 16, 278, 43), 44.0
(124, 257, 262, 259, 162, 9), 48.0
(64, 267, 213, 154, 286, 90), 40.0
(178, 262, 81, 172, 139, 58), 50.0
(141, 252, 223, 8, 248, 52), 50.0
(18, 283, 194, 27, 235, 40), 36.0
(22, 271, 226, 25, 234, 44), 46.0
(18, 222, 194, 44, 229, 43), 40.0
(297, 237, 194, 16, 241, 35), 40.0
(153, 282, 200, 28, 232, 58), 42.0
(5, 250, 172, 5, 258, 47), None
(165, 292, 17, 128, 146, 21), 67.0
(6, 276, 66, 89, 219, 40), 40.0
(44, 277, 9, 192, 188, 71), 48.0
(117, 288, 20, 136, 181, 7), 41.0
(32, 260, 87, 180, 127, 52), 48.0
(139, 244, 238, 160, 266, 28), 52.0
(265, 270, 179, 55, 208, 33), 46.0
(12, 268, 72, 144, 288, 25), 46.0
(132, 285, 91, 165, 145, 15), 44.0
(148, 253, 151, 174, 136, 38), 66.0
(18, 281, 55, 237, 245, 57), 52.0
(143, 263, 241, 216, 276, 4), 60.0
(96, 255, 203, 13, 253, 26), 40.0
(27, 237, 0, 6, 226, 63), 47.0
(110, 277, 115, 77, 154, 19), 60.0
(119, 294, 85, 208, 195, 64), 57.0
(5, 259, 48, 41, 216, 85), 49.0
(78, 298, 35, 79, 172, 72), 57.0
(163, 287, 10, 184, 150, 14), 43.0
(10, 274, 177, 29, 204, 41), 40.0
(229, 267, 38, 98, 167, 0), 44.0
(173, 292, 24, 201, 157, 10), 34.0
(16, 282, 28, 204, 237, 48), 40.0
(84, 298, 24, 20, 176, 8), 62.0
(171, 289, 17, 109, 292, 20), 38.0
(185, 287, 17, 119, 151, 19), 54.0
(29, 277, 127, 200, 29, 222), None
(109, 271, 30, 151, 284, 31), 42.0
(137, 37, 248, 223, 298, 37), None
(205, 292, 70, 191, 291, 244), 58.0
(88, 279, 110, 238, 158, 13), 48.0
(169, 293, 164, 104, 192, 5), 52.0
(19, 263, 220, 14, 224, 49), 34.0
(0, 266, 58, 23, 213, 96), 50.0
(103, 271, 216, 66, 167, 11), 42.0
(154, 282, 220, 182, 120, 53), 44.0
(190, 282, 206, 134, 226, 62), 54.0
(249, 289, 44, 110, 182, 23), 45.0
(3, 264, 185, 0, 200, 47), 50.0
(224, 259, 63, 270, 81, 35), 48.0
(38, 273, 138, 210, 222, 158), 44.0
(159, 250, 256, 37, 272, 29), 40.0
(149, 243, 224, 10, 234, 41), 45.0
(22, 264, 151, 21, 243, 140), 46.0
(216, 119, 232, 116, 36, 255), 52.0
(24, 275, 78, 197, 158, 58), 44.0
(171, 286, 24, 93, 137, 69), 44.0
(125, 299, 38, 13, 175, 50), 58.0
(18, 247, 75, 176, 232, 44), 44.0
(103, 292, 32, 123, 145, 15), 39.0
(12, 269, 49, 129, 223, 103), 52.0
(8, 257, 18, 110, 212, 78), 42.0
(115, 174, 28, 32, 160, 31), 56.0
(145, 253, 156, 160, 281, 23), 40.0
(17, 247, 41, 26, 239, 41), None
(272, 273, 95, 168, 164, 36), 46.0
(144, 258, 81, 158, 262, 53), 38.0
(158, 237, 241, 8, 143, 45), 44.0
(179, 61, 14, 100, 19, 17), 73.0
(32, 278, 232, 148, 252, 28), 40.0
(135, 287, 245, 190, 288, 22), 64.0
(149, 229, 86, 167, 280, 34), 48.0
(127, 283, 69, 144, 298, 11), 48.0
(57, 164, 56, 153, 154, 27), 54.0
(98, 265, 44, 3, 217, 49), 51.0
(42, 252, 23, 16, 208, 281), 40.0
(238, 184, 231, 211, 277, 6), 44.0
(94, 294, 33, 139, 152, 2), 64.0
(21, 243, 198, 234, 132, 51), 36.0
(141, 242, 82, 159, 248, 54), 40.0
(166, 288, 9, 185, 132, 56), 44.0
(25, 234, 168, 241, 150, 39), 45.0
(152, 259, 103, 229, 289, 184), 54.0
(156, 282, 208, 226, 126, 17), 48.0
(11, 28, 94, 232, 261, 62), 42.0
(134, 269, 190, 247, 162, 32), 48.0
(14, 247, 197, 88, 230, 67), 37.0
(17, 240, 201, 177, 140, 44), 40.0
(22, 247, 182, 19, 229, 49), 46.0
(1, 252, 199, 94, 229, 61), 46.0
(176, 276, 217, 111, 219, 85), 50.0
(10, 254, 210, 158, 271, 66), 38.0
(29, 257, 64, 68, 224, 69), 40.0
(9, 248, 191, 103, 266, 66), 40.0
(107, 294, 265, 51, 188, 11), 44.0
(115, 283, 76, 85, 170, 20), 42.0
(73, 265, 213, 295, 147, 174), 52.0
(5, 261, 196, 221, 236, 38), 40.0
(20, 278, 79, 190, 179, 51), 36.0
(15, 152, 203, 262, 11, 41), 40.0
(11, 140, 210, 285, 240, 63), 46.0
(20, 275, 86, 196, 258, 50), 42.0
(30, 287, 160, 115, 290, 58), 38.0
(144, 261, 50, 201, 169, 46), 52.0
(32, 280, 159, 120, 247, 52), 42.0
(22, 267, 195, 152, 295, 25), 42.0
(15, 245, 32, 190, 235, 31), 49.0
(109, 275, 94, 159, 181, 52), 44.0
(50, 279, 0, 185, 198, 73), 40.0
(248, 74, 122, 257, 78, 210), 44.0
(146, 250, 75, 173, 229, 56), 44.0
(15, 292, 38, 78, 138, 45), 56.0
(34, 271, 167, 28, 224, 58), 44.0
(24, 288, 175, 180, 292, 58), 36.0
(27, 289, 173, 125, 295, 59), 38.0
(121, 286, 150, 195, 289, 54), 42.0
(21, 281, 23, 204, 280, 19), 50.0
(27, 269, 175, 14, 216, 37), 46.0
(135, 112, 81, 164, 268, 0), 44.0
(9, 257, 187, 234, 157, 7), 42.0
(27, 299, 172, 113, 295, 59), 38.0
(9, 293, 38, 130, 172, 11), 58.0
(17, 240, 181, 11, 164, 34), 40.0
(40, 298, 165, 193, 55, 119), 38.0
(152, 248, 69, 181, 285, 47), 46.0
(0, 262, 252, 148, 285, 41), 42.0
(25, 254, 220, 5, 242, 65), 38.0
(23, 232, 224, 7, 244, 67), 36.0
(163, 254, 219, 22, 254, 53), None
(21, 277, 189, 200, 297, 36), 50.0
(14, 241, 206, 17, 231, 79), 48.0
(32, 285, 225, 32, 291, 65), None
(45, 225, 164, 192, 245, 48), 54.0
(209, 270, 212, 166, 132, 27), 48.0
(38, 281, 155, 182, 145, 59), 44.0
(100, 275, 46, 172, 154, 68), 45.0
(25, 218, 223, 3, 262, 220), 50.0
(19, 299, 171, 10, 236, 43), 36.0
(22, 234, 236, 122, 237, 40), 54.0
(38, 299, 166, 8, 64, 131), 40.0
(35, 296, 179, 1, 55, 49), 60.0
(18, 290, 174, 139, 234, 43), 38.0
(27, 291, 169, 116, 299, 74), 42.0
(3, 263, 106, 22, 102, 51), 54.0
(6, 231, 54, 26, 223, 30), 48.0
(12, 288, 28, 106, 247, 12), None
(12, 253, 220, 12, 250, 67), None
(65, 293, 197, 189, 241, 122), 46.0
(31, 286, 164, 156, 252, 60), 38.0
(33, 283, 157, 197, 64, 116), 54.0
(21, 244, 236, 15, 256, 24), 40.0
(15, 258, 15, 16, 261, 54), None
(19, 245, 62, 239, 243, 43), 42.0
(26, 239, 161, 146, 287, 59), 38.0
(15, 277, 18, 38, 231, 20), 56.0
(23, 237, 42, 7, 238, 38), 51.0
(30, 285, 153, 155, 250, 28), 44.0
(256, 201, 71, 214, 270, 33), 44.0
(233, 89, 141, 251, 161, 8), 42.0
(42, 297, 162, 206, 229, 108), 52.0
(196, 72, 214, 137, 242, 45), 38.0
(271, 290, 77, 22, 151, 37), 30.0
(80, 290, 78, 22, 135, 5), 54.0
(284, 295, 204, 97, 220, 96), 42.0
(48, 298, 172, 5, 237, 37), 46.0
(39, 287, 174, 31, 234, 43), 30.0
(220, 282, 185, 34, 151, 14), 45.0
(57, 299, 173, 29, 156, 47), 60.0
(184, 279, 89, 19, 145, 33), 45.0
(36, 290, 178, 26, 242, 74), 46.0
(50, 274, 230, 11, 112, 142), 40.0
(117, 267, 160, 17, 162, 52), 56.0
(125, 274, 74, 186, 226, 41), 42.0
(21, 267, 68, 43, 257, 51), 52.0
(5, 272, 30, 24, 212, 38), 52.0
(283, 194, 83, 221, 140, 56), 52.0
(88, 287, 10, 129, 167, 23), 58.0
(39, 291, 167, 63, 298, 61), 48.0
(194, 281, 216, 140, 236, 45), 42.0
(275, 284, 62, 30, 127, 44), 44.0
(28, 296, 184, 179, 229, 48), 34.0
(112, 261, 83, 169, 149, 52), 66.0
(174, 227, 191, 132, 245, 15), 53.0
(32, 280, 226, 179, 232, 35), 34.0
(296, 291, 182, 187, 143, 34), 44.0
(40, 298, 179, 183, 228, 39), 36.0
(42, 293, 183, 176, 231, 38), 36.0
(46, 294, 186, 172, 229, 40), 44.0
(43, 211, 179, 179, 235, 46), None
(33, 293, 185, 178, 233, 40), 42.0
(53, 283, 178, 167, 227, 29), 36.0
(60, 284, 189, 181, 227, 30), 64.0
(53, 299, 179, 173, 223, 34), 42.0
(54, 279, 175, 166, 232, 26), 36.0
(61, 279, 173, 166, 234, 25), 38.0
(47, 287, 184, 177, 224, 30), 38.0
(56, 278, 177, 165, 239, 37), 40.0
(49, 284, 170, 183, 229, 28), 36.0
(53, 286, 171, 186, 220, 31), 36.0
(52, 291, 175, 178, 218, 29), 42.0
(39, 284, 227, 183, 227, 24), None
(72, 292, 171, 170, 229, 32), 33.0
(76, 292, 178, 173, 221, 34), 40.0
(61, 287, 167, 188, 241, 44), 44.0
(54, 299, 168, 184, 230, 26), 42.0
(67, 294, 172, 171, 233, 40), 56.0
(70, 277, 168, 162, 239, 19), 40.0
(45, 285, 161, 193, 225, 34), 38.0
(40, 293, 182, 188, 234, 39), 37.0
(53, 299, 171, 168, 217, 27), 48.0
(38, 273, 192, 163, 248, 17), 36.0
(48, 279, 181, 166, 248, 20), 40.0
(44, 271, 146, 177, 247, 33), 38.0
(34, 288, 176, 177, 206, 44), 40.0
(70, 279, 230, 192, 238, 29), 50.0
(64, 284, 187, 171, 227, 36), 44.0
(51, 293, 189, 183, 223, 32), 38.0
(48, 289, 175, 183, 214, 24), 47.0
(39, 273, 190, 198, 220, 4), 40.0
(36, 269, 193, 160, 251, 13), 54.0
(30, 295, 203, 161, 118, 17), 54.0
(58, 282, 182, 175, 227, 22), 38.0
(55, 276, 195, 168, 232, 27), 48.0
(42, 282, 183, 188, 211, 0), 52.0
(29, 289, 169, 181, 233, 37), 36.0
(58, 293, 164, 175, 232, 36), 46.0
(29, 288, 170, 179, 223, 40), 32.0
(43, 271, 6, 163, 227, 16), 42.0
(33, 282, 158, 178, 156, 45), 41.0
(66, 285, 177, 194, 218, 30), 38.0
(49, 287, 168, 187, 221, 37), 46.0
(26, 274, 208, 171, 244, 50), 42.0
(36, 6, 163, 179, 236, 42), 52.0
(38, 278, 226, 202, 243, 23), 52.0
(45, 264, 180, 198, 227, 30), 48.0
(32, 298, 170, 171, 212, 41), 50.0
(28, 290, 168, 183, 238, 49), 34.0
(27, 294, 173, 184, 239, 49), 41.0
(62, 299, 151, 13, 231, 42), 42.0
(78, 289, 176, 190, 222, 10), 38.0
(26, 289, 156, 151, 253, 47), 46.0
(19, 283, 164, 192, 238, 47), 42.0
(82, 265, 170, 185, 218, 7), 38.0
(28, 289, 177, 182, 227, 36), 40.0
(31, 290, 22, 180, 245, 48), 52.0
(87, 299, 221, 22, 240, 43), 59.0
(22, 295, 187, 203, 255, 53), 36.0
(51, 279, 157, 194, 152, 30), 49.0
(73, 285, 162, 188, 223, 37), 48.0
(19, 291, 235, 17, 161, 54), 49.0
(203, 291, 165, 176, 241, 39), 63.0
(34, 293, 187, 207, 249, 195), 50.0
(42, 282, 167, 170, 231, 29), 42.0
(40, 276, 173, 163, 230, 35), 40.0
(67, 282, 179, 185, 211, 23), 36.0
(30, 295, 150, 157, 249, 43), 32.0
(23, 294, 58, 202, 257, 54), 32.0
(72, 266, 66, 212, 259, 17), 38.0
(31, 298, 61, 155, 263, 0), 47.0
(23, 295, 150, 208, 256, 54), 46.0
(24, 299, 57, 206, 249, 48), 36.0
(35, 288, 52, 167, 223, 56), 58.0
(28, 292, 134, 174, 127, 42), 38.0
(21, 293, 74, 201, 253, 54), 38.0
(92, 285, 142, 156, 235, 31), 46.0
(28, 288, 145, 6, 246, 44), 46.0
(28, 299, 59, 11, 246, 46), 56.0
(15, 288, 73, 30, 152, 51), 55.0
(23, 287, 64, 215, 147, 60), 41.0
(61, 278, 70, 197, 217, 12), 36.0
(15, 273, 156, 146, 260, 17), 50.0
(12, 299, 158, 205, 253, 47), 42.0
(20, 294, 197, 201, 95, 5), 44.0
(48, 283, 168, 159, 231, 34), 40.0
(36, 270, 58, 154, 247, 22), 42.0
(10, 294, 183, 176, 168, 49), 42.0
(75, 276, 77, 195, 267, 8), 38.0
(29, 281, 189, 203, 254, 54), 36.0
(42, 283, 182, 191, 211, 40), 44.0
(24, 290, 40, 210, 193, 50), 38.0
(56, 294, 53, 205, 201, 27), 34.0
(17, 298, 56, 210, 203, 11), 40.0
(26, 289, 52, 217, 252, 61), 42.0
(63, 278, 50, 196, 216, 12), 40.0
(11, 257, 219, 149, 276, 4), 60.0
(35, 268, 196, 198, 213, 15), 61.0
(30, 291, 64, 205, 256, 55), 32.0
(28, 293, 67, 216, 264, 42), 36.0
(35, 273, 46, 199, 256, 299), 53.0
(213, 286, 62, 35, 241, 19), 38.0
(58, 287, 57, 167, 237, 19), 50.0
(65, 282, 65, 205, 220, 25), None
(81, 277, 67, 194, 267, 10), 40.0
(32, 293, 225, 162, 245, 33), 48.0
(23, 294, 71, 214, 138, 48), 40.0
(71, 293, 55, 206, 259, 56), 50.0
(31, 282, 163, 203, 234, 37), 44.0
(20, 295, 64, 12, 293, 62), 43.0
(66, 286, 51, 211, 210, 56), 39.0
(18, 299, 57, 223, 266, 47), 56.0
(53, 299, 50, 169, 228, 26), 52.0
(29, 264, 33, 200, 256, 54), 46.0
(69, 161, 69, 51, 203, 0), None
(276, 271, 78, 190, 249, 42), 41.0
(8, 288, 129, 207, 252, 18), 38.0
(57, 285, 71, 199, 219, 30), 34.0
(43, 290, 59, 183, 200, 25), 48.0
(15, 282, 190, 198, 189, 53), 44.0
(47, 277, 155, 161, 227, 27), 38.0
(24, 55, 226, 204, 242, 41), 42.0
(17, 285, 88, 195, 208, 59), 46.0
(30, 293, 73, 208, 182, 50), 38.0
(68, 273, 68, 219, 220, 9), None
(41, 288, 184, 170, 283, 37), 39.0
(37, 294, 61, 229, 225, 42), 42.0
(223, 259, 148, 19, 214, 69), 46.0
(28, 293, 65, 212, 260, 45), 40.0
(61, 299, 180, 178, 207, 33), 40.0
(76, 293, 45, 188, 224, 33), 44.0
(94, 294, 69, 221, 252, 165), 42.0
(245, 250, 83, 234, 238, 63), 30.0
(291, 262, 296, 186, 235, 30), 45.0
(53, 253, 74, 236, 242, 47), 40.0
(8, 283, 77, 41, 177, 42), 58.0
(267, 103, 81, 175, 220, 37), 36.0
(263, 288, 23, 193, 238, 283), 48.0
(289, 179, 83, 198, 221, 7), 43.0
(56, 279, 72, 198, 217, 21), 38.0
(256, 133, 273, 190, 277, 61), 50.0
(243, 283, 135, 25, 237, 46), 40.0
(187, 287, 62, 156, 282, 63), 34.0
(240, 107, 84, 159, 153, 35), 34.0
(262, 98, 65, 151, 159, 34), 44.0
(228, 116, 86, 247, 155, 64), 42.0
(242, 21, 88, 160, 285, 27), 34.0
(242, 43, 89, 156, 282, 75), 34.0
(233, 19, 93, 152, 272, 67), 40.0
(244, 51, 92, 164, 291, 81), 34.0
(243, 36, 83, 157, 292, 83), None
(252, 16, 99, 156, 285, 69), 48.0
(237, 3, 97, 147, 291, 77), 40.0
(231, 29, 94, 161, 294, 78), 42.0
(246, 46, 87, 164, 285, 91), 50.0
(248, 106, 91, 147, 279, 64), 64.0
(237, 56, 98, 153, 280, 77), 42.0
(255, 67, 88, 157, 285, 75), 36.0
(240, 45, 78, 142, 276, 61), 44.0
(244, 88, 80, 161, 289, 72), 48.0
(239, 14, 105, 153, 284, 57), 38.0
(248, 83, 86, 160, 282, 72), 46.0
(259, 45, 92, 150, 299, 62), 38.0
(186, 27, 76, 272, 270, 55), 38.0
(201, 19, 85, 157, 289, 85), None
(251, 38, 75, 165, 278, 52), 47.0
(278, 71, 71, 141, 294, 64), None
(180, 57, 80, 158, 290, 50), 36.0
(236, 30, 61, 148, 298, 56), 38.0
(243, 78, 74, 165, 272, 70), 46.0
(168, 47, 92, 154, 283, 44), 46.0
(253, 146, 82, 168, 289, 50), 52.0
(232, 10, 112, 161, 276, 39), 32.0
(236, 13, 108, 162, 273, 38), 44.0
(225, 3, 112, 156, 282, 57), 43.0
(217, 11, 53, 171, 273, 45), 52.0
(259, 21, 89, 163, 278, 48), 41.0
(232, 19, 100, 145, 284, 39), 40.0
Sampler:BoTorchSampler
(154, 39, 56, 279, 143, 22), 34.0
(113, 35, 104, 77, 204, 175), 42.0
(272, 162, 6, 181, 159, 34), 38.0
(96, 198, 290, 63, 273, 134), 46.0
(151, 111, 36, 57, 279, 23), 56.0
(1, 48, 197, 21, 204, 247), 48.0
(113, 56, 69, 200, 16, 280), 45.0
(227, 118, 2, 297, 142, 14), 38.0
(214, 283, 113, 20, 288, 85), 43.0
(202, 237, 86, 184, 81, 48), 48.0
(202, 45, 40, 250, 146, 38), 40.0
(124, 63, 44, 231, 139, 0), 56.0
(234, 46, 71, 230, 160, 48), 46.0
(206, 28, 0, 20, 107, 61), 53.0
(197, 31, 7, 146, 127, 55), 47.0
(201, 41, 0, 224, 120, 62), 38.0
(195, 39, 0, 280, 114, 63), 47.0
(294, 146, 0, 270, 165, 19), 44.0
(220, 55, 0, 89, 231, 0), None
(221, 53, 0, 46, 236, 0), None
(220, 57, 0, 118, 226, 0), None
(207, 129, 0, 23, 239, 74), 48.0
(220, 57, 0, 178, 229, 0), None
(220, 57, 0, 250, 227, 0), None
(220, 57, 0, 173, 227, 0), None
(220, 56, 0, 271, 231, 0), None
(220, 57, 0, 270, 227, 0), None
(149, 283, 208, 215, 24, 165), 46.0
(214, 80, 205, 265, 64, 30), 42.0
(278, 82, 134, 200, 96, 149), 54.0
(224, 74, 74, 240, 89, 0), None
(225, 74, 73, 154, 83, 0), 40.0
(223, 79, 67, 184, 78, 0), 35.0
(232, 96, 35, 243, 67, 0), 40.0
(201, 58, 85, 298, 103, 0), 58.0
(269, 111, 0, 186, 75, 0), None
(292, 16, 153, 106, 71, 50), 67.0
(238, 118, 6, 199, 111, 0), 47.0
(225, 148, 0, 249, 176, 90), 38.0
(244, 137, 16, 234, 109, 109), None
(244, 137, 16, 234, 107, 111), 52.0
(216, 124, 0, 268, 233, 34), 38.0
(223, 187, 0, 251, 218, 21), 42.0
(232, 60, 0, 253, 231, 24), 61.0
(186, 177, 0, 37, 168, 47), 36.0
(223, 209, 0, 120, 175, 33), 42.0
(215, 182, 0, 46, 97, 0), None
(171, 177, 0, 207, 171, 51), None
(178, 175, 0, 207, 169, 45), 36.0
(201, 171, 0, 122, 178, 54), 32.0
(173, 166, 0, 141, 186, 74), 54.0
(35, 257, 205, 112, 223, 41), 43.0
(198, 190, 24, 146, 12, 211), 54.0
(146, 132, 270, 89, 70, 66), 42.0
(289, 119, 291, 225, 142, 218), 41.0
(219, 180, 0, 83, 119, 0), None
(220, 181, 0, 78, 117, 0), None
(32, 297, 163, 63, 35, 11), 44.0
(146, 230, 83, 78, 190, 261), 52.0
(7, 230, 238, 149, 8, 239), 40.0
(12, 197, 19, 11, 78, 145), 60.0
(214, 294, 252, 137, 15, 231), 60.0
(207, 175, 0, 119, 128, 0), None
(207, 175, 0, 118, 127, 0), None
(207, 175, 0, 121, 129, 0), None
(276, 42, 202, 228, 117, 220), 60.0
(219, 168, 69, 138, 153, 0), 42.0
(14, 260, 22, 119, 203, 90), 44.0
(56, 33, 218, 69, 68, 101), 52.0
(68, 260, 275, 288, 149, 229), 58.0
(202, 179, 0, 252, 144, 8), 38.0
(208, 167, 76, 281, 172, 34), 44.0
(201, 168, 0, 116, 120, 8), 48.0
(280, 218, 0, 175, 221, 81), 36.0
(251, 219, 0, 226, 187, 61), 44.0
(293, 38, 194, 255, 108, 225), 44.0
(283, 158, 145, 164, 28, 221), 53.0
(70, 105, 41, 103, 69, 109), 58.0
(190, 174, 122, 52, 227, 233), 48.0
(40, 257, 83, 165, 242, 98), 48.0
(199, 141, 259, 84, 30, 138), 38.0
(195, 60, 130, 297, 177, 104), 50.0
(60, 208, 73, 10, 299, 2), 46.0
(35, 176, 12, 135, 56, 180), 61.0
(227, 132, 47, 132, 111, 23), None
(23, 58, 10, 140, 202, 111), 52.0
(127, 246, 151, 281, 154, 243), 58.0
(216, 57, 74, 161, 66, 122), 51.0
(288, 206, 35, 79, 211, 46), 40.0
(130, 111, 92, 112, 231, 184), 42.0
(200, 249, 172, 290, 222, 116), 42.0
(246, 213, 93, 159, 220, 63), 36.0
(282, 199, 88, 207, 253, 85), 40.0
(238, 207, 140, 91, 193, 64), 38.0
(216, 250, 134, 160, 236, 15), 39.0
(222, 235, 57, 115, 231, 63), 34.0
(254, 259, 84, 116, 217, 74), 46.0
(223, 200, 75, 142, 244, 38), 46.0
(247, 277, 83, 58, 48, 149), 36.0
(279, 141, 118, 255, 269, 35), 58.0
(254, 207, 48, 71, 175, 87), 46.0
(164, 246, 95, 70, 191, 29), 40.0
(254, 216, 192, 220, 102, 14), 34.0
(234, 222, 201, 164, 152, 32), 40.0
(239, 184, 228, 156, 90, 18), 44.0
(280, 242, 118, 206, 161, 20), 62.0
(171, 213, 177, 122, 191, 65), 42.0
(27, 227, 60, 28, 175, 27), None
(200, 237, 0, 169, 244, 80), 40.0
(197, 239, 0, 38, 224, 45), 40.0
(150, 243, 26, 197, 212, 32), 38.0
(98, 110, 20, 118, 155, 287), 41.0
(163, 249, 102, 169, 245, 61), 48.0
(156, 218, 0, 123, 196, 2), 44.0
(212, 207, 244, 58, 114, 80), 44.0
(263, 208, 94, 242, 191, 210), 48.0
(239, 230, 175, 160, 158, 45), 44.0
(75, 139, 197, 131, 117, 14), 60.0
(196, 52, 45, 258, 216, 168), 40.0
(164, 121, 246, 2, 136, 114), 42.0
(101, 258, 17, 199, 35, 294), 52.0
(221, 110, 40, 75, 14, 293), 40.0
(280, 281, 268, 276, 183, 116), 56.0
(143, 196, 34, 2, 220, 167), 42.0
(236, 200, 0, 138, 231, 106), 44.0
(241, 236, 141, 94, 16, 73), 46.0
(253, 4, 292, 1, 77, 3), 41.0
(295, 44, 16, 217, 90, 68), 52.0
(66, 73, 256, 244, 288, 246), 48.0
(276, 132, 124, 247, 135, 157), 50.0
(209, 194, 66, 7, 268, 24), 36.0
(210, 215, 111, 0, 200, 32), 30.0
(210, 215, 130, 0, 202, 12), 36.0
(273, 120, 218, 262, 108, 239), 39.0
(207, 210, 147, 0, 232, 69), 58.0
(99, 128, 175, 282, 288, 117), 40.0
(149, 296, 219, 280, 98, 1), 36.0
(170, 173, 4, 79, 76, 101), 46.0
(54, 200, 122, 105, 20, 161), 46.0
(33, 265, 72, 291, 153, 205), 44.0
(92, 297, 266, 64, 16, 217), 34.0
(66, 108, 14, 52, 147, 286), 57.0
(71, 109, 221, 199, 27, 161), 42.0
(157, 150, 121, 138, 167, 91), 44.0
(158, 158, 203, 110, 265, 43), None
(75, 46, 210, 78, 146, 218), 44.0
(236, 103, 67, 225, 121, 284), 58.0
(276, 109, 135, 143, 224, 77), 40.0
(59, 89, 246, 185, 169, 20), 42.0
(168, 130, 291, 258, 5, 36), 50.0
(81, 239, 251, 262, 209, 290), 44.0
(78, 46, 24, 189, 218, 74), 46.0
(176, 69, 157, 139, 233, 247), 53.0
(270, 4, 276, 28, 173, 163), 40.0
(205, 186, 256, 40, 18, 179), 42.0
(234, 244, 50, 93, 238, 75), 46.0
(224, 225, 258, 277, 126, 57), 43.0
(98, 99, 74, 8, 260, 279), 66.0
(225, 236, 53, 0, 192, 0), None
(117, 143, 38, 6, 118, 8), 49.0
(9, 89, 252, 148, 285, 290), 43.0
(53, 256, 282, 48, 117, 105), 44.0
(92, 14, 24, 200, 120, 49), 58.0
(184, 193, 226, 209, 278, 153), 52.0
(254, 217, 0, 140, 61, 279), 44.0
(44, 52, 126, 220, 148, 170), 56.0
(215, 258, 59, 0, 178, 0), None
(202, 287, 294, 56, 234, 273), 59.0
(27, 211, 1, 55, 102, 271), 52.0
(63, 20, 207, 160, 127, 265), 40.0
(54, 114, 262, 258, 163, 144), 46.0
(200, 228, 92, 248, 186, 222), 48.0
(239, 4, 31, 19, 266, 174), 38.0
(118, 266, 208, 157, 254, 100), 49.0
(124, 59, 93, 179, 273, 18), 42.0
(247, 248, 180, 293, 262, 41), 66.0
(174, 138, 181, 16, 141, 262), 44.0
(190, 181, 281, 171, 171, 266), None
(34, 106, 51, 145, 142, 62), 60.0
(100, 218, 164, 246, 110, 87), 48.0
(70, 257, 42, 179, 100, 155), 42.0
(150, 77, 154, 226, 217, 229), 52.0
(96, 214, 169, 103, 176, 79), 42.0
(43, 174, 11, 31, 21, 290), 40.0
(85, 0, 62, 271, 264, 250), 52.0
(72, 14, 205, 166, 129, 226), 62.0
(57, 122, 44, 117, 283, 22), 60.0
(265, 204, 27, 265, 260, 127), None
(150, 1, 233, 84, 191, 187), 58.0
(83, 175, 166, 214, 33, 172), 46.0
(68, 159, 295, 151, 18, 128), 46.0
(254, 217, 238, 45, 88, 105), 44.0
(275, 9, 191, 244, 213, 159), 52.0
(110, 259, 132, 97, 145, 179), 52.0
(277, 205, 154, 80, 23, 18), 38.0
(217, 75, 80, 288, 208, 141), 38.0
(270, 72, 158, 156, 72, 208), None
(95, 121, 228, 144, 211, 107), 42.0
(4, 152, 79, 56, 147, 125), 36.0
(278, 93, 281, 1, 276, 265), 40.0
(239, 240, 247, 182, 209, 166), 53.0
(252, 133, 164, 45, 205, 234), 38.0
(49, 292, 129, 293, 50, 103), 30.0
(177, 224, 239, 229, 119, 162), 50.0
(81, 241, 273, 141, 32, 223), 50.0
(243, 173, 61, 188, 127, 144), 48.0
(125, 104, 128, 74, 196, 142), 47.0
(185, 217, 203, 196, 130, 275), 42.0
(257, 152, 227, 230, 78, 223), 56.0
(258, 127, 35, 2, 85, 179), 56.0
(27, 90, 71, 123, 49, 192), 53.0
(250, 227, 56, 103, 218, 157), 38.0
(103, 134, 287, 109, 299, 55), 44.0
(248, 195, 276, 176, 226, 182), 47.0
(55, 279, 52, 231, 209, 74), 47.0
(84, 242, 218, 257, 254, 204), 50.0
(291, 231, 95, 253, 28, 135), 39.0
(46, 230, 86, 231, 234, 117), 38.0
(219, 63, 15, 43, 293, 31), 40.0
(39, 58, 60, 175, 189, 58), None
(156, 149, 175, 296, 225, 272), 58.0
(30, 10, 35, 86, 32, 70), 44.0
(213, 145, 260, 159, 149, 227), 42.0
(285, 52, 28, 295, 203, 58), 34.0
(127, 273, 52, 76, 199, 28), 44.0
(5, 6, 209, 55, 246, 95), 42.0
(92, 102, 4, 102, 283, 256), None
(155, 102, 145, 156, 156, 22), None
(108, 228, 198, 230, 167, 174), 44.0
(226, 218, 43, 2, 91, 218), None
(135, 45, 224, 155, 52, 234), 42.0
(235, 252, 95, 163, 121, 64), 35.0
(182, 38, 39, 278, 204, 142), 52.0
(79, 103, 252, 272, 136, 85), 40.0
(43, 9, 96, 220, 189, 146), 48.0
(274, 28, 95, 163, 233, 220), 40.0
(147, 203, 177, 221, 281, 256), 46.0
(46, 197, 188, 38, 145, 269), 40.0
(211, 135, 137, 249, 156, 96), 44.0
(245, 186, 282, 224, 53, 152), 48.0
(278, 133, 130, 61, 238, 2), 38.0
(272, 195, 73, 35, 96, 141), 40.0
(212, 57, 130, 167, 138, 209), 42.0
(232, 269, 289, 142, 13, 89), 48.0
(186, 256, 1, 11, 238, 148), 46.0
(72, 44, 58, 5, 146, 57), 49.0
(156, 111, 175, 111, 126, 136), None
(66, 145, 54, 289, 120, 67), 51.0
(137, 275, 12, 246, 170, 253), 60.0
(298, 257, 103, 133, 284, 292), 40.0
(125, 180, 71, 123, 31, 82), 50.0
(204, 235, 224, 149, 200, 92), 54.0
(71, 295, 43, 96, 4, 8), 52.0
(163, 11, 187, 153, 231, 277), 46.0
(135, 284, 189, 5, 179, 185), 36.0
(206, 26, 46, 248, 299, 45), 38.0
(169, 196, 271, 97, 155, 273), 50.0
(120, 121, 267, 70, 231, 107), 52.0
(266, 123, 174, 24, 217, 25), 48.0
(297, 39, 296, 231, 251, 129), 54.0
(16, 4, 11, 218, 140, 223), 44.0
(140, 18, 91, 14, 128, 74), 50.0
(96, 249, 153, 22, 216, 171), 54.0
(169, 108, 82, 31, 273, 10), 62.0
(230, 228, 298, 156, 28, 210), 50.0
(148, 14, 214, 172, 284, 190), 54.0
(215, 58, 182, 253, 200, 255), 53.0
(208, 227, 209, 260, 71, 291), 52.0
(225, 105, 298, 52, 202, 254), 38.0
(134, 0, 104, 76, 92, 224), 42.0
(106, 134, 242, 295, 63, 201), 40.0
(189, 133, 89, 83, 171, 115), 46.0
(182, 250, 98, 197, 242, 189), 40.0
(104, 276, 209, 48, 10, 263), 42.0
(258, 18, 290, 173, 74, 169), 50.0
(134, 215, 208, 3, 153, 264), 46.0
(226, 92, 261, 119, 288, 209), 42.0
(25, 67, 91, 208, 222, 232), 47.0
(139, 134, 245, 284, 249, 229), 47.0
(244, 147, 257, 222, 273, 14), 45.0
(200, 232, 163, 148, 6, 139), 46.0
(249, 205, 81, 197, 89, 170), 48.0
(101, 181, 120, 288, 156, 185), 40.0
(1, 211, 10, 61, 159, 11), 44.0
(241, 197, 92, 162, 188, 51), 42.0
(43, 297, 113, 114, 33, 186), 43.0
(105, 89, 228, 135, 116, 171), 42.0
(102, 31, 39, 20, 6, 151), 44.0
(31, 193, 56, 10, 123, 146), 43.0
(40, 22, 18, 121, 149, 39), 62.0
(254, 219, 1, 184, 221, 32), 38.0
(278, 182, 210, 162, 18, 226), 50.0
(267, 81, 232, 1, 68, 284), 47.0
(245, 76, 120, 156, 283, 12), 44.0
(284, 223, 291, 190, 292, 282), 56.0
(172, 120, 97, 109, 299, 211), 63.0
(126, 86, 103, 184, 163, 78), 40.0
(98, 127, 237, 61, 203, 46), 40.0
(61, 238, 64, 222, 110, 273), 45.0
(93, 200, 74, 56, 152, 14), 47.0
(168, 108, 278, 116, 127, 285), 34.0
(150, 137, 50, 13, 58, 212), 52.0
(192, 189, 181, 164, 257, 198), 30.0
(280, 127, 3, 289, 205, 53), 44.0
(153, 258, 29, 189, 200, 57), 50.0
(295, 123, 225, 59, 3, 128), 36.0
(291, 225, 47, 267, 273, 28), 49.0
(242, 71, 260, 115, 119, 91), 36.0
(146, 202, 132, 66, 175, 238), 46.0
(277, 230, 134, 135, 271, 84), 42.0
(75, 176, 293, 223, 286, 14), 49.0
(39, 149, 26, 31, 59, 149), None
(103, 203, 291, 175, 79, 50), 38.0
(144, 211, 46, 251, 211, 283), None
(205, 131, 273, 13, 201, 246), 38.0
(202, 114, 214, 139, 139, 102), None
(7, 193, 74, 219, 140, 209), 44.0
(65, 89, 55, 51, 106, 7), 52.0
(210, 292, 247, 184, 296, 252), 57.0
(246, 178, 145, 200, 170, 117), 30.0
(117, 255, 130, 184, 248, 10), 36.0
(71, 196, 121, 273, 225, 215), 53.0
(297, 32, 194, 270, 235, 216), 44.0
(259, 285, 48, 135, 132, 66), 46.0
(266, 88, 238, 224, 196, 276), 50.0
(250, 211, 184, 102, 193, 289), 61.0
(255, 86, 279, 171, 176, 232), 46.0
(16, 157, 259, 50, 26, 120), 40.0
(277, 24, 248, 197, 81, 198), 38.0
(45, 96, 278, 132, 39, 275), 39.0
(261, 292, 265, 66, 45, 264), 57.0
(278, 1, 257, 285, 141, 86), 44.0
(212, 110, 84, 284, 214, 16), 42.0
(219, 7, 237, 40, 5, 168), 38.0
(266, 227, 299, 80, 70, 293), 40.0
(160, 30, 201, 165, 298, 71), 42.0
(70, 269, 65, 127, 199, 35), 42.0
(149, 2, 253, 217, 242, 46), 42.0
(113, 94, 294, 238, 18, 36), 56.0
(229, 299, 273, 97, 75, 47), 46.0
(236, 16, 20, 46, 82, 74), 46.0
(123, 54, 154, 126, 145, 23), 46.0
(260, 206, 184, 5, 103, 64), 50.0
(292, 48, 227, 236, 164, 207), 59.0
(29, 168, 228, 87, 100, 214), 38.0
(143, 84, 202, 244, 277, 168), 54.0
(76, 58, 240, 178, 100, 27), 44.0
(23, 205, 26, 192, 244, 203), 49.0
(67, 121, 87, 227, 220, 122), 42.0
(108, 33, 1, 39, 202, 78), 52.0
(132, 37, 158, 292, 217, 90), 44.0
(31, 19, 161, 14, 42, 189), 32.0
(196, 259, 197, 51, 9, 255), 41.0
(73, 156, 166, 5, 119, 146), 45.0
(232, 172, 20, 251, 12, 45), 34.0
(13, 14, 112, 79, 17, 13), None
(231, 148, 107, 136, 78, 236), 37.0
(87, 294, 170, 271, 226, 242), 56.0
(216, 142, 191, 233, 171, 50), 46.0
(114, 235, 81, 79, 17, 144), 40.0
(32, 37, 233, 146, 124, 93), 42.0
(214, 181, 197, 130, 218, 179), 60.0
(90, 94, 48, 52, 80, 43), 44.0
(212, 101, 112, 22, 220, 147), 42.0
(146, 143, 217, 4, 202, 60), 60.0
(84, 16, 51, 168, 237, 270), 34.0
(279, 49, 220, 217, 261, 142), 46.0
(39, 85, 112, 167, 207, 274), 40.0
(205, 138, 97, 248, 41, 164), 43.0
(71, 111, 83, 0, 169, 208), 46.0
(173, 126, 161, 187, 262, 31), 38.0
(158, 275, 128, 110, 273, 268), 48.0
(130, 160, 185, 157, 160, 175), None
(34, 252, 27, 141, 160, 102), 44.0
(2, 128, 79, 176, 278, 233), 44.0
(89, 214, 3, 272, 89, 88), None
(239, 61, 135, 41, 257, 237), 40.0
(263, 12, 49, 44, 153, 21), 46.0
(136, 99, 211, 167, 117, 197), 43.0
(231, 273, 221, 278, 16, 149), 58.0
(201, 175, 261, 27, 251, 297), 40.0
(288, 131, 270, 17, 106, 138), 42.0
(257, 84, 27, 70, 230, 147), 54.0
(115, 80, 162, 153, 201, 55), 40.0
(161, 4, 144, 106, 112, 152), 54.0
(47, 278, 116, 90, 191, 33), 50.0
(270, 111, 153, 72, 286, 125), 44.0
(215, 139, 163, 203, 259, 35), 41.0
(97, 259, 121, 159, 166, 182), 36.0
(193, 235, 298, 63, 228, 97), 64.0
(71, 270, 52, 167, 119, 167), None
(216, 11, 96, 73, 88, 221), 40.0
(162, 101, 50, 20, 130, 278), 62.0
(281, 202, 133, 30, 88, 110), 54.0
(176, 275, 58, 168, 87, 117), 39.0
(234, 41, 273, 181, 252, 198), 55.0
(125, 282, 159, 154, 80, 202), 42.0
(187, 226, 257, 279, 184, 11), 42.0
(222, 291, 280, 21, 128, 290), 59.0
(200, 52, 100, 282, 206, 98), 46.0
(115, 212, 232, 59, 144, 207), 48.0
(1, 2, 214, 181, 289, 173), 40.0
(33, 48, 18, 90, 286, 276), 48.0
(112, 9, 205, 201, 289, 35), 40.0
(288, 30, 2, 290, 130, 196), 38.0
(127, 264, 105, 42, 153, 26), 53.0
(1, 297, 101, 293, 203, 164), 36.0
(89, 134, 246, 142, 126, 127), 57.0
(5, 33, 123, 271, 264, 285), 52.0
(45, 99, 102, 162, 64, 255), 66.0
(255, 120, 133, 173, 122, 78), 42.0
(281, 42, 244, 81, 286, 228), 58.0
(284, 108, 240, 294, 292, 73), 38.0
(56, 122, 193, 141, 99, 126), 38.0
(36, 43, 236, 186, 43, 284), None
(88, 120, 167, 35, 96, 194), 41.0
(268, 120, 202, 20, 103, 42), 38.0
(50, 10, 96, 44, 207, 47), 52.0
(282, 283, 134, 299, 60, 239), 46.0
(261, 26, 264, 9, 184, 191), 42.0
(65, 33, 171, 159, 236, 290), 38.0
(295, 160, 192, 87, 130, 182), 54.0
(297, 64, 199, 268, 298, 268), None
(83, 166, 249, 26, 172, 165), 45.0
(267, 115, 232, 145, 158, 265), 46.0
(72, 160, 194, 128, 232, 133), 42.0
(143, 106, 158, 98, 151, 199), 48.0
(298, 133, 266, 51, 53, 62), 36.0
(141, 106, 288, 9, 22, 240), 34.0
(148, 263, 83, 240, 134, 298), 46.0
(273, 142, 95, 56, 122, 294), 37.0
(156, 122, 57, 126, 153, 286), 38.0
(0, 93, 149, 186, 39, 184), 52.0
(229, 74, 118, 95, 71, 32), 45.0
(31, 32, 249, 58, 252, 160), 39.0
(195, 142, 196, 64, 103, 2), 57.0
(289, 250, 46, 146, 223, 75), 44.0
(31, 74, 71, 260, 230, 200), 54.0
(280, 288, 142, 156, 125, 64), 42.0
(102, 155, 21, 56, 150, 105), 36.0
(61, 281, 30, 200, 292, 175), 38.0
(198, 245, 232, 261, 218, 16), 53.0
(146, 154, 51, 266, 127, 230), 41.0
(258, 232, 284, 225, 22, 223), 63.0
(279, 197, 290, 192, 297, 117), 58.0
(295, 157, 268, 107, 166, 175), 40.0
(34, 103, 197, 216, 77, 110), 44.0
(253, 163, 132, 121, 154, 219), 43.0
(98, 37, 119, 258, 89, 96), 60.0
(191, 96, 293, 6, 2, 196), 32.0
(187, 36, 147, 141, 41, 182), 44.0
(139, 238, 276, 265, 292, 242), 62.0
(199, 87, 36, 290, 283, 58), 42.0
(257, 265, 241, 252, 237, 72), 52.0
(134, 277, 96, 25, 280, 78), 48.0
(238, 166, 203, 124, 181, 145), 45.0
(94, 224, 37, 146, 214, 26), 42.0
(256, 52, 236, 270, 112, 200), 43.0
(31, 144, 82, 273, 17, 268), 44.0
(280, 81, 146, 239, 34, 248), 42.0
(250, 295, 292, 67, 253, 246), 43.0
(187, 97, 42, 14, 0, 201), 65.0
(210, 278, 107, 181, 2, 168), 64.0
(147, 0, 101, 44, 116, 279), 43.0
(179, 260, 292, 260, 150, 59), None
(206, 45, 58, 212, 251, 279), 41.0
(236, 291, 20, 162, 264, 179), 40.0
(75, 239, 219, 160, 259, 30), 40.0
(281, 83, 274, 62, 67, 297), 39.0
(189, 99, 3, 33, 0, 214), 36.0
(67, 179, 217, 58, 189, 100), 40.0
(184, 104, 123, 77, 231, 292), 40.0
(265, 132, 181, 49, 255, 0), 36.0
(12, 158, 72, 158, 30, 122), None
(61, 68, 55, 41, 218, 126), 38.0
(255, 285, 38, 116, 163, 123), 40.0
(90, 102, 200, 103, 228, 259), 40.0
(263, 74, 12, 12, 205, 66), None
(239, 165, 254, 280, 111, 188), 46.0
(227, 68, 180, 225, 162, 66), 48.0
(189, 196, 133, 139, 21, 118), 36.0
(123, 115, 124, 95, 31, 275), 42.0
(63, 207, 54, 217, 165, 12), 42.0
(74, 169, 43, 136, 275, 222), 40.0
(138, 106, 120, 211, 195, 200), 40.0
(176, 187, 109, 288, 136, 257), 50.0
(275, 41, 287, 269, 244, 211), 62.0
(15, 168, 150, 0, 248, 57), 51.0
(159, 176, 274, 188, 104, 100), 42.0
(46, 106, 45, 157, 141, 90), 47.0
(262, 297, 184, 14, 35, 261), 40.0
(157, 179, 81, 286, 26, 200), 43.0
(147, 256, 147, 112, 35, 155), None
(129, 105, 298, 165, 78, 238), 34.0
(234, 235, 224, 243, 28, 39), 36.0
(222, 155, 106, 200, 122, 18), 60.0
(115, 20, 128, 142, 4, 245), 42.0
(118, 121, 193, 64, 204, 79), 38.0
(29, 231, 99, 38, 196, 146), 44.0
(283, 20, 289, 172, 158, 184), 42.0
Sampler:CmaEsSampler
(61, 141, 42, 29, 114, 65), 62.0
(202, 218, 230, 206, 48, 251), 50.0
(95, 110, 104, 140, 173, 138), 40.0
(126, 85, 102, 133, 127, 197), 44.0
(189, 158, 135, 189, 117, 72), None
(160, 147, 191, 133, 124, 126), 44.0
(69, 179, 29, 149, 217, 180), 38.0
(141, 194, 113, 86, 249, 39), 38.0
(151, 256, 206, 63, 9, 137), 42.0
(172, 183, 191, 57, 192, 239), 54.0
(119, 178, 145, 89, 196, 87), 40.0
(190, 118, 109, 179, 234, 136), 44.0
(92, 194, 150, 264, 240, 100), 46.0
(102, 149, 94, 245, 231, 114), 40.0
(86, 274, 75, 73, 200, 169), 42.0
(56, 185, 93, 161, 261, 74), 55.0
(210, 154, 88, 197, 177, 62), 42.0
(43, 154, 19, 96, 187, 169), 48.0
(79, 97, 103, 160, 228, 235), 41.0
(55, 182, 153, 49, 280, 197), 40.0
(146, 150, 137, 56, 217, 163), 40.0
(117, 149, 87, 168, 279, 128), 45.0
(158, 174, 145, 224, 208, 213), 44.0
(114, 197, 120, 195, 288, 112), 43.0
(249, 49, 75, 159, 192, 112), 42.0
(86, 295, 58, 125, 240, 100), 38.0
(40, 186, 150, 151, 259, 155), 34.0
(29, 177, 107, 146, 210, 134), 46.0
(23, 251, 123, 210, 257, 200), 58.0
(51, 192, 142, 131, 261, 185), 34.0
(169, 198, 79, 185, 218, 117), 44.0
(9, 131, 110, 184, 132, 105), 48.0
(107, 266, 74, 140, 233, 14), 44.0
(40, 165, 31, 60, 208, 12), 55.0
(131, 226, 139, 160, 220, 209), 58.0
(143, 130, 128, 229, 266, 78), 32.0
(81, 149, 71, 199, 201, 184), 50.0
(212, 159, 125, 117, 205, 197), 38.0
(189, 133, 258, 234, 227, 75), 42.0
(91, 264, 197, 206, 123, 109), 42.0
(133, 280, 92, 123, 225, 152), 46.0
(129, 94, 119, 243, 219, 140), 44.0
(139, 92, 124, 250, 245, 218), 36.0
(112, 135, 252, 145, 245, 80), 40.0
(149, 190, 154, 137, 260, 101), 38.0
(115, 152, 110, 152, 270, 118), None
(140, 173, 187, 250, 273, 96), 50.0
(90, 229, 131, 131, 206, 139), None
(179, 170, 100, 208, 203, 180), 68.0
(148, 146, 157, 139, 220, 185), 36.0
(150, 176, 240, 219, 212, 133), 46.0
(106, 197, 152, 274, 270, 167), 42.0
(153, 172, 178, 147, 282, 124), 34.0
(127, 93, 175, 280, 266, 203), 48.0
(163, 258, 179, 141, 248, 120), 61.0
(136, 49, 173, 208, 253, 120), 40.0
(145, 137, 181, 246, 177, 114), 40.0
(117, 108, 294, 201, 245, 161), 50.0
(117, 103, 172, 184, 260, 207), 56.0
(116, 116, 230, 157, 195, 153), None
(180, 122, 209, 193, 215, 145), 52.0
(181, 106, 182, 225, 283, 41), 44.0
(179, 114, 182, 192, 207, 75), 41.0
(159, 138, 160, 123, 286, 135), 41.0
(154, 101, 186, 208, 281, 127), 48.0
(191, 78, 200, 121, 280, 185), 46.0
(133, 82, 105, 112, 230, 212), 37.0
(214, 142, 169, 132, 197, 169), None
(200, 74, 163, 218, 254, 240), 46.0
(138, 130, 160, 164, 264, 152), 36.0
(148, 30, 205, 135, 203, 158), 46.0
(111, 57, 50, 106, 211, 192), 48.0
(157, 95, 57, 123, 281, 187), 44.0
(173, 140, 139, 123, 193, 148), 33.0
(206, 73, 128, 111, 171, 126), 52.0
(140, 85, 151, 108, 293, 153), 56.0
(253, 11, 110, 183, 220, 121), 44.0
(136, 115, 123, 154, 226, 126), 28.0
(197, 169, 167, 104, 157, 155), 50.0
(135, 43, 116, 135, 263, 166), None
(102, 131, 129, 53, 249, 143), 41.0
(159, 139, 201, 147, 189, 146), 32.0
(197, 100, 138, 144, 191, 121), 45.0
(155, 117, 149, 137, 243, 111), 46.0
(161, 146, 118, 111, 217, 156), 52.0
(146, 97, 185, 153, 205, 131), 38.0
(123, 92, 131, 163, 212, 168), 41.0
(232, 123, 110, 119, 198, 118), 40.0
(124, 107, 138, 180, 202, 132), 54.0
(191, 150, 153, 154, 203, 143), 38.0
(161, 180, 198, 113, 149, 160), 47.0
(164, 71, 172, 75, 239, 121), 40.0
(205, 140, 163, 148, 165, 151), 60.0
(225, 40, 203, 163, 124, 159), 51.0
(186, 58, 242, 196, 106, 115), 42.0
(142, 126, 196, 156, 199, 147), 38.0
(149, 178, 150, 154, 196, 111), 58.0
(189, 86, 186, 145, 166, 173), 48.0
(97, 143, 152, 128, 226, 177), 38.0
(175, 148, 200, 103, 202, 154), 38.0
(182, 135, 189, 165, 174, 51), 37.0
(141, 105, 160, 147, 217, 147), None
(165, 119, 149, 147, 191, 162), 40.0
(189, 131, 175, 135, 183, 136), 56.0
(148, 139, 154, 172, 185, 127), 41.0
(156, 84, 192, 130, 178, 152), 44.0
(100, 111, 183, 209, 196, 157), 34.0
(115, 122, 173, 185, 213, 106), 42.0
(59, 122, 141, 236, 213, 153), 38.0
(87, 175, 148, 141, 236, 133), 38.0
(103, 139, 187, 152, 204, 152), None
(113, 150, 145, 173, 196, 157), 56.0
(123, 143, 191, 165, 227, 159), 59.0
(120, 68, 168, 176, 225, 175), 44.0
(169, 96, 199, 177, 151, 121), 52.0
(100, 163, 171, 169, 208, 91), 65.0
(184, 136, 120, 195, 216, 107), 47.0
(64, 124, 149, 199, 215, 147), 34.0
(53, 134, 120, 209, 226, 154), 44.0
(130, 131, 282, 211, 175, 114), 56.0
(88, 162, 150, 143, 246, 168), 51.0
(125, 124, 130, 145, 225, 159), 42.0
(106, 139, 182, 217, 203, 130), 32.0
(93, 142, 215, 182, 204, 151), 46.0
(72, 95, 171, 232, 245, 155), 38.0
(112, 105, 169, 189, 217, 128), 49.0
(102, 107, 201, 206, 213, 161), 44.0
(86, 142, 183, 184, 193, 161), 47.0
(55, 112, 171, 238, 222, 175), 50.0
(167, 141, 188, 251, 206, 87), 48.0
(39, 176, 160, 222, 188, 172), 34.0
(74, 131, 137, 196, 171, 125), 46.0
(142, 136, 231, 188, 213, 115), 44.0
(133, 89, 171, 238, 198, 123), 38.0
(92, 109, 125, 223, 227, 199), 46.0
(82, 145, 222, 231, 239, 137), 52.0
(40, 145, 181, 197, 241, 151), 44.0
(57, 138, 151, 230, 147, 154), 58.0
(81, 134, 138, 229, 184, 126), 40.0
(46, 130, 150, 245, 214, 133), 40.0
(79, 160, 129, 266, 181, 156), 36.0
(87, 181, 165, 220, 160, 90), 54.0
(88, 111, 256, 212, 175, 139), 52.0
(120, 158, 150, 148, 232, 179), 48.0
(11, 131, 86, 288, 190, 120), 36.0
(0, 150, 159, 284, 179, 138), 50.0
(73, 134, 127, 256, 180, 166), 44.0
(19, 225, 85, 205, 218, 180), 36.0
(44, 215, 194, 224, 172, 144), 37.0
(117, 170, 108, 269, 171, 158), 46.0
(66, 105, 158, 252, 132, 128), 46.0
(103, 137, 100, 249, 198, 113), 38.0
(88, 145, 184, 187, 137, 142), 59.0
(49, 139, 175, 223, 224, 178), 33.0
(81, 168, 129, 209, 209, 105), None
(40, 175, 106, 283, 147, 143), 44.0
(89, 187, 138, 185, 201, 147), 46.0
(46, 198, 146, 243, 214, 95), 36.0
(21, 128, 99, 198, 240, 154), 46.0
(122, 147, 104, 167, 224, 162), 34.0
(53, 184, 107, 279, 174, 136), 40.0
(69, 183, 142, 280, 207, 166), 54.0
(93, 186, 116, 172, 128, 80), 36.0
(65, 198, 138, 176, 197, 142), 43.0
(82, 116, 147, 206, 185, 136), 38.0
(9, 202, 131, 234, 209, 189), 52.0
(80, 121, 161, 192, 255, 148), 54.0
(57, 169, 88, 262, 229, 110), 46.0
(25, 182, 196, 176, 211, 106), 42.0
(61, 178, 190, 154, 226, 155), 44.0
(28, 157, 144, 220, 195, 140), 40.0
(56, 175, 102, 253, 248, 142), 42.0
(40, 136, 143, 175, 181, 116), 50.0
(48, 148, 137, 241, 180, 126), 36.0
(113, 123, 168, 186, 181, 133), 50.0
(64, 152, 185, 189, 191, 146), 54.0
(28, 131, 92, 191, 176, 109), 47.0
(91, 135, 171, 177, 181, 145), 36.0
(47, 135, 165, 228, 198, 164), 52.0
(63, 125, 170, 162, 166, 148), 54.0
(82, 144, 155, 194, 179, 120), 40.0
(15, 175, 133, 243, 215, 152), 32.0
(170, 116, 177, 202, 168, 143), 30.0
(127, 187, 149, 174, 213, 122), 53.0
(60, 139, 115, 242, 168, 125), 44.0
(72, 138, 197, 236, 182, 153), 68.0
(32, 142, 112, 236, 204, 123), 42.0
(43, 127, 215, 177, 181, 114), 38.0
(112, 106, 158, 240, 135, 109), 48.0
(109, 126, 125, 243, 192, 126), None
(42, 154, 160, 230, 185, 150), 50.0
(135, 122, 177, 175, 195, 131), 42.0
(107, 123, 149, 234, 189, 135), 48.0
(93, 169, 145, 220, 189, 150), 47.0
(122, 126, 155, 196, 175, 131), 44.0
(127, 158, 221, 200, 191, 129), 40.0
(113, 144, 142, 226, 181, 123), 48.0
(101, 142, 153, 209, 197, 129), 42.0
(133, 120, 196, 217, 192, 140), 40.0
(83, 141, 178, 231, 169, 141), None
(51, 150, 111, 220, 168, 141), 52.0
(155, 147, 247, 162, 184, 136), 42.0
(135, 142, 202, 211, 161, 146), 46.0
(117, 121, 172, 153, 217, 106), 46.0
(140, 129, 168, 167, 241, 182), 61.0
(138, 126, 214, 185, 168, 139), 46.0
(116, 149, 174, 190, 184, 115), 39.0
(120, 122, 224, 206, 196, 131), 42.0
(99, 140, 159, 188, 195, 119), 42.0
(118, 119, 190, 212, 183, 147), 42.0
(119, 156, 148, 170, 182, 152), 44.0
(105, 166, 183, 212, 193, 101), 56.0
(86, 153, 162, 188, 197, 106), 64.0
(181, 88, 220, 253, 173, 105), 42.0
(138, 124, 154, 179, 208, 120), 40.0
(143, 143, 199, 153, 194, 130), None
(148, 128, 210, 160, 203, 133), 58.0
(98, 170, 182, 154, 230, 107), 52.0
(168, 121, 208, 204, 192, 128), 46.0
(124, 161, 219, 184, 165, 108), 57.0
(196, 100, 153, 161, 207, 139), 44.0
(120, 104, 171, 204, 200, 129), 38.0
(172, 108, 141, 231, 188, 120), 38.0
(212, 99, 201, 175, 199, 123), 52.0
(162, 114, 172, 200, 204, 140), 49.0
(112, 151, 160, 254, 179, 108), 38.0
(91, 135, 158, 239, 225, 158), None
(199, 106, 187, 174, 194, 104), 34.0
(195, 67, 196, 221, 176, 74), 44.0
(155, 111, 134, 225, 178, 118), 62.0
(208, 60, 226, 226, 198, 93), None
(169, 85, 158, 191, 168, 101), 46.0
(177, 102, 154, 179, 208, 114), 46.0
(153, 109, 178, 211, 203, 118), 52.0
(185, 116, 184, 176, 211, 125), 45.0
(170, 96, 191, 196, 168, 99), 52.0
(139, 107, 211, 232, 200, 119), 47.0
(170, 125, 162, 148, 190, 120), 54.0
(124, 128, 97, 181, 207, 120), 60.0
(180, 76, 148, 134, 192, 96), 57.0
(174, 136, 155, 195, 178, 92), 39.0
(123, 89, 143, 256, 147, 129), 40.0
(165, 133, 194, 199, 223, 112), 54.0
(202, 107, 165, 156, 200, 125), 44.0
(204, 75, 147, 209, 192, 99), 46.0
(187, 99, 209, 168, 184, 108), 41.0
(121, 111, 231, 195, 210, 156), 43.0
(158, 126, 187, 185, 213, 138), 46.0
(111, 113, 156, 179, 179, 111), None
(258, 77, 147, 192, 196, 127), 56.0
(208, 127, 175, 189, 215, 93), 44.0
(144, 124, 188, 220, 153, 97), 52.0
(137, 127, 166, 222, 204, 122), 52.0
(216, 74, 158, 202, 195, 118), 54.0
(128, 125, 158, 210, 166, 136), 34.0
(167, 95, 168, 211, 165, 111), 44.0
(201, 79, 134, 183, 181, 88), 38.0
(156, 116, 206, 177, 192, 98), 50.0
(102, 129, 195, 251, 132, 102), None
(213, 115, 159, 212, 181, 91), 52.0
(155, 89, 133, 207, 167, 124), 54.0
(194, 87, 195, 203, 166, 106), 50.0
(124, 117, 140, 228, 161, 102), 44.0
(139, 118, 162, 209, 170, 118), None
(185, 107, 153, 203, 157, 102), 44.0
(169, 105, 158, 201, 169, 105), None
(183, 87, 125, 249, 151, 113), 46.0
(217, 79, 140, 220, 180, 92), 36.0
(219, 83, 192, 181, 168, 95), 38.0
(152, 92, 145, 207, 176, 110), 40.0
(166, 81, 122, 193, 208, 112), 42.0
(158, 101, 179, 232, 162, 90), 44.0
(164, 84, 119, 178, 194, 95), 45.0
(189, 95, 130, 247, 185, 126), 40.0
(204, 114, 142, 245, 146, 88), 46.0
(232, 69, 143, 197, 164, 83), 44.0
(221, 89, 150, 191, 187, 98), 52.0
(231, 40, 170, 222, 173, 84), 52.0
(179, 77, 108, 226, 162, 114), 44.0
(246, 62, 172, 120, 190, 104), 55.0
(189, 90, 127, 253, 159, 73), 40.0
(138, 63, 111, 226, 184, 138), None
(140, 113, 175, 243, 141, 121), 56.0
(202, 70, 125, 245, 185, 117), 38.0
(194, 104, 154, 250, 191, 110), 34.0
(227, 75, 157, 246, 151, 137), 60.0
(181, 79, 120, 298, 166, 126), 36.0
(158, 133, 146, 191, 164, 84), 39.0
(202, 87, 112, 243, 180, 87), None
(201, 88, 155, 216, 148, 145), 34.0
(159, 80, 111, 233, 182, 108), 36.0
(213, 98, 143, 241, 199, 115), 38.0
(224, 129, 179, 239, 153, 100), 36.0
(208, 103, 211, 230, 125, 139), 43.0
(190, 95, 106, 245, 181, 105), 44.0
(245, 72, 155, 202, 205, 127), 42.0
(163, 123, 195, 234, 159, 119), 52.0
(131, 112, 131, 237, 171, 109), None
(215, 81, 87, 247, 167, 117), 36.0
(228, 89, 111, 276, 161, 116), 46.0
(190, 94, 86, 223, 190, 127), None
(178, 66, 158, 240, 168, 116), 52.0
(280, 92, 159, 173, 185, 84), 42.0
(158, 123, 95, 295, 193, 144), 38.0
(221, 93, 172, 239, 168, 92), 44.0
(185, 117, 116, 260, 173, 126), 46.0
(199, 110, 131, 232, 193, 105), 65.0
(184, 83, 98, 260, 159, 129), 38.0
(227, 95, 164, 262, 186, 106), 42.0
(180, 107, 122, 258, 175, 88), 40.0
(176, 101, 160, 261, 197, 120), 54.0
(102, 130, 98, 293, 172, 132), 40.0
(211, 56, 122, 237, 185, 102), 53.0
(133, 131, 96, 298, 173, 128), 57.0
(224, 114, 101, 274, 203, 124), 40.0
(156, 151, 133, 242, 188, 137), 45.0
(147, 92, 83, 267, 185, 123), 42.0
(237, 125, 151, 222, 214, 132), 50.0
(169, 104, 103, 269, 186, 154), 48.0
(164, 98, 162, 232, 126, 82), 53.0
(179, 118, 108, 236, 156, 112), 52.0
(205, 66, 104, 291, 183, 103), 34.0
(115, 144, 105, 281, 181, 131), 46.0
(112, 116, 162, 198, 186, 146), 39.0
(157, 123, 68, 292, 195, 136), 40.0
(237, 117, 179, 171, 158, 120), 59.0
(202, 79, 131, 244, 207, 112), 65.0
(131, 146, 97, 287, 187, 126), 40.0
(213, 91, 152, 288, 184, 95), 48.0
(129, 145, 111, 250, 201, 136), 44.0
(163, 72, 116, 262, 175, 127), 42.0
(207, 97, 154, 226, 202, 130), 54.0
(169, 108, 104, 245, 188, 119), 46.0
(195, 87, 139, 287, 204, 88), 40.0
(204, 109, 120, 260, 182, 131), 60.0
(179, 78, 112, 245, 187, 109), 52.0
(144, 101, 88, 237, 190, 117), 32.0
(124, 116, 82, 270, 178, 127), 38.0
(175, 81, 101, 249, 173, 70), 52.0
(117, 75, 105, 286, 198, 153), 41.0
(142, 98, 65, 219, 193, 115), 44.0
(212, 61, 114, 250, 183, 127), 42.0
(166, 118, 102, 254, 183, 94), 36.0
(113, 123, 40, 273, 199, 134), 52.0
(132, 88, 104, 234, 181, 114), 50.0
(139, 80, 88, 250, 181, 113), 34.0
(130, 139, 96, 293, 185, 96), None
(146, 105, 90, 277, 190, 106), 41.0
(203, 90, 107, 219, 187, 91), 50.0
(134, 76, 90, 297, 188, 119), 40.0
(176, 56, 105, 256, 176, 96), None
(171, 113, 139, 240, 200, 134), 38.0
(137, 113, 85, 265, 201, 133), 38.0
(157, 76, 108, 231, 188, 118), 48.0
(138, 77, 87, 268, 176, 94), 42.0
(165, 97, 108, 249, 189, 136), 44.0
(173, 103, 112, 266, 172, 114), 41.0
(138, 76, 117, 246, 200, 142), 53.0
(156, 128, 116, 251, 207, 133), 48.0
(179, 77, 89, 287, 189, 109), 32.0
(184, 108, 123, 272, 182, 138), 43.0
(189, 85, 91, 283, 201, 131), 38.0
(234, 95, 116, 226, 202, 93), 44.0
(181, 108, 134, 223, 194, 132), 38.0
(182, 87, 110, 234, 186, 115), 34.0
(181, 98, 115, 264, 175, 131), 46.0
(169, 121, 142, 231, 198, 129), 50.0
(209, 75, 92, 258, 207, 149), 38.0
(200, 74, 72, 293, 211, 104), 38.0
(165, 90, 62, 250, 186, 102), 64.0
(176, 109, 95, 245, 195, 106), 56.0
(174, 89, 105, 259, 183, 112), 48.0
(171, 90, 105, 270, 176, 108), 61.0
(159, 90, 88, 276, 191, 113), 48.0
(200, 84, 112, 258, 181, 114), 42.0
(176, 79, 106, 278, 174, 114), 46.0
(215, 43, 98, 243, 201, 113), 40.0
(218, 51, 81, 275, 213, 141), 36.0
(220, 50, 47, 276, 181, 128), 40.0
(216, 52, 70, 284, 190, 128), 36.0
(173, 103, 54, 266, 219, 136), 44.0
(174, 92, 87, 249, 197, 127), 46.0
(159, 87, 123, 234, 181, 116), 46.0
(243, 72, 107, 242, 198, 125), 46.0
(246, 52, 79, 267, 201, 109), 42.0
(157, 104, 105, 257, 214, 150), 42.0
(246, 47, 61, 256, 213, 133), 44.0
(226, 66, 129, 267, 200, 129), None
(190, 72, 118, 240, 208, 159), 50.0
(254, 31, 60, 258, 245, 154), 36.0
(190, 65, 97, 256, 192, 136), 54.0
(220, 51, 69, 255, 226, 160), 46.0
(203, 24, 63, 284, 184, 117), 46.0
(242, 45, 79, 236, 200, 117), 46.0
(190, 81, 98, 293, 203, 104), 46.0
(246, 16, 48, 234, 233, 148), 38.0
(264, 55, 71, 298, 206, 165), 42.0
(168, 47, 109, 279, 242, 169), 55.0
(231, 82, 114, 218, 182, 95), 34.0
(241, 50, 25, 271, 240, 163), 58.0
(235, 53, 113, 249, 223, 141), 34.0
(229, 55, 65, 276, 226, 169), 50.0
(195, 80, 92, 251, 253, 157), 56.0
(267, 43, 84, 222, 209, 159), 36.0
(234, 82, 143, 245, 208, 130), 52.0
(291, 54, 118, 198, 191, 116), 40.0
(255, 95, 141, 222, 158, 83), 48.0
(234, 79, 110, 246, 162, 113), 48.0
(277, 71, 125, 234, 145, 108), 44.0
(296, 45, 116, 200, 204, 99), 43.0
(245, 93, 74, 240, 187, 115), 52.0
(259, 30, 90, 195, 263, 148), 48.0
(262, 46, 108, 222, 178, 92), 48.0
(240, 82, 93, 238, 159, 56), 40.0
(242, 65, 100, 200, 164, 125), 52.0
(236, 72, 101, 221, 166, 116), 40.0
(279, 67, 65, 217, 236, 138), 40.0
(249, 81, 141, 133, 155, 107), 44.0
(297, 13, 59, 192, 194, 114), 48.0
(179, 79, 64, 217, 199, 150), 45.0
(208, 27, 55, 195, 227, 149), 48.0
(292, 127, 196, 132, 182, 93), 52.0
(255, 27, 74, 231, 227, 127), 42.0
(181, 99, 102, 258, 193, 119), 38.0
(224, 111, 97, 167, 174, 93), 52.0
(219, 102, 96, 269, 164, 106), 38.0
(180, 107, 113, 202, 121, 49), 52.0
(261, 52, 85, 256, 213, 97), 38.0
(217, 79, 95, 211, 200, 102), 42.0
(197, 81, 82, 232, 132, 97), 36.0
(235, 76, 44, 202, 233, 97), 48.0
(234, 107, 122, 238, 139, 101), 48.0
(204, 95, 122, 237, 144, 80), 64.0
(276, 49, 86, 245, 203, 151), 42.0
(190, 87, 49, 268, 132, 146), 38.0
(226, 47, 61, 246, 132, 100), 42.0
(218, 59, 122, 273, 113, 128), 46.0
(283, 57, 91, 181, 133, 46), 44.0
(245, 52, 91, 259, 141, 113), 41.0
(198, 69, 85, 251, 147, 140), 46.0
(299, 51, 109, 279, 164, 144), 48.0
(183, 69, 50, 298, 196, 165), 52.0
(91, 125, 50, 258, 102, 115), 43.0
(154, 134, 63, 270, 107, 116), 44.0
(296, 49, 127, 182, 87, 69), 40.0
(211, 62, 63, 224, 186, 149), 56.0
(264, 76, 104, 205, 149, 85), 40.0
(222, 75, 108, 202, 127, 111), 54.0
(113, 108, 63, 257, 170, 126), 38.0
(144, 113, 74, 272, 124, 138), 34.0
(212, 97, 140, 199, 106, 88), 42.0
(229, 51, 81, 208, 85, 153), 42.0
(199, 114, 123, 212, 128, 140), 36.0
(208, 111, 75, 233, 135, 110), 54.0
(130, 83, 66, 249, 123, 151), 44.0
(159, 113, 90, 219, 156, 135), 65.0
(232, 72, 112, 188, 137, 84), 36.0
(210, 94, 95, 149, 99, 35), 44.0
(157, 82, 67, 211, 107, 115), 43.0
(97, 132, 109, 277, 100, 127), 44.0
(179, 81, 76, 230, 203, 132), 42.0
(154, 106, 76, 249, 127, 121), 43.0
(188, 110, 185, 170, 116, 109), 40.0
(270, 44, 92, 233, 120, 122), 44.0
(103, 102, 34, 291, 145, 151), 43.0
(294, 77, 122, 180, 91, 97), 38.0
(205, 92, 90, 262, 90, 138), None
(81, 133, 74, 262, 161, 188), 46.0
(269, 73, 158, 173, 149, 59), 42.0
(257, 82, 117, 181, 105, 68), 45.0
(168, 121, 164, 168, 112, 159), None
(225, 148, 127, 215, 111, 110), 42.0
(252, 147, 167, 157, 142, 82), 45.0
(240, 58, 158, 192, 143, 130), 38.0
(253, 71, 113, 246, 110, 124), 53.0
(283, 68, 94, 221, 124, 135), 46.0
(191, 65, 74, 214, 106, 104), 43.0
(104, 112, 53, 299, 136, 188), 48.0
(266, 84, 199, 199, 146, 78), None
(229, 132, 212, 197, 163, 71), 48.0
(253, 65, 157, 173, 140, 83), 44.0
(280, 45, 141, 137, 190, 110), 38.0
(198, 30, 98, 208, 147, 101), 48.0
(221, 26, 142, 192, 148, 59), 44.0
(263, 42, 81, 148, 142, 117), 48.0
(285, 84, 167, 168, 120, 62), 67.0
(270, 69, 115, 177, 152, 162), 42.0
(235, 73, 167, 150, 122, 94), 54.0
(281, 44, 141, 171, 137, 117), 36.0
(267, 116, 189, 80, 157, 135), 50.0
(240, 91, 155, 159, 144, 105), 42.0
(265, 9, 125, 174, 186, 163), 44.0
(231, 31, 107, 146, 212, 130), 34.0
(285, 14, 141, 182, 204, 167), 56.0
(237, 106, 120, 144, 141, 146), 54.0
(236, 47, 57, 208, 203, 109), 40.0
(252, 75, 135, 137, 120, 111), 57.0
(230, 35, 129, 128, 154, 113), 72.0
(176, 21, 85, 142, 226, 115), 38.0
(271, 19, 145, 60, 160, 88), 38.0
