Sampler:BoTorchSampler
(140, 287, 239, 92, 220, 260, 17, 225, 113), 35.111111111111114
(284, 82, 102, 83, 16, 12, 102, 121, 181), None
(89, 144, 249, 161, 84, 230, 290, 193, 87), 34.55555555555556
(23, 38, 259, 236, 262, 35, 18, 277, 214), 34.666666666666664
(125, 106, 299, 188, 194, 49, 248, 119, 37), 30.22222222222222
(101, 200, 82, 122, 44, 159, 130, 45, 130), None
(240, 96, 120, 175, 235, 270, 174, 18, 204), 31.666666666666668
(174, 103, 290, 45, 59, 161, 211, 101, 98), 32.888888888888886
(7, 6, 207, 270, 105, 27, 206, 50, 25), 31.333333333333332
(188, 189, 66, 118, 148, 236, 291, 134, 97), 30.555555555555557
(228, 17, 167, 87, 136, 53, 190, 33, 18), 28.88888888888889
(71, 191, 81, 41, 227, 262, 11, 297, 40), 30.0
(200, 36, 192, 125, 162, 39, 207, 49, 16), 34.0
(260, 0, 135, 46, 109, 69, 171, 15, 20), 34.77777777777778
(56, 157, 14, 25, 227, 263, 26, 88, 15), 31.666666666666668
(56, 158, 16, 25, 227, 264, 27, 280, 15), 29.88888888888889
(10, 169, 56, 2, 247, 267, 0, 69, 4), 34.77777777777778
(106, 165, 15, 55, 208, 257, 47, 162, 41), 32.333333333333336
(72, 131, 49, 47, 263, 136, 0, 89, 0), None
(68, 144, 45, 49, 259, 85, 0, 137, 0), None
(55, 162, 36, 62, 252, 117, 0, 176, 0), None
(60, 148, 42, 59, 258, 144, 0, 55, 0), None
(68, 150, 42, 50, 263, 5, 0, 91, 0), None
(69, 144, 45, 47, 260, 224, 0, 251, 0), None
(60, 153, 41, 56, 254, 28, 0, 155, 0), None
(65, 151, 42, 51, 260, 181, 0, 283, 0), None
(63, 150, 41, 56, 262, 166, 0, 240, 0), None
(67, 148, 43, 50, 262, 95, 0, 223, 0), None
(78, 136, 48, 37, 265, 132, 0, 172, 0), None
(64, 150, 43, 51, 256, 232, 0, 182, 0), None
(63, 149, 42, 55, 260, 67, 0, 110, 0), None
(64, 151, 42, 52, 258, 296, 0, 3, 0), None
(71, 133, 49, 46, 263, 255, 0, 91, 0), None
(69, 143, 44, 49, 265, 24, 0, 211, 0), None
(64, 158, 49, 0, 189, 225, 0, 35, 0), None
(82, 131, 51, 31, 264, 106, 0, 9, 0), None
(64, 142, 45, 53, 257, 205, 0, 189, 0), None
(73, 142, 45, 45, 268, 39, 0, 187, 0), None
(73, 142, 47, 40, 257, 60, 0, 147, 0), None
(68, 145, 42, 53, 267, 121, 0, 82, 0), None
(73, 144, 46, 39, 256, 63, 0, 130, 0), None
(62, 209, 23, 13, 232, 226, 0, 189, 0), None
(74, 137, 45, 47, 274, 103, 0, 104, 0), None
(70, 147, 43, 46, 263, 190, 0, 175, 0), None
(67, 150, 42, 49, 260, 227, 0, 244, 0), None
(65, 143, 45, 53, 257, 1, 0, 30, 0), None
(63, 153, 41, 53, 258, 30, 0, 151, 0), None
(78, 138, 50, 31, 256, 223, 0, 247, 0), None
(65, 148, 44, 50, 255, 155, 0, 18, 0), None
(219, 158, 25, 132, 205, 238, 258, 90, 125), 28.333333333333332
Sampler:TPESampler
(146, 63, 88, 76, 167, 200, 258, 0, 63), None
(257, 81, 85, 77, 52, 94, 7, 203, 72), 30.0
(289, 47, 204, 8, 9, 162, 256, 136, 186), 27.0
(135, 10, 187, 38, 163, 10, 29, 3, 124), None
(75, 30, 201, 3, 102, 288, 186, 165, 189), 27.0
(153, 92, 185, 264, 288, 264, 38, 243, 97), None
(11, 15, 162, 150, 51, 187, 69, 123, 206), 36.666666666666664
(85, 63, 275, 115, 45, 92, 154, 21, 112), 33.333333333333336
(80, 172, 65, 277, 239, 82, 2, 229, 203), 33.0
(154, 57, 248, 140, 92, 170, 75, 141, 190), 34.55555555555556
(273, 268, 27, 205, 4, 247, 269, 101, 287), 36.666666666666664
(220, 152, 234, 0, 113, 287, 210, 184, 8), 30.77777777777778
(20, 224, 216, 8, 2, 219, 210, 290, 277), 31.77777777777778
(211, 134, 140, 47, 119, 123, 164, 80, 171), 34.55555555555556
(70, 10, 131, 83, 210, 295, 297, 173, 242), 30.11111111111111
(292, 117, 296, 202, 88, 26, 208, 55, 151), 31.11111111111111
(200, 42, 206, 39, 198, 136, 111, 144, 239), 31.0
(109, 180, 254, 18, 31, 241, 242, 102, 243), 32.77777777777778
(49, 111, 117, 121, 80, 154, 176, 162, 147), 31.555555555555557
(190, 35, 161, 189, 123, 65, 118, 210, 219), 33.0
(238, 203, 202, 59, 147, 44, 233, 260, 168), 33.55555555555556
(257, 86, 8, 90, 64, 91, 119, 200, 66), 29.444444444444443
(289, 94, 19, 96, 33, 103, 123, 192, 4), 32.333333333333336
(249, 28, 42, 29, 65, 60, 179, 126, 42), None
(182, 0, 169, 59, 17, 118, 291, 157, 126), 31.666666666666668
(273, 79, 110, 0, 71, 151, 91, 229, 180), 32.44444444444444
(115, 48, 220, 160, 94, 208, 141, 276, 150), 30.77777777777778
(231, 114, 2, 100, 28, 167, 192, 65, 79), 33.333333333333336
(299, 29, 187, 242, 141, 232, 141, 213, 47), None
(171, 72, 79, 59, 104, 186, 267, 127, 220), 30.666666666666668
(43, 56, 108, 17, 61, 273, 237, 178, 90), 35.77777777777778
(260, 90, 57, 81, 47, 107, 46, 195, 46), None
(263, 79, 81, 30, 70, 71, 16, 202, 75), 29.0
(275, 72, 80, 27, 129, 70, 97, 171, 63), 28.444444444444443
(267, 26, 134, 24, 168, 4, 56, 162, 127), 33.0
(281, 66, 100, 44, 131, 29, 26, 226, 27), 33.55555555555556
(239, 102, 77, 26, 176, 29, 18, 103, 107), 29.88888888888889
(125, 47, 183, 63, 105, 75, 89, 254, 83), 33.77777777777778
(103, 19, 53, 34, 288, 52, 91, 140, 58), 32.333333333333336
(141, 124, 90, 298, 133, 256, 249, 114, 192), 36.111111111111114
(219, 68, 36, 11, 156, 130, 62, 165, 23), 32.55555555555556
(249, 77, 0, 48, 56, 84, 130, 201, 68), 35.22222222222222
(259, 90, 166, 71, 75, 93, 110, 183, 102), 29.444444444444443
(281, 291, 249, 123, 16, 68, 163, 217, 58), 33.333333333333336
(270, 144, 236, 0, 106, 41, 77, 247, 137), 28.333333333333332
(281, 159, 230, 1, 102, 18, 11, 252, 136), 30.555555555555557
(299, 137, 269, 16, 117, 52, 39, 239, 164), 26.444444444444443
(295, 138, 282, 14, 178, 48, 76, 269, 165), 29.555555555555557
(299, 180, 268, 12, 197, 0, 39, 289, 205), 29.22222222222222
(3, 230, 237, 42, 117, 188, 225, 241, 191), 31.88888888888889
Sampler:CmaEsSampler
(200, 114, 87, 232, 292, 273, 274, 250, 177), 32.666666666666664
(109, 190, 155, 185, 79, 147, 168, 159, 185), None
(198, 143, 128, 19, 159, 107, 171, 193, 97), 35.111111111111114
(62, 139, 165, 166, 57, 130, 197, 155, 135), 35.333333333333336
(78, 182, 90, 117, 133, 78, 200, 131, 138), None
(48, 92, 113, 117, 111, 156, 136, 167, 294), 32.111111111111114
(176, 154, 182, 187, 52, 159, 199, 190, 208), 37.55555555555556
(169, 132, 170, 168, 109, 181, 158, 170, 163), None
(149, 128, 117, 180, 101, 178, 129, 150, 134), 25.444444444444443
(74, 183, 125, 191, 133, 219, 142, 207, 175), 29.0
(141, 209, 100, 76, 109, 206, 195, 206, 180), None
(151, 109, 174, 144, 162, 212, 153, 76, 132), 36.0
(173, 131, 195, 146, 100, 215, 66, 125, 111), 32.55555555555556
(203, 187, 150, 81, 172, 151, 136, 139, 57), 31.88888888888889
(128, 223, 153, 186, 194, 159, 160, 195, 172), 29.555555555555557
(69, 155, 121, 127, 136, 216, 191, 209, 158), 36.22222222222222
(4, 154, 169, 128, 93, 128, 158, 170, 195), None
(93, 215, 104, 285, 118, 150, 165, 160, 121), 31.333333333333332
(195, 99, 122, 186, 188, 175, 176, 162, 121), 29.11111111111111
(195, 48, 99, 176, 123, 173, 181, 153, 120), 32.44444444444444
(104, 76, 125, 144, 130, 258, 118, 193, 135), 35.111111111111114
(217, 160, 97, 266, 128, 166, 162, 116, 62), 34.22222222222222
(77, 121, 137, 197, 137, 131, 76, 145, 154), None
(144, 133, 44, 203, 106, 249, 67, 235, 120), 32.333333333333336
(70, 126, 73, 219, 173, 115, 53, 154, 184), 34.0
(134, 102, 110, 173, 96, 185, 100, 160, 146), 33.44444444444444
(132, 242, 166, 132, 209, 185, 122, 195, 226), None
(135, 249, 131, 187, 156, 151, 79, 130, 170), 35.111111111111114
(127, 132, 96, 173, 138, 221, 145, 171, 114), 33.666666666666664
(92, 105, 10, 262, 137, 209, 204, 148, 76), 36.22222222222222
(139, 150, 107, 181, 174, 196, 110, 152, 109), 33.77777777777778
(192, 150, 154, 250, 192, 208, 236, 202, 85), None
(197, 157, 151, 280, 140, 201, 128, 147, 206), 34.22222222222222
(164, 138, 159, 244, 146, 226, 104, 133, 136), 32.0
(202, 157, 90, 189, 136, 122, 153, 99, 100), 28.444444444444443
(164, 122, 99, 177, 188, 162, 166, 189, 91), 28.11111111111111
(154, 99, 125, 241, 121, 166, 120, 136, 51), 33.55555555555556
(157, 152, 127, 66, 109, 169, 51, 201, 75), 29.88888888888889
(207, 71, 108, 150, 112, 113, 193, 199, 31), 35.44444444444444
(178, 135, 94, 132, 223, 221, 99, 223, 56), None
(202, 116, 99, 170, 145, 182, 118, 158, 113), 31.88888888888889
(163, 157, 59, 152, 231, 172, 141, 147, 101), 32.111111111111114
(162, 174, 119, 191, 163, 155, 105, 214, 76), 33.666666666666664
(175, 173, 166, 120, 174, 204, 137, 208, 127), 28.22222222222222
(209, 67, 24, 168, 93, 197, 39, 95, 113), 37.44444444444444
(159, 111, 139, 197, 159, 191, 129, 170, 160), None
(234, 143, 135, 144, 179, 243, 132, 188, 77), 30.88888888888889
(237, 113, 74, 137, 244, 153, 182, 91, 36), 33.22222222222222
(168, 188, 136, 197, 149, 136, 81, 233, 143), None
(153, 130, 97, 95, 174, 83, 140, 184, 145), 28.333333333333332
