Sampler:BoTorchSampler
(394, 237, 371, 396, 298, 278), 65.0
(182, 127, 275, 369, 231, 306), 49.166666666666664
(194, 32, 324, 348, 59, 364), None
(104, 253, 81, 226, 236, 168), 53.666666666666664
(173, 271, 218, 183, 39, 12), 59.333333333333336
(271, 214, 43, 15, 1, 254), None
(350, 87, 206, 52, 313, 40), 49.666666666666664
(222, 70, 164, 298, 223, 321), 46.666666666666664
(39, 129, 89, 187, 48, 171), None
(162, 254, 243, 94, 217, 231), 49.833333333333336
(183, 246, 193, 264, 378, 365), 49.833333333333336
(363, 94, 267, 285, 322, 273), 52.5
(12, 327, 182, 259, 395, 390), 49.5
(163, 100, 204, 238, 259, 331), 45.5
(183, 50, 205, 219, 277, 266), None
(183, 50, 205, 218, 277, 266), None
(183, 50, 206, 218, 277, 266), None
(183, 50, 206, 217, 277, 266), None
(183, 50, 206, 217, 277, 265), None
(183, 51, 205, 219, 277, 267), 49.833333333333336
(147, 133, 183, 271, 223, 377), 51.0
(196, 75, 199, 288, 319, 339), 45.5
(191, 120, 185, 265, 307, 316), 50.5
(192, 22, 231, 289, 268, 364), 52.166666666666664
(160, 67, 143, 376, 296, 294), 48.0
(161, 84, 223, 286, 248, 349), 50.666666666666664
(246, 51, 93, 283, 318, 331), 50.166666666666664
(72, 123, 204, 281, 399, 313), 50.5
(209, 70, 146, 351, 164, 254), 49.5
Sampler:TPESampler
(285, 183, 340, 369, 243, 19), 43.5
(380, 41, 334, 64, 323, 330), None
(265, 54, 157, 288, 134, 108), 50.833333333333336
(386, 198, 372, 14, 74, 281), 50.833333333333336
(114, 69, 127, 373, 30, 356), None
(170, 127, 15, 374, 83, 301), 46.166666666666664
(164, 277, 155, 274, 171, 265), 47.166666666666664
(65, 89, 147, 366, 274, 56), None
(95, 19, 398, 275, 171, 378), 54.166666666666664
(54, 95, 192, 180, 110, 101), None
(282, 371, 268, 161, 377, 11), 47.833333333333336
(243, 168, 11, 395, 235, 185), 44.5
(267, 192, 4, 318, 226, 182), None
(312, 262, 287, 222, 248, 164), 54.333333333333336
(216, 138, 65, 391, 301, 236), 45.333333333333336
(322, 274, 250, 320, 196, 5), None
(224, 165, 81, 214, 353, 157), 54.333333333333336
(342, 252, 211, 106, 243, 227), 46.0
(12, 341, 324, 326, 292, 111), None
(177, 231, 83, 399, 212, 53), 44.833333333333336
(241, 330, 221, 242, 397, 66), 51.166666666666664
(147, 229, 49, 397, 211, 49), None
(191, 163, 102, 350, 176, 130), 50.666666666666664
(296, 220, 38, 342, 261, 40), 37.833333333333336
(308, 165, 38, 339, 260, 1), 41.0
(342, 125, 37, 339, 273, 22), 47.333333333333336
(297, 311, 118, 297, 345, 80), None
(367, 221, 318, 246, 268, 31), 51.0
(340, 186, 177, 345, 319, 1), 44.0
(367, 148, 354, 147, 324, 78), None
(398, 302, 296, 305, 262, 41), None
(342, 191, 191, 351, 307, 1), None
(291, 201, 40, 341, 321, 23), 44.0
(324, 105, 92, 266, 334, 81), 46.0
(264, 207, 232, 295, 294, 31), None
(290, 241, 35, 365, 361, 108), 48.666666666666664
(259, 211, 61, 27, 143, 27), None
(310, 58, 28, 331, 256, 141), None
(281, 115, 131, 374, 4, 59), None
(213, 176, 0, 264, 281, 325), 51.5
(239, 153, 66, 364, 205, 91), 46.666666666666664
(370, 189, 178, 345, 313, 7), None
(351, 183, 393, 304, 327, 1), 51.333333333333336
(302, 80, 112, 375, 234, 22), None
(324, 214, 168, 280, 377, 42), None
(284, 141, 26, 313, 284, 63), None
(257, 255, 138, 337, 189, 21), None
(393, 21, 49, 359, 153, 42), None
(325, 200, 348, 382, 219, 1), 51.0
(354, 278, 285, 325, 249, 121), 52.5
Sampler:CmaEsSampler
(175, 337, 382, 225, 80, 254), None
(162, 101, 29, 393, 91, 151), 53.666666666666664
(200, 192, 221, 279, 202, 271), 48.833333333333336
(112, 233, 211, 158, 232, 192), None
(190, 246, 318, 219, 226, 253), 50.666666666666664
(218, 263, 176, 106, 259, 116), 45.5
(281, 183, 152, 215, 211, 241), 48.666666666666664
(259, 169, 139, 322, 223, 85), 48.333333333333336
(194, 326, 103, 188, 185, 206), 51.833333333333336
(270, 97, 169, 298, 219, 135), None
(291, 145, 145, 132, 258, 161), None
(208, 300, 197, 267, 192, 142), 52.0
(229, 179, 184, 344, 240, 302), 50.333333333333336
(159, 147, 277, 163, 169, 253), 54.5
(281, 302, 160, 220, 228, 161), 50.5
(173, 157, 161, 216, 215, 159), 52.166666666666664
(188, 162, 137, 196, 142, 134), 51.5
(221, 183, 195, 194, 331, 126), 51.5
(192, 103, 48, 130, 200, 53), None
(228, 252, 165, 108, 236, 149), 51.166666666666664
(362, 214, 164, 237, 159, 161), 53.666666666666664
(315, 275, 204, 153, 333, 13), 41.833333333333336
(184, 96, 173, 178, 237, 193), None
(247, 240, 208, 259, 229, 204), 51.5
(266, 192, 24, 181, 188, 78), None
(243, 210, 183, 287, 259, 72), 50.5
(206, 238, 50, 230, 143, 178), None
(371, 326, 107, 358, 269, 18), 48.333333333333336
(283, 350, 281, 188, 296, 58), None
(330, 192, 164, 255, 331, 22), None
(293, 293, 213, 148, 161, 75), None
(246, 229, 160, 302, 300, 70), 54.333333333333336
(333, 265, 128, 290, 309, 47), None
(238, 237, 215, 188, 272, 100), 56.666666666666664
(315, 155, 172, 9, 290, 4), None
(294, 242, 170, 291, 304, 135), 49.5
(227, 268, 285, 130, 222, 169), 52.5
(326, 297, 159, 83, 255, 125), None
(185, 193, 197, 209, 169, 151), 52.666666666666664
(231, 238, 184, 203, 258, 130), 51.5
(135, 186, 108, 336, 241, 238), 48.333333333333336
(291, 256, 274, 177, 324, 123), None
(287, 195, 150, 144, 379, 100), 50.5
(326, 334, 168, 321, 324, 38), 48.5
(286, 342, 123, 237, 341, 51), 44.666666666666664
(267, 268, 96, 320, 285, 170), None
(259, 110, 57, 171, 345, 150), None
(242, 272, 105, 275, 240, 158), 52.166666666666664
(190, 205, 103, 198, 244, 296), 47.666666666666664
(204, 264, 20, 362, 232, 147), None
