Sampler:BoTorchSampler
(384, 192, 194, 29, 223, 175, 205, 263, 123), 40.0
(162, 354, 10, 126, 333, 37, 314, 165, 247), 40.55555555555556
(314, 76, 77, 15, 142, 77, 398, 322, 258), None
(180, 186, 201, 9, 69, 102, 25, 44, 6), 53.44444444444444
(122, 365, 221, 147, 238, 377, 198, 101, 61), 40.333333333333336
(373, 244, 53, 281, 279, 171, 142, 332, 168), 35.77777777777778
(125, 211, 297, 148, 397, 291, 93, 157, 109), 39.888888888888886
(323, 353, 180, 84, 386, 373, 229, 372, 363), 42.333333333333336
(140, 67, 296, 253, 16, 123, 322, 235, 33), 33.22222222222222
(192, 322, 186, 41, 74, 20, 394, 149, 89), 40.44444444444444
(140, 202, 372, 122, 286, 18, 208, 347, 129), 36.44444444444444
(182, 197, 187, 0, 60, 99, 0, 9, 0), None
(182, 197, 187, 0, 60, 99, 0, 8, 0), None
(181, 196, 187, 0, 60, 97, 0, 9, 0), None
(182, 197, 187, 0, 59, 99, 0, 7, 0), None
(183, 197, 186, 0, 60, 99, 0, 8, 0), None
(182, 197, 187, 0, 59, 99, 0, 8, 0), None
(183, 197, 188, 0, 60, 99, 0, 7, 0), None
(182, 197, 188, 0, 60, 99, 0, 9, 0), None
Sampler:TPESampler
(11, 381, 224, 160, 286, 151, 274, 248, 248), None
(71, 30, 137, 149, 288, 170, 254, 244, 137), None
(25, 64, 322, 128, 217, 150, 126, 397, 83), 42.666666666666664
(348, 32, 212, 361, 258, 272, 193, 8, 263), 39.111111111111114
(153, 105, 221, 126, 252, 370, 168, 322, 188), 35.22222222222222
(386, 354, 90, 190, 134, 242, 269, 28, 376), 38.55555555555556
(34, 217, 181, 34, 145, 228, 73, 188, 300), None
(353, 367, 188, 314, 141, 23, 96, 305, 295), 39.666666666666664
(318, 32, 274, 77, 327, 215, 278, 98, 38), 38.22222222222222
(338, 221, 71, 383, 209, 365, 100, 58, 297), 35.55555555555556
(220, 135, 391, 252, 3, 62, 346, 397, 38), 36.333333333333336
(246, 300, 340, 281, 93, 6, 6, 399, 123), None
(104, 139, 297, 287, 399, 95, 115, 321, 383), 36.22222222222222
(285, 286, 13, 228, 50, 7, 17, 323, 102), 42.888888888888886
(269, 274, 21, 227, 6, 92, 8, 358, 97), 38.44444444444444
(168, 267, 393, 106, 72, 138, 37, 161, 82), 33.77777777777778
(286, 81, 24, 40, 201, 51, 148, 268, 7), 46.888888888888886
(296, 181, 9, 3, 69, 56, 162, 265, 7), 42.0
(203, 318, 72, 206, 196, 0, 54, 211, 165), 33.44444444444444
(272, 170, 121, 44, 167, 300, 399, 147, 6), 39.55555555555556
(386, 103, 35, 77, 44, 52, 219, 282, 51), 36.333333333333336
(144, 66, 285, 174, 213, 103, 134, 357, 80), 39.55555555555556
(236, 94, 48, 110, 107, 122, 145, 354, 132), 40.55555555555556
(290, 252, 1, 63, 190, 179, 206, 295, 62), 38.111111111111114
(106, 0, 111, 8, 225, 41, 73, 342, 3), 49.22222222222222
(96, 1, 141, 8, 344, 40, 48, 231, 2), 47.666666666666664
(107, 4, 145, 5, 369, 41, 69, 216, 0), 44.666666666666664
(73, 5, 104, 36, 346, 78, 85, 250, 29), 37.666666666666664
(175, 68, 171, 5, 245, 29, 35, 181, 27), 36.77777777777778
(108, 0, 57, 48, 292, 123, 52, 236, 234), 31.444444444444443
(58, 49, 153, 89, 307, 77, 168, 130, 61), 39.44444444444444
(116, 5, 121, 0, 384, 39, 72, 224, 11), 40.55555555555556
(133, 24, 144, 22, 362, 35, 61, 272, 14), 41.666666666666664
(73, 80, 162, 22, 322, 175, 119, 252, 3), 44.888888888888886
(5, 83, 102, 55, 334, 177, 112, 253, 62), 36.333333333333336
(80, 44, 237, 32, 269, 335, 130, 289, 38), 38.44444444444444
(43, 146, 197, 149, 236, 253, 231, 193, 171), 46.111111111111114
(37, 119, 234, 150, 236, 252, 296, 189, 165), 41.44444444444444
(51, 158, 190, 122, 276, 281, 227, 111, 342), 40.333333333333336
(26, 121, 204, 91, 164, 313, 180, 201, 215), 37.22222222222222
(0, 48, 260, 171, 239, 206, 250, 167, 153), 37.666666666666664
(96, 83, 159, 23, 311, 234, 142, 227, 50), 37.888888888888886
(87, 26, 118, 64, 180, 151, 189, 312, 21), 39.0
(56, 191, 171, 23, 229, 264, 94, 258, 277), 39.77777777777778
(125, 149, 82, 68, 261, 195, 154, 341, 110), 42.333333333333336
(161, 210, 215, 132, 294, 76, 244, 375, 207), 42.0
(189, 80, 125, 19, 317, 395, 116, 238, 1), 40.22222222222222
(42, 119, 197, 321, 220, 126, 301, 208, 339), 32.666666666666664
(19, 59, 94, 92, 340, 19, 29, 275, 85), None
(76, 21, 170, 44, 160, 105, 86, 74, 43), 40.44444444444444
Sampler:CmaEsSampler
(389, 188, 240, 361, 27, 141, 149, 376, 90), 34.22222222222222
(257, 133, 182, 168, 193, 188, 142, 269, 187), 36.22222222222222
(190, 300, 198, 179, 183, 173, 248, 98, 98), None
(249, 210, 223, 157, 128, 268, 154, 95, 296), 43.55555555555556
(167, 210, 227, 153, 187, 23, 195, 147, 161), 45.77777777777778
(39, 291, 335, 200, 198, 205, 239, 138, 130), 39.22222222222222
(157, 248, 169, 101, 214, 179, 316, 234, 89), 44.111111111111114
(122, 238, 141, 260, 92, 123, 160, 126, 78), 47.55555555555556
(129, 205, 226, 100, 145, 205, 302, 201, 194), None
(167, 213, 304, 189, 341, 238, 247, 247, 188), None
(290, 82, 155, 335, 274, 224, 229, 271, 225), 34.888888888888886
(271, 64, 309, 256, 165, 208, 283, 222, 180), 43.111111111111114
(187, 168, 139, 99, 184, 132, 275, 146, 108), 37.44444444444444
(277, 94, 330, 289, 228, 233, 191, 141, 198), 40.0
(271, 133, 184, 172, 83, 88, 271, 208, 146), None
(61, 263, 337, 167, 131, 157, 128, 195, 135), 36.22222222222222
(234, 153, 262, 199, 133, 90, 244, 173, 51), 41.22222222222222
(332, 255, 164, 174, 253, 56, 175, 251, 52), 37.333333333333336
(198, 277, 149, 114, 71, 151, 204, 94, 156), 50.22222222222222
(245, 273, 260, 157, 143, 102, 387, 23, 21), 40.0
(153, 272, 214, 148, 148, 243, 251, 243, 80), None
(220, 191, 233, 281, 79, 149, 210, 99, 99), None
(183, 211, 184, 210, 86, 18, 187, 222, 281), 46.77777777777778
(160, 179, 214, 223, 116, 130, 328, 65, 184), 32.888888888888886
(136, 161, 273, 142, 115, 149, 180, 76, 34), 38.22222222222222
(45, 236, 296, 208, 122, 98, 210, 187, 19), 38.55555555555556
(42, 278, 231, 266, 126, 154, 210, 67, 145), 41.888888888888886
(143, 262, 173, 163, 69, 32, 187, 192, 155), 34.77777777777778
(255, 129, 190, 214, 104, 193, 122, 149, 33), 39.666666666666664
(201, 256, 182, 168, 66, 137, 270, 165, 102), 39.55555555555556
(65, 366, 152, 246, 68, 77, 207, 173, 213), 41.888888888888886
(174, 231, 244, 191, 39, 79, 135, 129, 274), 42.44444444444444
(80, 275, 182, 251, 106, 58, 268, 52, 203), 35.888888888888886
(134, 260, 269, 192, 64, 58, 200, 36, 227), 36.22222222222222
(69, 196, 104, 172, 15, 72, 232, 238, 276), 44.333333333333336
(34, 183, 193, 169, 122, 114, 256, 154, 257), 38.22222222222222
(49, 238, 225, 129, 200, 56, 205, 52, 189), 39.0
(102, 138, 144, 238, 51, 71, 111, 93, 183), 38.888888888888886
(13, 218, 95, 163, 110, 13, 268, 226, 180), None
(99, 224, 188, 200, 219, 162, 238, 137, 229), 38.333333333333336
(217, 248, 174, 125, 96, 143, 206, 211, 256), 40.111111111111114
(203, 100, 84, 189, 10, 71, 298, 257, 123), 41.333333333333336
(233, 330, 82, 249, 44, 63, 218, 210, 231), 43.666666666666664
(139, 191, 208, 152, 29, 36, 306, 282, 196), 39.666666666666664
(107, 255, 160, 288, 26, 97, 170, 218, 149), 39.888888888888886
(28, 291, 176, 224, 189, 19, 183, 211, 221), 39.333333333333336
(76, 176, 101, 259, 18, 154, 222, 269, 159), 45.55555555555556
(120, 284, 122, 146, 122, 193, 139, 230, 252), None
(77, 245, 334, 88, 127, 18, 273, 173, 264), 38.0
(167, 242, 120, 314, 37, 113, 173, 279, 379), 39.0
