Sampler:TPESampler
(165, 13, 25), 72.0
(120, 222, 2), 61.0
(1, 37, 68), 68.0
(120, 286, 50), 58.0
(191, 278, 173), 82.0
(198, 155, 44), 68.0
(40, 215, 137), 64.0
(168, 77, 258), None
(66, 239, 115), None
(81, 142, 81), None
(276, 288, 206), 64.0
(102, 215, 5), None
(123, 170, 3), None
(245, 251, 98), None
(130, 294, 54), 82.0
(226, 189, 283), 82.0
(39, 106, 35), 85.0
(139, 255, 168), None
(86, 208, 103), 58.0
(85, 118, 124), 52.0
(49, 116, 215), 77.0
(92, 188, 127), 64.0
(9, 74, 95), None
(102, 120, 152), 70.0
(67, 184, 75), 70.0
(159, 81, 108), 60.0
(112, 268, 197), 60.0
(74, 139, 60), 56.0
(21, 141, 60), 72.0
(65, 8, 26), None
(83, 39, 150), 76.0
(144, 100, 89), 75.0
(53, 152, 121), 74.0
(112, 132, 65), 76.0
(81, 235, 52), 56.0
(28, 231, 22), 62.0
(184, 270, 45), 52.0
(183, 264, 43), 38.0
(180, 265, 38), 68.0
(213, 249, 18), 62.0
(176, 298, 44), 56.0
(179, 299, 45), 53.0
(193, 279, 76), 77.0
(171, 272, 36), 58.0
(205, 289, 16), 58.0
(226, 171, 70), 50.0
(248, 167, 74), 59.0
(230, 204, 90), 50.0
(291, 200, 139), 63.0
(238, 162, 89), 60.0
(215, 176, 111), None
(260, 262, 82), 72.0
(162, 200, 46), 69.0
(186, 223, 29), 62.0
(226, 243, 8), None
(202, 287, 133), 64.0
(262, 279, 69), 54.0
(228, 299, 99), None
(151, 256, 165), None
(216, 223, 57), None
(191, 124, 86), 56.0
(262, 278, 65), 54.0
(275, 280, 48), 52.0
(280, 245, 47), 82.0
(156, 260, 0), 64.0
(130, 278, 35), 86.0
(240, 202, 246), 54.0
(299, 93, 120), 56.0
(251, 214, 51), 56.0
(271, 290, 13), 51.0
(273, 62, 10), None
(283, 287, 30), 48.0
(284, 270, 24), 52.0
(269, 287, 33), 56.0
(298, 230, 13), 62.0
(287, 267, 21), 74.0
(285, 255, 27), None
(238, 109, 60), 56.0
(255, 271, 41), None
(269, 136, 27), 68.0
(232, 149, 105), None
(276, 292, 52), 60.0
(292, 282, 71), 50.0
(290, 273, 70), 50.0
(292, 281, 72), 50.0
(291, 282, 72), 50.0
(293, 284, 72), 54.0
(295, 292, 80), None
(281, 250, 94), 58.0
(270, 259, 64), 69.0
(292, 275, 83), 70.0
(258, 264, 74), 60.0
(289, 178, 97), None
(282, 239, 56), None
(267, 282, 65), 72.0
(275, 292, 78), None
(249, 284, 91), 50.0
(246, 286, 91), 61.0
(221, 295, 102), 54.0
(254, 276, 111), None
(263, 191, 70), 52.0
(205, 272, 41), 52.0
(207, 266, 59), None
(243, 286, 84), 60.0
(276, 282, 48), 52.0
(234, 298, 37), 65.0
(292, 255, 87), None
(282, 248, 6), None
(219, 273, 31), 74.0
(299, 290, 120), 67.0
(260, 189, 70), 54.0
(263, 183, 19), 66.0
(278, 173, 72), 76.0
(211, 160, 40), 52.0
(286, 129, 139), 53.0
(265, 192, 63), 66.0
(198, 210, 56), None
(287, 267, 14), 84.0
(252, 284, 50), 52.0
(249, 281, 51), 52.0
(274, 277, 286), 76.0
(1, 146, 92), 64.0
(171, 261, 21), 64.0
(136, 272, 80), None
(189, 294, 128), 68.0
(285, 167, 66), 52.0
(229, 270, 188), 87.0
(224, 263, 24), 65.0
(203, 196, 43), 56.0
(293, 166, 295), 70.0
(212, 153, 77), None
(249, 282, 51), 52.0
(237, 158, 55), None
(209, 289, 39), 58.0
(276, 277, 33), 65.0
(219, 182, 98), None
(243, 299, 64), 53.0
(108, 254, 0), 62.0
(267, 230, 70), 52.0
(254, 289, 46), 54.0
(266, 231, 75), 64.0
(296, 284, 40), 54.0
(283, 162, 60), 46.0
(283, 167, 61), 60.0
(246, 280, 53), 60.0
(186, 177, 88), 52.0
(273, 270, 29), 50.0
(280, 204, 11), 73.0
(289, 164, 67), 62.0
(269, 262, 82), 72.0
(273, 144, 31), 56.0
(299, 270, 28), 61.0
(288, 276, 57), None
(257, 85, 73), 64.0
(233, 48, 43), None
(284, 242, 67), 76.0
(279, 115, 238), None
(181, 272, 91), 54.0
(253, 289, 61), 66.0
(195, 268, 16), 56.0
(274, 282, 51), 52.0
(251, 283, 51), 52.0
(291, 294, 35), 68.0
(271, 157, 67), 70.0
(266, 222, 45), 64.0
(57, 215, 71), None
(178, 179, 87), 67.0
(283, 278, 59), None
(292, 284, 80), None
(260, 273, 54), 47.0
(262, 259, 76), 57.0
(278, 273, 26), 70.0
(271, 293, 57), None
(145, 171, 114), None
(153, 266, 85), 64.0
(285, 175, 68), 54.0
(167, 287, 38), 62.0
(260, 279, 48), 51.0
(261, 273, 46), 52.0
(279, 277, 103), 71.0
(259, 281, 51), 56.0
(268, 151, 58), None
(240, 251, 77), None
(188, 278, 61), 68.0
(299, 265, 20), 59.0
(173, 288, 46), 64.0
(272, 298, 51), 70.0
(43, 270, 34), 62.0
(256, 282, 41), None
(223, 291, 157), 68.0
(230, 284, 36), 58.0
(286, 172, 66), 62.0
(249, 283, 50), 48.0
(293, 275, 25), 68.0
(277, 283, 50), 52.0
(248, 293, 63), 60.0
(246, 286, 54), 66.0
(277, 261, 50), 58.0
(239, 96, 143), None
(268, 273, 72), 52.0
(259, 269, 45), 71.0
(289, 187, 29), 46.0
(201, 186, 26), 60.0
(248, 279, 32), 47.0
(289, 188, 32), 56.0
(284, 276, 18), 52.0
(262, 279, 10), None
(273, 270, 33), 48.0
(295, 258, 32), 70.0
(251, 264, 29), 51.0
(285, 163, 24), 44.0
(250, 289, 21), 68.0
(256, 161, 29), None
(235, 268, 38), 58.0
(290, 285, 30), 50.0
(290, 275, 15), 46.0
(290, 262, 4), None
(299, 295, 13), 40.0
(296, 298, 16), 48.0
(299, 297, 15), 45.0
(295, 293, 12), 42.0
(296, 291, 9), None
(298, 296, 17), 54.0
(296, 298, 9), None
(289, 297, 15), 46.0
(290, 297, 15), 52.0
(291, 293, 3), None
(287, 298, 21), 64.0
(298, 14, 14), None
(284, 299, 24), 55.0
(299, 291, 6), None
(293, 286, 15), 50.0
(291, 286, 15), 56.0
(282, 287, 21), 66.0
(293, 289, 14), 48.0
(293, 293, 11), None
(288, 288, 18), None
(294, 284, 24), 54.0
(282, 295, 29), 52.0
(287, 277, 10), None
(280, 280, 0), None
(299, 291, 26), 63.0
(292, 285, 16), 56.0
(299, 275, 20), 75.0
(288, 289, 14), 58.0
(292, 299, 5), None
(285, 197, 33), 50.0
(281, 211, 32), 60.0
(284, 155, 20), 70.0
(277, 200, 35), 50.0
(274, 291, 25), 63.0
(293, 193, 35), 44.0
(278, 195, 33), 62.0
(294, 285, 13), 52.0
(292, 182, 7), None
(289, 203, 39), 58.0
(295, 170, 22), 74.0
(286, 163, 29), 60.0
(299, 207, 37), 50.0
(287, 280, 26), 70.0
(299, 221, 41), 53.0
(278, 190, 19), 68.0
(292, 282, 11), 51.0
(283, 201, 35), 58.0
(288, 272, 27), 56.0
(295, 194, 37), 52.0
(284, 296, 42), 54.0
(299, 299, 32), None
(299, 182, 28), 56.0
(243, 205, 38), 72.0
(279, 289, 15), 51.0
(274, 193, 5), None
(283, 200, 35), 58.0
(121, 291, 21), 46.0
(299, 293, 20), 69.0
(141, 176, 23), 52.0
(100, 291, 12), 54.0
(271, 271, 58), None
(122, 208, 33), 68.0
(287, 299, 25), 53.0
(110, 279, 19), None
(290, 137, 14), 60.0
(293, 276, 75), 68.0
(276, 293, 43), 70.0
(294, 211, 7), None
(163, 285, 2), 44.0
(88, 283, 2), 60.0
(132, 288, 0), 63.0
(163, 186, 28), 60.0
(157, 199, 11), 50.0
(286, 286, 7), None
(151, 160, 64), 62.0
(282, 275, 220), 70.0
(294, 290, 15), 66.0
(243, 168, 24), 56.0
(299, 151, 45), 72.0
(281, 299, 7), None
(238, 204, 38), 52.0
(145, 197, 18), 60.0
(119, 191, 32), 71.0
(267, 268, 23), 58.0
(272, 282, 180), 74.0
(160, 294, 9), None
(25, 292, 55), None
(293, 279, 45), 69.0
(288, 286, 19), 60.0
(299, 174, 14), 68.0
(226, 287, 17), 64.0
(280, 197, 37), 56.0
(286, 216, 1), 66.0
(156, 276, 9), None
(275, 266, 40), 62.0
(163, 299, 15), 54.0
(247, 207, 31), 56.0
(74, 181, 29), 78.0
(148, 145, 24), 56.0
(288, 272, 21), 62.0
(282, 268, 31), 52.0
(292, 293, 4), None
(289, 191, 36), 54.0
(293, 281, 12), 54.0
(217, 253, 25), 70.0
(293, 279, 71), 71.0
(255, 164, 269), None
(96, 275, 69), None
(170, 197, 7), None
(176, 201, 12), 58.0
(278, 292, 27), 54.0
(158, 187, 0), 70.0
(135, 235, 18), 76.0
(264, 156, 44), 68.0
(128, 194, 34), 86.0
(151, 206, 40), 64.0
(284, 286, 58), None
(290, 282, 56), None
(294, 293, 10), None
(272, 260, 19), 58.0
(299, 211, 12), 63.0
(279, 295, 48), 71.0
(243, 287, 85), 60.0
(266, 170, 34), 54.0
(275, 216, 23), 62.0
(182, 298, 28), 56.0
(284, 71, 22), 56.0
(116, 299, 40), 55.0
(167, 289, 5), None
(254, 290, 16), 54.0
(140, 202, 44), 63.0
(289, 282, 62), 62.0
(239, 286, 11), 49.0
(285, 274, 15), 49.0
(282, 274, 19), 56.0
(299, 279, 33), 51.0
(231, 293, 6), None
(288, 288, 13), None
(293, 272, 0), 70.0
(287, 268, 10), None
(294, 276, 18), 52.0
(281, 285, 24), 74.0
(285, 264, 6), None
(236, 179, 10), None
(270, 124, 28), 56.0
(295, 284, 28), 52.0
(250, 293, 13), 46.0
(293, 299, 16), 57.0
(261, 292, 18), 56.0
(247, 166, 21), 52.0
(258, 246, 11), 52.0
(254, 294, 50), 52.0
(242, 286, 4), None
(297, 280, 14), 56.0
(159, 293, 9), None
(288, 281, 21), 70.0
(279, 275, 0), 73.0
(233, 265, 52), None
(240, 299, 16), 50.0
(238, 294, 15), 48.0
(276, 288, 24), 66.0
(266, 299, 34), 51.0
(224, 293, 6), None
(252, 288, 25), 56.0
(247, 150, 13), 54.0
(236, 161, 19), 60.0
(288, 282, 7), None
(299, 288, 27), 51.0
(285, 257, 14), 51.0
(14, 274, 8), None
(243, 294, 162), 70.0
(249, 175, 12), 54.0
(194, 278, 21), 68.0
(239, 294, 38), 63.0
(251, 299, 5), None
(261, 286, 15), 62.0
(245, 291, 20), 54.0
(156, 282, 1), 70.0
(257, 279, 24), 74.0
(234, 154, 46), 52.0
(281, 269, 17), 64.0
(291, 133, 10), None
(268, 18, 30), 68.0
(250, 287, 209), 60.0
(243, 292, 23), 52.0
(298, 274, 41), 72.0
(253, 299, 16), 60.0
(293, 289, 12), 52.0
(283, 161, 33), 56.0
(272, 283, 31), 52.0
(229, 299, 0), 63.0
(288, 294, 7), None
(129, 141, 26), 53.0
(274, 284, 28), 51.0
(287, 285, 21), 58.0
(279, 291, 30), 57.0
(234, 299, 19), 65.0
(239, 295, 16), 53.0
(292, 109, 8), None
(299, 270, 53), 65.0
(241, 171, 108), 56.0
(264, 259, 35), 51.0
(275, 271, 25), 66.0
(104, 264, 11), 57.0
(299, 279, 40), 63.0
(283, 290, 50), 54.0
(237, 299, 12), 52.0
(279, 276, 22), 73.0
(291, 280, 59), None
(232, 295, 144), None
(147, 288, 6), None
(81, 291, 15), 60.0
(293, 229, 4), None
(283, 299, 130), 57.0
(259, 285, 43), 57.0
(220, 156, 173), 62.0
(288, 277, 19), 56.0
(249, 283, 193), 64.0
(165, 184, 11), 74.0
(299, 289, 39), 55.0
(288, 271, 63), 56.0
(284, 286, 24), 52.0
(281, 278, 32), 52.0
(294, 49, 16), 68.0
(149, 284, 4), None
(291, 293, 46), 60.0
(293, 276, 19), 52.0
(276, 263, 57), None
(201, 292, 232), None
(256, 295, 15), None
(299, 286, 36), 57.0
(227, 170, 0), 55.0
(299, 299, 25), None
(272, 268, 27), 56.0
(174, 290, 10), None
(251, 280, 31), 50.0
(288, 280, 16), 62.0
(283, 273, 29), 52.0
(211, 288, 118), 70.0
(229, 167, 48), 48.0
(245, 168, 47), 48.0
(244, 159, 47), 51.0
(239, 166, 49), 51.0
(246, 147, 45), 52.0
(259, 177, 41), 60.0
(248, 166, 53), 58.0
(267, 161, 42), 64.0
(191, 151, 36), 82.0
(36, 175, 7), None
(244, 167, 20), 56.0
(253, 161, 48), 56.0
(125, 294, 22), 60.0
(236, 252, 11), 56.0
(261, 293, 39), 55.0
(64, 156, 0), 65.0
(181, 283, 53), 58.0
(114, 288, 27), None
(278, 273, 15), 72.0
(286, 172, 7), None
(232, 293, 24), None
(270, 282, 36), 60.0
(293, 268, 18), 56.0
(138, 179, 260), 53.0
(254, 294, 45), 65.0
(242, 90, 11), 58.0
(293, 288, 33), 58.0
(225, 143, 22), 72.0
(287, 281, 6), None
(277, 276, 29), 67.0
(246, 164, 14), 62.0
(282, 299, 54), 51.0
(91, 288, 19), 68.0
(294, 260, 43), 52.0
(266, 293, 5), None
(287, 284, 24), 58.0
(279, 277, 31), 75.0
(255, 152, 12), None
(293, 289, 38), 70.0
(237, 299, 19), 60.0
(288, 269, 49), 51.0
(274, 238, 10), None
(299, 168, 28), 55.0
(248, 293, 18), 56.0
(263, 284, 0), 51.0
(283, 277, 36), 52.0
(293, 293, 13), None
(286, 284, 22), 56.0
(240, 299, 6), None
(269, 267, 44), 51.0
(293, 273, 28), 54.0
(232, 224, 15), None
(250, 288, 56), None
(279, 158, 24), 58.0
(288, 172, 33), 58.0
(294, 280, 8), None
(258, 293, 40), 68.0
(283, 262, 49), 62.0
(273, 286, 16), 52.0
(187, 182, 22), 56.0
(299, 2, 5), None
(228, 274, 12), 49.0
(208, 254, 9), None
(245, 280, 30), 56.0
(218, 264, 18), 52.0
(289, 294, 26), 52.0
(278, 288, 36), 66.0
(107, 294, 43), 64.0
(289, 299, 60), 69.0
(299, 272, 0), 67.0
(254, 165, 52), 54.0
(264, 282, 21), 65.0
(220, 289, 14), 56.0
(239, 23, 29), 68.0
(227, 276, 6), None
(238, 174, 10), None
(230, 285, 39), 52.0
(284, 294, 33), 50.0
(213, 270, 153), 88.0
(294, 148, 22), 76.0
(198, 266, 16), 48.0
(189, 128, 46), 84.0
(199, 261, 25), 51.0
(172, 257, 17), 61.0
(196, 251, 34), 54.0
(166, 299, 20), 56.0
(204, 266, 28), 56.0
(281, 265, 17), 64.0
(250, 156, 55), None
(183, 273, 40), 52.0
(290, 163, 25), 52.0
(244, 290, 11), 53.0
(206, 186, 48), 44.0
(187, 184, 51), 58.0
(207, 186, 49), 58.0
(205, 190, 61), 66.0
(202, 178, 43), 52.0
(180, 186, 46), 64.0
(196, 177, 37), 62.0
(199, 172, 60), 66.0
(192, 182, 49), 56.0
(209, 159, 54), 51.0
(194, 140, 43), 56.0
(217, 170, 31), 60.0
(184, 116, 38), 60.0
(299, 247, 53), 51.0
(212, 190, 33), 52.0
(174, 299, 46), 68.0
(294, 293, 27), 59.0
(270, 281, 40), 52.0
(178, 242, 22), 56.0
(98, 289, 31), None
(294, 279, 5), None
(258, 152, 18), 74.0
(289, 167, 36), 60.0
(274, 179, 58), None
(299, 291, 25), 67.0
(283, 299, 293), 68.0
(262, 284, 0), 56.0
(289, 294, 14), 48.0
(278, 288, 42), 70.0
(293, 280, 65), 52.0
(287, 294, 13), 54.0
(255, 259, 7), None
(282, 299, 275), 70.0
(289, 165, 50), 56.0
(268, 283, 21), 62.0
(250, 63, 29), 58.0
(280, 293, 36), 52.0
(295, 270, 20), 72.0
(221, 194, 56), None
(289, 294, 13), 48.0
(276, 286, 14), 52.0
(289, 292, 5), None
(246, 277, 46), 56.0
(167, 175, 202), 68.0
(294, 266, 32), 52.0
(299, 157, 24), 58.0
(284, 288, 17), 62.0
(74, 277, 219), 61.0
(292, 295, 11), 44.0
(299, 299, 8), None
(290, 295, 4), None
(294, 293, 12), 43.0
(285, 289, 10), None
(200, 187, 0), 58.0
(191, 171, 125), 56.0
(279, 284, 136), 83.0
(295, 295, 10), None
(176, 291, 6), None
(259, 257, 14), 67.0
(294, 296, 14), 40.0
(292, 295, 15), 48.0
(299, 285, 21), 59.0
(287, 295, 10), None
(294, 299, 23), 69.0
(290, 291, 4), None
(295, 299, 15), 45.0
(295, 298, 17), 52.0
(299, 299, 6), None
(289, 294, 10), None
(286, 292, 0), 54.0
(291, 289, 12), 52.0
(277, 282, 20), 54.0
(295, 294, 16), 57.0
(285, 299, 5), None
(286, 299, 12), 49.0
(143, 289, 26), 56.0
(293, 288, 13), 50.0
(298, 161, 7), None
(281, 104, 21), 60.0
(299, 182, 26), 51.0
(293, 299, 17), 82.0
(294, 293, 0), 69.0
(292, 299, 10), None
(286, 287, 15), 58.0
(283, 283, 17), None
(292, 293, 185), 69.0
(277, 288, 29), 48.0
(276, 280, 27), 52.0
(299, 287, 23), 63.0
(292, 290, 10), None
(133, 292, 5), None
(282, 284, 19), 64.0
(120, 220, 12), 60.0
(289, 299, 6), None
(267, 77, 31), None
(162, 282, 20), 44.0
(285, 283, 20), 56.0
(165, 294, 20), 54.0
(169, 286, 28), 48.0
(164, 293, 0), 52.0
(159, 136, 12), 63.0
(152, 280, 22), 66.0
(294, 276, 24), 70.0
(143, 285, 31), 58.0
(299, 289, 16), 51.0
(148, 294, 9), None
(171, 279, 5), None
(182, 148, 16), 64.0
(288, 299, 14), 47.0
(157, 296, 10), None
(156, 299, 24), 60.0
(289, 299, 15), 51.0
(287, 291, 2), 56.0
(281, 229, 21), 56.0
(273, 272, 35), 55.0
(274, 275, 35), 57.0
(280, 288, 27), 62.0
(299, 177, 8), None
(293, 299, 12), 69.0
(153, 293, 17), 62.0
(161, 124, 27), 72.0
(179, 278, 5), None
(285, 285, 22), None
(159, 286, 231), 68.0
(170, 284, 25), 54.0
(290, 293, 11), 48.0
(295, 294, 38), 51.0
(8, 165, 251), None
(279, 280, 31), 56.0
(170, 31, 9), None
(192, 190, 43), 65.0
(162, 287, 20), 52.0
(299, 290, 19), 55.0
(287, 294, 14), 50.0
(290, 299, 172), 75.0
(294, 294, 0), None
(160, 299, 19), 48.0
(288, 293, 14), 50.0
(274, 274, 5), None
(169, 278, 25), 60.0
(293, 287, 14), 54.0
(284, 299, 9), None
(270, 269, 32), 55.0
(299, 292, 9), None
(166, 283, 29), 54.0
(178, 265, 18), 50.0
(283, 169, 56), None
(292, 289, 5), None
(279, 288, 22), 69.0
(167, 283, 31), 62.0
(299, 294, 17), 83.0
(286, 282, 0), 66.0
(138, 290, 24), 70.0
(279, 288, 28), 51.0
(213, 190, 16), 54.0
(293, 280, 40), 52.0
(84, 294, 8), None
(288, 275, 11), 48.0
(299, 194, 18), 75.0
(289, 294, 5), None
(156, 299, 19), 46.0
(157, 298, 22), 58.0
(146, 299, 12), 52.0
(150, 299, 23), 72.0
(294, 182, 14), 48.0
(154, 285, 30), 52.0
(150, 180, 20), 66.0
(112, 146, 37), 64.0
(299, 299, 4), None
(267, 272, 24), 56.0
(133, 155, 10), None
(123, 291, 8), None
(174, 299, 21), 62.0
(157, 287, 32), 54.0
(285, 212, 0), 56.0
(140, 292, 16), 56.0
(162, 282, 27), 48.0
(144, 164, 97), None
(152, 174, 47), 76.0
(160, 299, 18), 48.0
(273, 234, 25), 65.0
(186, 266, 27), 42.0
(189, 198, 37), 52.0
(176, 252, 13), 64.0
(283, 258, 32), 52.0
(158, 299, 19), 44.0
(155, 290, 23), 64.0
(154, 132, 26), 77.0
(161, 278, 14), 58.0
(147, 299, 19), 56.0
(184, 244, 26), 42.0
(189, 243, 29), 52.0
(181, 223, 27), 76.0
(174, 263, 17), 54.0
(49, 290, 24), 52.0
(173, 299, 33), 79.0
(187, 250, 35), 58.0
(179, 244, 27), 51.0
(172, 293, 8), None
(184, 257, 12), 52.0
(179, 264, 38), 51.0
(163, 270, 145), 56.0
(197, 208, 21), 70.0
(146, 270, 31), 58.0
(169, 240, 19), 54.0
(185, 278, 25), 52.0
(166, 293, 7), None
(183, 203, 36), 68.0
(193, 287, 16), 56.0
(159, 299, 9), None
(151, 288, 21), 60.0
(163, 276, 28), 58.0
(153, 272, 31), 46.0
(152, 293, 13), 56.0
(140, 260, 33), 58.0
(156, 266, 24), 68.0
(147, 274, 30), 51.0
(153, 269, 20), 62.0
(162, 282, 35), 58.0
(140, 232, 6), None
(150, 290, 112), 54.0
(165, 219, 15), 56.0
(134, 254, 26), 54.0
(157, 261, 19), 58.0
(175, 283, 29), 54.0
(143, 299, 5), None
(169, 292, 0), 71.0
(148, 277, 39), 59.0
(293, 294, 13), 45.0
(299, 286, 11), 49.0
(155, 288, 18), 58.0
(291, 249, 23), 58.0
(299, 293, 12), 65.0
(294, 283, 5), None
(294, 292, 16), 56.0
(161, 286, 10), None
(184, 139, 22), 51.0
(204, 293, 17), 58.0
(294, 187, 0), 58.0
(170, 214, 25), 68.0
(175, 197, 11), 72.0
(299, 284, 19), 51.0
(293, 299, 24), 69.0
(188, 287, 15), 56.0
(130, 281, 9), None
(155, 294, 29), 54.0
(102, 288, 20), 55.0
(283, 293, 13), 50.0
(290, 299, 4), None
(286, 281, 28), 64.0
(293, 292, 19), 55.0
(165, 273, 11), 57.0
(150, 287, 24), 58.0
(194, 295, 33), 50.0
(299, 299, 17), None
(288, 278, 5), None
(283, 193, 14), 50.0
(160, 287, 0), 64.0
(294, 289, 23), 66.0
(143, 281, 9), None
(179, 299, 32), 49.0
(299, 228, 40), 63.0
(289, 269, 26), 68.0
(171, 185, 18), 54.0
(285, 293, 10), None
(294, 284, 16), 54.0
(280, 289, 24), 56.0
(294, 254, 32), 49.0
(157, 278, 5), None
(288, 294, 14), 48.0
(164, 239, 21), 51.0
(299, 299, 29), None
(281, 274, 36), 52.0
(151, 289, 8), None
(136, 264, 21), 70.0
(293, 284, 12), 52.0
(176, 294, 0), 60.0
(117, 289, 41), 68.0
(285, 203, 27), 52.0
(293, 280, 17), 54.0
(184, 299, 9), None
(289, 97, 21), None
(279, 294, 16), 59.0
(92, 272, 27), 62.0
(299, 142, 157), 52.0
(199, 288, 210), 61.0
(169, 282, 35), 46.0
(170, 46, 35), 68.0
(189, 293, 6), None
(168, 275, 40), 72.0
(164, 285, 104), 46.0
(156, 282, 102), 70.0
(289, 266, 138), 74.0
(173, 277, 93), 72.0
(167, 269, 78), None
(164, 109, 41), 70.0
(177, 283, 42), 66.0
(283, 292, 13), 54.0
(185, 289, 22), 52.0
(174, 283, 38), 54.0
(164, 273, 110), None
(181, 278, 3), None
(175, 284, 134), 58.0
(159, 258, 32), 70.0
(294, 152, 17), 70.0
(168, 295, 104), 72.0
(160, 288, 28), 56.0
(161, 279, 31), 57.0
(169, 287, 10), None
(177, 293, 128), 66.0
(149, 269, 166), 56.0
(151, 289, 22), 64.0
(163, 276, 43), 52.0
(299, 191, 37), 69.0
(143, 299, 15), 56.0
(32, 274, 35), 62.0
(125, 247, 90), 56.0
(157, 268, 80), None
(182, 283, 6), None
(179, 277, 27), 59.0
(170, 287, 122), 66.0
(193, 184, 9), None
(155, 299, 28), 64.0
(148, 292, 0), 69.0
(107, 284, 22), 68.0
(292, 263, 44), 52.0
(285, 299, 14), 51.0
(172, 283, 33), 54.0
(289, 200, 19), 64.0
(276, 263, 36), 50.0
(166, 235, 23), 54.0
(299, 289, 117), 83.0
(160, 271, 147), 62.0
(281, 225, 28), 71.0
(156, 279, 6), None
(156, 293, 12), 68.0
(184, 299, 18), 54.0
(293, 177, 33), 58.0
(55, 131, 27), None
(294, 259, 33), 73.0
(287, 294, 12), 52.0
(283, 119, 5), None
(294, 275, 46), 63.0
(168, 207, 22), 56.0
(299, 249, 39), 55.0
(189, 281, 66), 53.0
(204, 293, 29), 52.0
(289, 299, 16), 69.0
(161, 288, 0), 52.0
(162, 195, 86), 54.0
(289, 148, 25), 58.0
(179, 288, 13), 45.0
(188, 294, 17), 54.0
(182, 283, 9), None
(198, 288, 10), None
(190, 290, 20), 68.0
(172, 279, 14), 68.0
(177, 282, 6), None
(275, 158, 11), 78.0
(77, 186, 35), None
(177, 217, 42), 60.0
(181, 286, 4), None
(171, 294, 23), 72.0
(181, 299, 96), None
(174, 294, 17), 52.0
(166, 272, 0), 56.0
(164, 265, 48), 52.0
(195, 294, 19), 52.0
(194, 82, 12), 72.0
(184, 69, 9), None
(145, 299, 281), 67.0
(178, 289, 4), None
(139, 286, 21), 69.0
(169, 284, 16), 60.0
(154, 281, 30), 54.0
(176, 294, 9), None
(174, 287, 13), 54.0
(161, 289, 25), 52.0
(293, 294, 22), 69.0
(188, 294, 5), None
(185, 178, 13), 52.0
(299, 274, 6), None
(170, 280, 180), 74.0
(285, 258, 15), 52.0
(290, 268, 34), 71.0
(167, 280, 0), 71.0
(149, 276, 24), 70.0
(181, 294, 10), None
(190, 291, 20), 72.0
(280, 174, 29), 54.0
(156, 274, 18), 50.0
(178, 286, 201), 67.0
(292, 299, 24), 69.0
(294, 294, 13), None
(283, 253, 7), None
(295, 299, 16), 59.0
(279, 191, 9), None
(294, 288, 194), 88.0
(168, 273, 153), 60.0
(286, 299, 17), 47.0
(151, 286, 31), 56.0
(62, 280, 26), 60.0
(290, 290, 20), None
(299, 285, 24), 55.0
(278, 292, 6), None
(210, 291, 11), 66.0
(162, 284, 49), 54.0
(159, 279, 18), 38.0
(172, 279, 0), 64.0
(159, 279, 29), 70.0
(155, 290, 37), 56.0
(285, 268, 14), 58.0
(163, 278, 70), 58.0
(152, 284, 30), 54.0
(149, 263, 18), 52.0
(176, 283, 12), 52.0
(274, 154, 7), None
(299, 162, 17), 52.0
(168, 294, 19), 62.0
(289, 196, 114), None
(166, 271, 4), None
(299, 144, 22), 51.0
(162, 285, 17), 64.0
(180, 288, 9), None
(96, 279, 14), None
(161, 243, 25), 62.0
(143, 184, 25), 74.0
(152, 263, 23), 64.0
(186, 202, 40), 58.0
(137, 288, 19), 62.0
(147, 295, 13), 56.0
(175, 181, 43), 60.0
(284, 299, 237), 77.0
(299, 270, 31), 53.0
(172, 282, 4), None
(191, 275, 10), None
(294, 213, 26), 66.0
(156, 276, 44), 52.0
(167, 299, 0), 73.0
(289, 291, 39), 56.0
(153, 293, 31), 40.0
(291, 267, 37), 66.0
(171, 289, 13), 46.0
(204, 294, 17), 54.0
(295, 281, 33), 56.0
(20, 288, 35), 62.0
(129, 299, 9), None
(158, 283, 29), 52.0
(173, 290, 20), 62.0
(163, 136, 52), 64.0
(280, 173, 23), 60.0
(184, 293, 254), 73.0
(153, 272, 161), 62.0
(176, 284, 4), None
(160, 273, 12), 54.0
(167, 279, 62), 68.0
(185, 299, 15), 48.0
(145, 290, 18), 60.0
(174, 287, 265), 69.0
(288, 254, 27), 54.0
(192, 288, 8), None
(199, 294, 8), None
(142, 169, 30), 58.0
(299, 294, 23), 69.0
(167, 287, 5), None
(156, 299, 20), 62.0
(180, 293, 36), 54.0
(170, 289, 42), 68.0
(142, 293, 23), 52.0
(293, 258, 10), None
(284, 125, 56), None
(290, 149, 13), 58.0
(159, 90, 13), 88.0
(147, 277, 19), 56.0
(151, 280, 33), 56.0
(276, 159, 29), 84.0
(164, 282, 28), 56.0
(220, 154, 40), 66.0
(176, 286, 0), 68.0
(154, 267, 18), 58.0
(155, 259, 27), 68.0
(171, 238, 6), None
(286, 299, 47), 55.0
(184, 191, 34), 52.0
(147, 187, 27), 54.0
(146, 293, 26), 52.0
(182, 289, 23), 44.0
(186, 275, 33), 48.0
(178, 284, 13), 50.0
(193, 285, 22), 68.0
(135, 272, 21), 62.0
(198, 290, 5), None
(186, 285, 106), 54.0
(214, 293, 16), 48.0
(163, 223, 34), 62.0
(180, 283, 24), 54.0
(182, 294, 27), 56.0
(112, 299, 22), 57.0
(170, 274, 12), 51.0
(44, 280, 43), 70.0
(294, 294, 15), None
(195, 290, 10), None
(185, 289, 16), 60.0
(181, 294, 7), None
(166, 299, 36), 56.0
(191, 0, 43), 55.0
(295, 294, 3), None
(176, 299, 20), 58.0
(176, 57, 129), None
(161, 285, 12), 58.0
(285, 233, 38), None
(294, 295, 18), 51.0
(158, 290, 80), None
(190, 288, 88), 56.0
(295, 280, 18), 52.0
(191, 278, 30), 66.0
(202, 286, 5), None
(140, 294, 24), 52.0
(290, 299, 16), 57.0
(151, 289, 13), 52.0
(156, 266, 31), 48.0
(295, 281, 25), 52.0
(289, 288, 29), 51.0
(196, 299, 20), 60.0
(299, 283, 34), 51.0
(173, 284, 46), 62.0
(84, 247, 122), 74.0
(184, 276, 36), 52.0
(299, 294, 0), 69.0
(179, 275, 28), 67.0
(151, 290, 8), None
(145, 294, 22), 54.0
(292, 268, 33), 58.0
(154, 201, 26), 60.0
(171, 279, 9), None
(167, 287, 15), 62.0
(284, 163, 12), 58.0
(284, 33, 21), 62.0
(180, 196, 22), 56.0
(174, 289, 5), None
(208, 282, 23), 57.0
(107, 299, 20), 60.0
(187, 290, 50), 58.0
(299, 299, 11), None
(125, 284, 42), 60.0
(89, 284, 185), 58.0
(196, 294, 18), 44.0
(191, 279, 17), 71.0
(198, 293, 12), 70.0
(191, 276, 24), 66.0
(201, 262, 14), 60.0
(193, 190, 29), 54.0
(201, 299, 24), 51.0
(186, 290, 5), None
(187, 284, 52), 72.0
(182, 299, 0), 51.0
(200, 292, 296), 68.0
(186, 293, 15), 52.0
(163, 288, 139), 67.0
(191, 213, 18), 62.0
(195, 293, 7), None
(206, 140, 9), None
(208, 289, 17), 56.0
(198, 294, 0), 68.0
(196, 273, 29), 72.0
(289, 205, 10), None
(191, 295, 246), 56.0
(178, 284, 39), 50.0
(182, 285, 26), 56.0
(188, 159, 7), None
(147, 254, 29), 52.0
(122, 299, 20), 58.0
(118, 182, 22), 52.0
(160, 299, 15), 56.0
(101, 10, 30), None
(160, 278, 14), 58.0
(130, 269, 31), 55.0
(281, 144, 18), 66.0
(290, 292, 8), None
(279, 176, 25), 62.0
(216, 294, 11), 58.0
(179, 289, 4), None
(150, 278, 24), 74.0
(294, 209, 15), 58.0
(172, 284, 37), 58.0
(0, 283, 35), 66.0
(204, 299, 223), 68.0
(185, 227, 9), None
(287, 169, 26), 52.0
(294, 264, 19), 52.0
(194, 188, 31), 52.0
(299, 150, 40), 64.0
(152, 275, 33), 54.0
(174, 288, 11), 54.0
(196, 290, 25), 68.0
(283, 179, 20), 67.0
(288, 294, 4), None
(168, 282, 24), 62.0
(294, 242, 14), 54.0
(175, 114, 0), None
(291, 290, 13), 55.0
(196, 197, 30), 65.0
(294, 296, 20), 68.0
(165, 281, 55), None
(211, 299, 19), 63.0
(180, 286, 35), 62.0
(153, 289, 17), 58.0
(290, 280, 6), None
(182, 271, 101), 52.0
(187, 287, 9), None
(281, 103, 70), 56.0
(169, 293, 13), 50.0
(171, 270, 38), 58.0
(280, 175, 25), 60.0
(166, 247, 63), 50.0
(139, 294, 20), 63.0
(181, 280, 37), 64.0
(162, 263, 28), 50.0
(271, 220, 0), 52.0
(187, 258, 46), 50.0
(299, 269, 16), 53.0
(156, 273, 22), 62.0
(299, 185, 8), None
(169, 285, 5), None
(203, 299, 15), 56.0
(271, 293, 11), 48.0
(155, 289, 19), 62.0
(161, 277, 33), 58.0
(299, 267, 26), 51.0
(276, 155, 97), None
(179, 276, 33), 67.0
(285, 169, 48), 46.0
(189, 286, 31), 50.0
(288, 272, 24), 58.0
(178, 284, 9), None
(161, 299, 22), 51.0
(293, 289, 0), 64.0
(274, 163, 43), 51.0
(291, 294, 29), 52.0
(290, 293, 14), 48.0
(198, 299, 12), 46.0
(294, 296, 5), None
(267, 172, 46), 66.0
(166, 283, 39), 61.0
(286, 191, 21), 62.0
(202, 292, 6), None
(189, 299, 15), 59.0
(299, 288, 19), 55.0
(284, 278, 10), None
(201, 251, 11), 53.0
(140, 201, 172), 66.0
(176, 288, 0), 72.0
(68, 182, 48), 72.0
(293, 294, 15), 47.0
(208, 281, 5), None
(299, 299, 23), None
(284, 294, 10), None
(278, 167, 60), 68.0
(287, 180, 34), 58.0
(194, 299, 44), 72.0
(223, 288, 19), 62.0
(147, 293, 26), 52.0
(170, 275, 31), 52.0
(116, 289, 15), 59.0
(206, 294, 5), None
(194, 299, 11), 71.0
(184, 259, 27), 51.0
(293, 285, 15), 52.0
(299, 285, 110), None
(204, 290, 21), 52.0
(290, 279, 15), 51.0
(183, 291, 19), 62.0
(197, 299, 4), None
(190, 284, 21), 62.0
(175, 254, 32), 56.0
(197, 278, 11), 46.0
(194, 294, 16), 44.0
(189, 232, 6), None
(192, 159, 39), 74.0
(178, 167, 15), 52.0
(213, 293, 25), 62.0
(200, 206, 26), 52.0
(191, 265, 21), 64.0
(207, 196, 17), 54.0
(186, 299, 18), 52.0
(181, 285, 29), 62.0
(282, 280, 11), 64.0
(135, 294, 20), 56.0
(187, 288, 10), None
(192, 289, 0), 64.0
(189, 294, 7), None
(158, 299, 27), 54.0
(294, 290, 16), 52.0
(181, 288, 10), None
(177, 294, 15), 38.0
(187, 293, 21), 66.0
(173, 281, 25), 60.0
(197, 282, 0), 64.0
(189, 293, 25), 64.0
(183, 299, 15), 58.0
(202, 299, 7), None
(185, 155, 17), 56.0
(193, 289, 52), 50.0
(295, 273, 12), 46.0
(182, 293, 6), None
(294, 288, 24), 60.0
(194, 294, 12), 46.0
(201, 299, 4), None
(178, 299, 19), 40.0
(175, 292, 17), 52.0
(182, 294, 19), 56.0
(177, 299, 20), 58.0
(183, 130, 16), 60.0
(179, 289, 10), None
(188, 294, 24), 60.0
(175, 287, 14), 54.0
(186, 236, 21), 54.0
(178, 294, 12), 74.0
(185, 299, 23), 51.0
(194, 285, 6), None
(173, 292, 16), 52.0
(181, 288, 29), 54.0
(190, 293, 0), 66.0
(178, 284, 19), 50.0
(184, 294, 11), 55.0
(172, 299, 25), 70.0
(196, 287, 8), None
(178, 299, 17), 44.0
(174, 299, 27), 72.0
(179, 293, 19), 61.0
(184, 288, 23), 52.0
(169, 295, 28), 58.0
(175, 299, 15), 60.0
(186, 299, 22), 53.0
(180, 289, 13), 56.0
(191, 293, 29), 58.0
(172, 216, 6), None
(185, 299, 18), 54.0
(175, 283, 13), 50.0
(191, 299, 31), 65.0
(181, 289, 24), 50.0
(166, 285, 10), None
(172, 293, 22), 62.0
(178, 291, 215), 74.0
(183, 281, 5), None
(299, 299, 18), None
(164, 299, 29), 54.0
(299, 293, 18), 81.0
(195, 243, 5), None
(187, 284, 11), 70.0
(178, 288, 17), 50.0
(168, 293, 26), 52.0
(189, 282, 35), 64.0
(294, 299, 30), 74.0
(172, 289, 15), 54.0
(179, 289, 21), 69.0
(196, 280, 0), 60.0
(186, 284, 9), None
(166, 279, 12), 54.0
(176, 121, 7), None
(190, 248, 25), 58.0
(10, 286, 34), None
(291, 294, 17), 52.0
(182, 278, 4), None
(192, 293, 22), 70.0
(294, 299, 29), 75.0
(168, 288, 14), 48.0
(174, 289, 13), 52.0
(183, 294, 34), 48.0
(203, 283, 19), 64.0
(163, 286, 0), 50.0
(177, 299, 24), 54.0
(197, 293, 27), 66.0
(171, 293, 15), 60.0
(185, 279, 8), None
(159, 226, 19), 51.0
(179, 284, 275), 72.0
(190, 21, 287), 66.0
(287, 294, 37), 52.0
(167, 276, 8), None
(299, 294, 22), 71.0
(207, 299, 31), 51.0
(182, 289, 12), 54.0
(299, 299, 26), None
(173, 288, 178), 78.0
(195, 279, 4), None
(287, 299, 18), 47.0
(163, 288, 15), 60.0
(190, 284, 10), None
(178, 288, 32), 52.0
(186, 275, 5), None
(172, 281, 14), 54.0
(159, 293, 20), 69.0
(293, 299, 38), 79.0
(200, 290, 27), 52.0
(183, 283, 11), 54.0
(288, 294, 21), 64.0
(164, 284, 5), None
(169, 290, 29), 50.0
(193, 252, 17), 58.0
(290, 238, 191), 76.0
(179, 277, 9), None
(213, 285, 0), 60.0
(188, 288, 15), 58.0
(173, 135, 24), 70.0
(299, 299, 35), None
(156, 275, 12), 72.0
(178, 294, 20), 66.0
(199, 294, 31), 72.0
(185, 289, 9), None
(168, 282, 16), 64.0
(161, 210, 25), 52.0
(287, 299, 21), 63.0
(294, 294, 38), None
(194, 291, 28), 54.0
(182, 45, 17), 68.0
(290, 294, 26), 58.0
(283, 299, 6), None
(295, 299, 17), 51.0
(172, 281, 10), None
(188, 288, 34), 58.0
(288, 292, 21), 60.0
(299, 294, 14), 45.0
(152, 274, 6), None
(177, 283, 12), 52.0
(299, 294, 27), 65.0
(205, 286, 40), 52.0
(292, 299, 0), 69.0
(280, 294, 20), 52.0
(286, 289, 31), 50.0
(162, 271, 6), None
(165, 260, 24), 79.0
(293, 290, 13), 48.0
(294, 299, 19), 85.0
(187, 277, 10), None
(283, 289, 15), 56.0
(298, 294, 33), 70.0
(22, 282, 4), None
(175, 284, 25), 64.0
(195, 279, 0), 70.0
(299, 294, 20), 69.0
(158, 272, 15), 54.0
(40, 286, 40), None
(149, 267, 10), None
(294, 299, 27), 65.0
(289, 294, 22), 66.0
(181, 217, 14), 62.0
(171, 281, 31), 48.0
(191, 287, 5), None
(181, 277, 18), 54.0
(200, 285, 10), None
(167, 114, 24), None
(288, 294, 34), 48.0
(299, 292, 16), 59.0
(176, 232, 26), None
(294, 299, 20), 69.0
(292, 299, 38), 73.0
(158, 285, 9), None
(188, 277, 14), 52.0
(183, 286, 5), None
(144, 289, 28), 60.0
(165, 255, 20), None
(152, 266, 9), None
(208, 291, 15), 58.0
(174, 247, 28), 60.0
(299, 293, 21), 69.0
(193, 289, 33), 48.0
(279, 294, 40), 71.0
(288, 222, 0), 48.0
(299, 54, 15), 64.0
(293, 290, 23), 66.0
(299, 280, 5), None
(184, 283, 11), 56.0
(169, 270, 16), 54.0
(178, 275, 7), None
(287, 299, 31), 47.0
(199, 286, 25), 53.0
(292, 293, 18), 55.0
(156, 260, 226), 70.0
(188, 68, 12), 66.0
(164, 279, 12), 60.0
(173, 283, 22), 66.0
(284, 293, 33), 52.0
(194, 240, 7), None
(299, 290, 26), 61.0
(182, 287, 0), 52.0
(158, 270, 41), 70.0
(282, 299, 30), 51.0
(146, 280, 10), None
(177, 287, 20), 72.0
(188, 299, 25), 54.0
(290, 299, 18), 65.0
(218, 294, 36), 48.0
(172, 288, 23), 56.0
(168, 289, 29), 48.0
(299, 293, 14), 65.0
(285, 294, 44), 54.0
(149, 283, 14), 56.0
(199, 275, 5), None
(275, 299, 20), 75.0
(295, 299, 36), 46.0
(280, 290, 9), None
(182, 279, 13), 58.0
(192, 283, 205), 82.0
(205, 273, 0), 54.0
(295, 293, 28), 52.0
(284, 290, 17), 58.0
(293, 299, 23), 69.0
(299, 293, 28), 77.0
(288, 254, 159), 81.0
(162, 266, 10), None
(277, 299, 21), 73.0
(157, 288, 150), 52.0
(154, 228, 237), 78.0
(293, 138, 34), 62.0
(284, 285, 15), 60.0
(212, 210, 24), 65.0
(289, 294, 42), 66.0
(50, 279, 6), None
(150, 290, 17), 68.0
(186, 284, 31), 58.0
(279, 290, 11), 45.0
(272, 273, 4), None
(167, 280, 19), 68.0
(178, 128, 9), None
(268, 263, 4), None
(288, 294, 24), 60.0
(292, 294, 15), 50.0
(177, 284, 36), 50.0
(282, 299, 27), 51.0
(275, 287, 10), None
(191, 276, 9), None
(171, 281, 19), 60.0
(180, 285, 22), 64.0
(160, 292, 29), 54.0
(166, 286, 17), 64.0
(196, 269, 14), 50.0
(186, 86, 33), 68.0
(173, 246, 0), 64.0
(281, 289, 11), 51.0
(278, 280, 4), None
(204, 275, 23), 52.0
(184, 258, 10), None
(194, 279, 4), None
Sampler:BoTorchSampler
(182, 115, 260), None
(159, 9, 167), None
(176, 284, 170), 56.0
(172, 195, 204), 58.0
(155, 41, 202), 64.0
(95, 233, 112), None
(114, 49, 93), None
(192, 275, 45), 72.0
(268, 40, 211), 66.0
(264, 86, 5), None
(28, 198, 6), None
(50, 63, 92), 68.0
(17, 259, 160), 54.0
(17, 215, 215), None
(267, 115, 249), None
(75, 169, 136), 54.0
(266, 228, 136), 70.0
(240, 297, 137), 64.0
(79, 228, 166), None
Sampler:CmaEsSampler
(140, 236, 25), 52.0
(153, 188, 205), 66.0
(181, 5, 86), None
(145, 142, 214), 66.0
(146, 123, 68), 60.0
(121, 109, 139), 56.0
(107, 188, 124), 62.0
(179, 167, 144), 66.0
(163, 292, 220), 78.0
(58, 180, 78), None
(117, 93, 131), 70.0
(89, 144, 42), 64.0
(95, 213, 136), 64.0
(69, 57, 110), None
(138, 191, 128), 84.0
(146, 118, 145), 62.0
(258, 112, 180), 52.0
(188, 73, 150), 56.0
(215, 114, 152), None
(269, 120, 138), 70.0
(202, 87, 147), 48.0
(234, 64, 234), None
(295, 67, 208), 56.0
(80, 84, 26), None
(181, 54, 198), 58.0
(241, 135, 169), 66.0
(133, 121, 141), 66.0
(119, 170, 85), 66.0
(152, 0, 175), 64.0
(260, 134, 126), 64.0
(239, 70, 128), 62.0
(189, 9, 140), None
(279, 113, 170), None
(250, 132, 188), 58.0
(136, 38, 162), 74.0
(241, 2, 185), 82.0
(217, 80, 183), None
(190, 125, 205), 68.0
(212, 104, 192), 56.0
(89, 52, 138), 90.0
(258, 64, 174), 66.0
(253, 43, 184), 52.0
(292, 127, 163), 52.0
(196, 103, 183), 54.0
(255, 124, 157), None
(202, 169, 186), 96.0
(229, 86, 173), 68.0
(244, 33, 108), 64.0
(295, 115, 115), None
(213, 76, 107), 70.0
(249, 152, 197), 56.0
(230, 69, 116), 69.0
(214, 147, 169), 67.0
(265, 59, 198), None
(275, 47, 147), 52.0
(295, 61, 151), 60.0
(248, 93, 146), 58.0
(293, 100, 158), 66.0
(263, 79, 144), None
(231, 45, 179), 69.0
(266, 21, 87), 56.0
(237, 120, 115), None
(284, 48, 173), 54.0
(229, 105, 179), 67.0
(273, 110, 116), None
(290, 77, 174), None
(291, 85, 121), 54.0
(250, 53, 168), 58.0
(241, 86, 129), 59.0
(254, 104, 247), 64.0
(233, 121, 128), None
(254, 44, 146), 52.0
(288, 12, 111), None
(248, 44, 108), 56.0
(268, 66, 176), 70.0
(286, 36, 161), 62.0
(192, 98, 95), None
(284, 52, 156), 50.0
(204, 27, 118), 52.0
(174, 121, 79), None
(233, 81, 135), None
(258, 31, 131), 56.0
(275, 63, 145), 52.0
(243, 60, 96), None
(243, 96, 132), None
(274, 51, 120), 52.0
(239, 74, 100), 54.0
(264, 38, 124), 68.0
(237, 81, 164), 54.0
(281, 18, 153), 60.0
(208, 84, 164), 60.0
(247, 18, 145), 70.0
(269, 59, 160), None
(225, 49, 104), 66.0
(225, 59, 149), None
(281, 24, 141), 44.0
(244, 62, 145), 54.0
(290, 36, 169), 54.0
(235, 50, 150), 52.0
(270, 38, 191), 54.0
(258, 53, 130), 80.0
(254, 49, 153), 56.0
(298, 10, 135), None
(252, 9, 115), None
(263, 46, 150), 62.0
(231, 60, 171), 62.0
(232, 50, 155), None
(232, 53, 144), None
(244, 54, 197), 52.0
(266, 80, 166), None
(256, 51, 152), None
(198, 64, 123), 52.0
(241, 58, 151), None
(284, 27, 150), 56.0
(176, 87, 160), 54.0
(226, 43, 106), 70.0
(218, 53, 152), 60.0
(214, 71, 129), 56.0
(261, 49, 163), 56.0
(189, 70, 187), 54.0
(164, 116, 201), 67.0
(216, 75, 185), 54.0
(229, 49, 146), 60.0
(202, 61, 213), 56.0
(192, 57, 189), None
(231, 51, 144), 60.0
(195, 91, 169), 50.0
(262, 42, 182), 40.0
(256, 53, 175), None
(161, 71, 129), 66.0
(183, 109, 218), 58.0
(145, 81, 153), 70.0
(249, 78, 215), None
(229, 41, 139), 67.0
(155, 131, 192), 72.0
(213, 65, 173), 56.0
(176, 71, 181), 58.0
(151, 85, 174), 76.0
(216, 60, 191), 68.0
(162, 91, 184), 58.0
(262, 37, 217), 52.0
(187, 87, 156), 54.0
(252, 42, 169), 70.0
(251, 39, 194), 62.0
(218, 76, 197), 66.0
(231, 32, 228), 52.0
(211, 73, 228), 64.0
(213, 74, 212), 65.0
(254, 42, 217), 70.0
(232, 45, 183), None
(197, 74, 224), 52.0
(268, 44, 193), 64.0
(259, 22, 194), 68.0
(199, 74, 192), 68.0
(221, 58, 237), None
(198, 22, 188), 62.0
(184, 68, 214), 52.0
(222, 26, 242), 52.0
(199, 55, 197), None
(253, 43, 215), 70.0
(242, 52, 220), 64.0
(224, 77, 214), None
(214, 45, 226), 56.0
(168, 81, 225), 60.0
(170, 50, 220), 52.0
(199, 53, 253), 72.0
(209, 2, 217), 72.0
(203, 59, 288), None
(214, 41, 227), 66.0
(189, 51, 171), 52.0
(169, 29, 233), None
(216, 2, 228), 66.0
(158, 79, 228), None
(239, 59, 222), None
(224, 26, 193), 56.0
(239, 54, 214), 66.0
(201, 6, 252), None
(223, 49, 274), 52.0
(203, 68, 250), 52.0
(208, 31, 207), 54.0
(264, 73, 187), 64.0
(269, 7, 217), None
(199, 38, 218), 65.0
(241, 42, 191), 58.0
(184, 41, 237), 54.0
(282, 38, 205), 74.0
(248, 46, 235), 52.0
(160, 72, 250), 54.0
(203, 52, 268), 52.0
(173, 64, 245), 66.0
(252, 43, 229), 60.0
(215, 24, 236), 71.0
(145, 73, 239), 62.0
(244, 44, 252), 52.0
(251, 46, 276), 72.0
(205, 49, 272), 52.0
(234, 37, 260), 50.0
(228, 38, 223), 66.0
(207, 42, 253), 54.0
(177, 54, 235), 72.0
(199, 49, 242), 51.0
(224, 61, 237), 54.0
(208, 68, 235), 50.0
(273, 17, 293), 58.0
(237, 41, 259), 66.0
(251, 36, 276), 64.0
(214, 52, 258), 64.0
(227, 44, 253), 54.0
(223, 43, 214), 56.0
(158, 73, 207), 52.0
(218, 55, 216), None
(216, 38, 255), None
(189, 89, 230), 52.0
(214, 68, 244), 52.0
(204, 42, 261), 74.0
(186, 51, 222), 66.0
(133, 114, 201), None
(133, 121, 186), 62.0
(166, 73, 185), 71.0
(130, 73, 194), 86.0
(194, 56, 247), None
(228, 60, 250), 70.0
(130, 107, 195), 74.0
(191, 28, 246), 54.0
(187, 75, 251), 60.0
(114, 60, 277), None
(140, 106, 183), 82.0
(171, 53, 250), 44.0
(215, 22, 224), 60.0
(181, 60, 255), None
(201, 60, 247), 70.0
(219, 59, 195), None
(112, 80, 190), None
(178, 42, 228), 68.0
(204, 68, 214), 52.0
(134, 69, 278), 64.0
(199, 24, 297), 57.0
(176, 58, 297), None
(186, 51, 270), 54.0
(185, 70, 200), 56.0
(155, 71, 232), None
(155, 50, 225), 52.0
(167, 56, 256), None
(189, 42, 238), 66.0
(196, 44, 247), 64.0
(192, 40, 238), 66.0
(161, 44, 230), 52.0
(151, 75, 206), 64.0
(137, 61, 194), 72.0
(168, 73, 232), None
(211, 39, 190), 60.0
(177, 41, 261), 64.0
(195, 34, 251), 50.0
(191, 19, 296), 68.0
(167, 46, 221), 68.0
(152, 43, 233), None
(167, 5, 279), None
(202, 28, 261), 56.0
(190, 42, 239), 72.0
(195, 41, 205), 64.0
(194, 52, 208), 48.0
(212, 18, 246), 56.0
(201, 22, 244), 72.0
(190, 51, 259), 65.0
(212, 20, 254), 68.0
(148, 54, 220), 74.0
(181, 43, 235), 52.0
(172, 59, 187), None
(175, 25, 240), 56.0
(199, 50, 237), 78.0
(211, 46, 220), 52.0
(203, 37, 248), 62.0
(175, 41, 248), 72.0
(187, 56, 234), None
(177, 60, 220), 64.0
(199, 37, 231), 75.0
(180, 50, 245), 54.0
(202, 45, 207), 62.0
(191, 34, 225), 52.0
(168, 43, 226), 54.0
(174, 50, 230), 56.0
(191, 38, 230), 58.0
(175, 53, 222), 56.0
(203, 35, 224), 64.0
(190, 32, 245), 50.0
(175, 38, 240), 56.0
(182, 43, 236), 52.0
(187, 42, 243), 76.0
(162, 40, 227), 68.0
(173, 28, 236), 66.0
(195, 35, 231), 66.0
(181, 32, 233), None
(180, 34, 232), None
(175, 34, 238), 72.0
(163, 33, 238), 60.0
(189, 34, 231), 52.0
(170, 44, 238), 72.0
(162, 38, 231), 64.0
(172, 40, 233), None
(186, 39, 233), None
(168, 51, 233), None
(164, 40, 229), 62.0
(157, 30, 264), 52.0
(166, 41, 232), None
(173, 43, 247), 64.0
(176, 41, 223), 64.0
(167, 41, 244), 54.0
(182, 28, 232), None
(194, 31, 250), 50.0
(213, 19, 250), 60.0
(170, 42, 233), None
(173, 32, 243), 52.0
(164, 26, 248), 54.0
(171, 27, 241), 56.0
(181, 23, 241), 44.0
(204, 24, 227), 58.0
(158, 43, 244), 68.0
(177, 20, 237), 56.0
(203, 23, 228), 56.0
(176, 15, 260), 62.0
(172, 27, 246), 60.0
(184, 26, 250), 52.0
(172, 39, 234), 84.0
(181, 32, 227), 62.0
(201, 23, 242), 50.0
(198, 5, 262), None
(203, 18, 232), None
(193, 18, 258), 72.0
(169, 37, 226), 58.0
(181, 20, 232), None
(198, 16, 245), 52.0
(194, 13, 241), 52.0
(199, 25, 239), 57.0
(215, 3, 240), None
(200, 13, 237), 60.0
(217, 12, 241), 56.0
(199, 20, 250), 67.0
(199, 20, 246), 69.0
(199, 28, 241), 51.0
(215, 16, 258), 58.0
(196, 27, 252), 66.0
(217, 22, 242), 56.0
(207, 29, 240), 58.0
(233, 20, 238), None
(187, 24, 238), 52.0
(200, 21, 259), 51.0
(196, 27, 241), 52.0
(204, 26, 239), 51.0
(218, 6, 259), None
(187, 35, 254), 50.0
(202, 8, 266), None
(196, 30, 247), 48.0
(211, 15, 259), 67.0
(183, 22, 258), 52.0
(206, 16, 253), 52.0
(213, 28, 237), 61.0
(220, 26, 245), 68.0
(202, 23, 267), 48.0
(173, 37, 256), None
(190, 42, 243), 62.0
(186, 33, 250), 56.0
(196, 18, 246), 52.0
(199, 23, 250), 69.0
(178, 36, 261), 56.0
(187, 38, 228), 66.0
(207, 14, 252), 54.0
(193, 19, 253), 66.0
(209, 20, 254), 62.0
(208, 20, 253), 66.0
(206, 9, 271), None
(220, 13, 265), 60.0
(190, 31, 266), 46.0
(214, 7, 265), None
(199, 23, 274), 71.0
(216, 16, 257), 48.0
(187, 20, 276), 60.0
(211, 18, 250), 58.0
(191, 36, 252), 54.0
(201, 24, 265), 70.0
(195, 28, 262), 52.0
(170, 24, 259), 66.0
(216, 17, 258), 62.0
(195, 25, 253), 68.0
(229, 6, 268), None
(222, 10, 267), None
(231, 22, 255), None
(217, 14, 259), 60.0
(208, 16, 270), 62.0
(189, 24, 265), 56.0
(188, 32, 248), 54.0
(196, 22, 263), 64.0
(196, 27, 256), None
(198, 25, 263), 56.0
(217, 13, 259), 60.0
(181, 26, 258), 52.0
(192, 26, 261), 56.0
(199, 15, 270), 55.0
(194, 26, 256), None
(197, 18, 265), 50.0
(202, 17, 270), 62.0
(170, 18, 288), 54.0
(196, 17, 261), 52.0
(208, 12, 256), None
(182, 18, 268), 64.0
(180, 26, 274), 51.0
(183, 25, 263), 42.0
(183, 19, 275), 56.0
(192, 23, 254), 70.0
(197, 15, 262), 52.0
(164, 40, 263), 46.0
(167, 42, 251), 66.0
(185, 15, 275), 50.0
(177, 22, 273), 70.0
(186, 22, 265), 54.0
(166, 34, 268), 58.0
(170, 43, 251), 70.0
(172, 26, 278), 68.0
(169, 28, 267), 42.0
(176, 22, 278), 62.0
(180, 33, 265), 60.0
(177, 20, 265), 66.0
(138, 44, 266), 70.0
(152, 39, 276), 78.0
(162, 33, 262), 58.0
(171, 36, 256), None
(155, 40, 271), 62.0
(174, 30, 267), 52.0
(174, 26, 265), 60.0
(199, 17, 266), 47.0
(200, 16, 269), 62.0
(191, 12, 269), 52.0
(160, 29, 279), 60.0
(159, 34, 263), 51.0
(192, 17, 263), 54.0
(163, 29, 273), 56.0
(197, 21, 264), 64.0
(173, 24, 266), 66.0
(173, 25, 261), 60.0
(181, 18, 264), 68.0
(188, 21, 258), 62.0
(185, 18, 259), 48.0
(163, 29, 265), 56.0
(179, 33, 261), 56.0
(172, 23, 256), None
(185, 23, 260), 76.0
(175, 19, 258), 58.0
(175, 23, 263), 64.0
(174, 23, 261), 66.0
(173, 21, 261), 64.0
(172, 16, 268), 56.0
(190, 22, 266), 60.0
(162, 29, 259), 62.0
(161, 26, 262), 52.0
(174, 18, 279), 67.0
(162, 18, 260), 66.0
(153, 23, 270), 60.0
(150, 37, 256), None
(175, 34, 259), 72.0
(143, 36, 279), 56.0
(144, 27, 280), 58.0
(164, 27, 277), 52.0
(152, 32, 262), 54.0
(166, 18, 262), 66.0
(150, 24, 264), 60.0
(155, 32, 265), 50.0
(159, 12, 273), 72.0
(152, 35, 266), 60.0
(162, 28, 265), 62.0
(154, 32, 269), 46.0
(158, 23, 269), 70.0
(121, 50, 264), 54.0
(158, 26, 266), 54.0
(148, 35, 270), 62.0
(160, 31, 263), 60.0
(155, 29, 271), 56.0
(145, 39, 264), 67.0
(147, 39, 257), 56.0
(127, 47, 267), 44.0
(155, 31, 267), 54.0
(152, 29, 268), 60.0
(135, 45, 269), 68.0
(148, 29, 275), 52.0
(155, 38, 263), 54.0
(117, 47, 269), 68.0
(160, 22, 276), 52.0
(155, 31, 262), 57.0
(166, 25, 266), 44.0
(172, 15, 268), 58.0
(160, 32, 269), 56.0
(179, 19, 268), 55.0
(141, 33, 269), 60.0
(171, 20, 268), 62.0
(186, 14, 278), 52.0
(180, 13, 270), 56.0
(154, 35, 267), 58.0
(202, 4, 276), None
(164, 29, 270), 58.0
(175, 22, 273), 60.0
(172, 21, 275), 64.0
(193, 13, 276), 76.0
(196, 6, 276), None
(143, 40, 276), 52.0
(150, 27, 282), 52.0
(146, 31, 291), 56.0
(136, 32, 279), 55.0
(129, 38, 284), 60.0
(93, 62, 277), 56.0
(132, 51, 277), 54.0
(160, 37, 283), 64.0
(178, 19, 274), 68.0
(175, 18, 279), 56.0
(169, 25, 269), 50.0
(104, 64, 265), 46.0
(177, 15, 282), 56.0
(96, 64, 269), None
(194, 15, 277), 67.0
(195, 19, 284), 54.0
(151, 44, 276), 62.0
(153, 39, 270), 72.0
(173, 27, 262), 54.0
(80, 64, 273), None
(88, 73, 263), 68.0
(159, 37, 272), 53.0
(111, 58, 259), None
(83, 77, 263), None
(161, 39, 252), 65.0
(134, 38, 270), 68.0
(147, 46, 268), 44.0
(141, 41, 271), 52.0
(186, 24, 271), 52.0
(146, 49, 256), None
(170, 30, 275), 52.0
(193, 18, 282), 54.0
(148, 41, 275), 66.0
(159, 53, 261), 56.0
(167, 43, 261), 74.0
(190, 19, 260), 50.0
(142, 53, 261), 58.0
(139, 52, 267), 51.0
(177, 32, 261), 54.0
(155, 36, 274), 50.0
(205, 15, 263), 78.0
(129, 45, 271), 67.0
(178, 30, 260), 52.0
(168, 28, 268), 42.0
(152, 34, 260), 54.0
(217, 6, 260), None
(193, 22, 255), None
(192, 9, 272), None
(177, 27, 270), 68.0
(172, 27, 272), 50.0
(164, 35, 269), 60.0
(177, 25, 259), 56.0
(190, 20, 266), 62.0
(181, 24, 267), 66.0
(184, 17, 264), 64.0
(169, 30, 268), 46.0
(156, 39, 257), 60.0
(199, 15, 261), 56.0
(142, 40, 270), 50.0
(157, 33, 270), 56.0
(147, 40, 270), 70.0
(156, 37, 263), 54.0
(153, 44, 261), 68.0
(157, 33, 267), 48.0
(162, 32, 264), 58.0
(160, 32, 267), 58.0
(169, 26, 268), 46.0
(145, 39, 271), 65.0
(171, 24, 270), 60.0
(156, 31, 280), 57.0
(162, 32, 271), 52.0
(166, 26, 278), 52.0
(178, 20, 275), 66.0
(177, 19, 278), 44.0
(165, 30, 269), 60.0
(171, 26, 270), 50.0
(166, 27, 271), 52.0
(146, 44, 263), 46.0
(164, 30, 268), None
(183, 22, 269), 46.0
(170, 28, 275), 54.0
(168, 28, 276), 50.0
(170, 25, 272), 66.0
(165, 27, 280), 69.0
(171, 24, 274), 72.0
(177, 24, 272), 70.0
(168, 27, 278), 56.0
(177, 20, 279), 58.0
(172, 26, 275), 70.0
(170, 24, 278), 70.0
(168, 28, 274), 51.0
(180, 22, 285), 64.0
(179, 21, 278), 59.0
(173, 22, 280), 64.0
(167, 27, 282), 68.0
(176, 21, 278), 62.0
(161, 30, 280), 54.0
(170, 28, 276), 60.0
(163, 29, 278), 58.0
(145, 41, 269), 64.0
(179, 20, 283), 67.0
(171, 26, 276), 62.0
(154, 33, 283), 54.0
(170, 24, 281), 56.0
(165, 25, 282), 60.0
(158, 33, 279), 46.0
(169, 25, 273), 64.0
(145, 39, 281), 65.0
(139, 45, 269), 69.0
(153, 35, 283), 54.0
(157, 32, 278), 54.0
(171, 22, 287), 60.0
(145, 38, 286), 68.0
(161, 33, 272), 52.0
(167, 30, 274), 51.0
(135, 48, 274), 56.0
(147, 41, 279), 74.0
(170, 27, 276), 60.0
(163, 32, 272), 50.0
(163, 32, 275), 62.0
(156, 33, 283), 52.0
(159, 34, 275), 70.0
(161, 32, 283), 58.0
(164, 29, 274), 51.0
(166, 31, 270), 52.0
(157, 37, 273), 56.0
(159, 34, 272), 74.0
(164, 31, 270), 52.0
(170, 28, 272), 50.0
(160, 30, 279), 56.0
(174, 25, 272), 60.0
(162, 33, 271), 54.0
(154, 33, 279), 59.0
(158, 32, 278), 66.0
(168, 28, 272), 52.0
(172, 27, 269), 62.0
(168, 27, 274), 51.0
(169, 28, 273), 52.0
(171, 27, 268), 60.0
(164, 33, 274), 56.0
(170, 30, 270), 42.0
(161, 33, 277), 58.0
(166, 29, 274), 51.0
(164, 32, 272), 52.0
(170, 25, 281), 56.0
(169, 31, 268), 45.0
(162, 32, 274), 54.0
(174, 27, 272), 60.0
(171, 27, 272), 54.0
(170, 28, 271), 42.0
(170, 32, 265), 50.0
(163, 33, 270), 56.0
(166, 34, 267), 60.0
(170, 31, 269), 41.0
(171, 29, 267), 52.0
(167, 31, 269), 52.0
(167, 32, 267), 58.0
(170, 31, 270), 43.0
(172, 28, 271), 46.0
(171, 29, 268), 56.0
(168, 34, 266), 64.0
(176, 28, 267), 52.0
(173, 28, 270), 60.0
(167, 33, 270), 56.0
(173, 30, 271), 60.0
(176, 28, 266), 54.0
(177, 25, 272), 70.0
(170, 31, 267), 52.0
(179, 29, 262), 51.0
(164, 34, 268), 60.0
(171, 33, 264), 54.0
(167, 33, 264), 62.0
(180, 29, 268), 52.0
(179, 30, 259), 72.0
(179, 30, 260), 56.0
(180, 27, 267), 64.0
(178, 30, 267), 48.0
(172, 30, 264), 54.0
(178, 32, 259), 46.0
(180, 31, 270), 52.0
(197, 26, 256), None
(168, 31, 270), 52.0
(184, 29, 268), 60.0
(165, 38, 271), 64.0
(183, 26, 272), 52.0
(181, 30, 261), 50.0
(181, 28, 269), 54.0
(177, 33, 270), 48.0
(187, 32, 246), 60.0
(176, 33, 260), 58.0
(175, 34, 267), 54.0
(162, 38, 270), 66.0
(182, 26, 273), 52.0
(181, 33, 279), 56.0
(183, 29, 268), 56.0
(183, 27, 266), 58.0
(186, 36, 271), 60.0
(172, 34, 270), 50.0
(166, 33, 271), 56.0
(173, 33, 271), 46.0
(188, 23, 266), 58.0
(168, 32, 270), 50.0
(181, 27, 275), 52.0
(174, 35, 281), 50.0
(182, 30, 274), 58.0
(183, 30, 274), 52.0
(172, 31, 278), 70.0
(175, 33, 268), 52.0
(181, 36, 271), 56.0
(176, 30, 264), 52.0
(174, 32, 271), 44.0
(173, 30, 263), 54.0
(181, 31, 265), 60.0
(173, 33, 269), 52.0
(177, 30, 272), 68.0
(174, 31, 269), 50.0
(173, 32, 272), 38.0
(172, 32, 266), 54.0
(171, 33, 276), 60.0
(177, 31, 270), 60.0
(175, 34, 269), 48.0
(176, 33, 271), 42.0
(177, 31, 269), 56.0
(177, 32, 270), 62.0
(173, 33, 267), 54.0
(176, 33, 272), 56.0
(169, 34, 271), 56.0
(175, 32, 265), 50.0
(178, 34, 271), 60.0
(178, 33, 266), 48.0
(171, 33, 270), 42.0
(174, 31, 275), 46.0
(179, 32, 271), 63.0
(171, 33, 274), 55.0
(172, 32, 274), 57.0
(171, 33, 271), 44.0
(173, 31, 274), 43.0
(176, 32, 267), 48.0
(169, 33, 271), 52.0
(171, 33, 273), 56.0
(173, 31, 273), 37.0
(175, 31, 273), 70.0
(173, 32, 274), 46.0
(173, 32, 277), 72.0
(172, 30, 270), 46.0
(177, 32, 273), 72.0
(170, 31, 273), 52.0
(172, 32, 275), 54.0
(172, 33, 271), 42.0
(173, 29, 274), 43.0
(174, 32, 274), 44.0
(177, 29, 271), 64.0
(169, 32, 278), 60.0
(174, 31, 272), 58.0
(173, 32, 271), 44.0
(173, 31, 272), 38.0
(174, 32, 272), 50.0
(173, 30, 273), 48.0
(174, 33, 270), 46.0
(174, 33, 272), 40.0
(172, 33, 273), 44.0
(173, 33, 272), 38.0
(172, 32, 272), 42.0
(172, 31, 273), 44.0
(175, 31, 271), 64.0
(175, 32, 271), 52.0
(173, 33, 273), 38.0
(172, 33, 272), 44.0
(173, 34, 271), 46.0
(172, 34, 274), 55.0
(173, 33, 274), 46.0
(172, 32, 273), 44.0
(173, 32, 273), 38.0
(172, 31, 272), 40.0
(173, 30, 272), 50.0
(172, 30, 274), 57.0
(174, 32, 273), 40.0
(174, 30, 272), 64.0
(172, 31, 274), 57.0
