Sampler:TPESampler
(197, 189, 297), 84.0
(71, 114, 216), None
(219, 277, 247), 81.0
(65, 124, 272), 52.0
(174, 247, 294), 96.0
(219, 197, 99), None
(140, 178, 230), 68.0
(194, 8, 86), None
(198, 203, 7), None
(129, 280, 26), 49.0
(298, 42, 5), None
(2, 99, 147), None
(87, 116, 163), 54.0
(85, 288, 64), 74.0
(21, 77, 165), None
(130, 159, 38), 88.0
(47, 236, 126), 52.0
(36, 246, 128), 62.0
(110, 135, 210), None
(46, 240, 52), 64.0
(106, 220, 115), None
(59, 290, 195), None
(160, 267, 185), 70.0
(114, 152, 269), None
(2, 225, 82), 74.0
(69, 263, 33), 68.0
(29, 298, 132), 59.0
(89, 87, 257), 72.0
(266, 69, 110), None
(54, 180, 290), 55.0
(126, 218, 68), 58.0
(92, 131, 169), 58.0
(75, 116, 155), 75.0
(99, 167, 234), None
(71, 52, 196), 86.0
(152, 110, 28), None
(45, 127, 275), 62.0
(19, 141, 218), 62.0
(173, 198, 90), 74.0
(143, 255, 180), None
(63, 275, 243), 54.0
(62, 278, 243), 54.0
(60, 274, 248), 65.0
(42, 277, 235), 68.0
(84, 239, 273), 69.0
(15, 282, 291), 52.0
(14, 298, 291), 56.0
(123, 102, 299), 55.0
(16, 232, 12), None
(211, 261, 258), 60.0
(31, 9, 135), None
(81, 253, 283), 56.0
(51, 283, 209), 54.0
(51, 285, 222), 54.0
(4, 212, 261), None
(49, 288, 215), 48.0
(32, 286, 279), 49.0
(33, 298, 283), 52.0
(33, 298, 281), 52.0
(27, 266, 270), 52.0
(26, 250, 269), 55.0
(38, 295, 284), 54.0
(35, 299, 278), 59.0
(10, 268, 264), None
(256, 242, 251), None
(22, 262, 67), 69.0
(8, 271, 296), None
(28, 291, 46), 52.0
(42, 291, 203), 52.0
(0, 231, 203), 52.0
(0, 231, 201), 52.0
(5, 184, 189), None
(43, 288, 26), 62.0
(22, 228, 202), 60.0
(32, 282, 285), 54.0
(54, 259, 117), 50.0
(75, 263, 278), 60.0
(54, 270, 120), 59.0
(95, 257, 150), 84.0
(66, 290, 140), 54.0
(103, 210, 171), 56.0
(41, 281, 268), 66.0
(27, 275, 43), 64.0
(14, 248, 228), 56.0
(178, 157, 178), None
(49, 291, 54), 63.0
(33, 286, 16), 58.0
(21, 123, 107), 62.0
(56, 279, 161), None
(0, 233, 253), None
(64, 140, 4), None
(12, 236, 96), None
(17, 220, 210), 56.0
(40, 291, 58), None
(8, 245, 122), None
(46, 255, 203), None
(25, 270, 192), 60.0
(2, 259, 217), 64.0
(80, 293, 73), None
(16, 282, 240), 60.0
(36, 297, 228), 52.0
(27, 264, 291), 52.0
(29, 265, 287), 52.0
(57, 249, 20), None
(47, 286, 285), 56.0
(116, 194, 181), 61.0
(36, 299, 39), 70.0
(9, 226, 200), None
(236, 272, 296), 74.0
(34, 277, 265), 52.0
(38, 277, 262), 52.0
(27, 259, 225), 51.0
(38, 277, 278), 61.0
(20, 292, 271), 64.0
(24, 285, 222), 50.0
(50, 287, 223), 52.0
(296, 268, 212), 68.0
(49, 286, 222), 58.0
(23, 260, 237), 56.0
(72, 207, 247), 54.0
(27, 299, 257), 60.0
(43, 294, 140), 52.0
(31, 293, 137), 78.0
(36, 276, 231), 60.0
(59, 242, 204), None
(54, 280, 222), 62.0
(7, 272, 186), None
(167, 253, 195), 64.0
(11, 283, 214), 52.0
(31, 267, 264), 50.0
(18, 268, 264), 58.0
(41, 278, 265), 60.0
(26, 266, 226), 48.0
(32, 287, 276), 50.0
(136, 290, 278), 78.0
(30, 257, 275), 68.0
(27, 263, 291), 52.0
(44, 286, 256), None
(197, 270, 248), 73.0
(51, 282, 243), 59.0
(12, 284, 230), 56.0
(1, 265, 226), 73.0
(22, 275, 261), 54.0
(17, 169, 215), 56.0
(46, 291, 206), 52.0
(36, 276, 236), 42.0
(36, 275, 287), 48.0
(33, 274, 272), 45.0
(40, 273, 236), 68.0
(64, 18, 219), 70.0
(37, 251, 30), 68.0
(30, 109, 272), 76.0
(15, 265, 286), 63.0
(34, 280, 296), 56.0
(23, 261, 291), 52.0
(23, 255, 250), None
(187, 259, 209), 68.0
(29, 289, 281), 52.0
(30, 288, 281), 48.0
(29, 287, 79), None
(20, 269, 271), 59.0
(42, 276, 266), 62.0
(13, 282, 291), 50.0
(36, 276, 299), 65.0
(150, 284, 146), 66.0
(8, 283, 225), None
(25, 299, 45), 76.0
(13, 272, 197), 48.0
(16, 269, 291), 73.0
(24, 271, 282), 52.0
(12, 293, 276), 42.0
(12, 288, 278), 48.0
(10, 278, 275), None
(20, 260, 289), 58.0
(14, 294, 276), 42.0
(12, 294, 279), 75.0
(6, 287, 273), None
(16, 292, 285), 56.0
(5, 281, 278), None
(19, 273, 241), 58.0
(12, 296, 256), None
(35, 299, 230), 55.0
(28, 280, 261), 58.0
(23, 288, 294), 60.0
(32, 293, 284), 50.0
(44, 284, 284), None
(30, 293, 269), 48.0
(33, 293, 269), 48.0
(33, 292, 272), 60.0
(18, 294, 269), 56.0
(50, 291, 276), 58.0
(32, 286, 280), 54.0
(39, 280, 268), 67.0
(32, 274, 285), 51.0
(23, 287, 273), 60.0
(41, 299, 287), 69.0
(15, 281, 266), 62.0
(218, 293, 278), None
(27, 85, 258), 66.0
(46, 287, 293), 56.0
(37, 274, 282), 56.0
(30, 272, 288), 52.0
(25, 265, 235), 56.0
(17, 281, 299), 50.0
(12, 282, 296), 52.0
(4, 290, 277), None
(17, 278, 299), 61.0
(20, 295, 269), 66.0
(157, 285, 287), 68.0
(34, 278, 108), 72.0
(10, 268, 281), None
(25, 287, 216), 64.0
(28, 57, 273), None
(31, 275, 285), 52.0
(42, 274, 287), 59.0
(35, 292, 280), 52.0
(21, 299, 222), 53.0
(14, 283, 172), 54.0
(38, 270, 264), 58.0
(6, 290, 293), None
(33, 280, 274), 54.0
(26, 267, 291), 56.0
(30, 274, 282), 52.0
(20, 284, 269), 52.0
(46, 264, 253), 56.0
(24, 295, 232), None
(117, 288, 298), 82.0
(39, 278, 275), 52.0
(54, 256, 159), None
(17, 282, 286), 60.0
(31, 294, 264), 52.0
(35, 298, 97), None
(28, 275, 292), 58.0
(13, 267, 291), 50.0
(11, 263, 299), 51.0
(1, 287, 277), 66.0
(16, 266, 288), 69.0
(142, 283, 226), 70.0
(10, 261, 297), None
(21, 277, 283), 56.0
(10, 257, 299), None
(16, 251, 290), 53.0
(7, 270, 218), None
(13, 262, 294), 54.0
(21, 291, 273), 64.0
(31, 279, 281), 52.0
(40, 268, 289), 56.0
(25, 287, 277), 58.0
(5, 272, 269), None
(237, 282, 211), 60.0
(14, 288, 286), 56.0
(34, 274, 88), 62.0
(20, 263, 293), 54.0
(30, 245, 299), 51.0
(29, 293, 261), 52.0
(0, 253, 298), 68.0
(39, 280, 239), 49.0
(49, 282, 230), 52.0
(42, 299, 233), None
(38, 278, 240), 48.0
(45, 289, 244), 52.0
(39, 281, 226), 67.0
(36, 292, 237), 52.0
(51, 285, 275), 52.0
(25, 280, 246), 64.0
(58, 275, 241), None
(44, 293, 237), 70.0
(131, 286, 217), 54.0
(37, 278, 255), None
(31, 270, 266), 52.0
(19, 288, 252), 56.0
(26, 299, 223), 51.0
(109, 283, 239), 51.0
(39, 147, 129), 68.0
(32, 277, 272), 66.0
(23, 293, 230), 66.0
(46, 267, 279), 53.0
(16, 286, 263), 62.0
(36, 278, 282), 52.0
(25, 272, 223), 52.0
(9, 293, 270), None
(31, 284, 291), 52.0
(290, 289, 258), 75.0
(42, 279, 249), 69.0
(21, 269, 9), None
(135, 284, 240), 62.0
(26, 299, 211), 69.0
(189, 299, 277), 87.0
(53, 245, 285), 56.0
(35, 27, 291), 64.0
(204, 262, 267), 80.0
(16, 274, 280), 52.0
(7, 291, 273), None
(14, 264, 285), 61.0
(10, 279, 294), None
(41, 273, 278), 70.0
(30, 290, 289), 51.0
(99, 284, 271), None
(22, 296, 64), 66.0
(49, 277, 282), 52.0
(36, 269, 228), 63.0
(28, 295, 217), 70.0
(35, 282, 2), 68.0
(45, 288, 191), 60.0
(19, 289, 149), 68.0
(176, 276, 299), 87.0
(29, 283, 261), 62.0
(86, 167, 289), 52.0
(40, 272, 276), 68.0
(153, 283, 233), None
(20, 293, 286), 60.0
(31, 267, 167), 52.0
(4, 258, 267), None
(14, 187, 73), 66.0
(24, 288, 245), 52.0
(35, 275, 36), 70.0
(46, 279, 177), 56.0
(12, 262, 293), 50.0
(0, 294, 281), 52.0
(9, 270, 275), None
(62, 287, 268), 70.0
(13, 263, 292), 54.0
(17, 255, 284), None
(6, 280, 253), None
(70, 292, 121), 54.0
(20, 268, 274), 63.0
(26, 284, 51), 60.0
(12, 276, 258), 50.0
(6, 276, 261), None
(40, 288, 279), 71.0
(57, 295, 287), None
(123, 266, 259), 71.0
(18, 280, 247), 66.0
(25, 286, 197), 62.0
(12, 198, 267), 48.0
(13, 274, 268), 47.0
(11, 213, 256), None
(4, 272, 266), None
(34, 299, 270), 67.0
(53, 276, 262), 54.0
(14, 176, 236), 40.0
(9, 191, 237), None
(38, 219, 236), 76.0
(29, 157, 241), 52.0
(19, 127, 268), 68.0
(23, 134, 250), 62.0
(16, 202, 206), 68.0
(92, 150, 273), 56.0
(166, 179, 278), 55.0
(7, 202, 227), None
(23, 171, 233), None
(2, 175, 243), 64.0
(15, 116, 257), 53.0
(41, 184, 220), 70.0
(0, 161, 263), 48.0
(5, 152, 270), None
(0, 169, 262), 58.0
(10, 292, 231), None
(18, 164, 272), 60.0
(0, 173, 250), 61.0
(237, 290, 116), 78.0
(11, 164, 265), 57.0
(29, 143, 254), 60.0
(46, 281, 221), 48.0
(42, 154, 222), 66.0
(48, 179, 264), 51.0
(55, 283, 217), None
(34, 293, 277), 46.0
(7, 158, 279), None
(49, 295, 81), 56.0
(15, 236, 228), 52.0
(37, 293, 256), None
(261, 286, 276), 74.0
(62, 280, 211), 56.0
(33, 72, 223), 62.0
(48, 273, 20), 52.0
(45, 1, 245), 86.0
(22, 297, 283), 54.0
(26, 289, 234), 57.0
(17, 95, 276), 64.0
(80, 279, 267), None
(0, 161, 240), 41.0
(4, 142, 240), None
(2, 162, 235), 52.0
(7, 283, 246), None
(10, 158, 260), None
(0, 160, 216), 52.0
(37, 299, 251), 67.0
(33, 149, 273), 58.0
(42, 196, 269), 72.0
(0, 290, 241), 52.0
(29, 299, 229), 49.0
(27, 294, 231), 65.0
(21, 299, 236), 70.0
(37, 288, 230), 58.0
(9, 299, 227), None
(13, 184, 246), 60.0
(28, 285, 240), 64.0
(5, 167, 220), None
(34, 294, 202), 48.0
(42, 292, 203), 52.0
(34, 174, 198), 68.0
(39, 293, 210), 62.0
(30, 288, 186), 52.0
(226, 294, 206), 66.0
(23, 282, 193), 60.0
(33, 298, 211), 63.0
(45, 288, 224), 52.0
(28, 278, 233), None
(40, 285, 217), 66.0
(51, 291, 201), 50.0
(20, 276, 228), 64.0
(36, 295, 237), 46.0
(35, 224, 237), 52.0
(46, 282, 244), 69.0
(25, 299, 268), 57.0
(39, 299, 225), 51.0
(33, 293, 233), None
(29, 293, 250), 52.0
(17, 208, 240), 68.0
(44, 154, 214), 62.0
(37, 289, 263), 60.0
(23, 299, 237), 68.0
(31, 286, 272), 52.0
(13, 57, 227), None
(0, 273, 181), 52.0
(19, 289, 278), 56.0
(49, 281, 257), 51.0
(9, 273, 266), None
(37, 281, 275), 50.0
(6, 277, 250), None
(57, 146, 271), None
(274, 294, 239), 68.0
(26, 293, 234), 59.0
(15, 287, 217), 48.0
(13, 190, 214), 50.0
(18, 166, 207), 68.0
(7, 287, 225), None
(13, 283, 220), 58.0
(19, 286, 281), 68.0
(11, 272, 200), 53.0
(24, 295, 219), 67.0
(29, 299, 231), 63.0
(5, 278, 154), None
(23, 290, 221), 52.0
(15, 162, 263), 62.0
(33, 293, 208), 60.0
(43, 284, 244), 52.0
(40, 174, 273), 60.0
(21, 299, 212), 74.0
(5, 288, 215), None
(37, 278, 279), 48.0
(0, 293, 281), 52.0
(27, 181, 271), 52.0
(15, 269, 195), 54.0
(7, 274, 260), None
(102, 268, 267), 79.0
(50, 278, 280), 56.0
(41, 279, 253), 67.0
(30, 214, 226), 52.0
(19, 288, 274), 55.0
(38, 282, 248), 66.0
(0, 272, 285), 54.0
(33, 293, 265), 50.0
(23, 39, 277), 66.0
(11, 154, 280), 54.0
(11, 284, 272), 52.0
(19, 267, 260), 66.0
(47, 277, 285), 51.0
(5, 284, 267), None
(34, 132, 279), 68.0
(26, 299, 221), 51.0
(28, 197, 233), None
(119, 273, 204), 64.0
(16, 293, 228), 50.0
(34, 289, 215), 48.0
(37, 288, 210), 54.0
(32, 288, 214), 48.0
(43, 170, 216), 70.0
(23, 282, 206), 67.0
(34, 139, 211), 63.0
(54, 285, 200), 59.0
(45, 288, 218), 70.0
(29, 291, 187), 52.0
(11, 293, 216), 58.0
(16, 287, 210), 56.0
(22, 161, 272), 52.0
(7, 293, 223), None
(37, 277, 214), 78.0
(33, 290, 195), 44.0
(35, 294, 191), 64.0
(43, 289, 205), 52.0
(0, 281, 203), 54.0
(16, 260, 255), None
(26, 289, 184), 52.0
(33, 295, 263), 50.0
(49, 110, 277), None
(20, 283, 200), 44.0
(10, 287, 192), None
Sampler:BoTorchSampler
(39, 195, 41), 67.0
(45, 280, 119), 68.0
(280, 147, 23), 64.0
(96, 34, 142), None
(126, 189, 58), None
(125, 170, 231), 64.0
(55, 111, 34), None
(29, 146, 87), 78.0
(76, 266, 130), 68.0
(85, 79, 250), None
(112, 123, 262), 58.0
(205, 284, 104), 64.0
(185, 182, 123), 64.0
(5, 256, 61), None
(120, 297, 278), 70.0
(121, 81, 285), 44.0
(137, 51, 48), 74.0
(137, 42, 206), 70.0
(127, 52, 115), None
(127, 52, 126), 66.0
(125, 55, 186), None
(125, 56, 121), None
(125, 56, 113), None
(125, 56, 226), None
(125, 56, 245), None
(125, 56, 134), None
(125, 56, 15), None
(125, 56, 63), None
(125, 56, 209), None
(125, 56, 249), None
(125, 56, 171), None
(125, 56, 59), None
(125, 56, 273), None
(125, 56, 271), None
(125, 56, 41), None
(125, 56, 16), None
(125, 55, 158), None
(125, 56, 45), None
(125, 56, 168), None
(125, 56, 180), None
(125, 55, 247), None
(125, 56, 29), None
(125, 56, 219), None
(125, 56, 224), None
(125, 56, 158), None
(125, 55, 58), None
(125, 56, 177), None
(125, 55, 92), None
(125, 56, 22), None
(125, 56, 167), None
(125, 56, 291), None
(125, 56, 97), None
(125, 56, 49), None
(125, 56, 32), None
(125, 56, 213), None
(125, 56, 212), None
(125, 56, 73), None
(125, 56, 56), None
(125, 56, 82), None
(125, 55, 31), None
(125, 56, 147), None
(125, 56, 119), None
(125, 56, 64), None
(125, 56, 196), None
(125, 56, 279), None
(125, 55, 122), None
(125, 55, 137), None
(125, 56, 152), None
(125, 56, 236), None
(125, 56, 290), None
(125, 56, 248), None
(125, 56, 272), None
(125, 56, 34), None
(125, 56, 71), None
(125, 56, 20), None
(125, 55, 226), None
(125, 56, 43), None
(125, 56, 137), None
(125, 56, 281), None
(125, 56, 181), None
(125, 56, 142), None
(125, 56, 90), None
(125, 56, 93), None
(125, 56, 54), None
(125, 56, 138), None
(125, 56, 205), None
(125, 56, 130), None
(125, 56, 4), None
(125, 56, 111), None
(125, 56, 211), None
(125, 56, 246), None
(125, 56, 69), None
(125, 56, 197), None
(125, 55, 214), None
(125, 56, 203), None
(125, 56, 86), None
(125, 56, 31), None
(125, 56, 23), None
(125, 56, 80), None
(125, 56, 257), None
(125, 55, 115), None
(125, 55, 45), None
(125, 56, 76), None
(125, 55, 116), None
(125, 56, 140), None
(125, 56, 267), None
(125, 56, 220), None
(125, 55, 293), None
(125, 55, 67), None
(125, 56, 38), None
(125, 56, 72), None
(125, 56, 193), None
(125, 56, 216), None
(125, 56, 2), None
(125, 56, 110), None
(125, 56, 10), None
(125, 56, 55), None
(125, 56, 184), None
(125, 55, 136), None
(125, 56, 182), None
(125, 56, 78), None
(125, 56, 107), None
(125, 56, 242), None
(125, 55, 34), None
(125, 56, 77), None
(125, 56, 24), None
(125, 56, 48), None
(125, 56, 109), None
(125, 56, 57), None
(125, 56, 36), None
(125, 56, 133), None
(125, 56, 105), None
(125, 56, 5), None
(125, 56, 297), None
(125, 56, 35), None
(125, 56, 289), None
(125, 56, 275), None
(125, 56, 231), None
(125, 55, 223), None
(125, 56, 194), None
(125, 56, 298), None
(125, 56, 28), None
(125, 56, 51), None
(125, 55, 79), None
(125, 56, 243), None
(125, 56, 164), None
(125, 56, 210), None
(125, 56, 259), None
(125, 56, 254), None
(125, 56, 201), None
(125, 55, 133), None
(125, 56, 156), None
(125, 56, 58), None
(125, 56, 282), None
(125, 56, 239), None
(125, 55, 84), None
(125, 55, 47), None
(125, 56, 150), None
(125, 56, 131), None
(125, 56, 283), None
(125, 56, 114), None
(125, 55, 194), None
(125, 56, 106), None
(125, 55, 16), None
(125, 56, 284), None
(125, 56, 13), None
(125, 56, 222), None
(125, 56, 277), None
(125, 56, 265), None
(125, 56, 104), None
(125, 56, 258), None
(125, 56, 50), None
(125, 56, 6), None
(125, 56, 234), None
(125, 56, 62), None
(125, 56, 123), None
(125, 55, 297), None
(125, 55, 3), None
(125, 55, 171), None
(125, 55, 263), None
(125, 55, 193), None
(125, 56, 8), None
(125, 56, 223), None
(125, 56, 101), None
(125, 55, 81), None
(125, 56, 190), None
(125, 56, 175), None
(125, 56, 269), None
(125, 56, 266), None
(125, 55, 68), None
(125, 56, 165), None
(125, 55, 215), None
(125, 56, 122), None
(125, 56, 52), None
(125, 56, 141), None
(125, 56, 124), None
(125, 56, 81), None
(125, 56, 252), None
(125, 56, 228), None
(125, 55, 128), None
(125, 56, 207), None
(125, 55, 33), None
(125, 55, 70), None
(125, 55, 109), None
(125, 56, 188), None
(125, 56, 12), None
(125, 56, 162), None
(125, 56, 115), None
(125, 56, 75), None
(125, 56, 37), None
(125, 56, 11), None
(125, 56, 0), None
(125, 56, 232), None
(125, 56, 44), None
(125, 55, 249), None
(125, 55, 159), None
(125, 56, 118), None
(125, 56, 61), None
(125, 56, 202), None
(125, 56, 154), None
(125, 56, 268), None
(125, 56, 25), None
(125, 56, 230), None
(125, 55, 238), None
(125, 55, 236), None
(125, 56, 192), None
(125, 56, 185), None
(125, 56, 288), None
(125, 56, 173), None
(125, 56, 229), None
(125, 56, 146), None
(125, 55, 169), None
(125, 56, 74), None
(125, 56, 195), None
(125, 56, 235), None
(125, 56, 126), None
(125, 55, 71), None
(125, 55, 132), None
(125, 56, 148), None
(125, 56, 153), None
(125, 56, 261), None
(125, 55, 39), None
(125, 56, 172), None
(125, 56, 178), None
(125, 55, 228), None
(125, 55, 151), None
(125, 56, 116), None
(125, 56, 199), None
(125, 56, 287), None
(125, 56, 186), None
(125, 56, 238), None
(125, 55, 129), None
(125, 56, 221), None
(125, 56, 46), None
(125, 56, 132), None
(125, 55, 48), None
(125, 56, 204), None
(125, 56, 89), None
(125, 56, 151), None
(125, 56, 233), None
(125, 56, 198), None
(125, 56, 108), None
(125, 56, 7), None
(125, 56, 179), None
(125, 55, 144), None
(125, 55, 167), None
(125, 56, 299), None
(125, 55, 120), None
(125, 55, 95), None
(125, 56, 241), None
(125, 56, 293), None
(125, 56, 264), None
(125, 56, 91), None
(125, 55, 202), None
(125, 56, 17), None
(125, 56, 18), None
(125, 55, 7), None
(125, 55, 282), None
(125, 56, 135), None
(125, 56, 280), None
(125, 56, 27), None
(125, 56, 270), None
(125, 55, 29), None
(125, 56, 53), None
(125, 55, 162), None
(125, 55, 55), None
(125, 56, 217), None
(125, 55, 59), None
(125, 56, 143), None
(125, 55, 14), None
(125, 55, 110), None
(125, 56, 191), None
(125, 56, 251), None
(125, 55, 216), None
(125, 55, 254), None
(125, 56, 214), None
(125, 56, 92), None
(125, 55, 50), None
(125, 55, 46), None
(125, 55, 252), None
(125, 56, 67), None
(125, 56, 14), None
(125, 55, 242), None
(125, 56, 176), None
Sampler:CmaEsSampler
(182, 268, 167), 60.0
(117, 127, 166), 56.0
(137, 213, 185), 76.0
(103, 185, 41), 82.0
(178, 130, 143), 58.0
(40, 41, 177), 72.0
(194, 217, 194), None
(83, 165, 212), 54.0
(175, 152, 230), 64.0
(78, 195, 207), None
(1, 106, 166), 80.0
(68, 146, 172), 52.0
(133, 122, 140), 60.0
(25, 251, 210), 55.0
(142, 134, 130), 54.0
(165, 184, 214), 54.0
(136, 173, 131), 88.0
(93, 135, 161), 58.0
(127, 168, 137), 59.0
(53, 190, 212), 52.0
(51, 85, 192), 78.0
(162, 130, 122), 66.0
(103, 206, 155), 70.0
(10, 153, 208), None
(154, 107, 156), 64.0
(57, 107, 130), None
(49, 206, 182), 54.0
(23, 152, 171), 67.0
(48, 146, 109), 58.0
(58, 271, 214), None
(114, 219, 212), None
(33, 150, 267), 50.0
(57, 177, 189), None
(30, 169, 189), 52.0
(83, 189, 173), 70.0
(94, 148, 139), 66.0
(19, 156, 223), 56.0
(54, 152, 163), 56.0
(124, 155, 188), 68.0
(18, 186, 237), 52.0
(17, 170, 291), 62.0
(122, 103, 239), 51.0
(0, 182, 262), 43.0
(15, 154, 299), 55.0
(35, 168, 260), 64.0
(87, 123, 246), 58.0
(29, 163, 295), 58.0
(33, 152, 135), 67.0
(93, 108, 267), 66.0
(0, 169, 296), 63.0
(45, 108, 241), 60.0
(59, 136, 265), None
(142, 163, 281), 57.0
(44, 180, 264), 76.0
(35, 75, 214), 76.0
(146, 117, 250), 68.0
(65, 125, 284), 52.0
(75, 120, 253), 54.0
(58, 180, 220), None
(137, 101, 156), 68.0
(92, 150, 270), 56.0
(192, 118, 270), 72.0
(122, 154, 279), 61.0
(50, 171, 257), 65.0
(99, 129, 284), None
(60, 158, 250), 68.0
(63, 137, 253), 66.0
(130, 163, 243), 66.0
(130, 133, 225), 78.0
(192, 144, 213), 66.0
(142, 140, 286), 80.0
(133, 112, 202), 59.0
(104, 181, 249), 66.0
(87, 165, 275), 52.0
(132, 144, 198), 58.0
(120, 145, 181), 70.0
(111, 183, 292), None
(133, 155, 241), 58.0
(73, 119, 289), 72.0
(49, 168, 275), 52.0
(116, 136, 275), 77.0
(83, 155, 221), 70.0
(79, 169, 214), None
(142, 161, 202), 81.0
(43, 171, 271), 68.0
(86, 163, 277), 58.0
(75, 130, 261), 54.0
(76, 176, 267), 56.0
(45, 150, 278), 74.0
(25, 170, 283), 56.0
(70, 155, 286), 50.0
(99, 161, 230), None
(60, 170, 228), 66.0
(96, 110, 247), None
(81, 174, 258), 66.0
(70, 136, 252), 72.0
(95, 175, 237), 56.0
(85, 127, 270), 76.0
(61, 151, 282), 66.0
(87, 155, 265), 68.0
(81, 162, 252), 52.0
(66, 127, 277), 52.0
(76, 186, 239), 52.0
(104, 166, 244), 56.0
(34, 175, 266), 48.0
(88, 135, 241), 60.0
(51, 159, 286), 49.0
(53, 175, 250), 48.0
(69, 163, 253), 62.0
(56, 165, 244), None
(90, 167, 249), 56.0
(50, 173, 269), 52.0
(60, 166, 273), 70.0
(38, 177, 288), 54.0
(29, 159, 253), 61.0
(35, 165, 233), None
(65, 170, 263), 56.0
(61, 147, 248), 70.0
(48, 175, 286), 54.0
(49, 167, 248), 52.0
(52, 160, 271), 52.0
(0, 187, 286), 52.0
(35, 172, 249), 58.0
(64, 150, 273), 68.0
(18, 184, 263), 64.0
(38, 173, 265), 56.0
(19, 183, 252), 62.0
(20, 176, 285), 70.0
(44, 165, 281), 70.0
(50, 176, 263), 52.0
(15, 203, 238), 52.0
(51, 198, 242), 56.0
(31, 157, 260), 56.0
(38, 190, 270), 58.0
(31, 159, 279), 68.0
(41, 192, 253), 64.0
(25, 186, 271), 52.0
(33, 174, 281), 56.0
(54, 179, 256), None
(54, 168, 264), 68.0
(72, 183, 234), 58.0
(3, 187, 253), None
(25, 162, 248), 56.0
(47, 176, 265), 56.0
(27, 186, 249), 52.0
(17, 155, 290), 56.0
(21, 187, 266), 54.0
(48, 177, 250), 62.0
(50, 179, 268), 51.0
(39, 164, 257), 59.0
(4, 168, 276), None
(36, 173, 271), 54.0
(22, 207, 256), None
(39, 188, 273), 52.0
(52, 169, 289), 46.0
(22, 184, 277), 52.0
(41, 189, 264), 62.0
(18, 182, 274), 54.0
(23, 181, 286), 62.0
(71, 177, 275), 76.0
(73, 166, 268), 58.0
(16, 188, 287), 54.0
(28, 176, 288), 54.0
(37, 167, 287), 62.0
(49, 180, 292), 56.0
(57, 176, 276), None
(33, 191, 275), 66.0
(48, 170, 281), 58.0
(33, 176, 297), 44.0
(37, 173, 290), 54.0
(11, 183, 280), 56.0
(23, 191, 289), 64.0
(2, 183, 270), 52.0
(28, 186, 296), 52.0
(25, 185, 292), 52.0
(15, 186, 294), 48.0
(32, 188, 295), 52.0
(18, 196, 277), 48.0
(17, 181, 271), 60.0
(45, 184, 280), 65.0
(20, 170, 283), 62.0
(1, 178, 259), 60.0
(40, 177, 299), 58.0
(25, 203, 285), 50.0
(27, 196, 269), 62.0
(14, 214, 270), 46.0
(44, 202, 276), 52.0
(29, 175, 287), 52.0
(24, 193, 277), 74.0
(31, 200, 278), 56.0
(23, 222, 279), 51.0
(4, 228, 256), None
(55, 213, 263), None
(16, 186, 291), 58.0
(43, 222, 272), 52.0
(29, 228, 258), 52.0
(34, 215, 252), 44.0
(49, 208, 257), 47.0
(21, 205, 271), 52.0
(78, 205, 267), None
(37, 232, 268), None
(9, 184, 292), None
(67, 213, 265), 56.0
(66, 176, 262), 56.0
(4, 201, 298), None
(51, 215, 267), 50.0
(33, 225, 274), 51.0
(12, 212, 276), 61.0
(54, 229, 233), None
(44, 204, 250), 52.0
(68, 190, 273), 56.0
(84, 210, 238), 68.0
(56, 179, 283), None
(47, 228, 268), 54.0
(34, 207, 254), 52.0
(66, 223, 232), None
(45, 272, 255), None
(54, 193, 280), 52.0
(21, 239, 274), 69.0
(2, 227, 240), 66.0
(50, 218, 252), 70.0
(72, 228, 252), 52.0
(37, 239, 234), 82.0
(45, 192, 282), 56.0
(75, 228, 239), 53.0
(40, 166, 290), 70.0
(39, 193, 268), 60.0
(47, 215, 281), 56.0
(76, 221, 243), 64.0
(103, 239, 201), 53.0
(27, 214, 299), 65.0
(51, 223, 267), 54.0
(127, 260, 251), 56.0
(87, 211, 262), 52.0
(88, 222, 235), 52.0
(75, 242, 219), 54.0
(79, 207, 262), None
(109, 228, 232), None
(85, 200, 258), 54.0
(104, 204, 236), 54.0
(58, 209, 260), None
(97, 216, 254), None
(103, 226, 269), 68.0
(104, 210, 260), 58.0
(112, 238, 236), 79.0
(36, 223, 272), 58.0
(51, 251, 206), 52.0
(129, 263, 163), 67.0
(100, 231, 230), 69.0
(58, 232, 244), None
(60, 248, 236), 70.0
(96, 209, 269), None
(83, 224, 254), 54.0
(29, 220, 249), 52.0
(71, 200, 205), 58.0
(80, 243, 212), None
(44, 253, 183), 52.0
(93, 240, 258), 54.0
(45, 250, 213), 66.0
(70, 236, 213), 61.0
(57, 264, 212), None
(45, 262, 206), 58.0
(81, 255, 182), None
(69, 223, 232), None
(120, 220, 224), 73.0
(35, 244, 232), None
(77, 208, 234), None
(15, 270, 215), 50.0
(27, 254, 186), 52.0
(70, 228, 215), 48.0
(65, 267, 228), 58.0
(17, 248, 230), 52.0
(83, 272, 204), 52.0
(6, 261, 200), None
(47, 279, 209), 59.0
(20, 289, 212), 68.0
(30, 276, 170), 60.0
(85, 223, 207), 52.0
(67, 263, 180), 68.0
(115, 259, 133), None
(91, 219, 197), 80.0
(75, 269, 182), 60.0
(6, 252, 202), None
(24, 229, 201), 52.0
(35, 239, 185), 56.0
(102, 245, 178), 68.0
(70, 212, 226), 52.0
(67, 239, 217), 72.0
(107, 215, 220), 52.0
(15, 233, 248), None
(62, 203, 227), 68.0
(102, 198, 236), 66.0
(125, 238, 196), 62.0
(109, 243, 181), 60.0
(99, 229, 204), None
(154, 238, 193), 68.0
(117, 209, 195), 74.0
(157, 217, 192), 64.0
(139, 199, 239), 51.0
(93, 196, 239), 62.0
(106, 232, 245), None
(140, 197, 231), 66.0
(188, 169, 264), 85.0
(143, 189, 225), 74.0
(127, 235, 222), 52.0
(132, 191, 209), 82.0
(113, 201, 217), None
(141, 205, 243), 64.0
(150, 204, 226), 66.0
(131, 208, 221), 64.0
(182, 207, 223), 72.0
(167, 173, 277), 68.0
(128, 259, 183), 58.0
(190, 194, 236), 79.0
(96, 243, 236), None
(99, 216, 231), None
(84, 253, 197), 70.0
(125, 217, 217), None
(125, 222, 255), None
(52, 242, 208), 60.0
(176, 217, 252), 78.0
(117, 284, 157), 54.0
(173, 244, 204), 62.0
(96, 248, 192), None
(143, 250, 186), 78.0
(129, 246, 212), 52.0
(143, 284, 182), 76.0
(147, 194, 221), 56.0
(73, 257, 190), 63.0
(74, 265, 172), 54.0
(188, 234, 235), 78.0
(186, 256, 187), None
(110, 254, 203), None
(90, 259, 190), 69.0
(114, 267, 179), None
(160, 224, 258), 58.0
(138, 291, 172), 72.0
(106, 276, 186), 54.0
(121, 251, 182), 54.0
(145, 251, 187), 80.0
(92, 215, 241), 54.0
(147, 232, 240), None
(38, 274, 155), 60.0
(137, 275, 169), 64.0
(74, 284, 153), 54.0
(108, 275, 178), 64.0
(80, 262, 196), None
(166, 199, 252), 67.0
(93, 238, 214), 58.0
(85, 225, 239), 53.0
(88, 240, 201), 60.0
(111, 239, 214), None
(99, 234, 217), None
(114, 264, 204), None
(109, 227, 210), 52.0
(91, 253, 201), 52.0
(34, 225, 205), 60.0
(92, 202, 243), 56.0
(136, 252, 207), 84.0
(95, 238, 209), 64.0
(96, 204, 248), None
(77, 228, 228), None
(64, 237, 222), 56.0
(73, 245, 195), 52.0
(108, 248, 197), 52.0
(86, 229, 229), None
(104, 227, 220), 68.0
(110, 217, 240), None
(133, 276, 159), 82.0
(140, 229, 207), 80.0
(78, 249, 191), None
(80, 239, 190), None
(93, 242, 212), 48.0
(88, 247, 193), 54.0
(69, 259, 186), 51.0
(80, 255, 187), None
(84, 246, 193), 66.0
(85, 235, 207), 58.0
(79, 247, 198), None
(57, 231, 206), None
(67, 235, 206), 52.0
(89, 248, 206), 56.0
(85, 248, 199), 67.0
(87, 270, 187), 52.0
(77, 234, 216), None
(44, 273, 184), 52.0
(108, 217, 240), 52.0
(75, 240, 217), 56.0
(64, 248, 182), 66.0
(36, 265, 179), 49.0
(52, 257, 178), 68.0
(50, 262, 199), 54.0
(111, 246, 210), None
(102, 260, 195), 68.0
(71, 275, 180), 52.0
(97, 273, 192), None
(81, 286, 180), 68.0
(64, 251, 209), 66.0
(77, 256, 182), None
(43, 278, 164), 52.0
(50, 260, 182), 54.0
(44, 283, 152), 62.0
(68, 262, 184), 58.0
(78, 242, 214), None
(53, 238, 217), 59.0
(5, 266, 181), None
(55, 278, 176), None
(1, 265, 170), 60.0
(27, 273, 167), 52.0
(27, 276, 175), 56.0
(31, 278, 166), 53.0
(2, 285, 185), 52.0
(31, 245, 178), 52.0
(47, 275, 181), 56.0
(31, 285, 160), 58.0
(21, 294, 135), 56.0
(38, 293, 174), 62.0
(45, 249, 212), 66.0
(62, 266, 175), 70.0
(44, 270, 192), 60.0
(61, 264, 172), 66.0
(73, 230, 209), 57.0
(38, 262, 176), 56.0
(97, 212, 220), None
(59, 268, 185), None
(39, 258, 178), 56.0
(58, 221, 215), None
(69, 212, 213), 59.0
(49, 249, 193), 52.0
(116, 255, 190), None
(85, 246, 206), 50.0
(17, 265, 174), 52.0
(25, 257, 184), 51.0
(33, 256, 176), None
(32, 273, 188), 54.0
(94, 239, 221), 57.0
(32, 258, 189), 54.0
(84, 241, 208), 56.0
(76, 233, 217), None
(32, 270, 175), 54.0
(25, 258, 180), 52.0
(62, 267, 185), 62.0
(51, 259, 200), 56.0
(49, 247, 199), 49.0
(19, 258, 171), 72.0
(0, 251, 176), 70.0
(24, 266, 174), 66.0
(27, 263, 181), 68.0
(96, 238, 213), None
(12, 280, 153), 54.0
(13, 259, 182), 58.0
(40, 263, 175), 66.0
(27, 267, 172), 60.0
(16, 250, 194), 54.0
(44, 242, 202), 50.0
(23, 271, 168), 66.0
(32, 248, 200), 56.0
(59, 230, 212), None
(43, 251, 188), 70.0
(31, 227, 222), 56.0
(104, 221, 232), None
(46, 231, 214), 70.0
(30, 255, 195), None
(53, 251, 188), 52.0
(71, 242, 200), 58.0
(40, 248, 196), 70.0
(21, 247, 201), 58.0
(80, 240, 201), None
(35, 241, 199), 58.0
(71, 229, 212), 52.0
(94, 215, 228), 58.0
(79, 237, 210), None
(40, 249, 201), 62.0
(2, 269, 174), 64.0
(52, 231, 217), 52.0
(21, 266, 190), 60.0
(62, 235, 204), 54.0
(46, 234, 205), 51.0
(74, 227, 213), 52.0
(52, 239, 202), 56.0
(43, 237, 207), 62.0
(78, 214, 222), None
(43, 232, 212), None
(60, 226, 217), 64.0
(21, 254, 186), 54.0
(64, 224, 218), 56.0
(59, 238, 207), None
(19, 253, 188), 52.0
(74, 206, 232), None
(38, 244, 189), 52.0
(56, 235, 206), None
(45, 246, 187), 50.0
(54, 226, 214), 52.0
(60, 227, 213), 66.0
(62, 237, 201), 54.0
(33, 264, 166), 58.0
(25, 245, 187), 50.0
(44, 244, 187), 56.0
(68, 226, 211), 52.0
