Sampler:TPESampler
(99, 59, 194, 242, 0, 188, 196, 34, 57), None
(158, 110, 60, 233, 18, 11, 247, 3, 263), None
(257, 244, 53, 18, 161, 119, 262, 84, 33), 45.0
(267, 2, 279, 46, 47, 284, 21, 165, 76), 40.0
(61, 218, 184, 210, 3, 17, 225, 6, 27), None
(95, 105, 248, 226, 158, 282, 37, 199, 194), 34.0
(277, 269, 166, 69, 48, 46, 236, 75, 84), 35.0
(279, 34, 88, 219, 286, 8, 253, 42, 134), None
(116, 9, 264, 272, 76, 249, 33, 6, 151), None
(275, 40, 67, 193, 127, 27, 74, 233, 87), None
(195, 201, 24, 0, 221, 106, 297, 115, 0), None
(208, 299, 121, 91, 142, 132, 128, 150, 112), 41.0
(219, 297, 115, 112, 168, 128, 130, 296, 138), None
(221, 235, 17, 136, 210, 181, 150, 113, 223), None
(174, 177, 114, 3, 114, 87, 132, 121, 35), None
(229, 268, 140, 82, 200, 155, 95, 159, 112), 33.0
(132, 286, 0, 38, 258, 78, 179, 73, 173), None
(18, 239, 222, 161, 107, 207, 286, 217, 12), 34.0
(236, 145, 49, 107, 181, 143, 183, 79, 293), None
(199, 253, 100, 35, 133, 63, 90, 187, 51), 30.0
(298, 187, 145, 79, 233, 117, 155, 297, 120), None
(257, 146, 289, 42, 90, 229, 7, 151, 88), None
(250, 95, 211, 53, 50, 294, 56, 175, 71), None
(254, 298, 298, 22, 69, 162, 119, 138, 105), None
(195, 172, 81, 110, 146, 100, 0, 97, 43), None
(297, 76, 38, 66, 180, 253, 208, 250, 69), 32.0
(169, 216, 128, 91, 93, 132, 271, 138, 164), 39.0
(246, 264, 172, 139, 29, 175, 167, 170, 107), 38.0
(217, 130, 245, 25, 187, 198, 101, 203, 16), 38.0
(271, 1, 193, 56, 146, 216, 207, 97, 58), None
(200, 237, 162, 159, 251, 57, 64, 60, 195), None
(170, 213, 131, 95, 91, 135, 268, 143, 173), 42.0
(145, 215, 103, 99, 60, 137, 272, 145, 232), None
(178, 278, 71, 126, 31, 162, 232, 130, 179), None
(155, 251, 135, 18, 2, 117, 258, 97, 133), None
(85, 164, 209, 181, 90, 93, 214, 166, 199), 37.0
(211, 192, 154, 60, 117, 183, 38, 36, 95), 41.0
(133, 199, 153, 64, 122, 173, 192, 33, 152), 42.0
(124, 198, 154, 66, 117, 176, 242, 27, 154), None
(108, 223, 183, 83, 160, 119, 191, 52, 228), 33.0
(71, 200, 179, 58, 103, 190, 264, 21, 215), None
(146, 225, 115, 247, 135, 156, 225, 39, 127), None
(184, 190, 155, 125, 127, 148, 287, 2, 93), 45.0
(185, 159, 157, 123, 78, 167, 282, 0, 97), None
(162, 181, 127, 96, 163, 149, 295, 13, 145), None
(138, 194, 147, 294, 118, 224, 248, 44, 183), 42.0
(131, 210, 96, 288, 127, 246, 248, 59, 253), None
(102, 248, 199, 243, 100, 213, 252, 15, 171), 34.0
(86, 229, 173, 196, 78, 231, 283, 79, 181), None
(139, 205, 235, 264, 124, 277, 229, 54, 158), 38.0
(115, 127, 57, 172, 175, 31, 269, 28, 190), None
(161, 283, 127, 144, 150, 125, 295, 47, 121), 40.0
(186, 190, 156, 122, 110, 193, 257, 67, 205), None
(232, 171, 144, 10, 117, 181, 240, 35, 139), None
(174, 196, 190, 70, 137, 144, 278, 10, 83), None
(203, 259, 113, 80, 147, 106, 138, 109, 30), None
(185, 242, 78, 299, 137, 76, 218, 190, 145), None
(216, 186, 168, 31, 199, 201, 31, 42, 166), None
(151, 159, 141, 45, 85, 225, 197, 84, 3), None
(126, 209, 7, 105, 170, 138, 114, 124, 63), None
(167, 132, 33, 48, 296, 107, 173, 26, 46), 42.0
(166, 130, 35, 52, 123, 109, 166, 25, 43), None
(285, 111, 31, 72, 299, 167, 169, 3, 93), None
(137, 142, 11, 11, 229, 84, 151, 69, 18), None
(27, 173, 45, 88, 61, 96, 179, 277, 48), None
(262, 189, 25, 34, 97, 153, 193, 37, 36), None
(244, 230, 62, 222, 256, 125, 140, 18, 73), None
(208, 152, 133, 0, 268, 182, 264, 86, 24), 40.0
(177, 218, 152, 60, 108, 109, 292, 29, 181), 36.0
(190, 118, 93, 43, 154, 266, 238, 45, 113), None
(224, 267, 109, 128, 197, 130, 127, 181, 158), 39.0
(209, 178, 121, 73, 118, 143, 77, 157, 84), None
(156, 194, 163, 116, 127, 116, 45, 9, 95), None
(169, 90, 151, 96, 141, 166, 158, 62, 58), None
(239, 205, 135, 24, 103, 135, 205, 111, 104), None
(144, 289, 83, 103, 131, 159, 273, 50, 129), 34.0
(194, 26, 121, 151, 82, 149, 287, 143, 114), None
(213, 277, 174, 51, 66, 70, 107, 22, 79), None
(177, 137, 49, 88, 91, 175, 17, 205, 187), 42.0
(117, 136, 50, 62, 94, 174, 9, 199, 190), None
(177, 121, 69, 89, 48, 100, 246, 231, 205), 35.0
(154, 167, 145, 112, 111, 124, 19, 30, 170), None
(201, 152, 20, 77, 87, 187, 24, 209, 176), None
(182, 183, 164, 208, 12, 208, 38, 260, 149), None
(222, 213, 43, 135, 72, 243, 84, 93, 162), 41.0
(172, 97, 182, 84, 273, 88, 68, 234, 217), None
(222, 213, 56, 133, 30, 238, 8, 56, 160), None
(165, 221, 105, 96, 243, 143, 299, 7, 187), None
(195, 202, 41, 155, 71, 261, 50, 101, 200), 40.0
(137, 240, 27, 139, 74, 243, 91, 129, 139), None
(284, 162, 158, 64, 218, 195, 261, 35, 67), 34.0
(231, 234, 49, 169, 56, 225, 79, 92, 165), None
(204, 139, 267, 116, 120, 174, 59, 75, 120), None
(188, 258, 137, 39, 113, 157, 174, 0, 152), None
(253, 196, 1, 49, 103, 217, 277, 14, 182), 36.0
(148, 209, 147, 75, 140, 256, 187, 152, 172), None
(130, 248, 122, 15, 40, 150, 17, 120, 53), 39.0
(159, 226, 76, 103, 96, 118, 160, 106, 39), None
(226, 180, 16, 28, 154, 202, 142, 64, 7), None
(242, 150, 35, 90, 131, 135, 28, 43, 103), 44.0
(264, 148, 34, 118, 131, 135, 221, 168, 288), 48.0
(264, 148, 35, 146, 131, 112, 0, 42, 264), None
(268, 135, 41, 133, 124, 138, 28, 21, 289), 40.0
(247, 170, 65, 117, 82, 0, 226, 175, 105), 34.0
(239, 155, 54, 92, 132, 131, 37, 49, 147), 40.0
(277, 115, 28, 67, 163, 144, 220, 166, 268), None
(273, 145, 131, 83, 105, 122, 199, 159, 100), 34.0
(256, 123, 19, 109, 116, 168, 252, 215, 89), None
(241, 106, 35, 128, 99, 233, 234, 34, 275), None
(118, 193, 45, 86, 90, 272, 46, 195, 28), 36.0
(236, 186, 72, 119, 143, 185, 14, 136, 136), None
(210, 175, 140, 57, 151, 135, 211, 150, 78), None
(220, 203, 11, 100, 125, 102, 267, 177, 126), 37.0
(181, 217, 59, 78, 135, 127, 256, 31, 119), None
(229, 161, 171, 259, 108, 292, 121, 41, 241), 38.0
(258, 293, 159, 91, 146, 150, 245, 185, 157), 38.0
(171, 208, 150, 124, 120, 162, 289, 55, 110), None
(191, 51, 31, 112, 130, 111, 280, 25, 165), None
(249, 130, 90, 106, 112, 138, 201, 70, 91), 42.0
(289, 135, 88, 95, 189, 138, 186, 71, 142), 36.0
(248, 129, 51, 138, 114, 156, 218, 79, 21), None
(142, 126, 43, 109, 139, 130, 203, 90, 298), 30.0
(216, 143, 125, 103, 65, 145, 87, 47, 91), 43.0
(216, 141, 22, 104, 65, 143, 24, 59, 92), None
(234, 114, 124, 98, 76, 128, 86, 84, 101), None
(250, 157, 102, 130, 38, 115, 177, 49, 67), None
(150, 149, 109, 234, 158, 122, 111, 142, 85), None
(163, 132, 95, 105, 53, 148, 99, 65, 79), None
(197, 165, 63, 123, 93, 165, 195, 18, 45), None
(259, 198, 144, 68, 108, 251, 273, 40, 61), 37.0
(268, 142, 116, 143, 83, 105, 70, 74, 175), 37.0
(208, 191, 130, 88, 124, 153, 172, 117, 93), 38.0
(203, 122, 151, 78, 67, 143, 41, 46, 116), None
(216, 223, 137, 113, 114, 172, 56, 54, 130), None
(226, 275, 38, 36, 128, 134, 29, 230, 107), 42.0
(242, 279, 33, 38, 128, 136, 17, 223, 108), 38.0
(226, 263, 162, 45, 134, 180, 34, 263, 100), None
(180, 284, 177, 19, 120, 132, 29, 247, 88), 34.0
(167, 276, 155, 5, 100, 120, 163, 244, 13), None
(157, 232, 46, 54, 87, 93, 10, 35, 32), None
(235, 100, 41, 22, 286, 219, 25, 8, 52), None
(221, 215, 24, 33, 142, 138, 182, 27, 185), 40.0
(212, 299, 166, 71, 59, 158, 146, 127, 97), None
(225, 243, 53, 61, 111, 241, 84, 210, 197), None
(245, 271, 38, 101, 119, 126, 50, 237, 75), 36.0
(125, 78, 141, 47, 148, 143, 201, 170, 125), None
(253, 292, 14, 284, 127, 116, 130, 133, 109), 42.0
(254, 291, 14, 290, 136, 121, 189, 154, 107), 35.0
(133, 152, 33, 285, 103, 149, 62, 134, 161), 44.0
(132, 149, 5, 285, 105, 112, 41, 222, 244), None
(265, 155, 27, 269, 126, 148, 210, 130, 88), 38.0
(135, 294, 30, 284, 96, 137, 131, 145, 164), None
(120, 182, 37, 294, 115, 161, 59, 103, 155), None
(174, 137, 21, 284, 129, 132, 153, 145, 116), 38.0
(110, 142, 117, 92, 122, 153, 249, 43, 111), None
(144, 282, 49, 275, 71, 116, 125, 135, 152), 40.0
(249, 200, 60, 278, 79, 170, 260, 32, 168), None
(261, 286, 16, 280, 101, 127, 102, 137, 134), 34.0
(233, 272, 32, 119, 136, 140, 136, 158, 178), None
(188, 167, 128, 294, 111, 148, 5, 13, 97), None
(53, 132, 9, 270, 93, 176, 32, 114, 191), None
(205, 255, 41, 298, 131, 134, 71, 94, 105), None
(240, 186, 135, 255, 143, 208, 117, 162, 102), None
(139, 209, 148, 83, 122, 124, 20, 193, 84), 34.0
(2, 148, 45, 109, 116, 101, 283, 202, 162), 36.0
(229, 298, 36, 29, 104, 145, 95, 38, 146), 38.0
(273, 126, 55, 55, 110, 130, 48, 123, 170), None
(198, 288, 22, 102, 209, 159, 265, 23, 93), 40.0
(217, 195, 155, 186, 88, 107, 64, 59, 38), None
(152, 175, 145, 39, 128, 153, 84, 49, 125), 36.0
(252, 137, 69, 93, 134, 189, 232, 148, 159), None
(222, 206, 26, 12, 140, 139, 178, 26, 185), None
(218, 212, 25, 29, 146, 137, 194, 28, 173), 31.0
(223, 220, 33, 37, 152, 117, 182, 81, 188), 35.0
(149, 262, 49, 134, 43, 113, 113, 133, 152), None
(129, 283, 86, 272, 122, 119, 119, 139, 153), None
(147, 278, 48, 291, 69, 132, 121, 133, 140), 35.0
(270, 131, 161, 150, 119, 146, 28, 20, 285), 33.0
(241, 157, 55, 89, 129, 235, 37, 51, 207), None
(238, 152, 40, 98, 242, 126, 55, 65, 112), None
(209, 215, 15, 43, 163, 140, 274, 43, 178), None
(185, 202, 41, 50, 77, 259, 45, 87, 200), None
(203, 144, 133, 31, 299, 182, 266, 30, 23), 35.0
(161, 291, 108, 122, 155, 134, 293, 49, 117), 34.0
(171, 158, 122, 161, 134, 129, 293, 55, 101), None
(197, 119, 29, 106, 222, 161, 26, 21, 277), 36.0
(246, 229, 21, 82, 141, 151, 76, 35, 147), 41.0
(141, 190, 33, 280, 61, 115, 76, 35, 90), None
(165, 297, 129, 76, 142, 199, 287, 40, 106), 33.0
(260, 228, 50, 275, 74, 96, 124, 140, 160), None
(159, 234, 139, 140, 149, 147, 299, 71, 125), 37.0
(177, 284, 18, 299, 176, 123, 138, 37, 145), 34.0
(194, 203, 20, 98, 190, 282, 64, 101, 94), None
(213, 222, 1, 0, 282, 177, 257, 16, 33), 42.0
(246, 239, 7, 86, 287, 167, 258, 4, 31), None
(212, 224, 2, 2, 289, 182, 256, 13, 22), None
(208, 247, 149, 9, 279, 193, 90, 83, 38), None
(257, 144, 10, 2, 284, 175, 238, 92, 29), None
(230, 220, 115, 1, 274, 186, 270, 15, 48), None
(253, 138, 38, 130, 299, 153, 81, 1, 279), 36.0
(276, 226, 283, 64, 125, 287, 15, 170, 81), 32.0
(219, 216, 29, 20, 291, 225, 250, 27, 177), 30.0
(266, 196, 217, 115, 63, 266, 52, 184, 68), None
(192, 209, 1, 82, 48, 264, 32, 165, 98), None
(245, 198, 43, 210, 131, 243, 40, 100, 166), 32.0
(227, 232, 22, 91, 140, 140, 188, 42, 149), None
(252, 54, 241, 72, 10, 155, 22, 48, 44), None
(134, 270, 124, 287, 55, 107, 129, 122, 108), None
(215, 213, 14, 57, 145, 135, 222, 31, 112), None
(238, 150, 61, 7, 107, 178, 73, 267, 5), None
(205, 288, 24, 105, 125, 163, 264, 22, 91), 34.0
(200, 128, 37, 135, 116, 254, 244, 110, 298), None
(280, 206, 298, 42, 36, 276, 166, 150, 185), 34.0
(142, 17, 256, 48, 24, 144, 207, 178, 83), None
(184, 137, 156, 123, 121, 150, 62, 77, 288), None
(222, 220, 142, 15, 278, 170, 277, 9, 120), None
(261, 181, 134, 99, 264, 159, 263, 153, 92), None
(267, 282, 45, 150, 71, 124, 95, 35, 156), 39.0
(238, 69, 29, 36, 135, 133, 184, 229, 71), 43.0
(233, 154, 36, 92, 135, 128, 32, 18, 252), None
(175, 79, 29, 112, 137, 133, 173, 226, 98), None
(193, 293, 20, 106, 130, 142, 282, 230, 104), 38.0
(124, 19, 231, 28, 170, 141, 181, 242, 73), 41.0
(128, 46, 9, 36, 202, 132, 184, 216, 76), None
(123, 13, 101, 141, 126, 136, 199, 243, 74), 41.0
(122, 31, 203, 26, 112, 145, 199, 239, 78), None
(113, 15, 98, 52, 168, 139, 181, 254, 74), None
(122, 190, 112, 9, 117, 39, 203, 242, 54), None
(132, 8, 75, 32, 141, 140, 193, 233, 73), None
(249, 21, 80, 0, 265, 190, 192, 248, 61), None
(241, 70, 91, 130, 125, 134, 216, 239, 65), 42.0
(136, 31, 231, 141, 129, 119, 146, 252, 83), 33.0
(127, 3, 87, 128, 125, 128, 200, 247, 54), None
(116, 12, 90, 116, 160, 151, 216, 239, 68), None
(245, 85, 93, 292, 85, 121, 212, 228, 63), None
(107, 37, 101, 145, 118, 132, 227, 255, 65), None
(255, 67, 278, 25, 123, 137, 13, 236, 86), None
(235, 44, 104, 127, 99, 114, 187, 129, 71), None
(237, 25, 130, 17, 135, 147, 105, 239, 43), 43.0
(243, 22, 189, 18, 135, 144, 88, 224, 41), 36.0
(229, 3, 126, 24, 130, 148, 205, 240, 37), None
(238, 23, 35, 134, 112, 137, 106, 233, 57), None
(212, 145, 118, 11, 125, 176, 253, 245, 26), 36.0
(248, 66, 26, 100, 207, 154, 78, 220, 96), None
(232, 28, 130, 37, 138, 142, 178, 242, 76), None
(241, 107, 138, 18, 131, 132, 270, 210, 43), 36.0
(256, 2, 265, 45, 151, 149, 196, 229, 49), None
(215, 298, 31, 83, 236, 160, 258, 25, 89), 34.0
(237, 161, 55, 88, 135, 127, 109, 39, 169), None
(227, 68, 123, 13, 116, 137, 69, 88, 18), 40.0
(227, 56, 119, 14, 120, 138, 69, 237, 12), None
(163, 10, 110, 146, 147, 126, 99, 42, 33), None
(248, 152, 49, 80, 128, 133, 83, 45, 146), None
(262, 134, 39, 132, 106, 144, 156, 31, 291), 43.0
(262, 130, 40, 121, 108, 146, 156, 29, 293), 30.0
(126, 93, 82, 138, 102, 146, 166, 37, 103), 42.0
(253, 89, 93, 134, 95, 151, 165, 35, 105), 40.0
(169, 120, 166, 137, 104, 145, 157, 32, 101), 41.0
(120, 135, 153, 155, 107, 145, 171, 32, 227), 36.0
(172, 114, 161, 130, 99, 145, 150, 142, 99), None
(124, 140, 77, 141, 105, 155, 169, 36, 111), None
(126, 82, 86, 94, 92, 138, 164, 246, 59), None
(135, 100, 97, 137, 89, 248, 145, 19, 101), None
(179, 120, 168, 127, 113, 164, 158, 31, 106), None
(242, 62, 147, 60, 122, 132, 173, 53, 86), 39.0
(97, 143, 44, 32, 117, 150, 185, 257, 284), None
(130, 127, 84, 139, 106, 140, 157, 233, 162), None
(155, 72, 14, 110, 101, 145, 150, 45, 34), None
(166, 122, 35, 119, 100, 156, 162, 24, 113), None
(261, 95, 29, 132, 95, 150, 92, 11, 69), None
(170, 138, 172, 148, 140, 123, 136, 41, 174), 40.0
(248, 186, 42, 68, 124, 170, 179, 251, 213), 36.0
(233, 131, 33, 126, 112, 130, 241, 32, 94), None
(113, 112, 68, 136, 106, 140, 192, 197, 84), None
(223, 201, 103, 38, 128, 19, 22, 148, 44), 35.0
(140, 236, 4, 28, 294, 107, 213, 6, 269), None
(257, 92, 158, 20, 173, 143, 174, 264, 78), None
(244, 214, 23, 97, 142, 217, 80, 69, 167), None
(128, 16, 225, 88, 135, 135, 207, 243, 99), None
(181, 134, 47, 143, 80, 135, 169, 274, 106), None
(118, 147, 143, 119, 114, 141, 186, 57, 89), None
(147, 195, 151, 126, 118, 208, 160, 227, 94), 38.0
(253, 228, 165, 137, 133, 119, 198, 189, 116), 48.0
(252, 225, 165, 135, 130, 110, 202, 190, 118), None
(271, 124, 157, 166, 121, 102, 197, 217, 294), 37.0
(265, 255, 165, 154, 167, 118, 3, 169, 111), None
(256, 245, 91, 233, 134, 125, 219, 25, 236), None
(137, 144, 133, 113, 126, 121, 232, 207, 119), None
(235, 211, 183, 133, 101, 232, 250, 0, 98), None
(133, 133, 138, 200, 132, 130, 153, 175, 103), None
(242, 238, 35, 51, 88, 180, 190, 39, 49), 40.0
(173, 41, 177, 105, 107, 111, 180, 201, 114), None
(223, 104, 167, 143, 112, 156, 103, 44, 38), 38.0
(259, 219, 40, 22, 95, 147, 132, 185, 28), 31.0
(248, 230, 18, 44, 146, 159, 73, 17, 194), 40.0
(103, 225, 27, 129, 155, 127, 196, 238, 157), 35.0
(251, 203, 53, 76, 120, 167, 17, 28, 171), 42.0
(250, 205, 60, 77, 120, 167, 15, 29, 180), None
(265, 206, 54, 74, 127, 120, 10, 143, 163), None
(254, 74, 173, 66, 112, 166, 30, 37, 133), 36.0
(238, 199, 147, 286, 126, 174, 17, 158, 174), None
(244, 189, 44, 63, 138, 172, 24, 27, 168), 35.0
(260, 170, 28, 58, 118, 165, 35, 46, 89), None
(123, 21, 81, 122, 184, 141, 209, 15, 256), None
(251, 60, 0, 78, 138, 92, 88, 60, 183), None
(155, 141, 160, 139, 121, 182, 19, 22, 102), 36.0
(218, 191, 52, 94, 250, 130, 42, 136, 63), 36.0
(206, 152, 250, 86, 131, 135, 261, 162, 108), 37.0
(240, 176, 66, 70, 128, 153, 26, 36, 53), 40.0
(232, 195, 127, 85, 141, 187, 115, 51, 32), None
(272, 219, 37, 33, 67, 152, 95, 232, 151), None
(231, 202, 44, 40, 81, 116, 255, 222, 177), None
(142, 50, 152, 292, 122, 137, 189, 240, 94), 31.0
(168, 124, 31, 82, 101, 147, 277, 124, 138), None
(245, 212, 13, 114, 59, 159, 267, 76, 155), None
(179, 86, 156, 53, 109, 178, 226, 32, 283), 33.0
(186, 138, 199, 299, 115, 145, 168, 19, 94), None
(215, 291, 162, 102, 108, 123, 8, 154, 106), None
(264, 150, 97, 149, 115, 195, 244, 29, 101), None
(160, 129, 49, 137, 101, 133, 202, 116, 160), None
(255, 221, 21, 123, 137, 105, 215, 181, 169), None
(37, 264, 106, 110, 129, 124, 195, 129, 80), None
(236, 251, 62, 27, 95, 142, 179, 96, 40), None
(149, 141, 56, 130, 90, 150, 159, 210, 47), None
(129, 33, 40, 21, 125, 112, 175, 233, 71), None
(251, 184, 10, 6, 146, 98, 237, 40, 58), None
(245, 235, 144, 282, 293, 170, 184, 12, 292), 38.0
(118, 13, 78, 249, 120, 137, 206, 244, 82), None
(135, 26, 139, 28, 123, 130, 191, 249, 66), 36.0
(124, 161, 71, 145, 76, 140, 182, 192, 190), 35.0
(259, 147, 114, 46, 134, 158, 20, 224, 299), None
(221, 212, 47, 95, 219, 115, 111, 83, 112), None
(242, 227, 33, 16, 152, 149, 77, 66, 124), None
(175, 119, 41, 118, 85, 144, 151, 106, 173), 39.0
(209, 297, 129, 35, 158, 127, 287, 51, 24), 34.0
(189, 130, 149, 92, 103, 121, 36, 23, 100), 41.0
(188, 208, 156, 102, 112, 226, 38, 6, 98), None
(250, 274, 28, 81, 133, 154, 167, 33, 116), 34.0
(182, 135, 152, 92, 115, 119, 35, 22, 88), None
(226, 198, 51, 62, 283, 239, 275, 44, 160), 33.0
(170, 110, 169, 219, 105, 106, 250, 26, 101), None
(269, 240, 6, 75, 119, 160, 58, 37, 220), None
(255, 117, 16, 97, 98, 120, 12, 23, 108), None
(134, 9, 91, 58, 126, 136, 199, 239, 81), None
(237, 203, 37, 130, 131, 179, 28, 139, 164), 51.0
(242, 215, 36, 128, 139, 169, 26, 141, 167), 38.0
(279, 193, 161, 124, 109, 184, 144, 137, 183), 34.0
(227, 206, 38, 133, 129, 177, 26, 133, 161), None
(236, 157, 173, 122, 117, 185, 46, 146, 41), 39.0
(165, 204, 44, 137, 92, 164, 260, 295, 170), 30.0
(263, 200, 33, 130, 133, 148, 220, 204, 158), 44.0
(266, 198, 31, 114, 132, 175, 211, 199, 149), None
(262, 126, 24, 130, 132, 147, 231, 216, 155), 36.0
(273, 201, 35, 127, 121, 154, 269, 207, 174), 38.0
(257, 181, 58, 108, 123, 192, 218, 214, 33), None
(248, 101, 47, 31, 136, 203, 224, 186, 274), 37.0
(236, 189, 31, 288, 125, 178, 222, 197, 164), 40.0
(262, 209, 39, 6, 142, 143, 0, 147, 48), None
(253, 147, 27, 118, 109, 149, 162, 205, 179), 38.0
(231, 190, 33, 73, 132, 171, 32, 50, 144), 41.0
(242, 194, 144, 53, 118, 189, 22, 10, 153), None
(231, 186, 36, 76, 134, 170, 30, 47, 143), 42.0
(238, 165, 41, 294, 137, 163, 23, 56, 129), None
(232, 201, 50, 71, 144, 78, 10, 47, 157), None
(248, 142, 24, 123, 130, 130, 19, 175, 138), None
(260, 182, 38, 88, 134, 299, 281, 43, 164), 38.0
(269, 154, 30, 104, 129, 157, 31, 61, 169), 40.0
(237, 172, 44, 278, 125, 165, 235, 191, 31), 39.0
(143, 195, 35, 133, 295, 135, 215, 134, 37), 35.0
(228, 71, 57, 116, 147, 174, 254, 17, 179), None
(253, 201, 64, 184, 138, 142, 15, 227, 18), 31.0
(284, 209, 23, 0, 122, 112, 265, 0, 121), None
(240, 260, 46, 10, 113, 127, 244, 55, 190), None
(246, 64, 52, 67, 134, 155, 260, 125, 151), 38.0
(256, 136, 18, 127, 127, 132, 228, 36, 174), None
(83, 148, 31, 109, 142, 162, 209, 202, 143), 42.0
(68, 148, 29, 107, 142, 170, 205, 201, 139), 46.0
(55, 150, 27, 108, 146, 161, 209, 203, 138), None
(81, 156, 37, 116, 142, 169, 216, 199, 129), 30.0
(73, 163, 31, 262, 142, 160, 204, 211, 143), 30.0
(48, 144, 18, 101, 147, 171, 30, 205, 141), 43.0
(21, 139, 9, 101, 152, 182, 221, 193, 150), None
(49, 144, 17, 99, 137, 173, 24, 195, 149), None
(28, 142, 26, 89, 152, 172, 44, 213, 133), 38.0
(85, 149, 13, 107, 143, 150, 203, 188, 140), 37.0
(60, 155, 22, 110, 150, 169, 40, 208, 141), None
(67, 150, 21, 98, 149, 166, 6, 193, 134), None
(70, 216, 6, 114, 274, 99, 35, 180, 157), None
(262, 184, 38, 94, 134, 178, 28, 222, 147), 36.0
(232, 132, 33, 101, 45, 125, 197, 219, 53), None
(65, 161, 27, 105, 159, 163, 295, 207, 142), 32.0
(268, 193, 0, 80, 134, 181, 30, 205, 289), None
(222, 152, 13, 122, 20, 171, 214, 214, 128), None
(47, 142, 33, 111, 140, 61, 209, 202, 143), None
(152, 145, 39, 106, 229, 158, 272, 201, 137), 40.0
(80, 139, 27, 89, 146, 166, 18, 199, 157), None
(251, 203, 21, 45, 129, 150, 191, 40, 122), 36.0
(92, 134, 17, 119, 117, 177, 209, 204, 28), 34.0
(257, 150, 135, 98, 141, 165, 205, 138, 148), None
(1, 157, 43, 286, 299, 173, 126, 154, 163), 36.0
(12, 80, 123, 140, 123, 141, 172, 168, 281), None
(146, 174, 34, 112, 33, 153, 221, 48, 154), 37.0
(56, 168, 29, 131, 138, 108, 216, 187, 131), None
(61, 188, 44, 84, 131, 160, 196, 63, 144), 35.0
(36, 220, 54, 16, 124, 136, 16, 6, 170), None
(75, 146, 39, 102, 136, 155, 202, 218, 207), 36.0
(158, 51, 32, 123, 98, 145, 213, 205, 137), None
(242, 177, 50, 116, 129, 164, 28, 212, 154), 37.0
(249, 249, 19, 106, 146, 116, 192, 14, 41), None
(277, 205, 25, 40, 257, 184, 21, 128, 162), 34.0
(292, 90, 133, 77, 132, 196, 258, 143, 44), None
(33, 196, 39, 92, 91, 177, 33, 30, 146), None
(235, 269, 33, 145, 156, 147, 288, 196, 112), 38.0
(44, 135, 11, 66, 140, 88, 188, 198, 153), 32.0
(43, 212, 25, 292, 149, 169, 140, 160, 181), 37.0
(265, 146, 143, 109, 143, 181, 53, 117, 196), None
(94, 127, 30, 270, 127, 131, 201, 149, 87), None
(88, 138, 36, 116, 134, 123, 225, 231, 56), None
(227, 186, 49, 296, 286, 154, 11, 41, 107), 34.0
(217, 159, 120, 225, 116, 140, 210, 18, 259), 33.0
(176, 145, 43, 22, 139, 136, 199, 228, 251), 44.0
(229, 154, 43, 17, 139, 134, 206, 224, 241), 30.0
(271, 144, 48, 282, 161, 158, 40, 214, 224), 36.0
(174, 139, 37, 20, 148, 138, 195, 55, 284), None
(181, 229, 44, 24, 192, 174, 251, 185, 251), None
(77, 151, 16, 24, 142, 115, 197, 132, 294), None
(174, 38, 152, 127, 153, 168, 279, 207, 167), 37.0
(106, 277, 21, 97, 137, 189, 184, 232, 233), None
(257, 147, 57, 111, 164, 129, 106, 228, 268), None
(166, 76, 76, 132, 106, 142, 176, 234, 92), None
(53, 200, 42, 155, 157, 148, 49, 46, 115), None
(246, 197, 29, 177, 121, 128, 199, 50, 273), 37.0
(179, 131, 9, 9, 130, 108, 188, 140, 26), None
(193, 164, 35, 30, 145, 138, 206, 218, 127), 39.0
(175, 139, 28, 105, 135, 104, 117, 177, 287), 40.0
(252, 60, 139, 6, 113, 132, 265, 227, 95), None
(187, 134, 33, 41, 51, 122, 132, 199, 140), 37.0
(239, 154, 41, 140, 137, 149, 100, 218, 118), 42.0
(262, 95, 160, 14, 110, 143, 171, 22, 200), None
(200, 157, 14, 123, 145, 153, 90, 221, 119), 36.0
(162, 221, 53, 33, 247, 185, 220, 211, 50), 40.0
(238, 157, 42, 140, 149, 147, 102, 228, 130), 36.0
(183, 123, 69, 151, 87, 143, 101, 31, 12), 44.0
(244, 125, 62, 239, 122, 212, 28, 27, 212), None
(181, 131, 114, 94, 88, 138, 213, 44, 11), None
(275, 146, 65, 199, 82, 159, 123, 189, 7), None
(63, 215, 61, 135, 97, 144, 233, 236, 10), None
(147, 111, 84, 119, 179, 151, 271, 35, 20), None
(139, 206, 149, 252, 94, 163, 65, 29, 247), 36.0
(186, 142, 72, 87, 83, 175, 163, 33, 16), 42.0
(182, 140, 73, 191, 84, 127, 109, 144, 13), 43.0
(185, 138, 72, 151, 80, 127, 167, 153, 5), None
(177, 149, 41, 144, 74, 135, 85, 217, 13), 44.0
(193, 152, 47, 192, 78, 131, 95, 143, 14), None
(177, 241, 37, 49, 70, 122, 113, 148, 2), None
(188, 120, 39, 37, 72, 136, 95, 73, 14), None
(183, 161, 68, 112, 88, 143, 98, 221, 4), None
(172, 167, 38, 153, 70, 134, 102, 229, 22), 40.0
(179, 143, 47, 167, 82, 115, 107, 137, 11), None
(193, 151, 23, 207, 60, 118, 110, 219, 0), None
(102, 147, 80, 144, 73, 138, 116, 204, 25), None
(265, 146, 30, 160, 75, 125, 101, 217, 16), 36.0
(184, 141, 65, 146, 56, 142, 165, 37, 15), None
(199, 153, 79, 150, 86, 146, 92, 210, 7), None
(131, 159, 74, 175, 67, 153, 99, 214, 135), None
(169, 129, 85, 132, 62, 128, 85, 63, 62), None
(255, 152, 130, 158, 151, 131, 111, 223, 111), None
(195, 147, 55, 138, 64, 150, 103, 210, 26), None
(187, 233, 73, 218, 81, 179, 85, 5, 21), None
(178, 139, 57, 96, 85, 138, 88, 155, 18), None
(202, 143, 166, 126, 138, 172, 80, 9, 10), None
(189, 133, 66, 299, 75, 123, 152, 79, 18), None
(172, 124, 26, 141, 3, 146, 119, 162, 122), None
(177, 156, 148, 265, 78, 134, 103, 133, 0), None
(249, 132, 52, 243, 236, 140, 229, 198, 36), 38.0
(163, 150, 32, 0, 142, 157, 94, 15, 147), 37.0
(19, 255, 70, 20, 129, 116, 107, 124, 10), None
(181, 138, 48, 143, 93, 155, 178, 205, 277), 30.0
(140, 143, 69, 25, 67, 145, 158, 34, 13), 43.0
(9, 245, 74, 12, 88, 143, 154, 26, 36), None
(176, 143, 69, 130, 74, 133, 148, 193, 7), None
(166, 163, 44, 25, 62, 112, 90, 223, 113), None
(142, 104, 88, 135, 72, 139, 161, 53, 15), 43.0
(156, 116, 60, 83, 65, 140, 6, 53, 263), None
(138, 99, 94, 136, 66, 147, 156, 38, 19), None
(150, 107, 156, 127, 69, 133, 240, 237, 11), 44.0
(149, 125, 180, 123, 57, 147, 201, 213, 13), None
(143, 119, 158, 134, 67, 130, 160, 43, 8), None
(185, 111, 62, 148, 77, 150, 143, 237, 16), None
(144, 102, 64, 16, 80, 138, 254, 61, 22), None
(152, 106, 174, 128, 53, 123, 239, 245, 0), 40.0
(155, 107, 81, 139, 83, 143, 73, 147, 14), 40.0
(137, 136, 154, 22, 71, 133, 239, 41, 6), None
(233, 46, 162, 126, 64, 127, 40, 237, 8), None
(133, 147, 155, 29, 68, 134, 192, 32, 11), 44.0
(141, 147, 35, 119, 72, 135, 62, 48, 22), 40.0
(170, 136, 155, 22, 67, 137, 35, 54, 12), 42.0
(134, 143, 168, 35, 71, 128, 171, 35, 15), None
(129, 129, 158, 27, 63, 124, 148, 31, 8), None
(152, 141, 164, 29, 75, 131, 245, 41, 18), 39.0
Sampler:BoTorchSampler
(235, 168, 129, 167, 36, 281, 111, 108, 22), None
(131, 1, 237, 170, 60, 180, 159, 185, 115), None
(125, 203, 77, 267, 115, 216, 150, 78, 166), None
(171, 44, 73, 117, 73, 242, 298, 182, 89), None
(129, 34, 77, 120, 46, 144, 283, 14, 51), None
(169, 45, 167, 244, 164, 96, 223, 34, 149), None
(144, 181, 50, 193, 73, 14, 184, 140, 216), 34.0
(17, 12, 10, 1, 284, 159, 143, 283, 50), None
(175, 8, 8, 283, 276, 258, 295, 105, 61), None
(198, 150, 230, 150, 189, 149, 105, 185, 50), None
(211, 159, 23, 115, 211, 146, 113, 199, 201), None
(203, 115, 198, 34, 20, 71, 214, 127, 130), None
(261, 247, 291, 215, 76, 114, 124, 131, 56), None
(101, 67, 82, 272, 55, 86, 160, 47, 281), None
(110, 36, 259, 214, 1, 272, 280, 56, 162), None
(252, 64, 209, 267, 212, 226, 177, 169, 177), None
(201, 194, 1, 112, 222, 274, 247, 189, 57), None
(244, 8, 199, 179, 283, 43, 192, 278, 91), None
(22, 257, 274, 223, 174, 295, 33, 96, 23), None
(10, 130, 188, 138, 6, 158, 208, 269, 70), None
(232, 255, 75, 169, 60, 254, 230, 100, 9), None
(70, 279, 249, 204, 153, 136, 118, 239, 242), 45.0
(209, 220, 270, 120, 120, 49, 107, 25, 191), None
(18, 171, 30, 177, 140, 139, 201, 46, 186), 34.0
(246, 179, 42, 71, 148, 204, 104, 67, 141), 38.0
(35, 53, 86, 234, 98, 200, 124, 91, 185), None
(181, 106, 207, 229, 32, 22, 114, 283, 279), None
(32, 278, 105, 104, 57, 95, 8, 33, 7), None
(183, 281, 149, 174, 24, 70, 3, 102, 156), None
(234, 230, 223, 297, 232, 281, 28, 196, 46), None
(77, 131, 278, 255, 286, 297, 205, 24, 147), None
(230, 13, 239, 292, 235, 177, 240, 102, 82), 49.0
(45, 129, 82, 33, 247, 147, 66, 51, 183), 41.0
(223, 42, 283, 66, 246, 115, 209, 294, 1), None
(214, 37, 264, 234, 253, 271, 115, 25, 238), None
(120, 223, 287, 169, 59, 1, 86, 56, 29), None
(171, 45, 27, 149, 214, 168, 144, 231, 21), 34.0
(273, 116, 30, 189, 62, 187, 147, 50, 80), None
(236, 110, 28, 18, 199, 205, 209, 38, 103), None
(198, 1, 2, 211, 47, 263, 271, 186, 143), 32.0
(87, 162, 219, 229, 44, 159, 12, 152, 88), 34.0
(45, 278, 161, 248, 178, 154, 69, 134, 187), 28.0
(246, 0, 269, 155, 254, 176, 254, 93, 79), None
(246, 0, 269, 82, 254, 176, 254, 94, 79), None
(246, 0, 269, 262, 254, 176, 254, 93, 79), None
(246, 0, 269, 42, 254, 176, 254, 93, 79), None
(246, 0, 269, 116, 254, 176, 254, 94, 79), None
(246, 0, 269, 141, 254, 176, 254, 93, 79), None
(246, 0, 269, 246, 254, 176, 254, 94, 79), None
(246, 0, 269, 157, 254, 176, 254, 93, 79), None
(246, 0, 269, 51, 254, 176, 254, 93, 79), None
(246, 0, 269, 15, 254, 176, 254, 93, 79), None
(246, 0, 269, 136, 254, 176, 254, 94, 79), None
(246, 0, 269, 249, 254, 176, 254, 93, 79), None
(246, 0, 269, 165, 254, 176, 254, 94, 79), None
(246, 0, 269, 119, 254, 176, 254, 93, 79), None
(246, 0, 269, 250, 254, 176, 254, 93, 79), None
(246, 0, 269, 91, 254, 176, 254, 93, 79), None
(246, 0, 269, 108, 254, 176, 254, 93, 79), None
(246, 0, 270, 44, 255, 176, 254, 93, 79), None
(246, 0, 269, 242, 254, 176, 254, 93, 79), None
(246, 0, 269, 119, 254, 176, 254, 94, 79), None
(246, 0, 269, 100, 254, 176, 254, 94, 79), None
(246, 0, 269, 7, 254, 176, 254, 93, 79), None
(246, 0, 270, 211, 254, 176, 254, 93, 79), None
(246, 0, 270, 135, 254, 176, 254, 93, 79), None
(246, 0, 269, 221, 254, 176, 254, 93, 79), None
(246, 0, 269, 159, 254, 176, 254, 93, 79), None
(246, 0, 270, 216, 255, 176, 254, 93, 79), None
(246, 0, 269, 240, 254, 176, 254, 94, 79), None
(246, 0, 270, 180, 255, 176, 254, 93, 79), None
(246, 0, 269, 76, 254, 176, 254, 93, 79), None
(246, 0, 269, 258, 254, 176, 254, 94, 79), None
(246, 0, 269, 239, 254, 176, 254, 94, 79), None
(246, 0, 269, 162, 254, 176, 254, 94, 79), None
(246, 0, 269, 92, 254, 176, 254, 93, 79), None
(246, 0, 269, 124, 254, 176, 254, 94, 79), None
(246, 0, 270, 246, 255, 176, 254, 93, 79), None
(246, 0, 270, 262, 255, 176, 254, 93, 79), None
(246, 0, 269, 198, 254, 176, 254, 94, 79), None
(246, 0, 269, 96, 254, 176, 254, 94, 79), None
(246, 0, 269, 113, 254, 176, 254, 93, 79), None
(246, 0, 269, 299, 254, 176, 254, 94, 79), None
(246, 0, 269, 1, 254, 176, 254, 94, 79), None
(246, 0, 269, 57, 254, 176, 254, 93, 79), None
(246, 0, 270, 144, 254, 176, 254, 93, 79), None
(246, 0, 270, 86, 255, 176, 254, 93, 79), None
(246, 0, 269, 210, 254, 176, 254, 94, 79), None
(246, 0, 270, 263, 255, 176, 254, 93, 79), None
(246, 0, 270, 193, 255, 176, 254, 93, 79), None
(246, 0, 269, 23, 254, 176, 254, 93, 79), None
(246, 0, 269, 122, 254, 176, 254, 93, 79), None
(246, 0, 269, 36, 254, 176, 254, 93, 79), None
(246, 0, 269, 229, 254, 176, 254, 93, 79), None
(246, 0, 269, 122, 254, 176, 254, 94, 79), None
(246, 0, 269, 16, 254, 176, 254, 93, 79), None
(246, 0, 269, 148, 254, 176, 254, 93, 79), None
(246, 0, 270, 296, 254, 176, 254, 93, 79), None
(246, 0, 269, 105, 254, 176, 254, 94, 79), None
(246, 0, 269, 58, 254, 176, 254, 94, 79), None
(246, 0, 269, 84, 254, 176, 254, 93, 79), None
(246, 0, 270, 251, 255, 176, 254, 93, 79), None
(246, 0, 269, 61, 254, 176, 254, 93, 79), None
(246, 0, 269, 298, 254, 176, 254, 94, 79), None
(246, 0, 269, 248, 254, 176, 254, 94, 79), None
(246, 0, 269, 234, 254, 176, 254, 94, 79), None
(246, 0, 269, 130, 254, 176, 254, 93, 79), None
(246, 0, 269, 181, 254, 176, 254, 93, 79), None
(246, 0, 269, 77, 254, 176, 254, 93, 79), None
(246, 0, 269, 15, 254, 176, 254, 94, 79), None
(246, 0, 269, 173, 254, 176, 254, 93, 79), None
(246, 0, 269, 185, 254, 176, 254, 93, 79), None
(246, 0, 269, 131, 254, 176, 254, 94, 79), None
(246, 0, 269, 238, 254, 176, 254, 94, 79), None
(246, 0, 269, 100, 254, 176, 254, 93, 79), None
(246, 0, 270, 26, 255, 176, 254, 93, 79), None
(246, 0, 269, 203, 255, 176, 254, 94, 79), None
(246, 0, 269, 63, 254, 176, 254, 93, 79), None
(246, 0, 270, 49, 255, 176, 254, 93, 79), None
(246, 0, 269, 82, 254, 176, 254, 93, 79), None
(246, 0, 269, 161, 254, 176, 254, 94, 79), None
(246, 0, 270, 101, 255, 176, 254, 93, 79), None
(246, 0, 269, 220, 254, 176, 254, 93, 79), None
(246, 0, 269, 55, 254, 176, 254, 94, 79), None
(246, 0, 269, 184, 254, 176, 254, 94, 79), None
(246, 0, 269, 139, 254, 176, 254, 94, 79), None
(246, 0, 270, 157, 255, 176, 254, 93, 79), None
(246, 0, 269, 2, 254, 176, 254, 94, 79), None
(246, 0, 269, 8, 254, 176, 254, 93, 79), None
(246, 0, 269, 89, 254, 176, 254, 94, 79), None
(246, 0, 269, 290, 254, 176, 254, 94, 79), None
(246, 0, 270, 273, 255, 176, 254, 93, 79), None
(246, 0, 269, 41, 254, 176, 254, 94, 79), None
(246, 0, 269, 278, 254, 176, 254, 93, 79), None
(246, 0, 270, 102, 255, 176, 254, 93, 79), None
(246, 0, 269, 3, 254, 176, 254, 93, 79), None
(246, 0, 270, 161, 255, 176, 254, 93, 79), None
(246, 0, 269, 60, 254, 176, 254, 93, 79), None
(246, 0, 269, 11, 254, 176, 254, 94, 79), None
(246, 0, 270, 132, 255, 176, 254, 93, 79), None
(246, 0, 270, 227, 255, 176, 254, 93, 79), None
(246, 0, 269, 179, 254, 176, 254, 94, 79), None
(246, 0, 270, 84, 255, 176, 254, 93, 79), None
(246, 0, 269, 138, 254, 176, 254, 94, 79), None
(246, 0, 269, 126, 254, 176, 254, 94, 79), None
(246, 0, 269, 276, 254, 176, 254, 94, 79), None
(246, 0, 269, 184, 254, 176, 254, 93, 79), None
(246, 0, 269, 118, 254, 176, 254, 93, 79), None
(246, 0, 270, 95, 255, 176, 254, 93, 79), None
(246, 0, 270, 66, 255, 176, 254, 93, 79), None
(246, 0, 269, 171, 254, 176, 254, 94, 79), None
(246, 0, 269, 156, 254, 176, 254, 94, 79), None
(246, 0, 269, 243, 254, 176, 254, 93, 79), None
(246, 0, 269, 168, 254, 176, 254, 94, 79), None
(246, 0, 269, 141, 254, 176, 254, 94, 79), None
(246, 0, 269, 60, 254, 176, 254, 94, 79), None
(246, 0, 269, 91, 254, 176, 254, 94, 79), None
(246, 0, 269, 117, 254, 176, 254, 93, 79), None
(246, 0, 270, 38, 255, 176, 254, 93, 79), None
(246, 0, 269, 151, 254, 176, 254, 93, 79), None
(246, 0, 269, 34, 254, 176, 254, 93, 79), None
(246, 0, 269, 144, 254, 176, 254, 94, 79), None
(246, 0, 269, 276, 254, 176, 254, 93, 79), None
(246, 0, 269, 269, 254, 176, 254, 94, 79), None
(246, 0, 270, 238, 255, 176, 254, 93, 79), None
(246, 0, 270, 96, 255, 176, 254, 93, 79), None
(246, 0, 269, 39, 254, 176, 254, 94, 79), None
(246, 0, 270, 231, 255, 176, 254, 93, 79), None
(246, 0, 269, 120, 254, 176, 254, 94, 79), None
(246, 0, 269, 133, 254, 176, 254, 93, 79), None
(246, 0, 269, 191, 254, 176, 254, 93, 79), None
(246, 0, 269, 192, 254, 176, 254, 94, 79), None
(246, 0, 269, 148, 254, 176, 254, 94, 79), None
(246, 0, 269, 49, 254, 176, 254, 93, 79), None
(246, 0, 269, 61, 254, 176, 254, 94, 79), None
(246, 0, 269, 135, 254, 176, 254, 93, 79), None
(246, 0, 270, 80, 255, 176, 254, 93, 79), None
(246, 0, 269, 99, 254, 176, 254, 93, 79), None
(246, 0, 269, 219, 254, 176, 254, 93, 79), None
(246, 0, 269, 215, 254, 176, 254, 94, 79), None
(246, 0, 269, 9, 254, 176, 254, 93, 79), None
(246, 0, 269, 202, 254, 176, 254, 94, 79), None
(246, 0, 269, 282, 254, 176, 254, 93, 79), None
(246, 0, 270, 289, 255, 176, 254, 93, 79), None
(246, 0, 269, 293, 254, 176, 254, 93, 79), None
(246, 0, 269, 221, 254, 176, 254, 94, 79), None
(246, 0, 269, 89, 254, 176, 254, 93, 79), None
(246, 0, 269, 152, 254, 176, 254, 94, 79), None
(246, 0, 269, 14, 254, 176, 254, 93, 79), None
(246, 0, 269, 235, 254, 176, 254, 93, 79), None
(246, 0, 269, 205, 254, 176, 254, 94, 79), None
(246, 0, 269, 188, 254, 176, 254, 94, 79), None
(246, 0, 269, 21, 254, 176, 254, 93, 79), None
(246, 0, 269, 2, 254, 176, 254, 93, 79), None
(246, 0, 269, 194, 254, 176, 254, 94, 79), None
(246, 0, 270, 234, 255, 176, 254, 93, 79), None
(246, 0, 269, 178, 254, 176, 254, 93, 79), None
(246, 0, 269, 159, 254, 176, 254, 94, 79), None
(246, 0, 269, 287, 254, 176, 254, 93, 79), None
(246, 0, 269, 196, 254, 176, 254, 93, 79), None
(246, 0, 269, 53, 254, 176, 254, 93, 79), None
(246, 0, 269, 59, 254, 176, 254, 94, 79), None
(246, 0, 269, 224, 254, 176, 254, 93, 79), None
(246, 0, 269, 88, 254, 176, 254, 93, 79), None
(246, 0, 270, 158, 254, 176, 254, 93, 79), None
(246, 0, 269, 238, 254, 176, 254, 93, 79), None
(246, 0, 269, 68, 254, 176, 254, 93, 79), None
(246, 0, 270, 159, 255, 176, 254, 93, 79), None
(246, 0, 269, 265, 254, 176, 254, 94, 79), None
(246, 0, 270, 202, 254, 176, 254, 93, 79), None
(246, 0, 270, 176, 255, 176, 254, 93, 79), None
(246, 0, 270, 57, 255, 176, 254, 93, 79), None
(246, 0, 270, 22, 255, 176, 254, 93, 79), None
(246, 0, 269, 226, 254, 176, 254, 94, 79), None
(246, 0, 269, 297, 254, 176, 254, 94, 79), None
(246, 0, 269, 261, 254, 176, 254, 93, 79), None
(246, 0, 269, 180, 254, 176, 254, 94, 79), None
(246, 0, 269, 192, 255, 174, 255, 94, 79), None
(246, 0, 270, 28, 255, 176, 254, 93, 79), None
(246, 0, 269, 75, 254, 176, 254, 93, 79), None
(246, 0, 269, 168, 254, 176, 254, 93, 79), None
(246, 0, 269, 214, 254, 176, 254, 94, 79), None
(246, 0, 270, 174, 255, 176, 254, 93, 79), None
(246, 0, 269, 222, 254, 176, 254, 93, 79), None
(246, 0, 269, 246, 254, 176, 254, 93, 79), None
(246, 0, 269, 154, 254, 176, 254, 93, 79), None
(246, 0, 270, 153, 254, 176, 254, 93, 79), None
(246, 0, 270, 69, 255, 176, 254, 93, 79), None
(246, 0, 269, 288, 254, 176, 254, 93, 79), None
(246, 0, 269, 6, 254, 176, 254, 93, 79), None
(246, 0, 270, 138, 255, 176, 254, 93, 79), None
(246, 0, 269, 93, 254, 176, 254, 94, 79), None
(246, 0, 269, 267, 254, 176, 254, 93, 79), None
(246, 0, 269, 230, 254, 176, 254, 94, 79), None
(246, 0, 269, 29, 254, 176, 254, 93, 79), None
(246, 0, 269, 245, 254, 176, 254, 94, 79), None
(246, 0, 269, 134, 254, 176, 254, 93, 79), None
(246, 0, 269, 273, 254, 176, 254, 93, 79), None
(246, 0, 269, 115, 254, 176, 254, 94, 79), None
(246, 0, 270, 210, 255, 176, 254, 93, 79), None
(246, 0, 269, 107, 254, 176, 254, 93, 79), None
(246, 0, 269, 30, 254, 176, 254, 93, 79), None
(246, 0, 269, 83, 254, 176, 254, 94, 79), None
(246, 0, 269, 196, 254, 176, 254, 94, 79), None
(246, 0, 270, 299, 255, 176, 254, 93, 79), None
(246, 0, 269, 179, 254, 176, 254, 93, 79), None
(246, 0, 269, 172, 254, 176, 254, 94, 79), None
(246, 0, 269, 11, 254, 176, 254, 93, 79), None
(246, 0, 269, 292, 254, 176, 254, 94, 79), None
(246, 0, 269, 109, 254, 176, 254, 93, 79), None
(246, 0, 269, 283, 254, 176, 254, 94, 79), None
(246, 0, 269, 98, 254, 176, 254, 94, 79), None
(246, 0, 269, 242, 254, 176, 254, 94, 79), None
(246, 0, 269, 290, 254, 176, 254, 93, 79), None
(246, 0, 269, 251, 254, 176, 254, 93, 79), None
(246, 0, 270, 5, 255, 176, 254, 93, 79), None
(246, 0, 270, 65, 255, 176, 254, 93, 79), None
(246, 0, 269, 19, 254, 176, 254, 94, 79), None
(246, 0, 269, 62, 254, 176, 254, 94, 79), None
(246, 0, 269, 74, 254, 176, 254, 94, 79), None
(246, 0, 271, 41, 255, 176, 255, 93, 79), None
(246, 0, 269, 47, 254, 176, 254, 93, 79), None
(246, 0, 269, 225, 254, 176, 254, 93, 79), None
(246, 0, 269, 150, 254, 176, 254, 93, 79), None
(246, 0, 270, 149, 255, 176, 254, 93, 79), None
(246, 0, 269, 137, 254, 176, 254, 94, 79), None
(246, 0, 269, 110, 254, 176, 254, 94, 79), None
(246, 0, 269, 182, 254, 176, 254, 93, 79), None
(246, 0, 270, 232, 255, 176, 254, 93, 79), None
(246, 0, 270, 63, 255, 176, 254, 93, 79), None
(246, 0, 269, 259, 254, 176, 254, 93, 79), None
(246, 0, 270, 111, 255, 176, 254, 93, 79), None
(246, 0, 270, 205, 255, 176, 255, 93, 79), None
(246, 0, 269, 200, 254, 176, 254, 94, 79), None
(246, 0, 269, 172, 254, 176, 254, 93, 79), None
(246, 0, 269, 38, 254, 176, 254, 94, 79), None
(246, 0, 270, 131, 255, 176, 254, 93, 79), None
(246, 0, 269, 65, 254, 176, 254, 93, 79), None
(246, 0, 269, 35, 254, 176, 254, 93, 79), None
(246, 0, 269, 4, 254, 176, 254, 93, 79), None
(246, 0, 269, 262, 254, 176, 254, 94, 79), None
(246, 0, 269, 298, 254, 176, 254, 93, 79), None
(246, 0, 269, 235, 254, 176, 254, 94, 79), None
(246, 0, 270, 259, 255, 176, 254, 93, 79), None
(246, 0, 269, 34, 254, 176, 254, 94, 79), None
(246, 0, 269, 277, 254, 176, 254, 93, 79), None
(246, 0, 269, 163, 254, 176, 254, 94, 79), None
(246, 0, 270, 76, 255, 176, 254, 93, 79), None
(246, 0, 269, 85, 254, 176, 254, 94, 79), None
(246, 0, 269, 27, 254, 176, 254, 93, 79), None
(246, 0, 270, 18, 255, 176, 254, 93, 79), None
(246, 0, 269, 213, 254, 176, 254, 93, 79), None
(246, 0, 269, 280, 254, 176, 254, 93, 79), None
(246, 0, 269, 95, 254, 176, 254, 93, 79), None
(246, 0, 269, 253, 254, 176, 254, 93, 79), None
(246, 0, 269, 166, 254, 176, 254, 94, 79), None
(246, 0, 270, 113, 255, 176, 254, 93, 79), None
(246, 0, 269, 44, 254, 176, 254, 93, 79), None
(246, 0, 270, 133, 255, 176, 254, 94, 79), None
(246, 0, 269, 256, 254, 176, 254, 94, 79), None
(246, 0, 269, 102, 254, 176, 254, 93, 79), None
(246, 0, 269, 274, 254, 176, 254, 94, 79), None
(246, 0, 269, 92, 254, 176, 254, 94, 79), None
(246, 0, 269, 295, 254, 176, 254, 93, 79), None
(246, 0, 269, 237, 254, 176, 254, 93, 79), None
(246, 0, 269, 250, 254, 176, 254, 94, 79), None
(246, 0, 269, 263, 254, 176, 254, 94, 79), None
(246, 0, 269, 5, 254, 176, 254, 93, 79), None
(246, 0, 270, 47, 255, 176, 254, 93, 79), None
(246, 0, 269, 128, 254, 176, 254, 94, 79), None
(246, 0, 269, 208, 254, 176, 254, 93, 79), None
(246, 0, 270, 172, 255, 176, 254, 93, 79), None
(246, 0, 269, 104, 254, 176, 254, 94, 79), None
(246, 0, 269, 29, 254, 176, 254, 94, 79), None
(246, 0, 269, 281, 254, 176, 254, 93, 79), None
(246, 0, 269, 112, 254, 176, 254, 93, 79), None
(246, 0, 269, 65, 254, 176, 254, 94, 79), None
(246, 0, 269, 273, 254, 176, 254, 94, 79), None
(246, 0, 269, 286, 254, 176, 254, 93, 79), None
(246, 0, 269, 280, 254, 176, 254, 94, 79), None
(246, 0, 270, 209, 255, 176, 254, 93, 79), None
(246, 0, 269, 64, 254, 176, 254, 93, 79), None
(246, 0, 269, 50, 254, 176, 254, 94, 79), None
(246, 0, 269, 271, 254, 176, 254, 93, 79), None
(246, 0, 269, 90, 254, 176, 254, 93, 79), None
(246, 0, 269, 70, 254, 176, 254, 93, 79), None
(246, 0, 270, 71, 255, 176, 254, 93, 79), None
(246, 0, 270, 223, 254, 176, 254, 93, 79), None
(246, 0, 269, 71, 254, 176, 254, 93, 79), None
(246, 0, 269, 94, 254, 176, 254, 94, 79), None
(246, 0, 269, 25, 254, 176, 254, 93, 79), None
(246, 0, 269, 206, 254, 176, 254, 94, 79), None
(246, 0, 269, 111, 254, 176, 254, 93, 79), None
(246, 0, 269, 189, 254, 176, 254, 93, 79), None
(246, 0, 269, 171, 254, 176, 254, 93, 79), None
(246, 0, 269, 128, 254, 176, 254, 93, 79), None
(246, 0, 269, 247, 254, 176, 254, 94, 79), None
(246, 0, 269, 67, 254, 176, 254, 94, 79), None
(246, 0, 269, 185, 254, 176, 254, 94, 79), None
(246, 0, 270, 60, 255, 176, 255, 93, 79), None
(246, 0, 270, 94, 255, 176, 254, 93, 79), None
(246, 0, 270, 91, 255, 176, 254, 93, 79), None
(246, 0, 270, 36, 255, 176, 254, 93, 79), None
(246, 0, 269, 241, 254, 176, 254, 93, 79), None
(246, 0, 269, 181, 254, 176, 254, 94, 79), None
(246, 0, 269, 210, 254, 176, 254, 93, 79), None
(246, 0, 269, 215, 254, 176, 254, 93, 79), None
(246, 0, 269, 260, 254, 176, 254, 93, 79), None
(246, 0, 269, 8, 254, 176, 254, 94, 79), None
(246, 0, 269, 279, 254, 176, 254, 93, 79), None
(246, 0, 269, 86, 254, 176, 254, 93, 79), None
(246, 0, 269, 115, 254, 176, 254, 93, 79), None
(246, 0, 270, 218, 255, 176, 254, 93, 79), None
(246, 0, 270, 20, 255, 176, 254, 93, 79), None
(246, 0, 270, 42, 255, 176, 254, 93, 79), None
(246, 0, 270, 158, 255, 176, 254, 93, 79), None
(246, 0, 269, 67, 254, 176, 254, 93, 79), None
(246, 0, 269, 87, 254, 176, 254, 93, 79), None
(246, 0, 269, 292, 254, 176, 254, 93, 79), None
(246, 0, 270, 189, 255, 176, 254, 93, 79), None
(246, 0, 269, 147, 254, 176, 254, 93, 79), None
(246, 0, 270, 236, 255, 176, 254, 93, 79), None
(246, 0, 269, 188, 254, 176, 254, 93, 79), None
(246, 0, 269, 81, 254, 176, 254, 93, 79), None
(246, 0, 269, 158, 254, 176, 254, 94, 79), None
(246, 0, 270, 282, 255, 176, 254, 93, 79), None
(246, 0, 269, 299, 254, 176, 254, 93, 79), None
(246, 0, 270, 253, 254, 176, 254, 94, 80), None
(246, 0, 269, 239, 254, 176, 254, 93, 79), None
(246, 0, 269, 103, 254, 176, 254, 93, 79), None
(246, 0, 270, 68, 255, 176, 254, 93, 79), None
(246, 0, 269, 70, 254, 176, 254, 94, 79), None
(246, 0, 269, 240, 254, 176, 254, 93, 79), None
(246, 0, 269, 95, 254, 176, 254, 94, 79), None
(246, 0, 270, 266, 255, 176, 254, 93, 79), None
(246, 0, 269, 66, 254, 176, 254, 93, 79), None
(246, 0, 269, 207, 254, 176, 254, 94, 79), None
(246, 0, 269, 265, 254, 176, 254, 93, 79), None
(246, 0, 270, 267, 254, 176, 254, 93, 79), None
(246, 0, 269, 32, 254, 176, 254, 93, 79), None
(246, 0, 269, 272, 254, 176, 254, 94, 79), None
(246, 0, 269, 23, 254, 176, 254, 94, 79), None
(246, 0, 270, 163, 255, 176, 254, 93, 79), None
(246, 0, 270, 214, 254, 176, 254, 93, 79), None
(246, 0, 269, 289, 254, 176, 254, 93, 79), None
(246, 0, 269, 101, 254, 176, 254, 93, 79), None
(246, 0, 270, 143, 255, 176, 254, 93, 79), None
(246, 0, 269, 140, 254, 176, 254, 94, 79), None
(246, 0, 269, 17, 254, 176, 254, 93, 79), None
(246, 0, 269, 180, 254, 176, 254, 93, 79), None
(246, 0, 270, 77, 255, 176, 254, 93, 79), None
(246, 0, 270, 108, 255, 176, 254, 93, 79), None
(246, 0, 269, 297, 254, 176, 254, 93, 79), None
(246, 0, 269, 170, 254, 176, 254, 94, 79), None
(246, 0, 269, 69, 254, 176, 254, 93, 79), None
(246, 0, 269, 28, 254, 176, 254, 94, 79), None
(246, 0, 269, 212, 254, 176, 254, 94, 79), None
(246, 0, 270, 181, 255, 176, 254, 93, 79), None
(246, 0, 269, 145, 254, 176, 254, 93, 79), None
(246, 0, 269, 41, 254, 176, 254, 93, 79), None
(246, 0, 269, 142, 254, 176, 254, 94, 79), None
(246, 0, 269, 130, 254, 176, 254, 94, 80), None
(246, 0, 269, 43, 254, 176, 254, 94, 79), None
(246, 0, 269, 136, 254, 176, 254, 93, 79), None
Sampler:CmaEsSampler
(104, 179, 203, 139, 167, 163, 225, 14, 208), 36.0
(213, 185, 191, 178, 176, 183, 185, 118, 221), None
(90, 126, 187, 122, 143, 197, 182, 182, 80), None
(130, 176, 197, 91, 176, 148, 151, 199, 199), None
(84, 124, 160, 179, 162, 133, 131, 145, 37), 37.0
(108, 165, 121, 101, 63, 100, 163, 77, 136), None
(49, 110, 127, 135, 172, 212, 165, 228, 176), None
(150, 128, 129, 122, 141, 173, 138, 177, 146), 42.0
(163, 81, 71, 240, 154, 187, 183, 195, 168), 40.0
(218, 215, 103, 210, 261, 253, 145, 170, 157), 32.0
(118, 229, 157, 134, 142, 31, 155, 130, 232), None
(158, 83, 94, 109, 96, 33, 89, 207, 103), None
(102, 144, 203, 209, 35, 157, 182, 186, 88), 36.0
(129, 114, 118, 174, 181, 197, 168, 172, 154), None
(124, 224, 189, 151, 175, 164, 162, 163, 124), None
(138, 253, 113, 205, 189, 171, 186, 199, 77), None
(85, 227, 147, 130, 228, 227, 62, 134, 143), None
(118, 132, 157, 182, 70, 216, 161, 70, 142), None
(208, 174, 179, 200, 181, 122, 129, 153, 76), 42.0
(173, 171, 160, 161, 182, 68, 153, 150, 89), 40.0
(188, 228, 161, 157, 141, 219, 221, 169, 198), 38.0
(123, 88, 180, 129, 96, 95, 164, 209, 121), None
(83, 116, 149, 64, 129, 142, 27, 108, 240), 38.0
(137, 131, 149, 226, 58, 134, 109, 202, 133), None
(145, 143, 107, 83, 141, 116, 178, 86, 76), 33.0
(151, 92, 91, 149, 82, 185, 116, 164, 129), 40.0
(81, 170, 87, 173, 187, 160, 144, 146, 101), 38.0
(181, 96, 120, 188, 93, 114, 148, 176, 113), None
(60, 197, 56, 238, 182, 200, 135, 83, 149), None
(146, 88, 117, 245, 143, 124, 143, 164, 141), None
(185, 121, 153, 240, 199, 142, 164, 183, 72), 46.0
(124, 127, 93, 170, 131, 169, 167, 225, 85), 36.0
(214, 99, 176, 167, 238, 132, 192, 122, 127), None
(197, 147, 135, 180, 131, 166, 135, 170, 53), None
(188, 45, 128, 196, 77, 191, 120, 170, 106), None
(230, 136, 103, 173, 154, 200, 169, 211, 125), 37.0
(240, 141, 80, 229, 173, 223, 106, 95, 170), None
(181, 167, 118, 206, 117, 205, 184, 178, 89), 41.0
(139, 130, 211, 233, 147, 149, 82, 197, 165), None
(202, 185, 147, 186, 186, 75, 80, 187, 150), None
(143, 172, 152, 136, 175, 223, 119, 108, 174), 38.0
(220, 30, 89, 217, 153, 205, 140, 204, 186), 36.0
(147, 139, 155, 190, 194, 144, 163, 241, 191), 39.0
(228, 124, 148, 173, 145, 117, 188, 160, 155), 38.0
(186, 110, 153, 179, 168, 164, 211, 228, 176), None
(144, 225, 158, 188, 247, 136, 200, 232, 86), None
(252, 152, 160, 174, 140, 130, 251, 221, 116), 41.0
(162, 191, 152, 85, 106, 178, 129, 180, 148), 37.0
(164, 121, 130, 194, 231, 101, 137, 214, 10), None
(111, 139, 122, 126, 129, 203, 156, 236, 69), None
(178, 130, 127, 263, 164, 207, 159, 199, 78), None
(140, 104, 96, 179, 162, 138, 225, 76, 147), None
(226, 154, 164, 231, 137, 170, 192, 235, 143), 45.0
(144, 122, 104, 224, 180, 129, 208, 163, 109), 36.0
(147, 179, 186, 196, 157, 166, 181, 274, 98), None
(174, 155, 98, 226, 226, 165, 192, 173, 87), None
(189, 149, 208, 267, 214, 162, 156, 209, 37), 41.0
(131, 207, 131, 161, 112, 181, 216, 192, 112), None
(222, 127, 41, 237, 211, 155, 122, 127, 135), None
(201, 109, 113, 258, 199, 180, 161, 187, 61), None
(175, 140, 134, 192, 154, 125, 169, 213, 108), 38.0
(198, 127, 149, 251, 140, 183, 260, 187, 69), 31.0
(219, 165, 142, 228, 167, 112, 176, 259, 86), 43.0
(204, 202, 137, 207, 130, 113, 103, 261, 142), None
(209, 177, 161, 193, 103, 131, 213, 211, 121), 38.0
(147, 190, 137, 183, 87, 168, 212, 182, 91), 46.0
(204, 138, 77, 265, 41, 138, 248, 259, 27), None
(205, 130, 78, 216, 114, 159, 163, 235, 113), None
(151, 54, 147, 152, 190, 170, 230, 283, 50), 42.0
(136, 229, 188, 212, 59, 223, 260, 177, 134), None
(281, 228, 131, 152, 115, 206, 263, 189, 67), None
(128, 146, 147, 200, 143, 119, 125, 250, 77), None
(162, 198, 91, 135, 129, 133, 200, 241, 147), 37.0
(176, 168, 238, 220, 88, 182, 270, 229, 84), 36.0
(141, 168, 89, 195, 117, 167, 211, 219, 93), 36.0
(145, 183, 162, 214, 107, 184, 197, 254, 172), 36.0
(119, 149, 192, 199, 132, 131, 203, 187, 87), 42.0
(162, 124, 172, 223, 170, 94, 189, 147, 55), None
(166, 145, 117, 226, 133, 153, 212, 185, 67), 34.0
(169, 134, 206, 159, 53, 140, 210, 176, 135), 41.0
(234, 121, 149, 192, 151, 229, 227, 161, 108), 34.0
(194, 244, 123, 143, 153, 147, 191, 206, 44), 36.0
(164, 55, 152, 156, 142, 138, 229, 247, 23), None
(178, 75, 132, 108, 146, 142, 190, 245, 80), None
(117, 71, 145, 197, 156, 182, 211, 227, 51), 36.0
(157, 112, 75, 141, 97, 180, 223, 130, 135), None
(167, 118, 181, 193, 141, 112, 219, 234, 73), 30.0
(123, 149, 199, 146, 102, 198, 267, 298, 80), None
(110, 46, 87, 118, 198, 152, 178, 204, 108), None
(192, 68, 246, 230, 226, 144, 108, 259, 32), 36.0
(168, 127, 165, 190, 195, 133, 177, 291, 60), 38.0
(195, 149, 131, 190, 82, 141, 207, 234, 73), 42.0
(247, 143, 195, 134, 42, 146, 260, 206, 30), 37.0
(183, 79, 91, 230, 190, 120, 281, 231, 20), None
(155, 147, 143, 176, 86, 192, 157, 271, 31), 39.0
(127, 184, 155, 111, 201, 165, 226, 190, 90), None
(128, 76, 150, 164, 146, 188, 273, 217, 86), 40.0
(103, 114, 219, 146, 180, 161, 190, 259, 117), None
(136, 169, 136, 209, 70, 169, 211, 254, 84), None
(111, 98, 204, 184, 188, 133, 198, 278, 94), None
(147, 113, 95, 189, 75, 188, 273, 269, 136), None
(139, 82, 223, 187, 199, 120, 282, 148, 58), None
(170, 140, 143, 202, 170, 205, 187, 163, 123), None
(68, 80, 132, 203, 213, 76, 218, 192, 77), None
(157, 140, 60, 155, 162, 158, 177, 200, 43), 45.0
(74, 89, 62, 66, 157, 152, 173, 246, 26), 39.0
(199, 122, 55, 222, 91, 137, 199, 220, 62), None
(164, 122, 129, 231, 157, 99, 163, 192, 36), None
(210, 51, 113, 125, 116, 138, 217, 255, 117), None
(197, 199, 57, 172, 211, 74, 214, 180, 39), None
(148, 109, 144, 130, 152, 129, 214, 277, 59), None
(142, 104, 125, 161, 154, 244, 215, 207, 19), 38.0
(164, 156, 173, 218, 212, 159, 244, 164, 99), None
(166, 132, 79, 163, 124, 181, 135, 196, 86), None
(118, 62, 98, 226, 190, 78, 121, 206, 33), None
(155, 63, 101, 226, 78, 110, 189, 209, 8), None
(141, 73, 154, 271, 155, 139, 181, 202, 73), None
(201, 71, 159, 194, 71, 188, 200, 225, 91), None
(133, 108, 27, 227, 69, 137, 174, 244, 83), 42.0
(152, 96, 84, 79, 189, 162, 215, 208, 84), None
(206, 116, 150, 197, 112, 120, 239, 245, 18), 43.0
(58, 131, 123, 148, 127, 144, 227, 153, 104), None
(107, 195, 106, 94, 110, 188, 238, 208, 104), None
(194, 87, 92, 143, 49, 151, 123, 280, 41), 37.0
(225, 117, 72, 247, 100, 112, 222, 272, 50), 29.0
(176, 53, 139, 205, 75, 195, 191, 267, 82), 44.0
(190, 171, 112, 219, 137, 160, 229, 143, 57), None
(88, 169, 85, 84, 132, 186, 158, 193, 53), 40.0
(145, 135, 90, 189, 133, 184, 208, 253, 62), 38.0
(153, 161, 79, 167, 241, 101, 105, 156, 82), None
(180, 134, 140, 176, 139, 112, 128, 243, 72), 38.0
(130, 125, 90, 123, 95, 186, 186, 251, 82), None
(180, 167, 73, 158, 193, 136, 193, 218, 26), None
(112, 116, 117, 190, 162, 162, 230, 144, 71), None
(122, 138, 80, 164, 143, 137, 137, 136, 57), None
(143, 75, 97, 184, 171, 172, 189, 233, 64), None
(179, 113, 92, 191, 202, 145, 134, 165, 21), None
(169, 212, 140, 236, 131, 124, 182, 174, 108), 36.0
(157, 155, 137, 185, 86, 182, 154, 220, 91), 40.0
(145, 117, 148, 169, 102, 237, 170, 176, 141), 42.0
(185, 135, 79, 165, 75, 161, 265, 238, 75), None
(116, 12, 177, 172, 10, 242, 243, 233, 61), None
(153, 81, 109, 208, 46, 188, 180, 166, 75), 38.0
(190, 68, 147, 201, 139, 159, 198, 271, 37), 36.0
(166, 58, 71, 258, 102, 77, 237, 258, 38), None
(139, 91, 41, 179, 20, 182, 220, 243, 41), None
(167, 96, 103, 150, 55, 138, 206, 181, 39), None
(199, 161, 95, 225, 103, 100, 242, 257, 30), 40.0
(137, 53, 102, 186, 153, 207, 61, 163, 135), 36.0
(201, 76, 139, 261, 124, 133, 234, 264, 107), 36.0
(157, 81, 116, 188, 39, 177, 185, 275, 106), 36.0
(127, 86, 134, 205, 35, 202, 242, 220, 98), None
(206, 108, 79, 131, 77, 156, 187, 249, 54), None
(138, 97, 144, 242, 43, 141, 252, 238, 96), None
(237, 157, 98, 160, 130, 163, 159, 229, 56), None
(170, 79, 122, 239, 15, 173, 232, 208, 44), None
(210, 77, 114, 143, 169, 148, 250, 253, 70), None
(209, 84, 119, 169, 90, 190, 244, 295, 23), 32.0
(159, 152, 10, 77, 142, 163, 193, 188, 68), None
(163, 63, 153, 207, 130, 174, 213, 226, 47), 36.0
(145, 109, 163, 206, 87, 248, 176, 250, 112), 43.0
(117, 104, 132, 162, 66, 210, 189, 243, 46), 36.0
(160, 90, 158, 236, 94, 158, 187, 223, 146), None
(178, 127, 143, 197, 115, 179, 178, 165, 131), None
(207, 119, 129, 142, 54, 130, 190, 259, 119), None
(137, 83, 168, 185, 140, 216, 174, 198, 85), None
(179, 222, 136, 195, 66, 206, 116, 147, 178), 38.0
(182, 163, 197, 194, 193, 214, 137, 172, 184), 43.0
(178, 101, 105, 200, 99, 189, 190, 140, 57), None
(130, 107, 88, 220, 49, 217, 181, 229, 79), None
(159, 211, 130, 204, 131, 173, 217, 180, 80), None
(152, 162, 92, 224, 37, 221, 187, 184, 149), 39.0
(126, 50, 115, 202, 117, 189, 144, 236, 115), None
(119, 64, 225, 217, 99, 170, 193, 263, 89), None
(137, 172, 153, 173, 197, 249, 175, 142, 57), None
(154, 143, 119, 224, 42, 184, 138, 142, 135), 36.0
(231, 124, 173, 216, 123, 268, 221, 297, 11), 36.0
(184, 175, 129, 191, 44, 176, 170, 192, 135), 41.0
(124, 112, 158, 183, 100, 168, 130, 112, 85), None
(203, 131, 101, 188, 47, 152, 136, 136, 27), None
(179, 152, 124, 212, 122, 197, 122, 213, 65), None
(138, 122, 120, 147, 102, 148, 171, 255, 125), None
(81, 124, 68, 114, 72, 158, 236, 235, 99), None
(194, 58, 146, 205, 128, 236, 170, 209, 117), None
(79, 219, 95, 186, 53, 189, 161, 174, 178), None
(157, 142, 157, 166, 132, 222, 193, 170, 83), None
(187, 90, 165, 192, 113, 174, 209, 226, 130), None
(132, 211, 127, 210, 91, 203, 139, 234, 181), 35.0
(191, 110, 171, 134, 91, 183, 206, 170, 177), None
(169, 164, 119, 233, 69, 183, 130, 219, 101), None
(125, 95, 138, 178, 174, 202, 134, 132, 120), 40.0
(204, 79, 163, 229, 112, 223, 198, 175, 171), None
(151, 137, 110, 214, 157, 161, 167, 255, 82), None
(187, 135, 174, 133, 107, 280, 193, 175, 117), 36.0
(166, 119, 77, 180, 109, 205, 190, 229, 146), None
(219, 143, 177, 242, 147, 258, 127, 248, 77), None
(161, 146, 145, 183, 110, 232, 138, 217, 124), None
(150, 136, 152, 176, 100, 191, 214, 173, 104), 40.0
(217, 163, 171, 192, 108, 227, 181, 193, 141), 30.0
(136, 177, 152, 189, 79, 181, 138, 159, 136), None
(194, 190, 159, 209, 67, 234, 158, 238, 177), 40.0
(164, 72, 189, 140, 165, 213, 146, 235, 74), 34.0
(193, 174, 220, 199, 142, 195, 106, 183, 176), 36.0
(220, 136, 118, 211, 125, 254, 122, 234, 90), 39.0
(164, 192, 189, 184, 75, 233, 164, 237, 179), None
(185, 64, 138, 134, 39, 214, 153, 203, 100), 37.0
(222, 102, 147, 226, 145, 237, 110, 232, 118), None
(121, 131, 173, 210, 75, 295, 171, 217, 131), None
(144, 121, 180, 207, 137, 259, 181, 155, 180), None
(244, 159, 212, 260, 100, 173, 115, 201, 209), None
(183, 114, 169, 255, 47, 241, 151, 183, 125), None
(170, 134, 191, 193, 145, 183, 159, 214, 114), None
(166, 160, 210, 210, 155, 216, 158, 204, 137), None
(145, 151, 182, 195, 93, 235, 145, 260, 122), None
(181, 148, 185, 158, 59, 226, 127, 175, 148), None
(176, 170, 219, 139, 207, 216, 98, 142, 139), None
(166, 172, 160, 189, 54, 245, 224, 267, 92), 38.0
(219, 155, 162, 211, 169, 190, 146, 169, 196), None
(179, 114, 225, 198, 91, 296, 139, 225, 103), None
(172, 116, 225, 193, 59, 293, 145, 170, 142), None
(164, 132, 216, 221, 126, 204, 197, 219, 169), 37.0
(162, 99, 190, 174, 53, 221, 225, 204, 182), None
(251, 120, 106, 236, 78, 225, 120, 183, 109), None
(163, 148, 135, 198, 65, 230, 187, 247, 121), 40.0
(158, 172, 160, 188, 98, 198, 174, 198, 131), None
(202, 187, 170, 191, 10, 294, 137, 164, 116), None
(197, 182, 145, 243, 55, 238, 173, 244, 110), None
(168, 127, 155, 196, 115, 196, 135, 129, 107), None
(169, 213, 141, 217, 58, 237, 226, 197, 106), None
(137, 139, 157, 159, 65, 247, 102, 183, 135), 40.0
(184, 155, 117, 206, 56, 256, 179, 173, 178), None
(172, 151, 147, 191, 84, 253, 205, 143, 162), 40.0
(146, 143, 187, 198, 111, 204, 228, 210, 170), None
(213, 125, 138, 188, 72, 254, 196, 280, 66), 38.0
(141, 144, 148, 193, 81, 263, 199, 198, 120), 39.0
(171, 151, 105, 217, 112, 220, 184, 170, 66), 34.0
(188, 111, 107, 227, 10, 286, 215, 198, 108), None
(201, 152, 193, 194, 115, 170, 268, 249, 114), None
(190, 201, 132, 203, 81, 224, 194, 183, 117), 48.0
(125, 159, 151, 239, 82, 251, 183, 236, 83), 41.0
(180, 177, 212, 169, 94, 218, 157, 171, 104), 42.0
(147, 132, 157, 184, 56, 285, 226, 240, 79), None
(192, 138, 190, 211, 26, 138, 167, 234, 41), None
(170, 188, 118, 124, 98, 265, 157, 210, 135), None
(186, 130, 126, 192, 105, 227, 190, 244, 101), 39.0
(179, 136, 132, 248, 67, 234, 216, 216, 113), None
(178, 215, 202, 211, 92, 207, 225, 208, 107), 38.0
(128, 219, 139, 223, 29, 227, 186, 166, 95), 38.0
(199, 209, 152, 184, 53, 269, 190, 209, 79), None
(162, 181, 179, 149, 104, 189, 177, 177, 138), None
(197, 232, 160, 250, 54, 283, 228, 230, 98), None
(152, 168, 159, 183, 127, 276, 165, 198, 107), 40.0
(191, 147, 146, 235, 45, 246, 204, 182, 113), None
(149, 222, 109, 172, 52, 208, 185, 161, 79), None
(191, 248, 160, 190, 105, 258, 58, 201, 107), None
(137, 118, 172, 232, 88, 212, 203, 220, 136), None
(218, 165, 185, 150, 42, 172, 257, 147, 83), None
(176, 176, 157, 193, 137, 162, 225, 171, 83), None
(158, 166, 140, 252, 73, 216, 167, 181, 88), 36.0
(141, 208, 159, 199, 99, 240, 153, 167, 148), None
(174, 196, 147, 156, 70, 173, 216, 189, 153), 44.0
(138, 180, 198, 190, 47, 242, 133, 176, 132), 40.0
(175, 129, 148, 215, 82, 176, 189, 171, 148), None
(171, 160, 173, 201, 99, 192, 181, 158, 127), None
(185, 189, 115, 152, 88, 223, 217, 211, 116), None
(176, 164, 136, 182, 69, 290, 157, 165, 137), 42.0
(164, 186, 157, 149, 174, 203, 164, 212, 112), None
(154, 197, 182, 235, 79, 208, 182, 203, 124), None
(147, 212, 237, 183, 110, 295, 156, 161, 102), None
(150, 246, 147, 180, 55, 231, 167, 171, 98), None
(169, 207, 155, 136, 84, 246, 180, 111, 139), None
(188, 191, 152, 163, 80, 222, 196, 175, 120), None
(149, 202, 198, 199, 105, 269, 226, 203, 170), 45.0
(175, 151, 126, 209, 115, 174, 160, 200, 100), None
(141, 144, 215, 182, 80, 210, 158, 244, 174), None
(184, 185, 155, 233, 111, 199, 142, 182, 139), None
(151, 227, 135, 149, 27, 276, 199, 208, 177), 44.0
(208, 213, 103, 224, 29, 215, 162, 214, 79), None
(188, 180, 163, 198, 100, 282, 143, 148, 98), None
(117, 142, 237, 199, 81, 252, 212, 205, 122), None
(204, 228, 156, 160, 77, 276, 137, 150, 96), None
(178, 179, 175, 200, 94, 178, 215, 178, 144), None
(178, 172, 98, 198, 76, 243, 120, 164, 122), None
(201, 190, 167, 203, 108, 215, 138, 167, 145), None
(189, 154, 144, 164, 37, 259, 166, 246, 84), 42.0
(175, 208, 141, 169, 110, 234, 186, 236, 128), None
(149, 194, 142, 129, 101, 202, 239, 192, 159), 40.0
(176, 290, 125, 163, 101, 238, 238, 146, 228), None
(110, 198, 109, 136, 125, 226, 206, 248, 174), None
(128, 166, 253, 152, 67, 276, 281, 208, 166), None
(177, 191, 199, 206, 33, 270, 258, 248, 147), 42.0
(253, 208, 132, 209, 36, 253, 185, 219, 176), None
(139, 127, 193, 162, 82, 283, 183, 179, 189), 36.0
(161, 233, 124, 219, 78, 274, 178, 192, 143), None
(145, 216, 155, 196, 61, 265, 186, 153, 134), 38.0
(132, 184, 157, 152, 127, 288, 237, 168, 191), 40.0
(134, 236, 169, 141, 85, 215, 222, 187, 164), 38.0
(142, 227, 133, 171, 115, 285, 224, 177, 167), None
(189, 292, 171, 187, 56, 245, 190, 163, 147), None
(195, 220, 156, 145, 102, 253, 150, 224, 152), 36.0
(198, 153, 183, 189, 64, 242, 189, 146, 173), None
(135, 141, 244, 177, 82, 221, 230, 127, 135), None
(131, 237, 244, 189, 112, 289, 243, 193, 176), 36.0
(194, 158, 210, 191, 56, 282, 269, 226, 173), None
(130, 182, 127, 147, 98, 263, 171, 140, 180), None
(102, 122, 185, 221, 4, 235, 211, 223, 141), None
(158, 212, 154, 115, 117, 232, 211, 214, 182), None
(197, 190, 153, 195, 43, 265, 237, 174, 154), 38.0
(215, 234, 157, 194, 37, 240, 244, 213, 123), 46.0
(202, 233, 107, 224, 52, 184, 212, 193, 83), None
(161, 230, 173, 211, 128, 227, 251, 219, 109), 43.0
(198, 218, 202, 209, 56, 178, 191, 167, 177), None
(186, 278, 185, 138, 51, 276, 228, 189, 193), 38.0
(200, 164, 165, 227, 94, 238, 262, 194, 125), 34.0
(148, 181, 129, 166, 103, 250, 212, 208, 125), 38.0
(233, 215, 175, 198, 93, 250, 269, 238, 123), None
(233, 200, 168, 201, 31, 192, 273, 196, 98), None
(185, 276, 132, 200, 62, 266, 249, 158, 177), 36.0
(199, 146, 152, 150, 48, 230, 245, 178, 200), 40.0
(168, 220, 167, 190, 89, 267, 200, 211, 219), 43.0
(155, 170, 227, 243, 45, 281, 243, 248, 128), None
(193, 197, 178, 175, 53, 294, 207, 223, 130), 42.0
(213, 180, 117, 186, 55, 275, 190, 213, 176), None
(137, 255, 242, 223, 89, 249, 241, 223, 176), None
(207, 234, 246, 258, 69, 274, 207, 187, 112), None
(145, 210, 139, 165, 73, 265, 253, 175, 122), 30.0
(235, 287, 128, 211, 43, 290, 223, 144, 147), 42.0
(180, 209, 184, 141, 117, 285, 228, 261, 168), 45.0
(98, 168, 89, 219, 139, 243, 236, 228, 119), None
(160, 208, 147, 237, 95, 229, 197, 223, 87), 38.0
(131, 191, 146, 170, 102, 252, 210, 216, 135), 39.0
(199, 289, 134, 241, 75, 255, 201, 211, 118), None
(181, 240, 194, 234, 101, 222, 287, 176, 92), 52.0
(156, 160, 146, 188, 90, 261, 260, 264, 156), None
(167, 171, 195, 176, 90, 265, 225, 232, 160), None
(180, 216, 171, 174, 39, 235, 172, 199, 135), 42.0
(158, 173, 165, 170, 100, 280, 227, 168, 251), 39.0
(181, 232, 195, 198, 96, 269, 282, 187, 112), None
(160, 262, 144, 216, 76, 241, 216, 189, 133), None
(177, 165, 175, 236, 111, 233, 202, 202, 133), None
(203, 261, 192, 182, 40, 240, 295, 182, 150), None
(173, 218, 136, 211, 106, 207, 267, 238, 122), 42.0
(164, 193, 171, 212, 119, 268, 174, 180, 143), 40.0
(180, 259, 143, 180, 148, 295, 249, 140, 174), None
(202, 226, 141, 179, 99, 181, 256, 187, 147), None
(172, 184, 219, 274, 28, 231, 205, 254, 67), 35.0
(181, 237, 141, 216, 94, 268, 248, 221, 198), 40.0
(225, 222, 156, 172, 105, 278, 242, 180, 194), 38.0
(193, 196, 186, 211, 119, 206, 187, 257, 107), 42.0
(192, 232, 161, 242, 132, 258, 216, 200, 115), None
(130, 238, 134, 214, 155, 245, 290, 221, 125), 38.0
(177, 174, 198, 215, 113, 202, 275, 193, 130), None
(128, 206, 184, 175, 74, 225, 292, 208, 213), 41.0
(161, 208, 210, 149, 129, 242, 249, 201, 124), 36.0
(153, 170, 158, 182, 68, 234, 227, 209, 106), 35.0
(191, 179, 125, 198, 100, 223, 276, 239, 188), 42.0
(146, 292, 178, 168, 117, 201, 245, 191, 108), 40.0
(147, 244, 168, 174, 194, 215, 264, 228, 102), 38.0
(121, 233, 128, 209, 124, 195, 203, 258, 140), None
(160, 294, 236, 207, 72, 259, 272, 160, 98), None
(155, 228, 156, 257, 64, 254, 278, 212, 141), 42.0
(193, 182, 151, 174, 106, 223, 217, 269, 205), 37.0
(194, 180, 133, 244, 73, 230, 222, 235, 144), 34.0
(177, 166, 167, 190, 83, 224, 232, 277, 136), None
(188, 168, 142, 258, 104, 220, 201, 267, 155), 42.0
(182, 142, 146, 171, 107, 179, 211, 225, 112), 34.0
(158, 182, 153, 202, 110, 244, 212, 234, 101), None
(180, 184, 170, 190, 85, 172, 227, 263, 186), 38.0
(192, 148, 142, 224, 112, 221, 206, 263, 162), 37.0
(191, 250, 186, 267, 79, 247, 266, 249, 148), None
(182, 188, 242, 228, 105, 162, 255, 239, 128), None
(166, 213, 187, 207, 65, 215, 280, 217, 159), 42.0
(214, 197, 177, 243, 79, 211, 272, 204, 147), None
(176, 196, 106, 200, 96, 233, 195, 277, 146), None
(142, 170, 184, 214, 111, 249, 243, 284, 170), None
(204, 214, 120, 153, 77, 177, 264, 191, 64), None
(194, 256, 202, 217, 56, 228, 209, 190, 151), None
(195, 209, 143, 230, 118, 253, 197, 186, 139), 39.0
(189, 188, 183, 182, 89, 261, 227, 240, 223), 43.0
(159, 183, 112, 162, 122, 231, 252, 232, 186), None
(174, 257, 160, 195, 44, 230, 250, 193, 141), 44.0
(198, 183, 196, 210, 98, 215, 236, 227, 212), None
(199, 235, 221, 197, 106, 228, 232, 166, 156), None
(178, 210, 168, 208, 63, 260, 228, 194, 164), 42.0
(164, 240, 156, 175, 87, 260, 252, 214, 173), 46.0
(182, 245, 171, 245, 44, 247, 250, 237, 180), None
(184, 207, 130, 210, 46, 222, 204, 256, 141), None
(127, 238, 180, 211, 49, 272, 245, 239, 198), 39.0
(168, 264, 195, 178, 40, 245, 299, 196, 206), 42.0
(199, 178, 146, 247, 86, 245, 256, 229, 163), None
(163, 252, 146, 180, 21, 268, 259, 265, 164), 36.0
(193, 206, 204, 212, 25, 242, 248, 226, 190), 38.0
(208, 241, 165, 193, 49, 231, 206, 223, 193), None
(158, 236, 137, 199, 86, 225, 222, 207, 171), 42.0
(206, 219, 175, 199, 67, 277, 274, 169, 131), 39.0
(180, 261, 187, 187, 23, 254, 240, 189, 175), None
(180, 194, 138, 239, 43, 259, 256, 283, 129), None
(189, 195, 147, 198, 89, 262, 233, 230, 177), None
(201, 222, 153, 186, 31, 198, 250, 210, 121), 36.0
(197, 163, 163, 193, 45, 231, 242, 237, 119), None
(163, 213, 109, 196, 80, 212, 236, 220, 167), None
(162, 229, 150, 174, 61, 203, 188, 273, 138), 36.0
(145, 243, 151, 161, 78, 259, 252, 178, 210), None
(191, 240, 141, 183, 63, 279, 233, 245, 185), None
(168, 263, 114, 177, 71, 259, 225, 208, 204), None
(157, 239, 178, 186, 99, 276, 265, 191, 138), None
(213, 242, 190, 197, 42, 246, 209, 236, 127), 40.0
(172, 241, 158, 146, 69, 274, 269, 167, 199), 42.0
(169, 260, 155, 202, 53, 297, 249, 180, 154), 36.0
(195, 259, 142, 150, 118, 214, 281, 217, 201), 38.0
(129, 228, 116, 190, 57, 270, 241, 201, 179), None
(173, 271, 209, 176, 46, 266, 280, 164, 187), 38.0
(202, 222, 159, 183, 53, 234, 239, 180, 151), 40.0
(135, 212, 182, 169, 113, 271, 233, 194, 207), None
(159, 265, 153, 145, 74, 275, 276, 218, 177), 36.0
(189, 236, 174, 184, 83, 251, 249, 178, 169), 42.0
(185, 249, 169, 193, 50, 248, 235, 216, 179), 40.0
(177, 238, 133, 201, 42, 275, 245, 198, 234), 38.0
(207, 284, 110, 166, 70, 258, 273, 160, 194), None
(175, 235, 181, 178, 58, 232, 249, 206, 175), None
(192, 243, 138, 99, 67, 254, 205, 196, 161), None
(160, 195, 190, 155, 71, 225, 279, 168, 202), 32.0
(158, 271, 195, 167, 51, 282, 256, 149, 233), None
(194, 232, 210, 154, 48, 256, 238, 140, 202), None
(211, 249, 153, 147, 109, 274, 233, 164, 164), None
(173, 280, 174, 123, 100, 267, 280, 168, 199), None
(203, 263, 192, 161, 34, 260, 256, 212, 213), None
(165, 259, 157, 164, 84, 247, 272, 181, 230), 37.0
(226, 254, 151, 163, 61, 234, 230, 182, 173), 36.0
(199, 256, 137, 188, 70, 291, 247, 145, 175), None
(180, 256, 190, 170, 66, 235, 262, 153, 155), None
(184, 272, 137, 216, 26, 283, 228, 218, 183), 32.0
(161, 244, 198, 175, 60, 273, 270, 206, 142), 38.0
(207, 236, 154, 152, 48, 249, 267, 215, 157), 40.0
(184, 249, 175, 165, 62, 245, 235, 139, 158), 36.0
(193, 162, 186, 222, 104, 220, 263, 220, 130), None
(158, 225, 139, 169, 80, 251, 272, 232, 156), None
(163, 230, 211, 183, 50, 258, 284, 189, 205), 34.0
(177, 265, 137, 128, 61, 240, 247, 141, 170), 42.0
(183, 230, 122, 154, 61, 275, 215, 174, 209), 40.0
(189, 263, 167, 182, 27, 284, 199, 183, 185), 40.0
(180, 218, 138, 142, 104, 217, 235, 180, 169), None
(206, 250, 122, 154, 1, 259, 268, 189, 213), 44.0
(138, 222, 129, 107, 37, 237, 251, 156, 199), 40.0
(153, 242, 167, 143, 91, 242, 293, 166, 150), None
(159, 254, 159, 146, 70, 266, 240, 172, 150), None
(186, 236, 149, 93, 61, 246, 220, 123, 154), 37.0
(169, 247, 138, 110, 22, 269, 273, 195, 183), None
(181, 228, 205, 116, 30, 272, 265, 149, 161), 38.0
(184, 189, 141, 167, 52, 210, 232, 143, 163), None
(178, 255, 156, 114, 62, 231, 294, 164, 227), None
(185, 273, 138, 164, 56, 264, 255, 159, 149), None
(165, 212, 97, 171, 52, 275, 223, 186, 186), None
(200, 243, 166, 163, 100, 231, 214, 120, 138), 41.0
(166, 277, 124, 131, 36, 274, 237, 175, 164), 38.0
(177, 286, 160, 116, 52, 226, 243, 89, 163), 33.0
(162, 286, 162, 145, 72, 220, 246, 154, 176), None
(188, 280, 123, 103, 39, 286, 228, 126, 212), 39.0
(148, 233, 162, 155, 75, 252, 242, 168, 177), None
(164, 261, 147, 122, 58, 290, 208, 176, 212), None
(155, 285, 170, 138, 75, 238, 283, 139, 178), 40.0
(206, 248, 159, 169, 62, 227, 217, 148, 166), 42.0
(219, 238, 124, 137, 4, 255, 224, 204, 214), None
(189, 264, 150, 171, 33, 243, 238, 163, 139), 38.0
(184, 230, 162, 152, 42, 277, 248, 192, 226), 43.0
(184, 299, 171, 152, 53, 257, 236, 142, 209), 43.0
(245, 221, 156, 149, 24, 237, 233, 168, 189), None
(214, 265, 118, 131, 37, 266, 236, 133, 213), 48.0
(204, 253, 183, 155, 66, 259, 254, 187, 181), 42.0
(250, 255, 160, 132, 10, 267, 220, 166, 168), None
(166, 229, 168, 147, 28, 279, 271, 148, 168), None
(177, 241, 143, 152, 44, 253, 244, 155, 203), 52.0
(187, 174, 193, 223, 42, 246, 214, 215, 176), 41.0
(218, 231, 113, 157, 7, 245, 239, 198, 157), None
(174, 268, 179, 152, 29, 284, 240, 185, 199), 38.0
(172, 187, 132, 163, 46, 225, 224, 189, 161), 36.0
(152, 256, 154, 167, 6, 284, 223, 119, 232), None
(204, 245, 127, 121, 28, 245, 263, 151, 249), None
(213, 287, 124, 114, 12, 290, 239, 92, 261), None
(166, 211, 161, 129, 72, 239, 249, 164, 204), 40.0
(180, 215, 103, 145, 49, 256, 262, 158, 211), None
(207, 242, 103, 119, 61, 231, 251, 124, 214), 35.0
(182, 266, 173, 100, 53, 255, 265, 151, 212), None
(177, 223, 162, 114, 21, 257, 252, 205, 236), None
(169, 254, 97, 106, 36, 263, 226, 139, 242), None
(187, 224, 178, 162, 42, 233, 228, 133, 186), None
(176, 263, 153, 174, 59, 250, 266, 153, 200), None
(175, 228, 139, 135, 81, 227, 256, 185, 208), None
(188, 233, 161, 114, 18, 218, 216, 195, 239), None
(194, 248, 147, 141, 62, 255, 260, 183, 256), None
(204, 245, 187, 161, 74, 256, 261, 206, 189), None
(179, 230, 125, 164, 71, 246, 271, 144, 174), 32.0
(215, 285, 117, 154, 81, 253, 290, 167, 213), 46.0
(187, 228, 158, 138, 29, 261, 202, 149, 177), 46.0
(232, 248, 152, 139, 17, 293, 227, 159, 205), None
(200, 244, 147, 163, 76, 259, 216, 162, 203), 39.0
(152, 239, 145, 124, 48, 238, 213, 172, 232), None
(142, 266, 118, 171, 39, 271, 217, 178, 248), 38.0
(218, 265, 141, 145, 48, 289, 256, 133, 251), None
(161, 254, 164, 123, 26, 270, 287, 115, 267), None
