Sampler:TPESampler
(82, 66, 17), 28.0
(49, 91, 95), 31.0
(81, 66, 97), 28.0
(24, 79, 25), 38.0
(66, 63, 0), 26.0
(32, 48, 45), 24.0
(14, 34, 98), 24.0
(21, 5, 6), 29.0
(15, 75, 51), 22.0
(31, 5, 98), 26.0
(0, 99, 38), 24.0
(50, 98, 71), 36.0
(50, 85, 69), 28.0
(51, 99, 69), 31.0
(64, 80, 26), 30.0
(97, 46, 65), 32.0
(38, 31, 81), 24.0
(0, 76, 28), 26.0
(40, 90, 55), 28.0
(66, 54, 34), 26.0
(22, 90, 81), 37.0
(22, 91, 83), 31.0
(13, 99, 81), 26.0
(28, 80, 61), 25.0
(41, 71, 76), 40.0
(40, 59, 85), 32.0
(6, 72, 20), 34.0
(21, 85, 43), 29.0
(26, 39, 76), 28.0
(59, 69, 12), 27.0
(36, 57, 88), 33.0
(47, 86, 74), 30.0
(57, 93, 89), 36.0
(77, 80, 90), 41.0
(77, 78, 61), 26.0
(91, 65, 77), 25.0
(78, 67, 91), 32.0
(70, 82, 93), 43.0
(72, 72, 93), None
(91, 16, 94), 21.0
(73, 61, 99), 24.0
(45, 83, 86), 26.0
(83, 92, 80), 28.0
(15, 73, 94), 28.0
(9, 87, 1), 23.0
(33, 82, 53), 24.0
(57, 79, 46), 50.0
(60, 69, 43), 24.0
(70, 76, 35), 24.0
(55, 50, 49), 26.0
(61, 63, 27), 30.0
(44, 95, 22), 28.0
(68, 87, 10), 27.0
(26, 79, 66), 28.0
(54, 89, 58), 30.0
(81, 82, 72), 32.0
(63, 75, 48), 28.0
(21, 70, 79), 24.0
(87, 95, 85), 31.0
(30, 79, 39), 24.0
(76, 83, 32), 24.0
(44, 96, 69), 26.0
(51, 90, 90), None
(52, 95, 72), 38.0
(37, 84, 82), 24.0
(66, 76, 65), 29.0
(18, 88, 97), 34.0
(34, 94, 75), 35.0
(41, 99, 87), 30.0
(24, 23, 78), 32.0
(54, 81, 72), 48.0
(53, 81, 73), 29.0
(49, 74, 62), 32.0
(57, 85, 83), 34.0
(10, 92, 69), 26.0
(62, 79, 91), 27.0
(57, 2, 58), 35.0
(47, 71, 17), 28.0
(66, 77, 97), 39.0
(72, 67, 95), 32.0
(68, 65, 99), 28.0
(75, 77, 84), 34.0
(52, 90, 96), 34.0
(65, 85, 92), 28.0
(17, 73, 88), 24.0
(79, 81, 80), 26.0
(59, 87, 76), 31.0
(4, 42, 89), 28.0
(56, 77, 71), 30.0
(29, 55, 30), 24.0
(85, 97, 86), 37.0
(84, 92, 85), 32.0
(87, 96, 93), 32.0
(96, 89, 24), 22.0
(71, 97, 78), 41.0
(69, 83, 78), 40.0
(69, 80, 77), 26.0
(71, 83, 66), 33.0
(74, 75, 46), 34.0
(67, 78, 71), 30.0
(59, 86, 39), 29.0
(80, 94, 74), 32.0
(63, 83, 79), 26.0
(77, 88, 81), 26.0
(64, 96, 87), 30.0
(70, 85, 83), 40.0
(73, 81, 83), 28.0
(49, 74, 96), 27.0
(69, 70, 68), 32.0
(70, 85, 52), 32.0
(61, 79, 63), 18.0
(75, 98, 90), 26.0
(19, 91, 78), 24.0
(65, 97, 85), 30.0
(85, 77, 73), 35.0
(82, 93, 76), 31.0
(42, 99, 82), 26.0
(23, 84, 14), 30.0
(54, 87, 2), 28.0
(71, 82, 98), 30.0
(92, 89, 92), None
(46, 91, 87), 28.0
(67, 94, 81), 32.0
(27, 80, 94), 24.0
(77, 72, 89), 30.0
(51, 75, 79), 24.0
(13, 86, 56), 26.0
(79, 83, 75), 22.0
(73, 97, 85), 37.0
(55, 78, 77), 26.0
(74, 90, 83), 32.0
(73, 97, 86), 38.0
(71, 94, 91), 38.0
(66, 99, 91), 37.0
(70, 95, 95), None
(72, 97, 87), 32.0
(58, 95, 36), 32.0
(75, 92, 93), 41.0
(76, 12, 92), 23.0
(62, 89, 97), 35.0
(68, 93, 94), 30.0
(75, 91, 81), None
(79, 81, 90), 28.0
(71, 87, 99), 24.0
(49, 84, 73), 35.0
(68, 92, 84), 23.0
(73, 76, 41), 42.0
(74, 78, 43), 26.0
(64, 76, 47), 26.0
(77, 80, 43), 30.0
(81, 82, 41), 46.0
(82, 82, 42), None
(73, 73, 50), None
(69, 76, 39), 42.0
(70, 69, 41), 27.0
(81, 30, 33), 28.0
(66, 76, 40), 26.0
(69, 78, 48), 30.0
(78, 74, 35), 26.0
(35, 80, 30), 30.0
(60, 84, 44), 28.0
(71, 79, 38), 25.0
(75, 82, 38), 30.0
(72, 71, 93), 34.0
(52, 76, 46), 26.0
(67, 87, 89), 30.0
(76, 81, 97), 28.0
(69, 77, 21), 24.0
(32, 85, 24), 24.0
(73, 94, 70), 34.0
(64, 74, 75), 28.0
(67, 99, 91), 31.0
(73, 96, 45), 28.0
(89, 97, 86), 26.0
(83, 50, 89), 28.0
(85, 94, 88), 24.0
(87, 79, 79), None
(54, 89, 80), 28.0
(80, 85, 9), 26.0
(65, 99, 18), 32.0
(71, 82, 95), 45.0
(71, 83, 95), 31.0
(69, 81, 96), 33.0
(75, 79, 93), 27.0
(78, 83, 98), 36.0
(71, 77, 95), 40.0
(73, 76, 94), 28.0
(71, 78, 92), 41.0
(70, 78, 99), 39.0
(70, 72, 99), 28.0
(67, 77, 96), 44.0
(68, 78, 96), 40.0
(68, 77, 97), 37.0
(66, 80, 95), 36.0
(39, 75, 96), 35.0
(69, 78, 93), 40.0
(63, 81, 94), 27.0
(68, 78, 93), 44.0
(68, 73, 92), 32.0
(71, 79, 93), 29.0
(67, 76, 96), 29.0
(69, 78, 92), 34.0
(65, 82, 41), 29.0
(71, 78, 98), 34.0
(76, 81, 95), 35.0
(74, 74, 91), None
(70, 80, 94), None
(62, 84, 36), 26.0
(72, 77, 98), 35.0
(69, 82, 99), 43.0
(67, 82, 97), 38.0
(69, 75, 95), 32.0
(66, 85, 93), 36.0
(71, 79, 99), 36.0
(73, 83, 96), 30.0
(69, 78, 99), 31.0
(75, 81, 90), 39.0
(65, 76, 92), 28.0
(76, 81, 90), 32.0
(68, 71, 96), 40.0
(68, 68, 96), None
(74, 83, 90), 36.0
(70, 61, 94), 28.0
(72, 72, 92), None
(75, 80, 94), 30.0
(77, 82, 37), 30.0
(67, 75, 40), 32.0
(65, 77, 97), 28.0
(43, 86, 88), 24.0
(72, 70, 77), 30.0
(71, 80, 95), 40.0
(70, 79, 96), 27.0
(71, 80, 94), 34.0
(72, 74, 97), 24.0
(74, 84, 90), 29.0
(79, 82, 93), 31.0
(68, 80, 91), 35.0
(67, 66, 95), 32.0
(74, 45, 54), 24.0
(69, 76, 96), 31.0
(67, 77, 98), 43.0
(72, 82, 42), 42.0
(72, 85, 42), 46.0
(72, 86, 40), 44.0
(73, 84, 45), 28.0
(72, 87, 40), 38.0
(73, 85, 41), 48.0
(77, 86, 42), 26.0
(72, 85, 43), 28.0
(75, 83, 40), 34.0
(63, 88, 38), 24.0
(73, 81, 42), 28.0
(68, 83, 44), 26.0
(71, 86, 39), 30.0
(77, 80, 47), 30.0
(47, 82, 44), 24.0
(56, 84, 42), 24.0
(68, 88, 38), 28.0
(71, 85, 40), 42.0
(74, 84, 41), 31.0
(70, 86, 37), 26.0
(73, 73, 49), None
(81, 80, 40), None
(66, 81, 44), 26.0
(71, 77, 35), 28.0
(75, 82, 42), 29.0
(64, 84, 46), 27.0
(70, 89, 38), 21.0
(78, 87, 40), 35.0
(72, 86, 42), 38.0
(76, 78, 36), 26.0
(73, 90, 40), 32.0
(73, 82, 44), 39.0
(67, 85, 41), 28.0
(76, 63, 39), 28.0
(71, 83, 46), 24.0
(71, 88, 37), 24.0
(74, 85, 43), 44.0
(79, 86, 48), 38.0
(75, 80, 34), 26.0
(74, 37, 43), 26.0
(69, 92, 45), 25.0
(66, 84, 41), 28.0
(69, 75, 43), 24.0
(77, 79, 38), 37.0
(73, 88, 39), 32.0
(72, 77, 51), 40.0
(75, 83, 67), 30.0
(60, 85, 51), 32.0
(58, 90, 32), 26.0
(80, 81, 59), 28.0
(70, 82, 45), 26.0
(74, 86, 42), 38.0
(78, 88, 47), 41.0
(82, 87, 48), 34.0
(78, 91, 45), 26.0
(80, 24, 43), 34.0
(77, 88, 49), 34.0
(76, 85, 42), 24.0
(78, 90, 47), 28.0
(81, 87, 46), 28.0
(76, 89, 44), 26.0
(78, 92, 40), 29.0
(83, 84, 47), 36.0
(74, 86, 41), 38.0
(73, 54, 38), 33.0
(72, 83, 40), 54.0
(72, 82, 36), 25.0
(50, 84, 39), 28.0
(72, 84, 41), 48.0
(73, 83, 41), 39.0
(75, 85, 44), 31.0
(70, 82, 39), 29.0
(54, 87, 43), 47.0
(54, 86, 43), 47.0
(54, 85, 42), 32.0
(55, 86, 43), 27.0
(53, 84, 41), 30.0
(58, 87, 37), 36.0
(51, 83, 44), 26.0
(56, 85, 39), 30.0
(56, 81, 42), 26.0
(52, 86, 35), 26.0
(64, 82, 45), 36.0
(54, 84, 40), 30.0
(60, 87, 43), 30.0
(49, 80, 41), 24.0
(68, 89, 38), 38.0
(67, 83, 44), 28.0
(53, 85, 40), 34.0
(72, 81, 45), 35.0
(70, 87, 42), 30.0
(66, 83, 38), 40.0
(72, 80, 36), 29.0
(62, 85, 33), 30.0
(57, 89, 43), 24.0
(69, 83, 40), 30.0
(74, 80, 46), 26.0
(71, 87, 41), 38.0
(68, 82, 43), 28.0
(73, 58, 39), 32.0
(66, 79, 37), 30.0
(70, 85, 45), 28.0
(50, 84, 41), 26.0
(92, 81, 43), 44.0
(91, 79, 50), 34.0
(96, 81, 44), 28.0
(52, 76, 39), 26.0
(75, 82, 43), 32.0
(90, 86, 46), 30.0
(87, 84, 99), 36.0
(93, 87, 42), 30.0
(64, 89, 37), 30.0
(61, 83, 45), 26.0
(71, 86, 48), 28.0
(95, 79, 40), 30.0
(75, 8, 64), 28.0
(68, 84, 35), 26.0
(55, 75, 44), 24.0
(69, 78, 98), 32.0
(73, 82, 42), 32.0
(65, 90, 39), 28.0
(98, 80, 45), 30.0
(88, 87, 40), 26.0
(47, 77, 97), 42.0
(52, 73, 99), 32.0
(47, 78, 96), 42.0
(48, 85, 97), 49.0
(44, 83, 97), 30.0
(42, 79, 97), 22.0
(55, 89, 99), 30.0
(47, 51, 95), 26.0
(85, 85, 47), None
(51, 87, 94), 37.0
(67, 82, 43), 26.0
(76, 81, 49), 30.0
(57, 85, 37), 36.0
(47, 77, 98), 40.0
(49, 75, 41), 30.0
(69, 88, 46), 24.0
(59, 84, 44), 28.0
(46, 80, 96), 28.0
(50, 79, 93), 33.0
(71, 91, 41), 40.0
(48, 83, 97), 38.0
(46, 81, 95), 28.0
(71, 86, 99), 26.0
(48, 77, 96), 44.0
(54, 88, 97), 28.0
(44, 84, 53), 32.0
(53, 82, 92), 30.0
(50, 86, 94), 41.0
(49, 77, 96), 48.0
(45, 79, 94), 26.0
(49, 84, 99), 41.0
(93, 81, 95), 35.0
(51, 90, 92), None
(53, 88, 97), 28.0
(49, 83, 94), 37.0
(99, 86, 96), 30.0
(51, 80, 97), 41.0
(49, 77, 99), 31.0
(63, 85, 93), 28.0
(45, 74, 91), 28.0
(74, 83, 46), 37.0
(48, 81, 95), 30.0
(55, 79, 56), 38.0
(65, 88, 44), 34.0
(58, 22, 48), 32.0
(75, 85, 97), 33.0
(53, 82, 43), 28.0
(68, 76, 99), 32.0
(72, 84, 95), 29.0
(67, 42, 92), 26.0
(70, 87, 45), 30.0
(62, 78, 39), 28.0
(40, 31, 42), 34.0
(74, 90, 89), 30.0
(51, 83, 43), 24.0
(57, 86, 4), 28.0
(72, 80, 94), 38.0
(69, 84, 46), 30.0
(66, 77, 38), 32.0
(73, 82, 49), 28.0
(70, 87, 40), 38.0
(52, 79, 96), 30.0
(84, 85, 43), 34.0
(48, 89, 41), 24.0
(3, 75, 99), 28.0
(76, 82, 93), 31.0
(60, 84, 46), 24.0
(43, 80, 34), 46.0
(43, 80, 31), 32.0
(37, 72, 30), 26.0
(44, 77, 27), 26.0
(56, 86, 37), 26.0
(42, 79, 34), 30.0
(41, 0, 29), 35.0
(46, 74, 59), 28.0
(80, 82, 35), 28.0
(55, 91, 34), 30.0
(34, 77, 50), 28.0
(53, 88, 44), 28.0
(48, 81, 41), 24.0
(74, 84, 37), 33.0
(72, 79, 47), 30.0
(77, 86, 33), 26.0
(74, 83, 44), 28.0
(51, 75, 39), 32.0
(39, 80, 61), 22.0
(94, 88, 42), 30.0
(72, 85, 91), 40.0
(86, 78, 25), 26.0
(70, 82, 40), 39.0
(45, 81, 97), 30.0
(67, 92, 48), 40.0
(75, 84, 44), 28.0
(79, 87, 42), 27.0
(89, 90, 45), 28.0
(64, 76, 99), 40.0
(71, 83, 39), 29.0
(50, 79, 52), 28.0
(54, 86, 95), 32.0
(58, 81, 37), 28.0
(73, 84, 88), 36.0
(46, 86, 42), 26.0
(68, 78, 92), 38.0
(76, 89, 46), 30.0
(69, 73, 95), 32.0
(71, 83, 41), 38.0
(10, 80, 90), 28.0
(66, 76, 97), 37.0
(61, 85, 93), 40.0
(49, 88, 44), 24.0
(69, 81, 99), 43.0
(43, 78, 39), 25.0
(75, 84, 47), 44.0
(77, 85, 51), 38.0
(75, 47, 48), 26.0
(74, 86, 44), 32.0
(82, 83, 47), 28.0
(74, 87, 47), 30.0
(78, 84, 50), 32.0
(77, 81, 45), 26.0
(53, 91, 42), 35.0
(73, 89, 69), 40.0
(56, 26, 49), 23.0
(76, 85, 32), 30.0
(79, 15, 43), 30.0
(72, 88, 40), 30.0
(48, 78, 46), 26.0
(51, 84, 42), 32.0
(75, 83, 44), 28.0
(37, 87, 38), 32.0
(71, 81, 40), 38.0
(97, 80, 46), 26.0
(52, 70, 13), 31.0
(73, 83, 35), 33.0
(70, 86, 43), 30.0
(41, 81, 38), 24.0
(45, 61, 41), 28.0
(91, 76, 45), 28.0
(59, 79, 41), 23.0
(74, 83, 72), 39.0
(55, 89, 44), 37.0
(47, 74, 36), 27.0
(77, 78, 95), 40.0
(69, 85, 39), 42.0
(63, 80, 42), 33.0
(80, 52, 28), 27.0
(73, 82, 46), 37.0
(50, 87, 55), 34.0
(70, 84, 97), 22.0
(68, 92, 22), 24.0
(72, 80, 49), 33.0
(75, 90, 39), 30.0
(54, 84, 41), 32.0
(66, 75, 95), 32.0
(71, 88, 45), 24.0
(73, 86, 93), 28.0
(57, 81, 47), 29.0
(39, 84, 52), 28.0
(82, 79, 43), 24.0
(52, 72, 40), 32.0
(48, 85, 93), 31.0
(44, 76, 65), 39.0
(67, 77, 97), 36.0
(50, 88, 43), 32.0
(72, 86, 90), 30.0
(74, 83, 45), 35.0
(79, 79, 41), None
(69, 82, 34), 26.0
(71, 85, 91), 35.0
(76, 87, 38), 34.0
(74, 83, 19), 37.0
(69, 90, 99), 38.0
(55, 82, 96), 26.0
(46, 85, 87), 32.0
(84, 80, 48), 28.0
(70, 81, 42), 30.0
(73, 88, 93), 30.0
(52, 56, 45), 30.0
(65, 39, 40), 28.0
(76, 84, 43), 28.0
(71, 86, 36), 22.0
(88, 93, 50), 35.0
(58, 83, 96), 40.0
(42, 89, 47), 24.0
(73, 80, 94), 28.0
(78, 87, 38), 42.0
(62, 79, 31), 24.0
(75, 34, 41), 24.0
(68, 81, 98), 36.0
(65, 77, 45), 26.0
(53, 84, 91), 33.0
(49, 82, 43), 24.0
(72, 7, 39), 24.0
(31, 75, 95), 29.0
(70, 86, 41), 43.0
(60, 73, 44), 28.0
(47, 91, 99), 29.0
(74, 84, 46), 29.0
(50, 78, 39), 24.0
(68, 81, 36), 26.0
(56, 87, 42), 26.0
(72, 83, 97), 37.0
(77, 85, 44), 28.0
(54, 68, 49), 24.0
(75, 89, 93), 27.0
(70, 79, 40), 28.0
(67, 77, 95), 38.0
(72, 83, 47), 26.0
(70, 87, 41), 40.0
(81, 81, 97), None
(25, 90, 9), 26.0
(45, 76, 62), 28.0
(74, 85, 90), 34.0
(78, 80, 33), 28.0
(71, 87, 38), 28.0
(86, 65, 43), 38.0
(76, 83, 88), 30.0
(48, 85, 92), 30.0
(57, 82, 45), 26.0
(52, 79, 42), 28.0
(95, 85, 84), 34.0
(64, 74, 67), 28.0
(68, 78, 95), 44.0
(68, 77, 94), 50.0
(65, 77, 94), 27.0
(51, 78, 47), 28.0
(67, 71, 94), 36.0
(80, 75, 37), 26.0
(73, 89, 44), 28.0
(44, 80, 40), 30.0
(54, 88, 42), 31.0
(68, 73, 95), 28.0
(66, 75, 93), 46.0
(62, 74, 92), 32.0
(69, 79, 51), 29.0
(66, 76, 92), 32.0
(66, 76, 89), 28.0
(65, 78, 95), 32.0
(63, 72, 93), 32.0
(59, 78, 96), 53.0
(59, 77, 94), 50.0
(58, 75, 15), 22.0
(58, 78, 94), 40.0
(60, 78, 91), 37.0
(59, 74, 74), None
(55, 76, 92), 28.0
(61, 78, 86), 28.0
(59, 70, 97), 35.0
(56, 76, 96), 38.0
(61, 79, 95), 25.0
(63, 73, 97), 32.0
(56, 75, 94), 45.0
(57, 45, 93), 28.0
(56, 71, 96), 28.0
(58, 76, 94), 47.0
(59, 73, 89), 42.0
(57, 73, 92), 30.0
(58, 75, 93), 37.0
(56, 80, 94), 32.0
(54, 75, 90), 32.0
(60, 69, 91), 35.0
(60, 77, 95), 37.0
(61, 75, 94), 28.0
(56, 77, 92), 26.0
(57, 79, 88), 34.0
(54, 71, 97), 28.0
(59, 74, 91), 26.0
(53, 77, 95), 28.0
(58, 81, 45), 26.0
(53, 76, 97), 34.0
(61, 77, 94), 40.0
(58, 81, 81), None
(62, 74, 96), 33.0
(54, 79, 98), 26.0
(63, 73, 93), 38.0
(64, 76, 95), 26.0
(56, 80, 90), 33.0
(55, 82, 86), 30.0
(51, 83, 26), 26.0
(60, 78, 99), 36.0
(57, 72, 96), 32.0
(55, 71, 92), 28.0
(92, 74, 89), 31.0
(64, 76, 91), 30.0
(59, 79, 94), 45.0
(52, 69, 94), 24.0
(60, 78, 93), 33.0
(61, 79, 89), 33.0
(16, 72, 91), 29.0
(64, 75, 97), 48.0
(63, 74, 97), 43.0
(62, 71, 58), 30.0
(65, 75, 99), 35.0
(59, 76, 97), 39.0
(64, 78, 95), 28.0
(61, 80, 94), 40.0
(58, 72, 97), 34.0
(59, 74, 92), 31.0
(57, 76, 94), 46.0
(56, 73, 94), 26.0
(57, 66, 88), 38.0
(62, 76, 96), 28.0
(56, 75, 92), 38.0
(55, 68, 94), 28.0
(60, 73, 90), 33.0
(57, 77, 93), 38.0
(62, 76, 99), 24.0
(54, 77, 96), 22.0
(60, 79, 91), 33.0
(57, 75, 94), 35.0
(59, 73, 96), 37.0
(54, 80, 99), 28.0
(64, 77, 95), 30.0
(55, 79, 93), 32.0
(58, 74, 71), 22.0
(63, 78, 95), 38.0
(61, 80, 87), 43.0
(67, 76, 90), 30.0
(53, 71, 98), 28.0
(57, 81, 92), 29.0
(66, 77, 92), 28.0
(90, 79, 97), 29.0
(56, 81, 94), 31.0
(62, 74, 97), 27.0
(52, 75, 95), 29.0
(60, 60, 90), None
(54, 78, 99), 28.0
(51, 73, 96), 40.0
(49, 77, 98), 36.0
(52, 75, 93), 26.0
(51, 72, 95), 49.0
(50, 70, 95), 46.0
(48, 64, 97), 30.0
(50, 70, 99), 35.0
(50, 67, 94), 30.0
(50, 73, 96), 38.0
(46, 71, 92), 26.0
(47, 72, 96), 26.0
(53, 69, 95), 28.0
(50, 70, 91), 37.0
(52, 72, 29), 24.0
(49, 75, 77), 38.0
(47, 18, 98), 20.0
(51, 73, 93), 33.0
(54, 75, 84), 28.0
(49, 68, 97), 34.0
(51, 77, 99), 26.0
(40, 77, 88), 28.0
(42, 72, 96), 44.0
(53, 71, 94), 28.0
(46, 74, 97), 30.0
(55, 42, 93), 26.0
(52, 53, 91), 32.0
(55, 74, 95), 33.0
(48, 78, 95), 44.0
(50, 79, 89), 34.0
(52, 75, 92), 29.0
(46, 81, 98), 28.0
(55, 76, 94), 34.0
(53, 72, 32), 26.0
(44, 77, 96), 28.0
(58, 75, 91), 28.0
(60, 73, 94), 36.0
(49, 76, 97), 35.0
(53, 68, 93), 22.0
(64, 28, 97), 26.0
(19, 74, 89), 29.0
(56, 48, 92), 36.0
(57, 71, 99), 31.0
(59, 79, 95), 42.0
(51, 80, 95), 44.0
(35, 82, 99), 26.0
(54, 70, 86), 30.0
(65, 78, 93), 25.0
(48, 76, 91), 32.0
(1, 82, 23), 27.0
(51, 74, 96), 38.0
(63, 79, 94), 28.0
(57, 76, 90), 32.0
(55, 72, 96), 32.0
(53, 74, 99), 30.0
(66, 57, 97), 32.0
(58, 77, 34), 24.0
(61, 80, 54), 28.0
(44, 79, 82), 24.0
(46, 81, 93), 26.0
(67, 62, 97), 26.0
(49, 82, 95), 35.0
(63, 78, 92), 28.0
(62, 77, 94), 32.0
(38, 80, 88), 26.0
(59, 78, 90), 32.0
(48, 80, 95), 27.0
(55, 34, 97), 42.0
(51, 77, 93), 36.0
(66, 83, 98), 34.0
(53, 72, 95), 32.0
(56, 66, 99), 40.0
(52, 70, 93), 30.0
(55, 74, 96), 26.0
(67, 84, 97), 34.0
(60, 80, 92), None
(62, 81, 94), 30.0
(43, 78, 79), 28.0
(56, 75, 64), 30.0
(50, 69, 89), 29.0
(54, 73, 95), 34.0
(52, 75, 30), 39.0
(57, 76, 35), 22.0
(47, 72, 99), 28.0
(69, 83, 61), 30.0
(58, 76, 1), 26.0
(64, 79, 93), 29.0
(51, 74, 91), 27.0
(61, 81, 96), 36.0
(68, 83, 56), 36.0
(59, 77, 87), 40.0
(54, 73, 68), 26.0
(13, 79, 95), 26.0
(41, 81, 97), 40.0
(48, 94, 6), 32.0
(65, 82, 37), 40.0
(46, 78, 92), 30.0
(49, 79, 94), 47.0
(49, 77, 74), 48.0
(45, 77, 58), 28.0
(49, 76, 73), 38.0
(50, 77, 76), 20.0
(47, 76, 70), 24.0
(48, 78, 75), 30.0
(45, 74, 65), 32.0
(50, 80, 39), 24.0
(48, 78, 84), 48.0
(47, 79, 86), 35.0
(43, 80, 82), 30.0
(49, 76, 77), 41.0
(46, 78, 85), 30.0
(48, 4, 84), 24.0
(28, 74, 89), 39.0
(49, 71, 86), 32.0
(51, 81, 71), 38.0
(46, 78, 66), 34.0
(50, 73, 82), 31.0
(43, 83, 79), 28.0
(52, 79, 88), 30.0
(48, 81, 80), 28.0
(50, 77, 68), 30.0
(44, 77, 80), 28.0
(52, 76, 74), 38.0
(45, 84, 36), 30.0
(47, 80, 40), 24.0
(49, 82, 38), 38.0
(51, 76, 90), 44.0
(8, 74, 78), 26.0
(52, 72, 99), 26.0
(53, 79, 41), 28.0
(51, 87, 98), 33.0
(45, 87, 83), 26.0
(47, 92, 99), 31.0
(42, 85, 72), 46.0
(41, 85, 73), 48.0
(38, 89, 75), 36.0
(43, 89, 73), 30.0
(39, 85, 70), 28.0
(37, 87, 72), 24.0
(48, 92, 74), 35.0
(40, 83, 77), 32.0
(42, 91, 72), 40.0
(36, 87, 72), 24.0
(45, 85, 76), 30.0
(40, 85, 75), 29.0
(41, 84, 69), 26.0
(49, 82, 97), 41.0
(44, 78, 97), 26.0
(46, 82, 28), 37.0
(49, 75, 95), 31.0
(33, 13, 67), 26.0
(43, 87, 99), 28.0
(47, 83, 70), 28.0
(53, 89, 97), 28.0
(50, 86, 71), 44.0
(46, 85, 73), 28.0
(43, 85, 74), 40.0
(50, 19, 92), 26.0
(54, 86, 68), 28.0
(47, 78, 63), 28.0
(52, 87, 95), 35.0
(48, 90, 77), 28.0
(45, 79, 95), 26.0
(39, 81, 79), 31.0
(45, 83, 42), 28.0
(48, 82, 99), 41.0
(41, 89, 74), 30.0
(42, 88, 72), 28.0
(54, 80, 34), 28.0
(50, 85, 70), 39.0
(52, 71, 93), 34.0
(56, 84, 39), 38.0
(49, 83, 31), 24.0
(47, 88, 74), 28.0
(51, 70, 73), 34.0
(37, 86, 72), 24.0
(42, 84, 75), 30.0
(54, 87, 70), 26.0
(50, 85, 68), 28.0
(45, 80, 90), 30.0
(39, 90, 81), 34.0
(55, 79, 96), 28.0
(40, 77, 69), 29.0
(64, 50, 87), 32.0
(44, 81, 97), 24.0
(48, 84, 78), 48.0
(48, 84, 70), 30.0
(30, 83, 83), None
(83, 87, 77), 41.0
(22, 82, 76), 24.0
(47, 83, 77), 38.0
(48, 81, 75), 30.0
(51, 79, 99), 33.0
(46, 89, 80), 28.0
(52, 92, 74), 30.0
(49, 78, 97), 46.0
(45, 86, 73), 28.0
(53, 87, 77), 24.0
(43, 84, 71), 30.0
(49, 81, 84), 26.0
(44, 90, 75), 30.0
(47, 86, 78), 30.0
(51, 73, 80), 33.0
(49, 88, 72), 40.0
(50, 77, 99), 28.0
(55, 75, 91), 25.0
(52, 86, 76), 28.0
(66, 83, 93), 30.0
(44, 84, 71), 26.0
(42, 81, 76), 28.0
(41, 82, 79), 28.0
(47, 67, 95), 46.0
(57, 76, 72), 38.0
(57, 78, 94), 28.0
(37, 80, 82), 26.0
(45, 80, 25), 29.0
(54, 79, 96), 32.0
(56, 76, 75), 30.0
(47, 70, 73), 28.0
(53, 59, 97), 28.0
(53, 82, 35), 30.0
(50, 79, 99), 33.0
(35, 85, 69), 26.0
(47, 88, 97), 34.0
(47, 65, 95), 38.0
(46, 79, 97), 30.0
(51, 84, 94), 34.0
(40, 91, 71), 38.0
(43, 55, 75), 26.0
(48, 78, 97), 44.0
(49, 83, 67), 43.0
(63, 74, 11), 38.0
(49, 78, 85), 46.0
(58, 85, 44), 26.0
(46, 88, 92), 32.0
(52, 86, 79), 30.0
(49, 75, 97), 34.0
(51, 77, 85), 38.0
(53, 82, 82), None
(45, 63, 95), 28.0
(86, 95, 74), 32.0
(59, 76, 93), 38.0
(48, 81, 83), 28.0
(53, 80, 99), 38.0
(50, 43, 84), 28.0
(42, 86, 72), 38.0
(56, 75, 88), 32.0
(46, 84, 79), 30.0
(51, 75, 89), 22.0
(54, 89, 84), 30.0
(57, 77, 96), 38.0
(51, 83, 41), 38.0
(61, 81, 37), 25.0
(60, 90, 92), 40.0
(45, 67, 86), 28.0
(55, 73, 96), 26.0
(39, 86, 49), 30.0
(53, 85, 42), 46.0
(53, 88, 45), 30.0
(49, 83, 80), 30.0
(44, 93, 68), 24.0
(49, 80, 87), 30.0
(48, 72, 95), 33.0
(47, 68, 91), 28.0
(49, 79, 99), 39.0
(50, 78, 27), 22.0
(50, 82, 45), 28.0
(44, 81, 74), 30.0
(41, 87, 72), 40.0
(51, 78, 81), 34.0
(52, 74, 90), 34.0
(55, 80, 40), 30.0
(37, 85, 70), 24.0
(55, 71, 77), 24.0
(58, 76, 90), 30.0
(54, 84, 42), 32.0
(60, 83, 39), 30.0
(51, 81, 87), 40.0
(53, 78, 81), 32.0
(48, 88, 97), 44.0
(51, 88, 46), 26.0
(53, 36, 43), 24.0
(47, 73, 94), 24.0
(46, 77, 93), 34.0
(39, 85, 71), 30.0
(48, 79, 76), 34.0
(68, 9, 94), 30.0
(50, 78, 98), 32.0
(53, 82, 96), 32.0
(57, 80, 78), 28.0
(52, 70, 95), 34.0
(33, 73, 92), 34.0
(46, 83, 87), 30.0
(55, 82, 45), 30.0
(51, 86, 65), 30.0
(61, 76, 88), 30.0
(47, 70, 94), 28.0
(55, 91, 43), 28.0
(64, 75, 93), 30.0
(56, 84, 40), 26.0
(52, 86, 99), 32.0
(44, 80, 53), 42.0
(58, 76, 97), 35.0
(46, 80, 97), 24.0
(49, 74, 90), 32.0
(60, 77, 94), 39.0
(58, 78, 77), 36.0
(71, 39, 97), 27.0
(56, 90, 41), 24.0
(45, 84, 39), 30.0
(43, 83, 47), 26.0
(53, 87, 96), 28.0
(48, 76, 99), 31.0
(48, 77, 95), 46.0
(69, 72, 92), 30.0
(81, 85, 38), 34.0
(82, 85, 43), 32.0
(84, 80, 84), None
(51, 82, 48), 24.0
(47, 75, 95), 31.0
(62, 72, 92), 34.0
(45, 80, 50), 28.0
(42, 82, 36), 22.0
(57, 78, 86), 28.0
(59, 76, 74), 46.0
(50, 65, 99), 31.0
(50, 70, 96), 46.0
(54, 83, 44), 34.0
(45, 81, 96), 28.0
(51, 79, 98), 33.0
(48, 81, 33), 26.0
(46, 86, 98), 28.0
(49, 77, 95), 52.0
(51, 89, 94), 27.0
(47, 74, 91), 34.0
(52, 73, 92), 33.0
(88, 79, 79), None
(50, 77, 97), 34.0
(44, 84, 95), 30.0
(48, 79, 99), 40.0
(56, 93, 41), 26.0
(49, 31, 97), 22.0
(50, 80, 93), 45.0
(53, 88, 46), 28.0
(61, 77, 70), 32.0
(58, 82, 38), 30.0
(48, 78, 73), 40.0
(56, 74, 91), 34.0
(48, 84, 95), 26.0
(63, 79, 93), 28.0
(46, 78, 31), 28.0
(44, 80, 33), 29.0
(59, 76, 96), 33.0
(54, 91, 42), 34.0
(59, 75, 16), 24.0
(49, 77, 97), 36.0
(66, 78, 91), 31.0
(51, 78, 98), 33.0
(52, 86, 75), 44.0
(53, 82, 45), 30.0
(54, 87, 48), 28.0
(50, 84, 94), 38.0
(64, 75, 90), 38.0
(47, 61, 99), 26.0
(51, 72, 94), 47.0
(53, 75, 93), 29.0
(50, 72, 94), 48.0
(50, 68, 90), 31.0
(51, 71, 94), 40.0
(48, 76, 92), 36.0
(52, 68, 96), 26.0
(49, 73, 95), 35.0
(50, 68, 93), 33.0
(27, 72, 89), 30.0
(47, 80, 96), 26.0
(48, 72, 92), 24.0
(50, 74, 94), 29.0
(46, 73, 91), 32.0
(51, 69, 99), 31.0
(55, 78, 96), 30.0
(55, 24, 95), 26.0
(52, 81, 97), 34.0
(52, 82, 94), 48.0
(47, 80, 90), 25.0
(56, 82, 97), 34.0
(52, 73, 93), 31.0
(49, 69, 94), 42.0
(54, 77, 91), 27.0
(51, 0, 95), 28.0
(49, 72, 93), 32.0
(46, 79, 89), 39.0
(51, 70, 93), 48.0
(49, 66, 92), 38.0
(52, 70, 89), 30.0
(46, 76, 94), 42.0
(48, 73, 91), 33.0
(54, 75, 97), 34.0
(55, 83, 97), 30.0
(51, 70, 95), 40.0
(48, 81, 96), 35.0
(50, 71, 93), 53.0
(47, 65, 93), 42.0
(53, 71, 89), 26.0
(50, 67, 88), 28.0
(31, 74, 96), 40.0
(46, 69, 91), 26.0
(48, 73, 93), 25.0
(52, 71, 98), 32.0
(50, 69, 95), 31.0
(49, 67, 93), 40.0
(45, 78, 95), 28.0
(50, 71, 96), 46.0
(48, 74, 89), 41.0
(50, 69, 93), 30.0
(48, 79, 97), 44.0
(46, 76, 91), 30.0
(53, 82, 97), 32.0
(52, 83, 99), 30.0
(50, 72, 95), 50.0
(45, 72, 95), 28.0
(47, 70, 97), 28.0
(49, 69, 95), 44.0
(50, 28, 92), 24.0
(47, 73, 99), 28.0
(44, 72, 95), 28.0
(49, 74, 54), 26.0
(47, 74, 97), 26.0
(50, 63, 95), 38.0
(45, 67, 97), 30.0
(49, 52, 88), 24.0
(47, 77, 99), 32.0
(51, 75, 91), 28.0
(49, 71, 95), 33.0
(52, 67, 93), 26.0
(44, 73, 95), 30.0
(50, 76, 90), 39.0
(53, 80, 97), 28.0
(48, 74, 93), 31.0
(45, 70, 52), 34.0
(49, 81, 60), 31.0
(46, 78, 91), 32.0
(50, 47, 97), 24.0
(48, 75, 88), 30.0
(54, 65, 78), 32.0
(70, 57, 93), 32.0
(47, 69, 92), 30.0
(52, 75, 97), 40.0
(49, 78, 95), 48.0
(34, 82, 90), 28.0
(48, 76, 94), 45.0
(44, 79, 92), 25.0
(54, 81, 87), 28.0
(45, 78, 99), 34.0
(51, 72, 96), 46.0
(49, 77, 94), 48.0
(49, 75, 93), 37.0
(51, 74, 95), 36.0
(48, 77, 97), 40.0
(50, 79, 96), 27.0
(47, 76, 91), 32.0
(5, 82, 99), 20.0
(46, 77, 89), 31.0
(70, 72, 91), 32.0
(44, 80, 94), 30.0
(46, 83, 93), 25.0
(49, 80, 66), 30.0
(53, 78, 94), 29.0
(52, 74, 89), 30.0
(55, 77, 96), 30.0
(43, 78, 98), 28.0
(54, 71, 94), 28.0
(73, 81, 96), 28.0
(49, 76, 92), 36.0
(47, 74, 99), 28.0
(50, 76, 95), 26.0
(45, 64, 92), 40.0
(50, 79, 90), 37.0
(69, 44, 97), 26.0
(25, 84, 92), 23.0
(56, 82, 87), 32.0
(53, 84, 77), 28.0
(52, 67, 4), 22.0
(56, 80, 85), 28.0
(50, 82, 76), 44.0
(49, 79, 91), 36.0
(49, 20, 94), 24.0
(52, 39, 97), 24.0
(51, 71, 95), 40.0
(54, 75, 62), 28.0
(0, 83, 90), 36.0
(54, 70, 95), 28.0
(44, 80, 81), 32.0
(71, 68, 96), 40.0
(51, 73, 55), 27.0
(48, 78, 99), 38.0
(72, 84, 97), 25.0
(48, 77, 93), 42.0
(51, 82, 83), 42.0
(46, 78, 97), 37.0
(56, 73, 95), 28.0
(77, 79, 91), 26.0
(43, 70, 96), 28.0
(49, 78, 99), 30.0
(71, 81, 80), None
(69, 82, 96), 35.0
(46, 72, 93), 24.0
(53, 85, 93), 36.0
(51, 75, 95), 25.0
(61, 76, 64), 26.0
(55, 73, 98), 32.0
(45, 81, 73), 27.0
(57, 85, 95), 36.0
(49, 77, 89), 33.0
(51, 79, 92), 32.0
(68, 79, 98), 29.0
(48, 74, 88), 44.0
(47, 75, 94), 41.0
(43, 78, 96), 26.0
(50, 82, 91), 36.0
(45, 77, 97), 34.0
(46, 69, 97), 26.0
(49, 80, 92), 31.0
(46, 72, 94), 26.0
(52, 75, 94), 28.0
(53, 71, 90), 31.0
(52, 80, 78), 30.0
(50, 76, 87), 26.0
(67, 84, 92), 33.0
(47, 67, 90), 28.0
(73, 77, 98), 38.0
(62, 73, 94), 37.0
(55, 80, 75), 25.0
(43, 79, 96), 24.0
(50, 69, 92), 29.0
(13, 75, 95), 30.0
(45, 71, 89), 24.0
(50, 77, 96), 38.0
(48, 81, 86), 34.0
(54, 79, 99), 26.0
(57, 74, 97), 27.0
(72, 82, 69), 36.0
(75, 86, 93), 30.0
(52, 80, 91), 40.0
(48, 78, 96), 44.0
(29, 77, 20), 24.0
(59, 73, 93), 30.0
(55, 84, 56), 26.0
(19, 72, 94), 24.0
(53, 75, 92), 36.0
(51, 69, 89), 29.0
(42, 77, 81), 28.0
(54, 74, 94), 42.0
(49, 81, 91), 34.0
(64, 85, 57), 28.0
(61, 81, 78), 32.0
(52, 63, 94), 40.0
(68, 83, 74), 26.0
(71, 83, 77), 29.0
(65, 78, 51), 20.0
(56, 86, 95), 36.0
(50, 72, 97), 36.0
(60, 83, 99), 26.0
(44, 4, 82), 22.0
(74, 87, 99), 38.0
(32, 76, 97), 35.0
(48, 74, 94), 25.0
(53, 80, 91), 34.0
(46, 77, 97), 37.0
(56, 70, 53), 34.0
(50, 84, 87), 34.0
(35, 76, 95), 28.0
(52, 74, 93), 31.0
(48, 72, 96), 28.0
(58, 84, 74), 28.0
(70, 81, 98), 38.0
(63, 50, 95), 38.0
(47, 71, 92), 20.0
(54, 75, 95), 36.0
(66, 66, 89), None
(73, 82, 71), 37.0
(57, 54, 99), 30.0
(50, 80, 92), 44.0
(51, 79, 91), 34.0
(76, 85, 95), 32.0
(52, 79, 89), 28.0
(47, 78, 85), 38.0
(55, 86, 93), 28.0
(8, 76, 97), 27.0
(43, 88, 96), 26.0
(49, 77, 93), 42.0
(45, 77, 76), 28.0
(51, 80, 99), 31.0
(41, 78, 36), 26.0
(59, 83, 79), 44.0
(46, 73, 97), 30.0
(68, 68, 93), None
(53, 81, 96), 30.0
(50, 36, 94), 26.0
(69, 85, 67), 33.0
(44, 76, 97), 42.0
(77, 59, 84), 46.0
(48, 70, 90), 25.0
(48, 98, 90), 28.0
(66, 74, 99), 34.0
(62, 72, 70), 34.0
(46, 75, 73), 30.0
(57, 87, 74), 30.0
(71, 84, 76), 40.0
(54, 79, 92), 31.0
(49, 81, 88), 30.0
(50, 79, 94), 29.0
(60, 83, 97), 34.0
(55, 75, 63), 26.0
(51, 76, 95), 22.0
(45, 74, 99), 30.0
(75, 83, 86), 26.0
(58, 86, 82), 38.0
(72, 83, 39), 29.0
(54, 70, 97), 26.0
(44, 89, 93), 25.0
(79, 82, 91), 28.0
(52, 85, 37), 24.0
(50, 82, 88), 32.0
(52, 80, 94), 34.0
(63, 76, 97), 34.0
(47, 81, 99), 29.0
(48, 65, 92), 38.0
(50, 79, 91), 33.0
(65, 71, 96), 27.0
(51, 79, 94), 32.0
(53, 72, 93), 28.0
(55, 68, 98), 28.0
(70, 84, 76), 44.0
(46, 78, 96), 28.0
(73, 75, 50), 46.0
(41, 86, 90), 37.0
(61, 70, 80), 36.0
(67, 83, 38), 38.0
(56, 87, 93), 32.0
(44, 81, 99), 26.0
(54, 86, 59), 28.0
(59, 89, 94), 41.0
(51, 76, 94), 36.0
(50, 73, 91), 31.0
(69, 82, 73), 26.0
(56, 84, 95), 24.0
(48, 79, 92), 39.0
(75, 88, 89), 44.0
(54, 72, 91), 32.0
(58, 86, 60), 30.0
(64, 84, 70), 27.0
(53, 41, 99), 31.0
(46, 75, 97), 34.0
(43, 77, 79), 26.0
(61, 82, 93), 45.0
(67, 83, 73), 29.0
(49, 84, 89), 40.0
(46, 69, 66), 26.0
(41, 81, 75), 44.0
(55, 78, 95), 28.0
(38, 81, 99), 27.0
(52, 72, 93), 38.0
(49, 79, 86), 36.0
(43, 74, 96), 38.0
(51, 76, 83), 36.0
(50, 71, 90), 34.0
(45, 81, 75), 28.0
(53, 13, 93), 26.0
(53, 74, 96), 48.0
(50, 73, 97), 36.0
(70, 68, 95), 29.0
(56, 71, 97), 28.0
(48, 77, 99), 33.0
(52, 67, 40), 30.0
(23, 88, 51), 26.0
(52, 76, 92), 28.0
(47, 79, 91), 28.0
(47, 79, 78), 42.0
(49, 76, 95), 43.0
(50, 77, 93), 38.0
(58, 70, 97), 32.0
(57, 87, 99), 33.0
(45, 73, 95), 28.0
(55, 69, 97), 28.0
(48, 74, 95), 30.0
(53, 80, 37), 28.0
(59, 71, 88), 32.0
(63, 66, 93), 23.0
(53, 73, 0), 24.0
(54, 75, 91), 32.0
(36, 85, 88), 32.0
(49, 74, 99), 33.0
(45, 79, 69), 28.0
(77, 78, 77), None
(56, 90, 80), 33.0
(49, 71, 94), 33.0
(47, 82, 39), 37.0
(79, 86, 91), 22.0
(51, 74, 97), 30.0
(54, 72, 93), 29.0
(51, 81, 85), 50.0
(70, 78, 87), 32.0
(68, 69, 35), 32.0
(52, 84, 83), 38.0
(52, 72, 96), 38.0
(57, 83, 83), None
(47, 76, 94), 42.0
(55, 81, 99), 30.0
(59, 70, 64), 20.0
(52, 82, 86), 28.0
(52, 74, 97), 34.0
(55, 78, 84), 26.0
(62, 85, 89), 32.0
(54, 81, 81), None
(49, 81, 90), 30.0
(57, 83, 86), 36.0
(50, 79, 81), 32.0
(53, 80, 84), 26.0
(55, 82, 85), 32.0
(51, 83, 84), 46.0
(51, 78, 85), 32.0
(53, 84, 80), 28.0
(74, 87, 85), 35.0
(48, 80, 82), 28.0
(65, 80, 86), 32.0
(52, 80, 84), 28.0
(57, 77, 92), 34.0
(47, 79, 81), 28.0
(45, 96, 83), 26.0
(49, 82, 87), 40.0
(76, 84, 84), None
(50, 80, 95), 42.0
(53, 76, 87), 39.0
(60, 74, 97), 28.0
(54, 82, 85), 34.0
(51, 77, 83), 38.0
(43, 61, 87), 28.0
(16, 90, 95), 22.0
Sampler:BoTorchSampler
(96, 22, 16), 24.0
(56, 48, 72), 38.0
(42, 79, 95), 28.0
(73, 98, 26), 22.0
(34, 34, 84), None
(26, 12, 56), 26.0
(4, 5, 64), 26.0
(86, 81, 91), None
(25, 89, 87), 28.0
(18, 44, 80), 34.0
(86, 7, 17), 22.0
(84, 16, 21), 24.0
(68, 43, 80), 28.0
(39, 55, 65), 26.0
(29, 34, 98), 24.0
(54, 24, 0), 30.0
(50, 20, 6), 48.0
(81, 19, 55), 34.0
(63, 1, 38), 28.0
(79, 52, 66), 30.0
(35, 25, 6), 36.0
(33, 0, 0), None
(53, 87, 54), 26.0
(63, 81, 94), 27.0
(24, 32, 80), 36.0
(58, 9, 7), None
(57, 11, 7), 30.0
(17, 95, 80), 22.0
(26, 22, 3), 28.0
(6, 7, 56), 35.0
(4, 12, 55), 26.0
(15, 83, 69), 24.0
(52, 67, 17), 24.0
(66, 40, 19), 26.0
(3, 8, 73), 24.0
(4, 89, 46), 34.0
(72, 6, 10), 38.0
(27, 81, 97), 27.0
(14, 35, 40), 28.0
(65, 3, 65), None
(40, 3, 65), 26.0
(21, 75, 64), 42.0
(0, 29, 73), 24.0
(90, 75, 71), 36.0
(85, 28, 39), 39.0
(51, 81, 63), 29.0
(56, 16, 79), 35.0
(28, 81, 57), 30.0
(36, 72, 71), 24.0
(21, 24, 4), 32.0
(89, 86, 65), 35.0
(44, 14, 58), 28.0
(32, 78, 74), 24.0
(8, 22, 83), 24.0
(78, 35, 18), 34.0
(61, 86, 43), 30.0
(87, 45, 41), 24.0
(54, 71, 36), 40.0
(69, 89, 1), 26.0
(46, 9, 35), 34.0
(84, 75, 27), 33.0
(1, 89, 41), 26.0
(10, 53, 79), 34.0
(11, 77, 76), 26.0
(97, 57, 34), 26.0
(42, 63, 51), 22.0
(71, 84, 41), 44.0
(42, 38, 75), 26.0
(87, 30, 96), 33.0
(58, 94, 69), 29.0
(7, 7, 19), None
(25, 72, 24), 32.0
(44, 6, 96), 26.0
(37, 18, 92), 33.0
(58, 7, 1), 32.0
(13, 61, 38), 28.0
(25, 41, 20), 27.0
(69, 45, 99), 30.0
(95, 13, 29), 24.0
(66, 32, 43), 43.0
(47, 41, 93), 22.0
(67, 71, 72), 26.0
(0, 16, 16), None
(83, 10, 87), 24.0
(73, 48, 88), 40.0
(84, 29, 80), 28.0
(1, 96, 16), 24.0
(32, 22, 58), 24.0
(36, 16, 19), 28.0
(60, 19, 55), 29.0
(12, 76, 47), 30.0
(28, 49, 8), 38.0
(79, 47, 96), 37.0
(6, 93, 71), 26.0
(31, 45, 90), 28.0
(8, 48, 81), 26.0
(23, 76, 40), 24.0
(85, 74, 73), 28.0
(78, 36, 60), 28.0
(5, 47, 90), 28.0
(74, 70, 60), 39.0
(88, 76, 9), 26.0
(60, 7, 5), 30.0
(5, 28, 0), 24.0
(36, 74, 42), 24.0
(30, 29, 80), 24.0
(12, 72, 84), 32.0
(46, 68, 93), 28.0
(62, 17, 58), 22.0
(11, 85, 33), 34.0
(36, 46, 2), 34.0
(21, 43, 4), 28.0
(63, 12, 58), 24.0
(37, 76, 51), 24.0
(14, 87, 9), 29.0
(30, 55, 41), 26.0
(1, 70, 6), 31.0
(63, 55, 34), 27.0
(24, 26, 84), 26.0
(81, 45, 32), 27.0
(2, 76, 90), 22.0
(84, 89, 92), 18.0
(48, 72, 89), 31.0
(8, 52, 43), 40.0
(95, 67, 33), 26.0
(28, 45, 83), 32.0
(42, 19, 73), 28.0
(77, 24, 54), 28.0
(69, 35, 6), 34.0
(39, 26, 71), 26.0
(83, 49, 46), 36.0
(68, 59, 6), 36.0
(34, 86, 85), 24.0
(35, 57, 77), 28.0
(57, 67, 68), 31.0
(42, 31, 39), 29.0
(62, 83, 76), 34.0
(67, 86, 46), 32.0
(90, 75, 24), 26.0
(27, 66, 94), 36.0
(73, 97, 18), 25.0
(46, 25, 55), 27.0
(17, 49, 43), 28.0
(26, 87, 78), 37.0
(28, 92, 7), 27.0
(37, 22, 86), 22.0
(75, 48, 59), 24.0
(69, 96, 97), 50.0
(11, 89, 66), 32.0
(24, 95, 47), 26.0
(47, 20, 47), None
(78, 98, 30), 28.0
(59, 86, 77), 48.0
(10, 2, 0), 41.0
(79, 72, 74), 22.0
(86, 68, 70), 32.0
(62, 68, 31), 24.0
(17, 76, 25), 26.0
(28, 89, 4), 30.0
(57, 28, 73), 28.0
(76, 25, 34), 30.0
(83, 40, 12), 32.0
(66, 71, 86), 28.0
(99, 97, 92), 29.0
(50, 98, 36), 28.0
(54, 16, 39), 26.0
(58, 49, 63), 27.0
(41, 47, 82), 24.0
(72, 26, 84), 22.0
(63, 65, 61), 34.0
(62, 47, 99), 26.0
(20, 76, 41), 27.0
(68, 81, 53), 30.0
(82, 3, 1), 35.0
(79, 1, 78), 28.0
(1, 37, 80), 26.0
(46, 61, 71), 28.0
(92, 52, 64), 33.0
(37, 88, 43), 26.0
(61, 58, 72), 30.0
(47, 94, 95), 38.0
(88, 17, 25), 32.0
(15, 89, 85), 26.0
(79, 10, 28), 24.0
(55, 44, 79), 39.0
(54, 1, 34), 30.0
(4, 63, 87), 26.0
(92, 86, 8), 26.0
(66, 5, 38), 28.0
(41, 63, 81), 37.0
(50, 98, 98), None
(67, 56, 82), 28.0
(41, 71, 63), 34.0
(84, 5, 59), 26.0
(2, 29, 84), 24.0
(21, 22, 46), 32.0
(8, 90, 56), 32.0
(97, 20, 58), 26.0
(4, 56, 69), 28.0
(93, 52, 77), 32.0
(68, 56, 22), 40.0
(27, 27, 69), None
(94, 66, 85), 40.0
(9, 94, 14), 24.0
(74, 57, 17), 26.0
(92, 78, 49), 36.0
(93, 16, 5), 24.0
(88, 24, 19), 26.0
(87, 83, 34), 26.0
(52, 24, 21), 25.0
(52, 1, 72), 26.0
(73, 55, 38), 46.0
(59, 87, 30), 26.0
(43, 8, 19), 32.0
(89, 6, 90), 24.0
(68, 71, 89), 37.0
(65, 34, 10), 22.0
(41, 44, 22), 28.0
(15, 82, 72), 29.0
(4, 10, 76), 20.0
(34, 42, 63), 23.0
(98, 71, 88), 32.0
(70, 32, 80), 33.0
(69, 6, 18), 45.0
(85, 33, 28), 28.0
(54, 38, 57), 31.0
(22, 59, 8), 44.0
(86, 1, 21), 26.0
(67, 65, 67), None
(21, 59, 39), 31.0
(7, 19, 30), 30.0
(37, 10, 60), 26.0
(56, 31, 66), 24.0
(84, 40, 10), 28.0
(35, 24, 44), 28.0
(93, 90, 62), 38.0
(20, 9, 10), 41.0
(36, 97, 89), 37.0
(19, 5, 92), 26.0
(6, 83, 43), 32.0
(21, 34, 85), 26.0
(71, 10, 63), 32.0
(81, 47, 41), 24.0
(23, 95, 26), 20.0
(32, 98, 82), 26.0
(51, 39, 12), 24.0
(39, 43, 7), 28.0
(22, 68, 53), 26.0
(91, 42, 79), 28.0
(21, 58, 43), 28.0
(2, 35, 50), 29.0
(34, 54, 69), 29.0
(47, 80, 21), 26.0
(32, 41, 9), 32.0
(58, 4, 78), 26.0
(2, 17, 90), 30.0
(98, 61, 45), 27.0
(54, 83, 76), 28.0
(66, 74, 78), 38.0
(93, 75, 20), 29.0
(79, 27, 93), 34.0
(33, 22, 93), 30.0
(84, 94, 52), 34.0
(13, 7, 33), 30.0
(57, 4, 82), 26.0
(53, 31, 16), 29.0
(29, 6, 6), None
(85, 72, 50), 46.0
(90, 81, 98), 28.0
(27, 1, 4), 31.0
(72, 88, 25), 24.0
(52, 8, 80), 30.0
(87, 83, 60), 34.0
(69, 14, 20), 30.0
(52, 68, 45), 30.0
(40, 16, 16), None
(24, 75, 6), 28.0
(10, 99, 62), 26.0
(10, 84, 40), 30.0
(95, 66, 82), 36.0
(30, 32, 32), None
(32, 73, 25), 24.0
(34, 48, 16), 30.0
(92, 53, 33), 24.0
(22, 7, 53), 28.0
(63, 66, 52), 38.0
(70, 96, 91), 46.0
(66, 66, 47), None
(98, 83, 57), 36.0
(90, 1, 93), 38.0
(89, 75, 58), 32.0
(72, 53, 50), 32.0
(19, 41, 71), 24.0
(90, 5, 71), 29.0
(6, 67, 60), 24.0
(21, 6, 77), 22.0
(46, 5, 83), 32.0
(27, 63, 28), 25.0
(55, 43, 73), 26.0
(49, 67, 12), 24.0
(51, 60, 11), 31.0
(4, 29, 53), 26.0
(71, 71, 42), None
(26, 45, 42), 28.0
(50, 49, 55), 26.0
(49, 31, 39), 26.0
(42, 79, 85), 28.0
(72, 0, 39), 22.0
(4, 77, 97), 26.0
(84, 90, 30), 45.0
(60, 13, 0), 41.0
(55, 12, 17), 26.0
(82, 56, 68), 32.0
(42, 59, 2), 24.0
(28, 14, 61), 32.0
(51, 29, 44), 28.0
(64, 88, 64), None
(85, 27, 10), 26.0
(63, 43, 12), 24.0
(77, 22, 24), 29.0
(48, 15, 96), 30.0
(47, 42, 17), 26.0
(54, 0, 2), 26.0
(57, 75, 27), 36.0
(43, 79, 80), 28.0
(63, 43, 40), 26.0
(72, 85, 60), 44.0
(61, 14, 12), 38.0
(24, 75, 32), 22.0
(51, 36, 50), 33.0
(51, 11, 45), 28.0
(77, 74, 87), 38.0
(5, 74, 52), 28.0
(88, 19, 81), 26.0
(95, 49, 41), 26.0
(66, 74, 95), 34.0
(67, 72, 2), 24.0
(0, 1, 97), 31.0
(94, 72, 43), 38.0
(0, 76, 74), 24.0
(43, 97, 32), 45.0
(40, 57, 68), 22.0
(77, 23, 32), 26.0
(59, 17, 3), 40.0
(42, 66, 74), 24.0
(41, 19, 99), 26.0
(39, 38, 74), 32.0
(65, 98, 45), 29.0
(91, 39, 54), 30.0
(33, 93, 76), 25.0
(32, 41, 73), 36.0
(36, 22, 43), 32.0
(28, 16, 45), 28.0
(87, 49, 93), 40.0
(5, 98, 82), 20.0
(0, 82, 5), 29.0
(6, 20, 95), 24.0
(31, 24, 39), 22.0
(85, 56, 38), 30.0
(43, 0, 62), 32.0
(62, 68, 79), 31.0
(32, 17, 0), 29.0
(20, 63, 74), 40.0
(45, 13, 28), 30.0
(86, 57, 79), 30.0
(32, 10, 57), 26.0
(55, 59, 49), 28.0
(16, 5, 91), 30.0
(31, 83, 39), 26.0
(4, 24, 7), 34.0
(28, 0, 5), 24.0
(97, 48, 93), 38.0
(39, 99, 71), 27.0
(92, 91, 60), 46.0
(29, 34, 12), 30.0
(98, 19, 83), 27.0
(88, 70, 10), 24.0
(94, 27, 35), 27.0
(91, 53, 44), 36.0
(80, 59, 39), 23.0
(36, 76, 43), 26.0
(14, 10, 99), 26.0
(31, 35, 67), 34.0
(70, 36, 73), 28.0
(52, 38, 1), 26.0
(16, 74, 43), 32.0
(46, 29, 35), 31.0
(34, 29, 61), 30.0
(89, 36, 56), 30.0
(16, 78, 25), 35.0
(55, 46, 59), 26.0
(53, 61, 24), 24.0
(42, 40, 86), 30.0
(68, 6, 92), 28.0
(68, 31, 41), 24.0
(30, 92, 8), 26.0
(23, 45, 50), 26.0
(86, 93, 39), 36.0
(97, 31, 57), 28.0
(16, 34, 81), 36.0
(61, 75, 76), 28.0
(13, 90, 43), 20.0
(36, 51, 93), 24.0
(51, 8, 30), 41.0
(45, 3, 70), 26.0
(86, 65, 73), 30.0
(62, 38, 96), 24.0
(11, 41, 18), 34.0
(29, 16, 43), 28.0
(77, 94, 0), 25.0
(77, 32, 61), 28.0
(56, 16, 92), 30.0
(73, 24, 10), 26.0
(54, 81, 58), 28.0
(94, 51, 83), 46.0
(15, 76, 89), 24.0
(93, 32, 40), 36.0
(84, 31, 81), 40.0
(16, 9, 1), 25.0
(13, 23, 55), 31.0
(90, 30, 43), 32.0
(42, 89, 66), 28.0
(42, 46, 56), 22.0
(19, 46, 52), 30.0
(93, 45, 53), 28.0
(53, 98, 2), 30.0
(31, 40, 46), 30.0
(46, 96, 40), 26.0
(58, 31, 63), 26.0
(20, 65, 45), 32.0
(49, 0, 76), 24.0
(92, 95, 70), 40.0
(91, 94, 66), 30.0
(3, 25, 99), 33.0
(62, 20, 9), 25.0
(57, 19, 19), None
(1, 78, 60), 22.0
(53, 33, 32), 27.0
(2, 44, 84), 28.0
(76, 17, 31), 24.0
(60, 58, 93), 34.0
(59, 23, 28), 40.0
(1, 67, 32), 28.0
(49, 60, 88), 28.0
(13, 6, 59), 42.0
(4, 31, 48), 30.0
(46, 69, 25), 31.0
(5, 21, 0), 39.0
(44, 29, 62), 32.0
(36, 30, 78), 28.0
(13, 15, 9), 28.0
(24, 43, 21), 31.0
(99, 96, 91), 23.0
(22, 19, 5), 33.0
(39, 4, 76), 28.0
(82, 25, 99), 24.0
(7, 91, 27), 24.0
(58, 16, 16), None
(67, 53, 57), 26.0
(56, 61, 14), 26.0
(58, 75, 51), 32.0
(61, 8, 57), 26.0
(85, 2, 25), 24.0
(5, 77, 14), 32.0
(76, 45, 61), 26.0
(52, 43, 51), 34.0
(77, 79, 20), 25.0
(93, 92, 76), 38.0
(29, 58, 82), 28.0
(34, 8, 3), 32.0
(43, 85, 7), 28.0
(1, 7, 28), 37.0
(74, 52, 19), 28.0
(75, 25, 98), 26.0
(49, 56, 31), 28.0
(98, 63, 96), 33.0
(92, 32, 40), 34.0
(89, 61, 64), 20.0
(68, 71, 6), 22.0
(64, 96, 66), 26.0
(50, 63, 23), 26.0
(10, 85, 18), 26.0
(95, 34, 37), 24.0
(84, 13, 43), 18.0
(10, 51, 17), 38.0
(85, 36, 67), 38.0
(90, 6, 25), 31.0
(47, 13, 17), 40.0
(7, 66, 13), 24.0
(54, 53, 51), 42.0
(60, 79, 2), 24.0
(80, 55, 91), 28.0
(0, 55, 24), 28.0
(47, 71, 15), 28.0
(28, 53, 85), 28.0
(36, 77, 46), 26.0
(76, 70, 0), 30.0
(1, 99, 78), 30.0
(50, 35, 97), 26.0
(29, 7, 10), 32.0
(59, 33, 49), 28.0
(69, 44, 88), 28.0
(28, 30, 75), 28.0
(94, 82, 83), 28.0
(89, 73, 49), 42.0
(72, 95, 95), None
(84, 87, 87), None
(58, 58, 36), None
(1, 34, 98), 28.0
(88, 67, 4), 30.0
(47, 71, 42), 26.0
(17, 6, 20), 31.0
(2, 80, 33), 26.0
(34, 41, 57), 30.0
(92, 61, 10), 22.0
(66, 63, 77), 32.0
(65, 58, 40), 24.0
(29, 3, 33), 28.0
(78, 57, 56), 27.0
(1, 30, 54), 28.0
(89, 44, 20), 36.0
(84, 62, 3), 28.0
(20, 96, 49), 26.0
(35, 50, 86), 26.0
(28, 92, 11), 24.0
(32, 76, 98), 34.0
(51, 43, 41), 28.0
(14, 46, 95), 26.0
(51, 24, 93), 30.0
(34, 72, 69), 28.0
(1, 67, 88), 30.0
(14, 34, 50), 34.0
(54, 30, 94), 28.0
(54, 48, 19), 28.0
(10, 71, 81), 22.0
(80, 47, 26), 29.0
(35, 35, 13), None
(84, 54, 37), 32.0
(53, 78, 35), 28.0
(5, 75, 91), 24.0
(56, 99, 56), None
(73, 23, 87), 26.0
(35, 54, 89), 28.0
(58, 82, 18), 30.0
(33, 55, 51), 27.0
(27, 47, 71), 24.0
(87, 30, 88), 29.0
(96, 99, 54), 30.0
(32, 60, 37), 30.0
(88, 70, 55), 30.0
(21, 55, 57), 32.0
(73, 45, 5), 28.0
(35, 80, 67), 26.0
(26, 93, 64), 36.0
(56, 88, 74), 32.0
(51, 80, 60), 32.0
(26, 50, 1), 38.0
(43, 23, 80), 31.0
(76, 24, 19), 26.0
(99, 52, 40), 29.0
(66, 68, 93), 28.0
(9, 67, 82), 26.0
(1, 89, 73), 24.0
(17, 71, 39), 26.0
(67, 58, 43), 28.0
(69, 14, 91), 25.0
(81, 84, 84), None
(63, 1, 56), 26.0
(40, 43, 49), 30.0
(69, 83, 78), 40.0
(55, 65, 56), 25.0
(56, 32, 39), 28.0
(93, 80, 77), 37.0
(70, 59, 84), 26.0
(16, 80, 85), 22.0
(50, 23, 40), 40.0
(78, 24, 14), 36.0
(95, 42, 49), 22.0
(67, 45, 70), 28.0
(69, 95, 62), 34.0
(41, 99, 65), 32.0
(84, 22, 47), 26.0
(97, 55, 30), 30.0
(23, 39, 43), 24.0
(9, 72, 64), 33.0
(93, 18, 15), 22.0
(92, 16, 37), 29.0
(58, 54, 14), 26.0
(0, 37, 5), 36.0
(94, 65, 90), 28.0
(21, 35, 15), 28.0
(64, 95, 0), 30.0
(93, 8, 55), 30.0
(4, 10, 6), 25.0
(18, 47, 6), 34.0
(91, 48, 95), 27.0
(88, 90, 91), 26.0
(18, 24, 54), 28.0
(10, 41, 44), 34.0
(22, 75, 34), 30.0
(12, 94, 59), 24.0
(84, 93, 25), 25.0
(25, 35, 99), 22.0
(0, 22, 2), 31.0
(29, 94, 43), 28.0
(75, 14, 8), 24.0
(53, 4, 20), 29.0
(72, 33, 38), 24.0
(85, 34, 57), 24.0
(95, 43, 48), 26.0
(35, 51, 10), 26.0
(80, 44, 21), 28.0
(41, 55, 74), 27.0
(80, 35, 36), 28.0
(4, 62, 98), 26.0
(91, 42, 41), 30.0
(22, 23, 45), 28.0
(15, 37, 45), 32.0
(55, 13, 59), 32.0
(20, 51, 81), 18.0
(77, 43, 99), 34.0
(20, 92, 0), 25.0
(53, 51, 16), 32.0
(14, 25, 21), 26.0
(9, 69, 51), 24.0
(61, 83, 16), 28.0
(27, 76, 14), 30.0
(26, 92, 72), 25.0
(81, 26, 24), 24.0
(95, 45, 74), 32.0
(75, 71, 92), 26.0
(16, 55, 54), 26.0
(23, 58, 96), 26.0
(61, 41, 22), 31.0
(33, 34, 88), 26.0
(86, 86, 34), None
(85, 91, 18), 28.0
(32, 42, 87), 32.0
(2, 91, 92), 36.0
(81, 63, 67), 34.0
(73, 81, 18), 29.0
(48, 25, 92), 28.0
(26, 44, 1), 32.0
(38, 55, 92), 38.0
(49, 12, 97), 24.0
(20, 0, 17), 35.0
(81, 57, 78), 32.0
(80, 85, 45), 28.0
(18, 48, 16), 38.0
(99, 47, 40), 24.0
(6, 84, 84), None
(41, 59, 33), 26.0
(51, 71, 89), 28.0
(26, 49, 58), 33.0
(38, 51, 75), 28.0
(4, 28, 69), 40.0
(1, 57, 64), 26.0
(66, 78, 14), 28.0
(0, 11, 50), 39.0
(27, 77, 49), 36.0
(77, 90, 90), None
(87, 89, 27), 40.0
(83, 92, 23), 32.0
(27, 96, 53), 28.0
(38, 21, 51), 30.0
(31, 83, 22), 40.0
(90, 31, 36), 24.0
(62, 5, 59), 26.0
(66, 46, 27), 26.0
(66, 13, 87), 36.0
(48, 74, 52), 28.0
(68, 77, 69), 25.0
(82, 49, 38), 38.0
(23, 14, 39), 34.0
(49, 8, 86), 23.0
(25, 70, 2), 30.0
(68, 79, 35), 41.0
(20, 58, 51), 24.0
(52, 78, 24), 26.0
(44, 10, 53), 30.0
(71, 75, 98), 34.0
(14, 9, 62), 24.0
(56, 66, 26), 26.0
(29, 20, 18), 32.0
(97, 13, 59), 26.0
(42, 99, 92), 30.0
(81, 97, 35), 28.0
(59, 88, 34), 24.0
(36, 4, 42), 26.0
(45, 59, 25), 26.0
(0, 13, 25), 46.0
(17, 47, 26), 34.0
(0, 51, 57), 24.0
(34, 54, 98), 25.0
(66, 85, 93), 36.0
(24, 80, 12), 31.0
(93, 52, 49), 22.0
(57, 92, 0), 28.0
(86, 46, 60), 28.0
(47, 51, 10), 24.0
(61, 99, 7), 24.0
(90, 67, 94), 35.0
(94, 25, 27), 24.0
(10, 55, 64), 28.0
(9, 72, 48), 24.0
(79, 40, 22), 26.0
(16, 62, 77), 24.0
(59, 1, 57), 28.0
(66, 40, 43), 34.0
(74, 16, 6), 29.0
(79, 14, 6), 40.0
(40, 58, 60), 20.0
(50, 34, 87), 30.0
(21, 90, 76), 28.0
(60, 1, 87), 26.0
(3, 12, 65), 28.0
(23, 67, 65), 25.0
(7, 44, 48), 26.0
(72, 61, 41), 36.0
(81, 24, 71), 32.0
(19, 18, 92), 30.0
(89, 33, 53), 31.0
(99, 79, 17), 25.0
(81, 39, 59), 23.0
(98, 67, 43), 30.0
(58, 19, 16), 42.0
(7, 3, 49), 44.0
(41, 81, 96), 38.0
(18, 14, 42), 32.0
(30, 56, 0), 28.0
(19, 42, 65), 28.0
(12, 35, 14), 32.0
(72, 73, 22), 30.0
(9, 72, 23), 26.0
(99, 85, 91), 24.0
(98, 64, 69), 28.0
(76, 44, 69), 26.0
(99, 21, 34), 30.0
(58, 49, 56), 31.0
(88, 51, 47), 24.0
(15, 81, 94), 26.0
(82, 34, 51), 30.0
(10, 58, 24), 28.0
(75, 89, 57), 28.0
(72, 15, 14), 32.0
(30, 16, 81), 30.0
(70, 0, 56), 28.0
(4, 89, 15), 33.0
(17, 75, 28), 29.0
(45, 78, 93), 28.0
(87, 2, 8), 23.0
(47, 10, 85), 28.0
(86, 87, 83), 28.0
(92, 27, 7), 26.0
(77, 59, 7), 35.0
(82, 46, 68), 28.0
(68, 58, 19), 22.0
(54, 31, 80), 28.0
(87, 54, 48), 28.0
(60, 70, 10), 19.0
(22, 9, 16), 24.0
(95, 4, 87), 25.0
(82, 70, 20), 43.0
(81, 13, 20), 40.0
(54, 78, 16), 26.0
(53, 58, 9), 22.0
(62, 37, 67), 24.0
(56, 67, 33), 44.0
(91, 98, 74), 26.0
(16, 37, 73), 25.0
(16, 27, 83), 26.0
(61, 59, 93), 33.0
(14, 88, 32), 26.0
(40, 86, 73), 36.0
(95, 91, 19), 29.0
(79, 12, 7), 34.0
(13, 90, 13), None
(16, 28, 55), 28.0
(43, 29, 85), 26.0
(69, 47, 79), 35.0
(18, 50, 86), 24.0
(75, 72, 27), 26.0
(20, 57, 21), 29.0
(60, 35, 45), 26.0
(46, 70, 73), 28.0
(74, 98, 4), 24.0
(69, 3, 24), 35.0
(96, 66, 4), 28.0
(94, 57, 37), 34.0
(81, 50, 9), 28.0
(35, 65, 74), 32.0
(11, 68, 36), 32.0
(28, 23, 25), 24.0
(77, 44, 98), 32.0
(63, 20, 1), 36.0
(51, 57, 39), 25.0
(42, 39, 25), 30.0
(98, 87, 89), None
(69, 42, 32), 24.0
(38, 94, 85), 40.0
(12, 83, 53), 18.0
(97, 9, 55), 30.0
(45, 17, 31), 32.0
(6, 47, 92), 30.0
(91, 23, 61), 30.0
(83, 47, 6), 30.0
(62, 48, 19), 20.0
(15, 86, 20), 22.0
(58, 44, 29), 28.0
(30, 98, 40), 27.0
(37, 19, 47), 38.0
(9, 26, 64), 27.0
(64, 53, 68), 28.0
(29, 69, 45), 30.0
(81, 64, 36), 32.0
(24, 63, 28), 24.0
(91, 30, 71), 32.0
(33, 48, 31), 24.0
(81, 74, 68), 22.0
(9, 84, 44), 26.0
(67, 12, 67), None
(39, 20, 98), 25.0
(8, 61, 96), 26.0
(36, 47, 50), 30.0
(62, 88, 21), 28.0
(29, 88, 86), 34.0
(55, 75, 16), 32.0
(81, 42, 6), 30.0
(86, 53, 98), 36.0
(68, 80, 4), 24.0
(11, 59, 64), 26.0
(59, 18, 12), 40.0
(89, 12, 79), 25.0
(30, 86, 77), 31.0
(78, 81, 51), 34.0
(47, 35, 64), 20.0
(60, 75, 58), 28.0
(50, 94, 51), 38.0
(47, 14, 38), 33.0
(34, 51, 45), 27.0
(51, 27, 6), 28.0
(12, 80, 90), 25.0
(3, 72, 73), 32.0
(46, 13, 79), 40.0
(12, 58, 51), 24.0
(92, 17, 10), 26.0
(50, 67, 28), 24.0
(72, 23, 56), 26.0
(7, 23, 48), 38.0
(4, 13, 96), 24.0
(57, 65, 15), 26.0
(18, 48, 8), 32.0
(55, 37, 81), 40.0
(83, 99, 70), 22.0
(37, 4, 42), 26.0
(70, 39, 73), 32.0
(56, 55, 3), 26.0
(61, 16, 95), 26.0
(71, 41, 42), 30.0
(98, 91, 63), 34.0
(91, 32, 69), 26.0
(22, 51, 15), 52.0
(38, 50, 63), 26.0
(88, 6, 72), 22.0
(75, 2, 43), 30.0
(88, 92, 0), 23.0
(13, 42, 48), 24.0
(48, 61, 4), 24.0
(28, 23, 67), 28.0
(63, 89, 96), 34.0
(71, 44, 64), 26.0
(69, 56, 47), 30.0
(42, 98, 59), 24.0
(33, 28, 98), 24.0
(80, 82, 47), 28.0
(43, 31, 55), 47.0
(99, 52, 8), 24.0
(55, 38, 49), 32.0
(71, 15, 54), 28.0
(62, 47, 34), 30.0
(24, 26, 50), 34.0
(85, 20, 91), 37.0
(47, 55, 44), 27.0
(14, 55, 69), 30.0
(8, 42, 6), 36.0
(91, 25, 71), 27.0
(20, 8, 52), 30.0
(52, 91, 52), None
(64, 93, 50), 29.0
(9, 24, 33), 38.0
(83, 45, 84), 28.0
(87, 22, 14), 26.0
(42, 41, 6), 38.0
(71, 23, 54), 32.0
(47, 28, 77), 20.0
(95, 28, 8), 24.0
(72, 43, 81), 46.0
(23, 46, 71), 28.0
(18, 65, 9), 24.0
(43, 53, 49), 22.0
(90, 13, 76), 28.0
(75, 18, 67), 34.0
(40, 18, 94), 24.0
(89, 26, 59), 35.0
(23, 25, 59), 34.0
(19, 73, 45), 34.0
(89, 94, 73), 34.0
(49, 94, 15), 28.0
(79, 59, 85), 44.0
(72, 70, 56), 32.0
(92, 85, 8), 24.0
(56, 6, 6), None
(72, 41, 93), 44.0
(58, 96, 51), 26.0
(80, 39, 72), 30.0
(40, 33, 80), 40.0
(68, 42, 12), 26.0
(32, 91, 8), 24.0
(52, 42, 46), 22.0
(50, 10, 44), 32.0
(20, 12, 6), 42.0
(27, 70, 78), 24.0
(66, 18, 19), 42.0
(62, 13, 12), 40.0
(26, 28, 76), 24.0
(46, 2, 33), 26.0
(43, 15, 71), 38.0
(78, 56, 90), 28.0
(38, 73, 61), 29.0
(74, 17, 37), 28.0
(4, 98, 71), 24.0
(18, 89, 59), 21.0
(93, 49, 87), 40.0
(22, 66, 45), 32.0
(49, 20, 54), 26.0
(4, 18, 33), 36.0
(71, 17, 57), 24.0
(44, 22, 86), 34.0
(67, 33, 67), None
(22, 83, 81), 32.0
(52, 92, 77), 32.0
(91, 45, 5), 26.0
(60, 51, 91), 29.0
(40, 53, 66), 38.0
(81, 97, 17), 23.0
(5, 92, 15), 32.0
(84, 8, 20), 26.0
(5, 50, 15), 30.0
(49, 86, 15), 30.0
(74, 49, 8), 29.0
(7, 13, 36), 28.0
(85, 91, 35), 24.0
(95, 25, 86), 31.0
(76, 94, 0), 25.0
(85, 48, 73), 34.0
(44, 34, 2), 38.0
(47, 93, 5), 32.0
(59, 2, 53), 26.0
(25, 85, 30), 24.0
(87, 48, 52), 24.0
(33, 92, 11), 32.0
(26, 19, 69), 32.0
(47, 3, 56), 30.0
(58, 96, 76), 33.0
(75, 97, 19), 28.0
(48, 40, 34), 22.0
(51, 72, 58), 30.0
(55, 4, 13), 32.0
(93, 72, 70), 34.0
(84, 12, 76), 30.0
(41, 81, 72), 36.0
(73, 62, 51), 44.0
(67, 69, 49), 32.0
(84, 76, 73), 31.0
(0, 97, 21), 29.0
(33, 40, 17), 30.0
(93, 30, 84), 28.0
(5, 27, 39), 47.0
(71, 74, 40), 42.0
(90, 12, 7), 26.0
(28, 32, 19), 27.0
(39, 27, 48), 31.0
(59, 47, 39), 31.0
(68, 10, 15), 26.0
(92, 83, 14), 31.0
(97, 30, 73), 32.0
(70, 99, 1), 24.0
(41, 68, 23), 30.0
(68, 28, 19), 28.0
(94, 92, 84), 29.0
(55, 92, 69), 27.0
(28, 58, 46), 28.0
(68, 21, 67), 33.0
(62, 19, 73), 26.0
(68, 9, 80), 24.0
(87, 9, 68), 22.0
(58, 56, 36), 21.0
(15, 26, 39), 39.0
(94, 15, 95), 25.0
(75, 48, 34), 24.0
(0, 34, 71), 27.0
(95, 4, 83), 26.0
(87, 88, 14), 26.0
(7, 12, 9), 36.0
(81, 42, 78), 28.0
(38, 66, 16), 30.0
(14, 36, 42), 30.0
(91, 65, 79), 24.0
(39, 38, 16), 27.0
(53, 22, 24), 29.0
(6, 25, 56), 36.0
(52, 86, 32), 32.0
(33, 88, 32), 28.0
(61, 41, 63), 36.0
(85, 4, 93), 27.0
(34, 13, 73), 32.0
(37, 30, 30), None
(84, 65, 80), 28.0
(73, 51, 59), 30.0
(65, 94, 0), 30.0
(84, 7, 79), 28.0
(16, 11, 23), 34.0
(60, 27, 99), 22.0
(5, 78, 97), 28.0
(36, 41, 27), 36.0
(44, 34, 86), 30.0
(56, 41, 20), 22.0
(32, 25, 46), 23.0
(41, 42, 55), 32.0
(68, 36, 69), 30.0
(6, 87, 25), 32.0
(90, 47, 83), 26.0
(20, 10, 89), 27.0
(57, 37, 46), 30.0
(9, 15, 70), 28.0
(69, 99, 43), 28.0
(42, 37, 94), 22.0
(85, 74, 5), 28.0
(19, 2, 50), 32.0
(81, 40, 38), 24.0
(67, 79, 43), 32.0
(54, 59, 85), 28.0
(28, 39, 13), 40.0
(88, 8, 12), 24.0
(81, 62, 34), 38.0
(76, 27, 11), 26.0
(79, 33, 79), None
(23, 94, 1), 25.0
(77, 51, 9), 26.0
(77, 15, 67), 22.0
(67, 41, 47), 26.0
(75, 82, 41), 44.0
(9, 85, 3), 26.0
(96, 11, 52), 30.0
(48, 9, 13), 42.0
(1, 30, 93), 24.0
(58, 50, 83), 30.0
(33, 34, 1), 35.0
(30, 52, 24), 26.0
(36, 64, 56), 26.0
(8, 59, 50), 26.0
(18, 79, 65), 32.0
(21, 2, 61), 44.0
(19, 42, 48), 26.0
(46, 34, 69), 41.0
(5, 98, 20), 26.0
(40, 32, 87), 32.0
(48, 66, 82), 36.0
(98, 72, 17), 24.0
(25, 66, 42), 24.0
(15, 32, 92), 28.0
(1, 0, 69), 25.0
(71, 5, 44), 36.0
(81, 51, 22), 26.0
(3, 75, 7), 24.0
(63, 99, 60), 28.0
(15, 93, 1), 24.0
(25, 78, 42), 28.0
(15, 87, 33), 28.0
(34, 60, 5), 34.0
(76, 17, 75), 29.0
(88, 54, 25), 26.0
(22, 7, 89), 28.0
(96, 92, 78), 31.0
(45, 18, 38), 33.0
(91, 15, 2), 31.0
(18, 63, 82), 37.0
(0, 35, 63), 28.0
(73, 10, 7), 22.0
(99, 55, 25), 35.0
(28, 26, 68), 34.0
(56, 24, 56), None
(40, 3, 28), 36.0
(73, 40, 52), 24.0
(97, 78, 44), 26.0
(69, 6, 66), 28.0
(34, 40, 59), 24.0
(66, 45, 64), 28.0
(0, 99, 92), 23.0
(37, 43, 24), 23.0
(57, 27, 31), 28.0
(8, 93, 48), 28.0
(13, 8, 77), 32.0
(91, 80, 32), 36.0
(8, 89, 9), 33.0
(49, 8, 49), None
(90, 81, 47), 29.0
(93, 1, 46), 28.0
(69, 45, 78), 28.0
(48, 72, 88), 34.0
(25, 43, 22), 30.0
(1, 46, 35), 40.0
(41, 45, 0), 30.0
(57, 77, 46), 36.0
(86, 65, 48), 36.0
(40, 76, 48), 26.0
(95, 67, 85), 34.0
(40, 36, 55), 26.0
(55, 79, 25), 24.0
(18, 11, 45), 28.0
(23, 11, 92), 27.0
(71, 16, 49), 26.0
(32, 0, 75), 33.0
(37, 6, 69), 34.0
(21, 83, 62), 34.0
(16, 95, 50), 26.0
(94, 94, 90), None
(90, 12, 15), 30.0
(8, 25, 61), 30.0
(94, 4, 51), 32.0
(58, 31, 22), 30.0
(87, 73, 72), 24.0
(63, 26, 94), 26.0
(17, 4, 72), 26.0
(15, 36, 3), 35.0
(33, 89, 35), 24.0
(69, 15, 0), 28.0
(96, 44, 19), 27.0
(59, 76, 59), None
(34, 39, 0), 31.0
(66, 67, 10), 28.0
(57, 72, 47), 31.0
(90, 25, 36), 28.0
(85, 31, 83), 40.0
(35, 43, 81), 30.0
(16, 76, 84), 28.0
(92, 90, 48), 28.0
(17, 68, 58), 26.0
(0, 14, 92), 35.0
(92, 8, 35), 30.0
(40, 34, 91), 28.0
(87, 31, 79), 27.0
(37, 77, 32), 24.0
(28, 68, 35), 36.0
(43, 65, 0), 38.0
(59, 4, 87), 33.0
(75, 19, 19), None
(84, 37, 59), 35.0
(27, 84, 12), 22.0
(20, 19, 87), 23.0
(12, 37, 72), 26.0
(0, 43, 58), 27.0
(95, 8, 68), 28.0
(39, 20, 11), 32.0
(90, 21, 75), 34.0
(26, 33, 16), 34.0
(14, 33, 49), 32.0
(17, 95, 57), 38.0
(11, 68, 61), 24.0
(4, 44, 67), 32.0
(32, 86, 63), 34.0
(25, 54, 64), 30.0
(80, 63, 28), 30.0
(81, 57, 89), 32.0
(99, 28, 32), 24.0
(9, 50, 53), 32.0
(7, 65, 70), 28.0
(77, 85, 0), 25.0
(77, 55, 52), 28.0
(36, 32, 2), 25.0
(34, 47, 41), 26.0
(16, 37, 72), 26.0
(13, 65, 73), 27.0
(9, 39, 21), 36.0
(1, 77, 72), 24.0
(65, 92, 71), 23.0
(25, 32, 96), 26.0
(29, 98, 69), 27.0
(20, 29, 40), 30.0
(44, 99, 98), 30.0
(72, 46, 49), 36.0
(87, 62, 25), 26.0
(11, 6, 25), 26.0
(12, 78, 77), 28.0
(94, 85, 59), 38.0
(7, 7, 25), None
(93, 33, 26), 28.0
(33, 24, 5), 35.0
(74, 83, 79), 28.0
(31, 26, 24), 30.0
(22, 92, 86), 33.0
(33, 63, 61), 26.0
(92, 82, 89), 36.0
(94, 35, 18), 24.0
(48, 63, 56), 42.0
(46, 36, 17), 38.0
(0, 39, 62), 27.0
(13, 33, 21), 28.0
(14, 76, 94), 28.0
(65, 15, 65), None
(52, 14, 70), 32.0
(57, 46, 60), 30.0
(98, 19, 54), 26.0
(77, 11, 76), 26.0
(93, 69, 86), 38.0
(2, 16, 70), 32.0
(17, 31, 38), 38.0
(52, 16, 51), 35.0
(28, 60, 78), 26.0
(30, 32, 66), 28.0
(34, 37, 10), 32.0
(63, 44, 35), 44.0
(82, 54, 87), 28.0
(60, 48, 83), 28.0
(27, 17, 39), 38.0
(5, 34, 59), 34.0
(13, 49, 23), 32.0
(74, 71, 19), 28.0
(74, 10, 56), 28.0
(76, 58, 53), 28.0
(32, 18, 12), 36.0
(49, 48, 90), 34.0
(84, 3, 51), 30.0
(9, 19, 61), 28.0
(48, 31, 26), 32.0
(3, 55, 29), 32.0
(21, 74, 78), 28.0
(92, 26, 4), 26.0
(80, 41, 55), 28.0
(31, 77, 23), 26.0
(91, 34, 78), 28.0
(81, 27, 54), 40.0
(84, 52, 38), 24.0
(50, 71, 45), 26.0
(84, 46, 96), 30.0
(73, 45, 20), 28.0
(95, 76, 99), 28.0
(26, 2, 65), 26.0
(29, 68, 84), 36.0
(57, 6, 56), 28.0
(46, 98, 6), 20.0
(13, 56, 21), 24.0
(55, 85, 14), 20.0
(80, 25, 28), 28.0
(17, 21, 29), 32.0
(89, 37, 22), 28.0
(0, 10, 78), 25.0
(27, 40, 59), 28.0
(24, 55, 53), 20.0
(38, 44, 42), 24.0
(24, 81, 51), 30.0
(88, 1, 84), 24.0
(32, 48, 49), 34.0
(95, 54, 62), 28.0
(87, 8, 72), 24.0
(77, 16, 34), 26.0
(1, 16, 29), 22.0
(5, 24, 25), 29.0
(47, 40, 89), 24.0
(94, 5, 15), 32.0
(19, 72, 52), 24.0
(54, 85, 96), 32.0
(69, 52, 7), 25.0
(22, 24, 41), 44.0
(3, 92, 66), 28.0
(30, 51, 38), 28.0
(61, 91, 10), 22.0
(58, 48, 35), 40.0
(53, 51, 33), 23.0
(25, 12, 4), 34.0
(72, 30, 0), 38.0
(18, 42, 84), 28.0
(63, 74, 69), 34.0
(73, 68, 13), 24.0
(60, 7, 32), 34.0
(96, 59, 59), None
(97, 99, 55), 30.0
(73, 98, 62), 34.0
(82, 4, 2), 30.0
(31, 67, 37), 24.0
(52, 93, 17), 28.0
(6, 44, 66), 32.0
(27, 89, 98), 44.0
(18, 12, 44), 24.0
(63, 82, 36), 33.0
(29, 9, 62), 26.0
(49, 35, 9), 32.0
(33, 94, 63), 38.0
(21, 50, 96), 32.0
(4, 51, 73), 34.0
(11, 35, 45), 27.0
(7, 76, 9), 32.0
(61, 32, 44), 26.0
(64, 86, 93), 28.0
(49, 89, 97), 38.0
(36, 44, 94), 28.0
(50, 9, 33), 30.0
(35, 72, 6), 34.0
(57, 46, 73), 29.0
(83, 31, 6), 30.0
(99, 45, 91), 28.0
(3, 2, 50), 44.0
(20, 6, 40), 42.0
(35, 3, 93), 24.0
(11, 9, 66), 28.0
(78, 27, 10), 28.0
(30, 49, 35), 20.0
(79, 93, 18), 27.0
(80, 47, 60), 24.0
(25, 54, 16), 36.0
(47, 29, 59), 30.0
(31, 56, 17), 28.0
(98, 44, 83), 28.0
(6, 78, 94), 30.0
(43, 78, 10), 28.0
(80, 80, 73), None
(38, 32, 70), 24.0
(36, 76, 17), 32.0
(8, 34, 35), 34.0
(4, 55, 4), None
(50, 21, 57), 24.0
(58, 28, 64), 30.0
(86, 92, 69), 34.0
(28, 79, 30), 26.0
(50, 22, 35), 36.0
(33, 50, 79), 30.0
(36, 47, 29), 32.0
(0, 79, 91), 23.0
(32, 36, 43), 27.0
(96, 15, 19), 26.0
(0, 50, 9), 29.0
(16, 15, 33), 35.0
(99, 28, 16), 32.0
(95, 89, 55), 32.0
(12, 76, 24), 24.0
(22, 7, 5), 39.0
(16, 39, 36), 30.0
(8, 51, 61), 30.0
(95, 66, 53), 26.0
(48, 73, 87), 40.0
(69, 84, 91), 20.0
(17, 18, 51), 29.0
(7, 80, 38), 28.0
(62, 45, 34), 27.0
(77, 61, 83), 36.0
(31, 16, 86), 22.0
(50, 82, 1), 26.0
(96, 76, 72), 34.0
(62, 83, 31), 36.0
(28, 58, 31), 30.0
(54, 45, 7), 39.0
(69, 49, 45), 32.0
(2, 17, 56), 30.0
(68, 4, 55), 30.0
(7, 23, 36), 36.0
(57, 87, 52), 24.0
(36, 37, 88), 30.0
(94, 69, 48), 45.0
(65, 10, 66), 26.0
(11, 58, 92), 26.0
(21, 38, 78), 24.0
(65, 24, 73), 28.0
(21, 3, 36), 24.0
(35, 56, 26), 28.0
(81, 22, 72), 30.0
(3, 25, 0), 42.0
(6, 30, 76), 20.0
(3, 61, 40), 41.0
(30, 69, 90), 27.0
(3, 15, 45), 33.0
(39, 98, 18), 29.0
(78, 21, 30), 26.0
(20, 15, 1), 40.0
(8, 92, 19), 28.0
(55, 43, 2), 30.0
(66, 56, 19), 28.0
(64, 55, 63), 28.0
(69, 24, 15), 31.0
(13, 97, 10), 28.0
(52, 22, 17), 40.0
(32, 47, 95), 22.0
(63, 97, 84), 36.0
(78, 78, 95), None
(80, 34, 59), 26.0
(1, 18, 87), 24.0
(1, 49, 73), 24.0
(6, 55, 92), 28.0
(66, 13, 46), 26.0
(39, 0, 17), 30.0
(94, 21, 57), 26.0
(34, 14, 13), 25.0
(75, 65, 74), 28.0
(80, 83, 57), 32.0
(16, 45, 0), 24.0
(60, 62, 7), 29.0
(98, 66, 80), 30.0
(66, 73, 81), 34.0
(81, 40, 68), 30.0
(41, 50, 1), 24.0
(46, 49, 57), 32.0
(67, 37, 94), 42.0
(10, 11, 68), 24.0
(5, 24, 55), 32.0
(88, 14, 45), 30.0
(9, 42, 9), None
(33, 31, 55), 26.0
(97, 49, 4), 29.0
(39, 89, 82), 34.0
(20, 80, 23), 40.0
(89, 46, 90), 28.0
(47, 61, 93), 26.0
(86, 43, 58), 26.0
(97, 79, 42), 22.0
(23, 80, 13), 30.0
(43, 54, 19), 26.0
(90, 87, 36), 24.0
(73, 13, 27), 24.0
(3, 23, 26), 33.0
(90, 53, 88), 32.0
(68, 63, 47), 24.0
(76, 59, 49), 40.0
(78, 8, 26), 30.0
(61, 61, 32), None
(78, 24, 62), 26.0
(43, 66, 51), 30.0
(43, 86, 63), 28.0
(81, 63, 96), 26.0
(77, 38, 74), 38.0
(54, 85, 54), None
(79, 31, 42), 31.0
(5, 36, 25), 31.0
(81, 48, 49), 34.0
(59, 49, 4), 39.0
(76, 1, 84), 26.0
(62, 18, 39), 24.0
(55, 18, 30), 26.0
(19, 64, 89), 28.0
(88, 43, 21), 33.0
(43, 27, 24), 32.0
(20, 25, 8), 25.0
(19, 56, 19), None
(94, 33, 56), 26.0
(49, 57, 13), 32.0
(52, 16, 81), 30.0
(71, 68, 82), 36.0
(55, 65, 28), 26.0
(5, 23, 23), None
(67, 78, 13), 37.0
(76, 24, 73), 24.0
(86, 50, 19), 28.0
(18, 44, 88), 26.0
(7, 11, 0), 27.0
(74, 88, 52), 30.0
(91, 18, 18), None
(23, 62, 91), 24.0
(77, 77, 46), None
(71, 49, 73), 22.0
(44, 2, 75), 30.0
(45, 66, 6), 26.0
(50, 76, 44), 30.0
(73, 0, 10), 29.0
(10, 78, 94), 27.0
(68, 90, 33), 30.0
(31, 68, 57), 30.0
(75, 21, 24), 22.0
(3, 84, 7), 26.0
(32, 87, 86), 25.0
(67, 4, 89), 30.0
(62, 39, 83), 27.0
(57, 30, 51), 25.0
(32, 69, 7), 24.0
(65, 30, 19), 28.0
(70, 88, 7), 24.0
(91, 38, 47), 37.0
(11, 63, 32), 33.0
(71, 42, 0), 26.0
(85, 48, 83), 34.0
(20, 7, 50), 40.0
(7, 64, 31), 28.0
(55, 97, 88), 28.0
(27, 66, 51), 26.0
(69, 28, 88), 30.0
(89, 96, 61), 29.0
(16, 37, 27), 28.0
(11, 24, 83), 26.0
(59, 30, 21), 31.0
(1, 35, 75), 24.0
(3, 46, 31), 22.0
(74, 33, 89), 20.0
Sampler:CmaEsSampler
(10, 48, 11), 26.0
(51, 55, 47), 28.0
(41, 31, 43), 25.0
(41, 48, 31), 30.0
(50, 26, 27), 22.0
(44, 47, 48), 41.0
(18, 32, 52), 28.0
(63, 42, 43), 25.0
(42, 52, 50), 32.0
(41, 70, 53), 28.0
(55, 33, 57), 28.0
(33, 57, 43), 26.0
(70, 63, 49), 30.0
(45, 65, 11), 26.0
(57, 50, 32), 28.0
(50, 48, 45), 18.0
(44, 60, 44), None
(58, 60, 55), 18.0
(46, 63, 41), 27.0
(64, 71, 52), 33.0
(47, 61, 59), 32.0
(42, 71, 48), 24.0
(51, 46, 56), 22.0
(52, 72, 47), 24.0
(45, 70, 41), 28.0
(47, 69, 31), 24.0
(53, 67, 48), 24.0
(42, 61, 46), 26.0
(70, 87, 76), 26.0
(52, 72, 43), 36.0
(28, 39, 52), 27.0
(29, 63, 39), 24.0
(44, 71, 45), 30.0
(54, 58, 48), 28.0
(39, 59, 44), 24.0
(48, 80, 57), 31.0
(47, 80, 43), 24.0
(56, 71, 56), None
(47, 66, 49), 32.0
(51, 89, 46), 26.0
(45, 65, 45), None
(68, 82, 65), 24.0
(26, 78, 41), 28.0
(48, 81, 38), 28.0
(42, 85, 41), 27.0
(72, 84, 55), 28.0
(34, 62, 49), 26.0
(46, 73, 64), 46.0
(39, 74, 67), 40.0
(32, 81, 34), 28.0
(40, 87, 37), 24.0
(43, 72, 55), 28.0
(43, 75, 57), 26.0
(55, 76, 54), 29.0
(47, 67, 48), 33.0
(53, 65, 56), 25.0
(40, 72, 61), 42.0
(46, 76, 63), 26.0
(36, 78, 63), 22.0
(36, 68, 43), 28.0
(33, 58, 64), 24.0
(45, 65, 42), 24.0
(57, 81, 78), 32.0
(20, 63, 72), 28.0
(39, 75, 58), 35.0
(41, 69, 57), 27.0
(45, 72, 60), 28.0
(41, 67, 69), 28.0
(23, 86, 71), 28.0
(40, 73, 58), 32.0
(30, 73, 65), 32.0
(46, 80, 75), 26.0
(47, 79, 66), 38.0
(47, 81, 73), 35.0
(43, 78, 49), 23.0
(43, 81, 71), 37.0
(54, 78, 76), 28.0
(46, 68, 62), 30.0
(55, 80, 71), 26.0
(48, 63, 62), 24.0
(58, 80, 80), None
(56, 79, 74), 34.0
(53, 73, 63), 36.0
(43, 70, 67), 34.0
(34, 84, 86), 24.0
(56, 80, 65), 34.0
(46, 73, 57), 29.0
(44, 78, 66), 34.0
(45, 83, 79), 32.0
(52, 80, 71), 40.0
(46, 76, 61), 28.0
(34, 68, 57), 38.0
(59, 81, 71), 36.0
(58, 79, 61), 27.0
(51, 75, 76), 34.0
(48, 78, 64), 32.0
(59, 78, 71), 28.0
(46, 75, 70), 24.0
(40, 66, 69), 28.0
(51, 77, 66), 36.0
(44, 83, 79), 26.0
(46, 72, 73), 28.0
(55, 82, 68), 24.0
(54, 79, 69), 30.0
(49, 82, 71), 32.0
(52, 78, 65), 24.0
(56, 80, 70), 31.0
(51, 77, 70), 34.0
(51, 69, 67), 28.0
(48, 82, 76), 36.0
(47, 78, 64), 32.0
(46, 77, 76), 30.0
(52, 71, 64), 33.0
(49, 78, 65), 34.0
(55, 80, 74), 32.0
(53, 84, 70), 36.0
(45, 85, 70), 28.0
(45, 80, 70), 28.0
(51, 77, 69), 26.0
(45, 86, 77), 30.0
(52, 85, 74), 44.0
(60, 79, 70), 33.0
(44, 85, 71), 28.0
(59, 83, 72), 28.0
(46, 81, 69), 28.0
(51, 84, 70), 29.0
(58, 83, 72), 28.0
(56, 79, 70), 32.0
(54, 89, 74), 25.0
(59, 80, 63), 26.0
(51, 81, 66), 32.0
(59, 83, 68), 43.0
(57, 78, 61), 28.0
(49, 81, 72), 32.0
(55, 76, 65), 28.0
(59, 77, 62), 26.0
(54, 76, 66), 28.0
(61, 81, 71), 38.0
(53, 87, 66), 30.0
(60, 86, 76), 32.0
(53, 85, 76), 26.0
(58, 89, 74), 30.0
(49, 79, 65), 30.0
(59, 79, 66), 30.0
(52, 81, 73), 28.0
(58, 81, 64), 26.0
(56, 81, 68), 28.0
(61, 75, 62), 40.0
(61, 81, 69), 32.0
(53, 78, 72), 30.0
(61, 85, 68), 32.0
(62, 72, 56), 26.0
(61, 79, 68), 31.0
(61, 74, 67), 30.0
(60, 80, 70), 35.0
(51, 80, 57), 26.0
(64, 74, 63), 26.0
(53, 78, 68), 26.0
(67, 86, 74), 30.0
(59, 87, 74), 40.0
(61, 84, 65), 26.0
(59, 83, 66), 36.0
(70, 84, 68), 30.0
(64, 88, 73), 24.0
(57, 82, 71), 29.0
(57, 97, 78), 32.0
(60, 86, 75), 24.0
(62, 87, 71), 32.0
(67, 94, 74), 21.0
(64, 97, 75), 50.0
(64, 83, 65), 30.0
(43, 98, 82), 28.0
(72, 95, 77), 36.0
(54, 86, 64), 28.0
(54, 90, 72), 38.0
(64, 95, 74), 29.0
(60, 97, 73), 32.0
(59, 90, 65), 24.0
(64, 84, 58), 23.0
(54, 95, 72), 32.0
(63, 83, 72), 28.0
(54, 98, 79), 26.0
(59, 91, 75), 24.0
(58, 96, 79), 44.0
(60, 94, 71), 47.0
(64, 99, 72), 24.0
(62, 92, 72), 36.0
(51, 92, 69), 30.0
(52, 86, 60), 34.0
(49, 82, 63), 29.0
(55, 83, 58), 30.0
(48, 89, 63), 32.0
(54, 88, 67), 30.0
(59, 84, 66), 40.0
(67, 84, 61), 38.0
(62, 75, 59), 34.0
(55, 88, 61), 28.0
(54, 87, 64), 32.0
(50, 91, 71), 40.0
(55, 82, 66), 24.0
(60, 83, 65), 29.0
(52, 96, 77), 22.0
(47, 90, 69), 29.0
(56, 85, 66), 46.0
(63, 96, 74), 45.0
(65, 92, 74), 47.0
(69, 94, 77), 48.0
(59, 97, 71), 37.0
(66, 95, 73), 28.0
(59, 99, 77), 34.0
(60, 86, 67), 30.0
(62, 97, 77), 32.0
(57, 96, 76), 31.0
(60, 94, 74), 32.0
(66, 88, 74), 38.0
(67, 97, 79), 37.0
(74, 97, 78), 26.0
(63, 96, 73), 34.0
(67, 86, 70), 30.0
(73, 99, 77), 31.0
(67, 93, 76), 40.0
(68, 90, 74), 26.0
(67, 79, 72), 33.0
(61, 84, 74), 32.0
(71, 89, 75), 18.0
(68, 97, 78), 42.0
(73, 88, 75), 24.0
(71, 92, 79), 37.0
(72, 92, 78), 34.0
(67, 92, 76), 38.0
(71, 96, 79), 29.0
(61, 97, 78), 39.0
(70, 94, 78), 29.0
(67, 97, 76), 32.0
(66, 99, 82), 35.0
(64, 96, 79), 26.0
(65, 95, 75), 32.0
(66, 91, 75), 38.0
(57, 98, 79), 34.0
(68, 92, 75), 28.0
(69, 90, 72), 25.0
(65, 94, 78), 27.0
(64, 91, 75), 36.0
(68, 98, 82), 38.0
(68, 96, 81), 41.0
(65, 93, 77), 25.0
(59, 92, 74), 31.0
(66, 93, 79), 30.0
(66, 97, 79), 32.0
(66, 88, 75), 38.0
(65, 94, 79), 27.0
(67, 95, 80), 34.0
(67, 96, 82), 32.0
(62, 91, 75), 36.0
(68, 94, 78), 44.0
(68, 89, 76), 30.0
(64, 90, 73), 36.0
(69, 88, 76), 34.0
(67, 93, 77), 38.0
(67, 88, 70), 27.0
(66, 93, 80), 34.0
(72, 92, 81), 29.0
(64, 92, 73), 40.0
(71, 94, 81), 42.0
(66, 96, 80), 24.0
(68, 89, 75), 36.0
(70, 91, 77), 36.0
(66, 93, 76), 28.0
(67, 92, 77), 38.0
(69, 93, 80), 23.0
(67, 95, 77), 42.0
(75, 93, 83), 44.0
(67, 94, 77), 42.0
(68, 95, 80), 29.0
(70, 99, 83), 22.0
(66, 88, 73), 34.0
(68, 92, 78), 46.0
(69, 91, 77), 30.0
(71, 94, 80), 36.0
(73, 99, 84), 36.0
(70, 95, 79), 23.0
(70, 92, 79), 33.0
(66, 93, 78), 32.0
(68, 92, 79), 33.0
(66, 87, 74), 36.0
(67, 93, 78), 34.0
(71, 93, 80), 38.0
(65, 95, 77), 32.0
(67, 86, 73), 32.0
(66, 89, 75), 30.0
(73, 91, 80), 35.0
(65, 87, 72), 30.0
(63, 87, 71), 32.0
(69, 87, 76), 38.0
(65, 91, 76), 24.0
(67, 91, 78), 32.0
(71, 88, 80), 34.0
(68, 93, 79), 35.0
(68, 93, 78), 46.0
(69, 97, 82), 44.0
(69, 90, 77), 28.0
(70, 98, 82), 28.0
(72, 94, 81), 36.0
(71, 93, 79), 29.0
(70, 96, 83), 32.0
(68, 98, 80), 38.0
(70, 96, 82), 42.0
(71, 96, 82), 43.0
(68, 92, 77), 40.0
(70, 91, 78), 35.0
(71, 95, 82), 45.0
(69, 94, 81), 27.0
(67, 91, 76), 34.0
(69, 93, 79), 43.0
(70, 94, 79), 23.0
(66, 91, 77), 28.0
(68, 94, 79), 29.0
(68, 91, 77), 36.0
(69, 95, 80), 21.0
(70, 96, 81), 48.0
(70, 94, 81), 45.0
(69, 95, 79), 47.0
(69, 92, 78), 40.0
(70, 97, 80), 39.0
(71, 98, 82), 30.0
(69, 92, 79), 44.0
(69, 94, 78), 53.0
(70, 94, 77), 37.0
(73, 94, 81), 28.0
(69, 93, 77), 40.0
(71, 97, 81), 38.0
(69, 92, 77), 36.0
(72, 99, 82), 37.0
(70, 93, 78), 29.0
(69, 95, 78), 47.0
(72, 97, 82), 36.0
(67, 92, 78), 34.0
(70, 99, 82), 26.0
(69, 96, 79), 52.0
(69, 92, 75), 28.0
(66, 94, 76), 32.0
(69, 93, 76), 34.0
(71, 95, 79), 29.0
(69, 94, 79), 48.0
(69, 98, 78), 38.0
(69, 93, 78), 40.0
(68, 93, 77), 46.0
(69, 97, 81), 35.0
(68, 91, 76), 28.0
(68, 94, 77), 50.0
(70, 95, 80), None
(68, 90, 77), 30.0
(67, 91, 75), 24.0
(67, 96, 77), 44.0
(67, 92, 75), 28.0
(68, 95, 77), 48.0
(68, 95, 78), 44.0
(68, 93, 76), 32.0
(68, 96, 79), 29.0
(69, 97, 79), None
(70, 96, 79), 27.0
(67, 94, 76), 46.0
(69, 98, 80), 35.0
(68, 96, 78), 42.0
(69, 96, 78), 49.0
(70, 98, 80), 37.0
(70, 98, 79), 31.0
(68, 97, 77), 40.0
(67, 95, 76), 38.0
(69, 95, 77), 46.0
(68, 95, 76), 34.0
(70, 96, 80), 35.0
(70, 95, 78), 31.0
(69, 97, 78), 45.0
