Sampler:TPESampler
(3, 82, 51, 72, 99, 29, 31, 84, 78), 16.0
(35, 73, 49, 10, 39, 22, 31, 56, 49), None
(48, 78, 54, 40, 47, 60, 71, 85, 36), 17.0
(66, 20, 5, 64, 11, 50, 29, 82, 32), 18.0
(85, 93, 61, 78, 56, 41, 25, 93, 80), None
(49, 89, 9, 87, 50, 70, 59, 18, 83), 17.0
(92, 76, 66, 34, 58, 52, 13, 23, 45), 19.0
(23, 39, 12, 33, 12, 85, 99, 99, 81), None
(52, 81, 3, 48, 3, 16, 32, 68, 45), None
(3, 87, 86, 65, 99, 67, 9, 28, 24), 15.0
(0, 54, 97, 97, 95, 96, 9, 35, 1), None
(3, 54, 91, 69, 99, 3, 1, 5, 13), None
(19, 99, 31, 60, 80, 31, 50, 46, 66), None
(17, 65, 79, 81, 81, 74, 18, 62, 95), None
(11, 29, 36, 57, 80, 36, 45, 40, 21), None
(31, 8, 86, 15, 69, 65, 1, 75, 64), 17.0
(8, 63, 32, 72, 91, 0, 40, 30, 62), 16.0
(35, 87, 72, 98, 28, 81, 75, 15, 99), 19.0
(70, 42, 42, 49, 68, 17, 21, 49, 22), None
(9, 64, 22, 84, 86, 0, 42, 30, 61), 15.0
(23, 67, 18, 90, 89, 97, 59, 4, 57), 14.0
(25, 66, 21, 86, 88, 98, 61, 0, 56), 18.0
(13, 60, 17, 89, 86, 82, 84, 12, 36), 14.0
(12, 48, 19, 89, 73, 89, 94, 12, 38), None
(28, 60, 22, 93, 87, 81, 84, 8, 57), 17.0
(39, 68, 15, 78, 63, 91, 59, 20, 71), 16.0
(18, 43, 25, 82, 71, 77, 82, 3, 53), None
(43, 56, 39, 99, 78, 60, 67, 11, 40), 17.0
(12, 72, 1, 91, 88, 10, 51, 39, 72), None
(1, 84, 49, 70, 99, 92, 85, 26, 28), 14.0
(19, 28, 46, 76, 94, 99, 89, 23, 13), 18.0
(7, 81, 28, 84, 85, 91, 77, 30, 30), None
(7, 60, 15, 72, 75, 86, 39, 16, 48), 17.0
(24, 72, 57, 91, 33, 92, 89, 8, 29), 19.0
(1, 50, 9, 55, 92, 45, 65, 0, 40), 14.0
(1, 47, 7, 55, 93, 43, 66, 1, 36), None
(58, 72, 50, 45, 99, 60, 72, 8, 44), None
(15, 31, 10, 66, 63, 44, 81, 0, 14), 19.0
(31, 92, 0, 2, 51, 55, 54, 22, 51), None
(75, 37, 13, 37, 82, 76, 66, 14, 35), None
(5, 76, 65, 24, 43, 85, 98, 5, 29), None
(0, 52, 24, 73, 91, 29, 34, 28, 59), 16.0
(11, 60, 16, 62, 85, 24, 45, 55, 41), 15.0
(14, 59, 6, 61, 94, 26, 56, 58, 42), 17.0
(4, 99, 78, 53, 95, 70, 88, 24, 22), 16.0
(98, 82, 17, 67, 76, 49, 70, 66, 50), 18.0
(22, 49, 34, 42, 84, 37, 61, 54, 34), None
(14, 77, 28, 61, 99, 22, 78, 43, 26), 17.0
(0, 69, 11, 52, 17, 94, 44, 75, 46), 17.0
(9, 58, 5, 78, 90, 84, 47, 35, 17), 16.0
(21, 52, 18, 95, 80, 12, 95, 53, 40), None
(3, 86, 56, 63, 97, 64, 7, 6, 26), 20.0
(5, 85, 84, 59, 90, 73, 26, 12, 34), 19.0
(9, 92, 97, 86, 99, 88, 73, 27, 6), 17.0
(16, 2, 72, 69, 93, 79, 64, 19, 25), 18.0
(28, 95, 45, 56, 83, 34, 86, 48, 18), 17.0
(11, 62, 90, 47, 87, 67, 54, 59, 54), None
(10, 67, 27, 80, 85, 20, 39, 33, 73), 18.0
(5, 64, 20, 74, 65, 6, 35, 17, 67), 16.0
(55, 43, 39, 64, 96, 95, 18, 39, 38), None
(44, 89, 62, 69, 78, 81, 9, 10, 32), 20.0
(7, 55, 13, 88, 90, 56, 42, 34, 87), 17.0
(0, 75, 9, 82, 85, 47, 48, 44, 43), 15.0
(0, 79, 10, 95, 56, 47, 56, 45, 43), None
(3, 75, 4, 76, 72, 97, 48, 4, 48), None
(14, 81, 22, 83, 88, 56, 29, 28, 60), 16.0
(18, 70, 8, 90, 95, 38, 51, 64, 39), 17.0
(7, 84, 71, 84, 92, 89, 80, 25, 56), None
(2, 95, 16, 66, 80, 46, 92, 51, 7), 20.0
(12, 62, 2, 58, 75, 52, 70, 42, 32), 18.0
(5, 74, 53, 69, 1, 62, 59, 19, 46), 17.0
(9, 65, 30, 93, 86, 41, 45, 37, 65), None
(12, 57, 23, 81, 83, 2, 51, 30, 51), None
(3, 69, 13, 87, 97, 33, 37, 14, 42), 20.0
(20, 45, 18, 76, 89, 28, 63, 21, 37), 19.0
(27, 52, 26, 99, 77, 13, 84, 32, 53), 16.0
(7, 38, 8, 53, 92, 93, 22, 95, 61), 20.0
(78, 89, 15, 80, 86, 71, 76, 2, 29), 17.0
(16, 79, 33, 93, 97, 83, 43, 8, 25), 20.0
(36, 61, 20, 86, 81, 99, 47, 69, 69), None
(0, 71, 36, 72, 70, 40, 31, 46, 75), 16.0
(3, 83, 93, 64, 99, 52, 57, 76, 84), 16.0
(33, 67, 14, 74, 59, 90, 54, 25, 79), 19.0
(5, 94, 80, 51, 94, 76, 88, 24, 20), None
(25, 74, 10, 77, 27, 87, 60, 21, 58), 17.0
(11, 57, 5, 84, 91, 84, 48, 0, 17), None
(9, 59, 6, 79, 84, 7, 4, 35, 10), 20.0
(41, 67, 17, 71, 49, 25, 16, 12, 69), 17.0
(64, 77, 23, 89, 66, 93, 62, 17, 41), 18.0
(14, 50, 0, 62, 89, 68, 68, 41, 17), None
(7, 64, 4, 67, 96, 96, 41, 37, 33), None
(5, 54, 78, 56, 95, 78, 92, 31, 20), None
(2, 97, 85, 47, 87, 73, 79, 27, 22), 15.0
(1, 96, 75, 46, 87, 7, 74, 15, 63), 20.0
(0, 88, 86, 28, 91, 30, 79, 29, 23), 17.0
(10, 91, 93, 42, 80, 79, 53, 38, 30), 18.0
(8, 97, 11, 50, 83, 74, 46, 35, 45), 16.0
(3, 71, 20, 74, 74, 4, 34, 10, 37), None
(5, 86, 83, 58, 93, 69, 85, 6, 23), 16.0
(18, 60, 67, 44, 78, 14, 38, 26, 55), 20.0
(13, 63, 20, 60, 67, 18, 35, 57, 27), 19.0
(29, 53, 26, 98, 99, 10, 82, 82, 93), None
(2, 84, 90, 65, 98, 59, 57, 74, 85), 18.0
(6, 57, 12, 82, 89, 46, 50, 54, 59), 16.0
(0, 99, 48, 54, 86, 49, 65, 22, 49), None
(47, 51, 12, 96, 77, 54, 84, 54, 52), None
(16, 79, 23, 84, 88, 58, 13, 28, 60), 16.0
(2, 81, 38, 71, 71, 40, 27, 5, 44), None
(6, 46, 99, 92, 94, 46, 52, 49, 35), None
(23, 20, 30, 38, 93, 64, 22, 3, 73), 20.0
(10, 73, 16, 78, 96, 91, 59, 90, 31), 18.0
(9, 99, 87, 87, 41, 71, 87, 19, 15), None
(3, 68, 9, 49, 91, 82, 91, 32, 28), None
(8, 65, 2, 75, 85, 2, 44, 60, 66), None
(4, 90, 94, 63, 97, 43, 96, 23, 82), 17.0
(12, 87, 60, 68, 82, 23, 41, 44, 22), 16.0
(15, 83, 27, 90, 88, 52, 78, 27, 40), None
(20, 81, 22, 85, 84, 51, 83, 33, 46), 17.0
(0, 55, 82, 52, 91, 80, 47, 26, 12), 19.0
(4, 93, 42, 95, 95, 66, 90, 31, 19), None
(2, 86, 84, 57, 93, 69, 85, 7, 24), 18.0
(25, 49, 25, 82, 79, 5, 35, 29, 57), None
(7, 40, 15, 48, 82, 73, 81, 20, 43), 18.0
(4, 58, 18, 71, 90, 34, 32, 18, 16), None
(10, 63, 7, 78, 99, 86, 49, 23, 67), 17.0
(37, 70, 34, 73, 62, 0, 30, 51, 54), 19.0
(41, 61, 19, 70, 69, 10, 71, 47, 69), None
(12, 76, 9, 82, 87, 62, 40, 3, 64), 20.0
(17, 78, 12, 88, 35, 48, 12, 55, 61), None
(0, 65, 43, 60, 85, 97, 44, 16, 21), 16.0
(7, 55, 78, 66, 95, 32, 88, 36, 27), 20.0
(0, 59, 53, 61, 92, 29, 43, 25, 19), 18.0
(5, 52, 74, 99, 90, 27, 76, 30, 53), 18.0
(53, 66, 14, 80, 54, 94, 55, 13, 77), 18.0
(14, 68, 21, 76, 88, 89, 46, 21, 68), None
(3, 72, 30, 91, 76, 15, 37, 9, 74), 17.0
(8, 62, 16, 83, 63, 75, 28, 28, 62), None
(12, 80, 57, 64, 82, 59, 57, 45, 91), None
(6, 87, 61, 62, 99, 22, 51, 43, 79), 17.0
(28, 57, 25, 78, 61, 5, 1, 40, 71), 20.0
(3, 97, 88, 55, 95, 39, 68, 79, 97), None
(2, 75, 18, 73, 65, 91, 49, 24, 76), 20.0
(10, 70, 5, 79, 87, 43, 24, 51, 70), None
(1, 64, 50, 58, 97, 98, 61, 88, 87), 15.0
(5, 61, 22, 58, 97, 71, 35, 34, 38), 15.0
(1, 91, 28, 50, 84, 72, 4, 34, 48), 17.0
(5, 64, 20, 68, 56, 96, 63, 0, 39), 19.0
(8, 84, 84, 55, 97, 68, 6, 86, 45), None
(2, 60, 63, 58, 93, 20, 42, 43, 21), 15.0
(6, 60, 93, 60, 93, 46, 57, 92, 86), None
(11, 95, 55, 53, 82, 25, 41, 35, 34), 15.0
(16, 96, 50, 58, 90, 74, 13, 39, 36), 18.0
(2, 94, 46, 53, 97, 20, 33, 27, 33), None
(0, 61, 44, 59, 85, 99, 42, 32, 22), 17.0
(9, 58, 54, 86, 89, 36, 39, 36, 38), None
(13, 50, 48, 57, 93, 26, 37, 38, 40), 17.0
(2, 67, 66, 55, 87, 93, 60, 46, 42), 15.0
(5, 63, 59, 55, 92, 23, 86, 2, 42), 14.0
(0, 66, 65, 54, 86, 98, 43, 41, 42), 20.0
(91, 63, 60, 51, 82, 24, 41, 44, 35), 14.0
(90, 63, 63, 51, 92, 24, 41, 48, 35), None
(65, 62, 59, 56, 81, 20, 45, 4, 37), 17.0
(61, 97, 69, 45, 7, 22, 60, 2, 31), 14.0
(81, 67, 69, 42, 96, 17, 65, 99, 31), 16.0
(91, 98, 63, 47, 17, 19, 61, 1, 33), 16.0
(61, 64, 56, 53, 18, 22, 59, 42, 42), None
(4, 69, 55, 44, 4, 25, 62, 2, 30), None
(71, 94, 67, 48, 45, 27, 53, 46, 25), 20.0
(72, 60, 58, 45, 87, 31, 67, 2, 38), 16.0
(95, 92, 52, 58, 83, 93, 82, 43, 34), 19.0
(2, 66, 64, 51, 89, 95, 60, 5, 41), 17.0
(86, 89, 60, 62, 81, 23, 39, 44, 29), 18.0
(4, 99, 69, 54, 94, 66, 89, 6, 26), 12.0
(4, 33, 66, 55, 94, 88, 86, 7, 26), 14.0
(2, 23, 70, 55, 91, 86, 85, 6, 26), 17.0
(5, 96, 68, 52, 94, 77, 87, 8, 28), 18.0
(99, 31, 66, 56, 86, 89, 92, 10, 25), 18.0
(7, 55, 71, 49, 97, 62, 89, 0, 32), 18.0
(4, 9, 62, 2, 28, 18, 80, 4, 24), None
(6, 63, 74, 58, 99, 92, 47, 7, 36), 18.0
(2, 99, 65, 54, 96, 95, 94, 3, 44), 19.0
(48, 97, 59, 60, 94, 97, 86, 49, 39), None
(4, 59, 61, 52, 92, 24, 83, 5, 35), 17.0
(2, 34, 69, 56, 88, 88, 64, 0, 27), None
(9, 61, 51, 50, 90, 21, 45, 2, 41), 15.0
(8, 61, 52, 49, 90, 16, 45, 2, 47), 19.0
(58, 95, 57, 15, 22, 12, 90, 8, 31), 14.0
(67, 93, 58, 20, 8, 13, 90, 8, 30), None
(58, 96, 55, 16, 14, 65, 98, 6, 32), 18.0
(52, 94, 48, 54, 0, 22, 88, 11, 37), 20.0
(56, 99, 73, 51, 23, 8, 86, 4, 34), 20.0
(10, 64, 57, 35, 31, 19, 83, 9, 40), 20.0
(6, 41, 50, 57, 95, 21, 42, 2, 28), 22.0
(11, 58, 54, 63, 20, 28, 90, 6, 23), 17.0
(4, 65, 64, 59, 7, 11, 94, 70, 31), 18.0
(45, 91, 81, 8, 98, 26, 49, 31, 21), 15.0
(0, 95, 76, 16, 84, 25, 49, 47, 21), 17.0
(58, 90, 86, 10, 99, 25, 58, 30, 19), None
(8, 68, 51, 30, 88, 93, 92, 12, 43), 16.0
(76, 92, 56, 11, 97, 30, 48, 0, 41), 15.0
(68, 97, 56, 9, 97, 30, 53, 0, 50), None
(76, 90, 62, 89, 93, 27, 46, 3, 40), 17.0
(50, 62, 67, 54, 91, 21, 44, 4, 42), 16.0
(61, 91, 82, 65, 97, 70, 50, 33, 25), 18.0
(80, 92, 90, 8, 95, 67, 48, 52, 38), 16.0
(4, 60, 81, 46, 12, 23, 44, 34, 23), None
(2, 88, 46, 13, 99, 99, 61, 2, 20), None
(46, 44, 58, 6, 93, 84, 42, 31, 27), 14.0
(73, 47, 60, 4, 37, 85, 85, 40, 29), None
(86, 33, 58, 13, 94, 90, 40, 28, 26), 16.0
(7, 62, 65, 61, 92, 83, 36, 8, 36), None
(83, 95, 53, 7, 90, 80, 41, 45, 27), 18.0
(44, 43, 88, 3, 86, 29, 51, 31, 43), None
(43, 24, 62, 9, 95, 87, 55, 62, 89), None
(0, 66, 60, 12, 92, 16, 47, 6, 45), 17.0
(3, 36, 67, 52, 89, 20, 42, 35, 34), 19.0
(5, 56, 56, 56, 85, 23, 38, 0, 41), None
(45, 93, 58, 4, 97, 26, 17, 31, 31), None
(63, 99, 62, 7, 94, 72, 88, 29, 21), 17.0
(2, 44, 54, 94, 92, 0, 63, 3, 39), 17.0
(33, 14, 52, 49, 88, 96, 87, 42, 33), None
(95, 64, 56, 54, 83, 24, 46, 38, 38), None
(38, 60, 70, 0, 96, 26, 45, 5, 41), 18.0
(49, 97, 86, 11, 98, 19, 43, 26, 24), 15.0
(45, 97, 83, 59, 99, 19, 43, 26, 23), 17.0
(48, 95, 85, 11, 97, 92, 73, 27, 25), 16.0
(46, 93, 87, 5, 94, 21, 48, 25, 18), 18.0
(89, 67, 63, 13, 98, 17, 79, 1, 27), 17.0
(53, 97, 18, 57, 87, 15, 40, 46, 36), 16.0
(51, 99, 14, 23, 24, 83, 43, 7, 32), 19.0
(6, 62, 10, 51, 90, 95, 59, 29, 29), None
(49, 95, 59, 91, 96, 23, 45, 32, 24), 17.0
(42, 92, 89, 7, 99, 21, 41, 33, 21), None
(10, 60, 50, 11, 95, 28, 49, 30, 28), None
(2, 64, 16, 53, 85, 18, 85, 36, 26), None
(0, 58, 57, 55, 79, 44, 82, 2, 44), None
(4, 38, 7, 56, 87, 63, 69, 0, 41), 18.0
(47, 97, 80, 6, 93, 24, 38, 96, 22), 16.0
(56, 94, 23, 15, 97, 88, 90, 23, 30), None
(8, 89, 72, 58, 91, 76, 43, 4, 24), 18.0
(40, 70, 85, 48, 98, 69, 47, 28, 47), None
(2, 62, 65, 53, 95, 25, 45, 44, 39), 18.0
(4, 64, 55, 60, 89, 49, 51, 31, 36), 19.0
(0, 96, 68, 18, 93, 97, 41, 27, 42), 16.0
(6, 85, 21, 50, 84, 22, 65, 4, 38), 18.0
(3, 66, 59, 9, 99, 91, 62, 49, 44), 19.0
(13, 59, 77, 62, 97, 66, 56, 2, 35), 19.0
(61, 91, 60, 55, 92, 20, 39, 10, 40), 16.0
(74, 57, 48, 52, 95, 8, 87, 72, 26), 16.0
(76, 26, 64, 87, 3, 3, 47, 85, 33), None
(1, 61, 12, 58, 86, 27, 44, 66, 29), 16.0
(11, 98, 53, 57, 81, 94, 92, 6, 38), 18.0
(5, 73, 92, 66, 90, 23, 49, 33, 23), None
(9, 87, 17, 47, 83, 78, 60, 41, 43), 15.0
(9, 86, 17, 48, 83, 78, 59, 43, 19), 17.0
(3, 82, 41, 40, 82, 84, 61, 43, 46), None
(12, 88, 20, 50, 88, 79, 52, 40, 41), None
(8, 63, 14, 52, 85, 72, 57, 41, 37), 17.0
(69, 93, 55, 64, 96, 81, 43, 47, 31), 17.0
(0, 95, 66, 92, 94, 18, 83, 25, 27), 17.0
(50, 53, 86, 85, 9, 25, 88, 29, 34), 20.0
(6, 91, 18, 89, 98, 75, 75, 38, 44), None
(2, 65, 57, 55, 92, 99, 46, 0, 21), 16.0
(10, 68, 69, 10, 96, 82, 54, 45, 40), None
(14, 89, 15, 47, 87, 86, 63, 2, 48), 20.0
(4, 99, 9, 54, 99, 21, 61, 36, 43), None
(6, 87, 51, 60, 91, 74, 10, 9, 24), 17.0
(2, 61, 62, 30, 89, 90, 42, 5, 29), 17.0
(0, 97, 60, 57, 93, 12, 86, 30, 17), 18.0
(4, 94, 54, 44, 97, 31, 59, 7, 42), 15.0
(7, 48, 19, 40, 14, 33, 58, 14, 42), None
(4, 59, 49, 5, 96, 36, 90, 8, 25), 21.0
(21, 85, 84, 47, 79, 54, 40, 34, 39), 15.0
(23, 83, 58, 47, 80, 55, 38, 35, 39), 19.0
(5, 63, 17, 42, 94, 29, 59, 7, 43), 16.0
(20, 87, 23, 43, 90, 50, 67, 12, 45), 16.0
(16, 92, 52, 46, 82, 33, 34, 34, 0), None
(88, 68, 83, 45, 48, 84, 81, 3, 37), 17.0
(12, 96, 3, 50, 53, 44, 40, 38, 36), 21.0
(26, 84, 80, 45, 77, 31, 60, 26, 22), None
(47, 93, 55, 45, 31, 27, 37, 32, 32), None
(2, 56, 87, 53, 99, 60, 85, 7, 35), 18.0
(79, 90, 12, 62, 84, 70, 50, 41, 26), 16.0
(96, 71, 53, 49, 80, 77, 36, 5, 40), 16.0
(31, 94, 56, 50, 84, 47, 39, 37, 39), None
(54, 65, 85, 13, 97, 66, 89, 22, 96), 17.0
(0, 61, 62, 56, 88, 94, 48, 81, 81), None
(9, 77, 68, 52, 86, 53, 42, 0, 99), 16.0
(18, 40, 64, 59, 83, 57, 95, 47, 38), 20.0
(7, 66, 21, 55, 91, 81, 77, 45, 46), 20.0
(8, 30, 72, 61, 86, 97, 45, 2, 57), 17.0
(15, 86, 91, 47, 82, 24, 56, 10, 60), 18.0
(59, 95, 84, 43, 5, 26, 59, 4, 42), None
(65, 99, 58, 68, 94, 30, 52, 57, 28), 18.0
(3, 80, 82, 48, 95, 41, 64, 50, 44), 17.0
(22, 90, 96, 8, 97, 86, 61, 42, 14), 20.0
(84, 63, 54, 51, 88, 91, 66, 6, 49), 15.0
(49, 36, 50, 44, 78, 28, 84, 2, 42), 19.0
(87, 63, 47, 52, 89, 91, 64, 6, 33), 18.0
(11, 85, 89, 47, 84, 22, 54, 29, 41), 18.0
(35, 96, 66, 87, 93, 19, 57, 31, 30), 17.0
(92, 45, 54, 54, 92, 89, 71, 4, 35), None
(5, 58, 56, 51, 95, 95, 67, 8, 51), None
(93, 92, 51, 40, 90, 82, 31, 34, 52), 13.0
(83, 93, 53, 81, 91, 38, 41, 27, 58), 17.0
(51, 91, 6, 90, 86, 79, 46, 0, 55), 14.0
(93, 91, 0, 93, 89, 82, 26, 0, 54), None
(96, 92, 8, 38, 87, 79, 62, 3, 47), 19.0
(52, 88, 5, 90, 87, 80, 91, 24, 56), None
(84, 89, 11, 95, 97, 85, 33, 9, 52), 18.0
(94, 98, 15, 88, 99, 77, 47, 33, 59), 16.0
(91, 97, 6, 10, 91, 16, 48, 0, 55), None
(97, 94, 51, 41, 89, 83, 31, 6, 52), 19.0
(56, 96, 61, 97, 93, 22, 29, 2, 31), 22.0
(43, 54, 4, 26, 93, 87, 44, 87, 27), None
(50, 18, 9, 58, 90, 20, 45, 0, 19), 14.0
(51, 4, 8, 57, 94, 20, 24, 2, 19), 17.0
(60, 91, 9, 89, 42, 25, 46, 39, 54), 19.0
(63, 93, 13, 91, 85, 79, 50, 60, 50), None
(47, 59, 60, 2, 90, 23, 87, 0, 17), 16.0
(50, 15, 49, 58, 91, 18, 44, 0, 20), 17.0
(55, 16, 6, 7, 82, 26, 46, 3, 40), 18.0
(53, 95, 10, 44, 84, 82, 43, 37, 24), 16.0
(49, 21, 25, 59, 22, 21, 42, 2, 30), None
(45, 82, 71, 14, 87, 61, 49, 11, 59), 14.0
(45, 85, 71, 50, 86, 50, 80, 14, 55), None
(46, 72, 70, 12, 91, 93, 46, 16, 57), None
(89, 12, 75, 15, 85, 90, 51, 13, 62), 19.0
(82, 74, 69, 14, 88, 92, 49, 53, 49), None
(43, 51, 2, 34, 87, 87, 93, 11, 22), None
(47, 34, 67, 9, 88, 88, 48, 5, 16), None
(39, 4, 17, 53, 81, 78, 32, 35, 56), 18.0
(44, 82, 74, 47, 83, 61, 84, 8, 53), 16.0
(48, 88, 64, 56, 94, 17, 44, 0, 34), 18.0
(41, 0, 57, 21, 89, 57, 40, 5, 63), None
(93, 56, 54, 45, 92, 64, 66, 10, 50), 20.0
(85, 28, 37, 16, 90, 84, 89, 8, 38), 15.0
(77, 17, 36, 20, 95, 85, 89, 31, 32), 17.0
(51, 27, 65, 11, 92, 81, 96, 12, 59), 18.0
(87, 21, 54, 18, 89, 84, 89, 7, 37), None
(1, 79, 7, 49, 85, 48, 86, 20, 11), 20.0
(57, 81, 10, 54, 78, 15, 42, 45, 35), 18.0
(4, 84, 14, 56, 82, 52, 35, 48, 44), 19.0
(91, 29, 45, 52, 87, 96, 92, 4, 48), 15.0
(99, 99, 38, 16, 87, 83, 87, 11, 27), None
(90, 36, 46, 14, 90, 63, 91, 4, 24), None
(67, 66, 63, 60, 95, 98, 49, 2, 7), 20.0
(70, 61, 68, 58, 10, 45, 46, 2, 33), 19.0
(1, 59, 59, 56, 93, 24, 52, 0, 37), None
(4, 69, 72, 85, 27, 9, 36, 44, 65), 18.0
(2, 68, 22, 91, 14, 13, 39, 76, 94), 17.0
(29, 95, 52, 84, 38, 42, 81, 35, 60), 18.0
(0, 42, 61, 36, 86, 92, 55, 7, 52), 17.0
(54, 86, 66, 46, 90, 19, 84, 46, 20), None
(52, 86, 87, 39, 6, 35, 72, 6, 45), None
(50, 92, 4, 11, 88, 5, 69, 5, 58), None
(46, 90, 78, 7, 86, 31, 54, 9, 46), None
(2, 78, 31, 55, 96, 69, 88, 10, 18), 16.0
(79, 29, 55, 52, 91, 85, 93, 55, 22), None
(49, 89, 80, 41, 84, 75, 50, 4, 26), 18.0
(18, 70, 11, 94, 1, 58, 63, 6, 43), 15.0
(6, 61, 67, 58, 99, 21, 44, 33, 28), 19.0
(17, 75, 13, 96, 0, 57, 64, 6, 43), 18.0
(14, 82, 19, 87, 19, 55, 51, 3, 56), None
(85, 18, 27, 13, 89, 89, 30, 27, 61), None
(20, 64, 11, 50, 1, 61, 47, 2, 62), None
(21, 93, 58, 95, 4, 60, 68, 7, 58), None
(92, 25, 48, 0, 92, 95, 91, 4, 36), None
(10, 48, 50, 31, 96, 67, 58, 37, 39), 16.0
(44, 32, 7, 5, 97, 24, 47, 17, 29), 17.0
(93, 28, 45, 93, 88, 81, 90, 9, 30), None
(5, 13, 15, 19, 97, 73, 85, 11, 39), 15.0
(7, 9, 57, 18, 93, 22, 99, 1, 41), 18.0
(9, 57, 61, 53, 95, 21, 42, 41, 41), None
(12, 95, 59, 56, 73, 99, 59, 1, 89), None
(41, 65, 11, 98, 11, 97, 37, 32, 54), None
(7, 63, 70, 61, 91, 94, 61, 90, 33), None
(31, 46, 16, 20, 46, 73, 86, 15, 45), None
(5, 12, 14, 47, 85, 80, 83, 8, 39), 19.0
(96, 60, 40, 16, 93, 96, 92, 40, 36), None
(89, 23, 43, 51, 80, 88, 90, 4, 49), 16.0
(13, 97, 52, 49, 80, 19, 41, 43, 40), 17.0
(62, 6, 9, 92, 97, 77, 21, 12, 43), 15.0
(63, 94, 99, 43, 82, 79, 23, 13, 41), 14.0
(59, 94, 97, 42, 82, 28, 15, 14, 41), 14.0
(61, 93, 72, 42, 84, 32, 27, 13, 42), None
(59, 62, 64, 53, 90, 90, 19, 16, 34), None
(63, 91, 98, 43, 99, 29, 44, 13, 25), 18.0
(58, 94, 76, 40, 76, 28, 11, 11, 40), None
(94, 28, 5, 43, 82, 79, 14, 18, 38), 19.0
(60, 13, 96, 37, 79, 74, 24, 11, 42), 18.0
(56, 97, 95, 45, 81, 25, 16, 51, 31), 15.0
(66, 99, 96, 54, 94, 69, 18, 14, 22), 17.0
(55, 97, 98, 45, 78, 26, 15, 51, 29), 14.0
(58, 96, 97, 42, 83, 27, 14, 50, 29), 19.0
(55, 39, 99, 94, 86, 84, 78, 10, 28), 17.0
(54, 97, 99, 6, 77, 27, 16, 58, 26), 16.0
(53, 95, 93, 42, 77, 46, 5, 14, 31), 19.0
(58, 99, 99, 46, 82, 92, 21, 53, 31), None
(56, 97, 95, 44, 81, 24, 19, 56, 35), None
(24, 83, 98, 38, 79, 51, 23, 19, 28), 16.0
(51, 94, 93, 41, 60, 80, 15, 48, 46), 20.0
(64, 19, 34, 19, 2, 56, 86, 9, 37), None
(60, 87, 97, 70, 79, 86, 13, 54, 55), 14.0
(57, 97, 94, 44, 74, 25, 8, 54, 24), 18.0
(62, 94, 97, 39, 75, 23, 13, 54, 55), 16.0
(59, 90, 98, 48, 79, 86, 12, 3, 53), 19.0
(60, 53, 97, 25, 8, 88, 96, 56, 48), 18.0
(91, 69, 95, 75, 87, 93, 10, 5, 51), 14.0
(55, 70, 94, 71, 86, 82, 13, 50, 51), None
(60, 72, 96, 88, 84, 83, 12, 52, 52), None
(62, 10, 92, 74, 83, 77, 19, 12, 56), 18.0
(18, 67, 99, 69, 88, 64, 9, 52, 50), 18.0
(22, 50, 97, 65, 51, 55, 8, 7, 83), 16.0
(64, 92, 95, 74, 88, 90, 9, 0, 54), 18.0
(59, 92, 96, 76, 78, 29, 17, 0, 33), 16.0
(48, 91, 99, 10, 35, 27, 6, 22, 57), 20.0
(62, 20, 91, 23, 90, 76, 15, 15, 53), None
(92, 34, 99, 71, 30, 86, 12, 5, 51), 15.0
(73, 75, 73, 80, 81, 94, 11, 2, 57), None
(53, 44, 99, 67, 29, 87, 11, 57, 52), 18.0
(51, 88, 95, 17, 25, 92, 83, 11, 28), 18.0
(65, 4, 10, 83, 86, 78, 21, 13, 48), 17.0
(86, 98, 93, 15, 89, 84, 89, 7, 25), None
(91, 33, 44, 78, 92, 14, 94, 4, 26), 19.0
(57, 87, 61, 62, 82, 82, 28, 41, 32), None
(57, 89, 56, 50, 76, 89, 39, 2, 15), None
(55, 55, 58, 70, 21, 23, 15, 61, 54), None
(55, 96, 97, 77, 58, 26, 16, 55, 30), None
(46, 99, 89, 8, 85, 26, 48, 23, 23), None
(47, 93, 91, 12, 95, 29, 82, 26, 19), 18.0
(57, 97, 95, 44, 80, 72, 85, 15, 27), 20.0
(88, 29, 94, 27, 89, 84, 87, 9, 49), 14.0
(94, 63, 63, 29, 16, 86, 33, 79, 50), None
(92, 30, 95, 34, 87, 80, 88, 4, 55), 18.0
(89, 95, 94, 91, 3, 65, 17, 51, 59), 16.0
(88, 85, 2, 26, 79, 83, 10, 9, 46), 16.0
(89, 84, 96, 32, 68, 81, 0, 8, 47), 15.0
(88, 41, 97, 63, 88, 98, 85, 68, 52), None
(90, 95, 91, 40, 66, 81, 25, 9, 48), 18.0
(87, 89, 18, 72, 84, 87, 3, 5, 51), None
(0, 38, 97, 23, 92, 82, 0, 12, 29), None
(4, 46, 16, 64, 90, 68, 86, 11, 37), 20.0
(94, 31, 6, 93, 86, 85, 14, 59, 48), 18.0
(60, 11, 20, 59, 94, 96, 84, 10, 35), 16.0
(59, 99, 94, 46, 90, 83, 80, 6, 58), 17.0
(49, 71, 8, 86, 5, 17, 87, 6, 44), 16.0
(2, 64, 69, 61, 93, 93, 66, 71, 54), None
(2, 67, 62, 28, 92, 91, 7, 65, 32), 17.0
(7, 69, 7, 43, 83, 80, 30, 7, 44), None
(4, 93, 99, 99, 0, 66, 63, 9, 56), None
(34, 86, 77, 67, 89, 11, 45, 2, 39), 20.0
(26, 82, 75, 2, 80, 23, 44, 17, 13), 18.0
(63, 1, 3, 90, 83, 77, 22, 13, 42), 14.0
(62, 22, 5, 58, 92, 76, 27, 15, 78), 16.0
(38, 24, 70, 89, 88, 89, 18, 4, 60), None
(65, 37, 3, 89, 78, 85, 22, 13, 36), 19.0
(61, 77, 3, 81, 84, 79, 52, 1, 45), 18.0
(67, 87, 2, 87, 83, 79, 14, 0, 41), None
(63, 7, 66, 69, 44, 1, 20, 49, 62), 18.0
(54, 80, 94, 85, 81, 47, 13, 17, 31), 20.0
(91, 35, 99, 72, 87, 85, 12, 8, 52), 16.0
(69, 26, 29, 14, 90, 84, 88, 13, 40), 16.0
(98, 96, 97, 49, 89, 88, 75, 6, 50), None
(62, 0, 0, 90, 85, 75, 22, 10, 27), None
(53, 97, 93, 67, 81, 19, 16, 20, 29), 18.0
(58, 73, 7, 97, 7, 62, 83, 4, 22), None
(90, 83, 96, 35, 68, 81, 31, 9, 46), 18.0
(61, 90, 0, 91, 78, 77, 87, 12, 38), 18.0
(59, 15, 36, 21, 91, 84, 91, 15, 33), None
(66, 42, 71, 45, 94, 59, 37, 8, 36), 18.0
(64, 51, 50, 27, 71, 78, 85, 11, 33), 18.0
(95, 32, 98, 72, 31, 86, 9, 3, 54), 18.0
(64, 8, 5, 94, 76, 77, 26, 12, 43), 14.0
(42, 1, 3, 5, 85, 82, 24, 55, 57), 15.0
(44, 5, 5, 95, 86, 75, 27, 13, 59), None
(64, 26, 45, 90, 87, 96, 93, 10, 47), 20.0
(93, 48, 47, 92, 88, 96, 25, 3, 50), 16.0
(60, 18, 5, 88, 84, 2, 24, 52, 61), 16.0
(64, 2, 2, 92, 72, 89, 20, 16, 55), None
(68, 3, 8, 92, 75, 81, 19, 8, 46), None
(62, 67, 67, 56, 82, 92, 26, 56, 40), None
(56, 9, 9, 79, 81, 78, 23, 13, 31), None
(18, 66, 68, 94, 76, 94, 29, 6, 9), None
(66, 68, 9, 54, 2, 91, 62, 18, 42), 15.0
(59, 99, 93, 40, 86, 99, 81, 15, 88), None
(61, 94, 56, 48, 80, 71, 88, 11, 27), 16.0
(71, 7, 13, 22, 90, 73, 71, 10, 2), None
(52, 12, 4, 37, 91, 75, 85, 12, 49), None
(52, 83, 95, 33, 78, 80, 1, 8, 26), 18.0
(50, 6, 92, 30, 69, 81, 21, 5, 47), 17.0
(62, 6, 5, 96, 96, 76, 23, 15, 29), None
(57, 57, 62, 56, 94, 70, 33, 0, 16), None
(29, 96, 1, 42, 86, 78, 88, 53, 56), 18.0
(10, 65, 18, 86, 55, 11, 26, 54, 60), 17.0
(92, 31, 99, 69, 20, 85, 11, 2, 52), 14.0
(94, 31, 99, 75, 16, 83, 9, 2, 53), 16.0
(43, 1, 3, 68, 84, 87, 25, 2, 57), 19.0
(92, 92, 59, 73, 18, 86, 11, 0, 54), None
(96, 93, 97, 42, 13, 33, 10, 5, 43), 17.0
Sampler:BoTorchSampler
(93, 38, 78, 47, 17, 96, 60, 31, 35), 18.0
(89, 41, 37, 68, 77, 71, 74, 56, 64), 19.0
(94, 31, 62, 99, 48, 50, 71, 72, 84), 17.0
(55, 58, 39, 96, 13, 5, 42, 64, 44), 18.0
(99, 2, 70, 7, 31, 75, 15, 79, 21), 16.0
(73, 43, 61, 2, 25, 81, 60, 51, 43), None
(80, 10, 52, 59, 77, 98, 85, 84, 54), 14.0
(0, 71, 73, 33, 96, 17, 40, 23, 26), 18.0
(75, 8, 9, 63, 11, 52, 26, 47, 87), 20.0
(64, 20, 62, 3, 77, 98, 67, 41, 72), 18.0
(32, 53, 72, 75, 6, 8, 49, 30, 23), 20.0
(80, 2, 58, 58, 75, 44, 86, 92, 51), None
(80, 2, 58, 58, 75, 1, 86, 92, 51), None
(80, 2, 58, 58, 75, 37, 86, 92, 51), None
(80, 2, 58, 58, 75, 9, 86, 92, 51), None
(80, 2, 58, 58, 75, 67, 86, 92, 51), None
(80, 2, 58, 58, 75, 87, 86, 92, 51), None
(80, 2, 58, 58, 75, 69, 86, 92, 51), None
(80, 2, 58, 58, 75, 66, 86, 92, 51), None
(80, 2, 58, 58, 75, 23, 86, 92, 51), None
(80, 2, 58, 58, 75, 41, 86, 92, 51), None
(80, 2, 58, 58, 75, 7, 86, 92, 51), None
(80, 2, 58, 58, 75, 64, 86, 92, 51), None
(80, 2, 58, 58, 75, 42, 86, 92, 51), None
(80, 2, 58, 58, 75, 97, 86, 93, 51), None
(80, 2, 58, 58, 75, 91, 86, 92, 51), None
(80, 2, 58, 58, 75, 6, 86, 93, 51), None
(80, 2, 58, 58, 75, 93, 86, 92, 51), None
(80, 2, 58, 58, 75, 36, 86, 92, 51), None
(80, 2, 58, 58, 75, 53, 86, 92, 51), None
(80, 2, 58, 58, 75, 73, 86, 92, 51), None
(80, 2, 58, 58, 75, 50, 86, 92, 51), None
(80, 2, 58, 58, 75, 20, 86, 92, 51), None
(80, 2, 58, 58, 75, 54, 86, 92, 51), None
(80, 2, 58, 58, 75, 63, 86, 92, 51), None
(80, 2, 58, 58, 75, 10, 86, 92, 51), None
(80, 2, 58, 58, 75, 59, 86, 92, 51), None
(80, 2, 58, 58, 75, 28, 86, 92, 51), None
(80, 2, 58, 58, 75, 30, 86, 92, 51), None
(80, 2, 58, 58, 75, 34, 86, 92, 51), None
(80, 2, 58, 58, 75, 8, 86, 92, 51), None
(80, 2, 58, 58, 75, 68, 86, 93, 51), None
(80, 2, 58, 58, 75, 72, 86, 92, 51), None
(80, 2, 58, 58, 75, 39, 86, 92, 51), None
(80, 2, 58, 58, 75, 24, 86, 92, 51), None
(80, 2, 58, 58, 75, 33, 86, 92, 51), None
(80, 2, 58, 58, 75, 77, 86, 92, 51), None
(80, 2, 58, 58, 75, 0, 86, 93, 51), None
(80, 2, 58, 58, 75, 99, 86, 93, 51), None
(80, 2, 57, 58, 75, 75, 86, 92, 51), None
(80, 2, 58, 58, 75, 25, 86, 92, 51), None
(80, 2, 58, 58, 75, 86, 86, 92, 51), None
(80, 2, 58, 58, 75, 48, 86, 92, 51), None
(80, 2, 58, 58, 75, 49, 86, 92, 51), None
(80, 2, 58, 58, 75, 44, 86, 93, 51), None
(80, 2, 58, 58, 75, 61, 86, 93, 51), None
(80, 2, 58, 58, 75, 96, 86, 92, 51), None
(80, 2, 58, 58, 75, 22, 86, 92, 51), None
(80, 2, 58, 58, 75, 58, 86, 92, 51), None
(80, 2, 58, 58, 75, 75, 86, 92, 51), None
(80, 2, 58, 58, 75, 52, 86, 92, 51), None
(80, 2, 58, 58, 75, 14, 86, 92, 51), None
(80, 2, 58, 58, 75, 89, 86, 93, 51), None
(80, 2, 58, 58, 75, 97, 86, 92, 51), None
(80, 2, 58, 58, 75, 19, 86, 92, 51), None
(80, 2, 58, 58, 75, 81, 86, 92, 51), None
(80, 2, 58, 58, 75, 12, 86, 92, 51), None
(80, 2, 58, 58, 75, 92, 86, 92, 51), None
(80, 2, 58, 58, 75, 40, 86, 92, 51), None
(80, 2, 58, 58, 75, 31, 86, 92, 51), None
(80, 2, 57, 58, 75, 6, 86, 92, 51), 16.0
(80, 3, 57, 58, 75, 90, 86, 92, 51), 17.0
(71, 11, 43, 61, 89, 28, 96, 78, 58), 17.0
(70, 10, 42, 61, 90, 35, 97, 78, 59), 15.0
(69, 8, 41, 61, 92, 92, 99, 78, 60), None
(68, 8, 41, 61, 92, 92, 99, 78, 60), None
(69, 8, 42, 61, 91, 92, 98, 78, 60), 16.0
(79, 17, 40, 47, 87, 92, 81, 84, 40), None
(79, 17, 40, 46, 87, 50, 81, 84, 40), None
(79, 17, 40, 46, 87, 33, 81, 84, 40), None
(79, 17, 40, 46, 87, 94, 81, 84, 40), None
(79, 17, 40, 46, 87, 79, 81, 84, 39), None
(79, 17, 40, 46, 87, 38, 81, 84, 40), None
(79, 17, 40, 46, 87, 98, 81, 84, 40), None
(79, 17, 39, 46, 87, 54, 81, 84, 39), None
(79, 17, 40, 46, 87, 6, 81, 84, 40), None
(79, 17, 39, 46, 87, 55, 81, 84, 39), None
(79, 13, 38, 43, 89, 78, 81, 84, 43), None
(79, 17, 39, 45, 87, 65, 80, 84, 38), 18.0
(79, 10, 62, 74, 73, 60, 94, 79, 74), None
(79, 10, 61, 73, 73, 99, 93, 79, 72), None
(79, 10, 62, 74, 73, 45, 94, 79, 73), None
(79, 10, 62, 73, 73, 54, 94, 79, 73), None
(79, 10, 61, 73, 73, 23, 93, 79, 73), None
(79, 10, 62, 74, 73, 22, 94, 80, 74), None
(79, 10, 61, 73, 73, 94, 93, 79, 72), None
(79, 10, 61, 73, 73, 97, 93, 79, 73), None
(79, 10, 61, 73, 73, 84, 93, 79, 72), None
(79, 10, 61, 73, 73, 77, 93, 79, 72), None
(79, 10, 62, 74, 73, 78, 94, 79, 73), None
(79, 10, 61, 73, 73, 65, 93, 79, 72), None
(79, 10, 62, 74, 73, 11, 94, 79, 73), None
(79, 10, 61, 73, 73, 21, 93, 79, 72), None
(79, 10, 62, 74, 73, 73, 94, 79, 73), None
(79, 10, 61, 73, 73, 48, 93, 79, 73), None
(79, 10, 61, 73, 73, 22, 93, 79, 72), None
(79, 10, 61, 73, 73, 18, 93, 79, 72), None
(79, 10, 62, 73, 73, 81, 93, 79, 73), None
(79, 10, 64, 75, 73, 23, 95, 80, 75), None
(79, 10, 62, 74, 73, 18, 94, 79, 73), None
(79, 10, 62, 73, 73, 71, 94, 79, 73), None
(79, 10, 61, 73, 73, 92, 93, 79, 72), None
(79, 10, 61, 73, 73, 49, 93, 79, 72), None
(79, 10, 61, 73, 73, 80, 93, 79, 72), None
(79, 10, 61, 73, 73, 58, 93, 79, 72), None
(79, 10, 61, 73, 73, 4, 93, 79, 72), None
(79, 10, 61, 73, 73, 70, 93, 79, 72), None
(79, 10, 61, 73, 73, 43, 93, 79, 73), None
(79, 10, 61, 73, 73, 5, 93, 79, 73), None
(79, 10, 62, 73, 73, 7, 93, 79, 73), None
(79, 10, 62, 74, 73, 69, 94, 79, 73), None
(79, 10, 61, 73, 73, 79, 93, 79, 72), None
(79, 10, 61, 73, 73, 3, 93, 79, 72), None
(79, 10, 62, 73, 73, 70, 94, 79, 73), None
(79, 10, 61, 73, 73, 25, 93, 79, 72), None
(79, 10, 61, 73, 73, 54, 93, 79, 72), None
(79, 10, 61, 73, 73, 98, 93, 79, 72), None
(79, 10, 62, 74, 73, 89, 94, 79, 73), None
(79, 10, 61, 73, 73, 19, 93, 79, 72), None
(79, 10, 62, 74, 73, 91, 94, 79, 73), None
(79, 10, 61, 73, 73, 6, 93, 79, 72), None
(79, 10, 61, 73, 73, 37, 93, 79, 72), None
(79, 10, 62, 73, 73, 92, 94, 79, 73), None
(79, 10, 62, 73, 73, 14, 94, 79, 73), None
(79, 10, 63, 74, 73, 1, 94, 79, 74), None
(79, 10, 61, 73, 73, 88, 93, 79, 73), None
(79, 10, 63, 74, 73, 64, 94, 80, 74), None
(79, 10, 62, 74, 73, 37, 94, 79, 74), None
(79, 10, 62, 74, 73, 92, 94, 79, 73), None
(79, 10, 61, 73, 73, 2, 93, 79, 72), None
(79, 10, 61, 73, 73, 44, 93, 79, 72), None
(79, 10, 62, 74, 73, 22, 94, 79, 73), None
(79, 10, 61, 73, 73, 85, 93, 79, 72), None
(79, 10, 62, 74, 73, 47, 94, 79, 73), None
(79, 10, 61, 73, 73, 17, 93, 79, 72), None
(79, 10, 62, 73, 73, 80, 93, 79, 73), None
(79, 10, 61, 73, 73, 23, 93, 79, 72), None
(79, 10, 61, 73, 73, 69, 93, 79, 72), None
(79, 10, 61, 73, 73, 16, 93, 79, 72), None
(79, 10, 61, 73, 73, 29, 93, 79, 72), None
(79, 10, 61, 73, 73, 7, 93, 79, 72), None
(79, 10, 62, 73, 73, 63, 94, 79, 73), None
(79, 10, 61, 73, 73, 24, 93, 79, 72), None
(79, 10, 61, 73, 73, 61, 93, 79, 72), None
(79, 10, 61, 73, 73, 13, 93, 79, 72), None
(79, 10, 62, 74, 73, 10, 94, 79, 73), None
(79, 10, 61, 73, 73, 68, 93, 79, 72), None
(79, 10, 61, 73, 73, 82, 93, 79, 72), None
(79, 10, 62, 73, 73, 84, 94, 79, 73), None
(79, 10, 62, 73, 73, 12, 94, 79, 73), None
(79, 10, 62, 74, 73, 29, 94, 79, 73), None
(79, 10, 61, 73, 73, 55, 93, 79, 72), None
(79, 10, 61, 73, 73, 11, 93, 79, 72), None
(79, 10, 63, 74, 73, 36, 94, 79, 74), None
(79, 10, 62, 74, 73, 33, 94, 79, 73), None
(79, 10, 62, 73, 73, 13, 94, 79, 73), None
(79, 10, 62, 74, 73, 8, 94, 79, 73), None
(79, 10, 61, 73, 73, 57, 93, 79, 72), None
(79, 10, 61, 73, 73, 5, 93, 79, 72), None
(79, 10, 61, 73, 73, 72, 93, 79, 72), None
(79, 10, 61, 73, 73, 43, 93, 79, 72), None
(79, 10, 61, 73, 73, 93, 93, 79, 72), None
(79, 10, 61, 73, 73, 56, 93, 79, 72), None
(79, 10, 62, 74, 73, 30, 94, 79, 73), None
(79, 10, 62, 74, 73, 21, 94, 79, 73), None
(79, 10, 63, 74, 73, 10, 95, 80, 74), None
(79, 10, 61, 73, 73, 41, 93, 79, 72), None
(79, 10, 61, 73, 73, 35, 93, 79, 72), None
(79, 10, 61, 73, 73, 51, 93, 79, 72), None
(79, 10, 61, 73, 73, 50, 93, 79, 72), None
(79, 10, 62, 73, 73, 37, 94, 79, 73), None
(79, 10, 61, 73, 73, 46, 93, 79, 72), None
(79, 10, 62, 73, 73, 3, 94, 79, 73), None
(79, 10, 61, 73, 73, 31, 93, 79, 72), None
(79, 10, 62, 74, 73, 63, 94, 79, 73), None
(79, 10, 62, 73, 73, 56, 94, 79, 73), None
(79, 10, 62, 73, 73, 64, 94, 79, 73), None
(79, 10, 61, 73, 73, 81, 93, 79, 73), None
(79, 10, 62, 74, 73, 75, 94, 79, 73), None
(79, 10, 62, 74, 73, 60, 94, 79, 73), None
(79, 10, 61, 73, 73, 48, 93, 79, 72), None
(79, 10, 62, 74, 73, 90, 94, 79, 73), None
(79, 10, 63, 74, 73, 32, 95, 80, 74), None
(79, 10, 62, 74, 73, 19, 94, 79, 73), None
(79, 10, 62, 73, 73, 95, 94, 79, 73), None
(79, 10, 64, 75, 73, 90, 95, 80, 75), None
(75, 2, 61, 74, 78, 67, 22, 82, 76), 16.0
(75, 5, 58, 73, 81, 71, 71, 80, 72), None
(75, 5, 58, 73, 81, 93, 71, 80, 72), 16.0
(69, 0, 58, 72, 82, 51, 86, 89, 79), 18.0
(88, 3, 57, 75, 73, 9, 94, 67, 48), 19.0
(72, 11, 59, 61, 61, 72, 88, 74, 55), None
(73, 11, 58, 61, 62, 72, 89, 74, 56), 18.0
(87, 15, 42, 58, 86, 63, 72, 83, 55), 17.0
(80, 93, 37, 83, 83, 7, 58, 3, 28), None
(90, 12, 42, 58, 88, 40, 68, 84, 59), 14.0
(86, 15, 37, 56, 93, 39, 78, 80, 53), 18.0
(96, 2, 49, 55, 88, 36, 41, 97, 68), 17.0
(12, 39, 5, 60, 5, 4, 21, 35, 97), None
(41, 51, 9, 92, 20, 37, 4, 0, 12), 19.0
(68, 46, 4, 88, 79, 16, 39, 78, 53), 14.0
(70, 36, 13, 83, 84, 18, 41, 86, 58), 17.0
(28, 50, 45, 87, 40, 77, 92, 66, 65), 14.0
(34, 30, 76, 89, 57, 22, 65, 73, 96), 19.0
(25, 48, 42, 89, 45, 89, 95, 73, 63), None
(25, 48, 42, 89, 44, 88, 95, 73, 63), 19.0
(46, 19, 81, 87, 87, 69, 53, 88, 71), None
(66, 15, 97, 63, 16, 0, 28, 54, 7), 17.0
(3, 75, 2, 89, 84, 87, 31, 14, 32), 16.0
(50, 0, 55, 43, 40, 67, 4, 84, 82), 17.0
(66, 24, 81, 82, 94, 63, 3, 7, 56), 14.0
(17, 59, 48, 56, 33, 32, 18, 86, 6), 18.0
(44, 56, 57, 30, 29, 23, 78, 91, 36), 16.0
(40, 60, 65, 45, 25, 58, 84, 80, 60), None
(70, 16, 95, 2, 49, 92, 73, 41, 27), 19.0
(89, 54, 16, 32, 63, 62, 97, 66, 70), 16.0
(10, 24, 61, 32, 19, 27, 26, 75, 41), 16.0
(51, 94, 75, 17, 95, 58, 75, 47, 59), None
(73, 14, 88, 91, 96, 93, 9, 73, 70), None
(78, 35, 69, 43, 64, 78, 59, 62, 70), None
(51, 44, 16, 26, 71, 91, 83, 55, 97), 17.0
(31, 26, 70, 23, 71, 43, 61, 90, 16), 16.0
(31, 91, 76, 17, 81, 9, 98, 28, 96), 14.0
(79, 12, 49, 28, 43, 10, 98, 83, 65), 18.0
(97, 87, 97, 20, 98, 54, 50, 89, 44), None
(67, 19, 81, 85, 85, 65, 0, 15, 58), None
(1, 5, 69, 90, 86, 49, 33, 54, 18), 18.0
(41, 93, 26, 19, 75, 88, 95, 54, 8), 17.0
(53, 79, 11, 22, 21, 58, 6, 64, 5), 19.0
(60, 55, 29, 97, 81, 57, 66, 75, 74), 18.0
(91, 8, 30, 50, 86, 94, 36, 67, 21), 16.0
(59, 60, 3, 55, 30, 30, 70, 11, 95), None
(69, 7, 40, 5, 33, 89, 32, 51, 23), 19.0
(10, 57, 88, 77, 9, 67, 54, 59, 50), 20.0
(89, 37, 80, 77, 60, 88, 16, 98, 75), 17.0
(52, 45, 27, 38, 78, 72, 53, 4, 78), None
(97, 36, 51, 79, 60, 98, 49, 54, 41), 17.0
(50, 43, 25, 28, 7, 66, 99, 35, 82), 19.0
(59, 47, 48, 17, 50, 62, 91, 39, 2), 18.0
(34, 99, 8, 20, 58, 16, 15, 80, 99), None
(22, 57, 53, 71, 84, 23, 30, 19, 88), 16.0
(30, 0, 57, 14, 13, 68, 38, 68, 18), None
(75, 87, 48, 38, 11, 90, 0, 75, 97), None
(16, 31, 24, 68, 34, 22, 56, 87, 60), 17.0
(41, 84, 70, 42, 79, 52, 34, 4, 65), 18.0
(84, 72, 78, 54, 10, 97, 60, 49, 68), 16.0
(21, 93, 32, 27, 79, 51, 23, 3, 77), 19.0
(72, 22, 34, 63, 34, 78, 91, 95, 73), None
(21, 47, 41, 26, 63, 29, 6, 75, 74), 20.0
(86, 32, 25, 32, 35, 22, 51, 34, 73), None
(30, 39, 81, 48, 97, 47, 52, 73, 8), 19.0
(35, 36, 53, 56, 1, 57, 65, 96, 31), 20.0
(40, 14, 0, 47, 18, 22, 76, 32, 22), None
(49, 22, 34, 13, 4, 99, 29, 95, 78), 18.0
(29, 0, 6, 26, 35, 18, 53, 87, 64), 19.0
(29, 58, 61, 11, 24, 94, 27, 7, 76), 17.0
(27, 3, 90, 53, 58, 85, 92, 51, 96), 18.0
(45, 77, 32, 86, 85, 95, 23, 63, 60), 20.0
(43, 72, 35, 93, 42, 94, 46, 22, 58), 21.0
(49, 63, 53, 1, 47, 33, 67, 77, 13), 15.0
(14, 20, 22, 22, 62, 6, 42, 34, 99), None
(19, 81, 6, 12, 23, 96, 32, 55, 17), 15.0
(22, 80, 76, 69, 88, 73, 21, 88, 51), None
(85, 1, 15, 62, 37, 87, 65, 48, 43), 21.0
(37, 89, 0, 63, 39, 68, 24, 39, 55), None
(49, 66, 1, 63, 97, 99, 99, 26, 73), None
(61, 77, 67, 13, 80, 28, 98, 45, 37), 18.0
(26, 2, 4, 5, 57, 11, 92, 48, 69), 19.0
(28, 41, 33, 98, 31, 28, 69, 55, 78), None
(75, 95, 65, 23, 50, 8, 61, 92, 40), 17.0
(36, 10, 17, 27, 24, 88, 18, 76, 86), 18.0
(51, 90, 41, 6, 21, 92, 5, 78, 92), None
(84, 45, 19, 3, 47, 1, 59, 31, 79), 18.0
(22, 70, 62, 92, 46, 42, 77, 71, 1), 17.0
(39, 86, 7, 52, 73, 92, 18, 55, 4), 19.0
(29, 89, 67, 31, 38, 86, 69, 42, 39), 18.0
(61, 50, 17, 84, 81, 83, 57, 93, 15), 18.0
(21, 42, 24, 76, 99, 80, 52, 71, 40), 14.0
(93, 33, 18, 6, 64, 73, 11, 90, 77), 18.0
(2, 31, 40, 69, 18, 34, 91, 66, 90), 20.0
(0, 13, 51, 19, 40, 35, 29, 35, 40), None
(95, 9, 73, 89, 86, 65, 64, 95, 68), None
(95, 59, 46, 68, 16, 34, 89, 73, 41), 20.0
(96, 76, 78, 15, 33, 59, 76, 23, 9), None
(85, 59, 0, 94, 58, 7, 28, 5, 70), 19.0
(6, 55, 43, 46, 52, 19, 57, 24, 77), 20.0
(37, 27, 16, 86, 40, 62, 28, 89, 10), 14.0
(51, 93, 55, 10, 22, 51, 38, 80, 8), None
(70, 54, 95, 15, 24, 38, 55, 72, 57), 20.0
(90, 6, 63, 98, 41, 36, 94, 15, 70), 18.0
(33, 22, 24, 74, 96, 73, 55, 77, 45), 19.0
(45, 55, 78, 79, 71, 93, 57, 40, 67), 16.0
(18, 9, 90, 40, 40, 21, 83, 79, 47), None
(33, 81, 61, 93, 40, 85, 60, 55, 16), 19.0
(95, 26, 14, 71, 75, 81, 8, 87, 86), 16.0
(71, 6, 26, 64, 94, 13, 43, 67, 62), 16.0
(22, 52, 33, 15, 89, 1, 77, 9, 34), 19.0
(32, 54, 21, 31, 50, 52, 23, 72, 78), 15.0
(72, 16, 12, 89, 32, 92, 68, 16, 24), None
(32, 77, 20, 98, 15, 36, 67, 4, 79), 14.0
(30, 67, 7, 76, 74, 89, 20, 11, 66), 20.0
(4, 39, 32, 33, 85, 83, 67, 2, 78), 19.0
(98, 33, 37, 53, 93, 39, 13, 48, 13), None
(0, 60, 11, 35, 42, 45, 5, 84, 96), 15.0
(75, 63, 78, 66, 9, 9, 0, 38, 24), None
(43, 75, 33, 67, 4, 59, 23, 63, 90), 19.0
(12, 51, 21, 3, 76, 30, 82, 17, 47), 17.0
(66, 38, 32, 15, 24, 36, 14, 86, 38), None
(52, 87, 28, 8, 16, 49, 56, 43, 82), 18.0
(38, 29, 28, 96, 42, 57, 22, 80, 15), 16.0
(20, 77, 83, 23, 89, 73, 46, 24, 56), 19.0
(50, 27, 77, 0, 74, 97, 85, 21, 24), 18.0
(36, 28, 74, 33, 11, 20, 17, 77, 23), 17.0
(12, 1, 80, 33, 93, 92, 99, 83, 89), 16.0
(91, 41, 9, 98, 95, 10, 68, 36, 90), 18.0
(56, 7, 91, 46, 36, 46, 34, 47, 55), None
(6, 36, 61, 96, 48, 54, 22, 33, 60), 18.0
(33, 84, 50, 81, 26, 18, 92, 34, 92), None
(46, 29, 11, 82, 55, 46, 27, 92, 26), None
(21, 52, 37, 46, 83, 6, 64, 81, 84), 19.0
(39, 63, 57, 88, 67, 25, 89, 45, 15), 17.0
(39, 18, 70, 59, 3, 60, 11, 15, 6), 18.0
(93, 89, 48, 1, 82, 66, 68, 84, 48), None
(56, 15, 67, 20, 57, 56, 40, 45, 96), None
(63, 17, 64, 43, 81, 18, 38, 54, 79), 19.0
(58, 27, 36, 46, 60, 66, 65, 81, 16), 15.0
(11, 75, 18, 39, 34, 99, 36, 85, 53), 16.0
(51, 97, 18, 61, 33, 7, 27, 40, 32), 17.0
(23, 53, 16, 51, 70, 39, 50, 37, 67), 17.0
(34, 77, 78, 61, 90, 29, 3, 86, 19), 17.0
(14, 29, 18, 31, 48, 7, 18, 11, 9), None
(76, 4, 79, 6, 47, 89, 49, 56, 4), None
(34, 73, 71, 79, 36, 36, 39, 66, 55), None
(52, 76, 89, 86, 65, 76, 70, 14, 44), None
(25, 7, 3, 78, 21, 21, 12, 3, 17), None
(9, 72, 2, 44, 57, 3, 38, 72, 21), None
(91, 62, 0, 70, 25, 40, 60, 95, 56), 20.0
(23, 78, 93, 86, 12, 20, 53, 46, 79), 19.0
(27, 54, 77, 96, 10, 14, 28, 37, 90), 16.0
(92, 72, 51, 64, 88, 48, 42, 30, 80), 17.0
(92, 21, 77, 16, 33, 33, 69, 66, 9), None
(45, 75, 92, 90, 65, 15, 95, 56, 10), 16.0
(33, 42, 84, 26, 97, 46, 36, 79, 98), 19.0
(64, 64, 87, 60, 45, 37, 53, 26, 46), None
(36, 59, 98, 5, 16, 47, 24, 93, 21), 20.0
(44, 60, 10, 41, 89, 28, 80, 69, 80), None
(80, 70, 42, 20, 70, 29, 16, 87, 52), None
(82, 92, 45, 3, 39, 17, 9, 98, 75), 17.0
(65, 32, 15, 36, 68, 59, 62, 54, 92), 18.0
(43, 28, 24, 67, 53, 59, 39, 91, 17), 16.0
(79, 49, 93, 92, 26, 10, 67, 10, 92), None
(10, 21, 77, 22, 33, 11, 69, 48, 89), 17.0
(72, 87, 8, 44, 85, 96, 76, 40, 62), 14.0
(33, 88, 5, 86, 0, 2, 89, 59, 22), 17.0
(2, 62, 8, 78, 3, 88, 2, 78, 59), None
(90, 23, 35, 21, 89, 68, 39, 69, 13), 16.0
(95, 38, 36, 22, 15, 52, 73, 30, 88), 18.0
(78, 52, 79, 38, 25, 27, 63, 42, 68), 18.0
(61, 19, 26, 78, 0, 52, 51, 25, 57), 18.0
(51, 22, 28, 84, 49, 59, 38, 12, 43), 18.0
(10, 22, 72, 39, 29, 95, 1, 58, 93), 15.0
(81, 87, 86, 57, 71, 94, 93, 63, 13), 16.0
(21, 74, 89, 9, 57, 51, 13, 84, 49), 18.0
(31, 77, 76, 57, 9, 97, 85, 7, 25), 16.0
(1, 25, 1, 58, 99, 19, 83, 50, 61), None
(39, 14, 41, 58, 72, 73, 88, 35, 86), 16.0
(9, 38, 82, 20, 8, 72, 14, 78, 43), 18.0
(0, 64, 99, 65, 72, 0, 93, 38, 50), None
(78, 3, 83, 99, 19, 71, 8, 64, 31), 16.0
(12, 19, 17, 37, 8, 66, 62, 37, 70), None
(57, 44, 57, 51, 28, 85, 11, 65, 7), None
(87, 90, 41, 55, 65, 63, 18, 45, 52), 18.0
(11, 91, 87, 38, 6, 3, 8, 93, 78), 18.0
(18, 45, 29, 33, 69, 91, 38, 6, 47), 17.0
(41, 45, 72, 8, 93, 11, 29, 16, 92), 18.0
(71, 65, 47, 80, 85, 2, 73, 86, 29), 17.0
(31, 36, 13, 29, 52, 34, 30, 79, 33), 14.0
(86, 85, 69, 93, 7, 34, 85, 61, 17), None
(35, 34, 55, 67, 19, 58, 35, 55, 1), None
(62, 21, 85, 66, 62, 43, 84, 85, 47), None
(94, 67, 19, 12, 66, 35, 38, 83, 70), 19.0
(92, 54, 41, 37, 9, 1, 68, 0, 46), 19.0
(11, 63, 55, 86, 61, 95, 68, 74, 91), 16.0
(98, 75, 12, 13, 96, 85, 95, 52, 74), 17.0
(74, 14, 23, 83, 11, 63, 91, 32, 13), 17.0
(76, 61, 88, 48, 13, 3, 78, 82, 97), 17.0
(7, 23, 50, 17, 12, 73, 70, 10, 0), 19.0
(74, 74, 2, 70, 0, 10, 43, 17, 83), None
(60, 3, 88, 20, 87, 11, 21, 16, 77), 21.0
(92, 20, 57, 57, 38, 36, 43, 51, 1), None
(35, 1, 96, 20, 52, 38, 41, 96, 76), None
(82, 8, 84, 99, 27, 58, 35, 52, 16), 17.0
(33, 47, 91, 30, 75, 20, 53, 15, 6), 20.0
(41, 88, 37, 35, 18, 9, 2, 97, 5), 18.0
(64, 2, 95, 0, 28, 83, 15, 49, 96), 17.0
(99, 75, 48, 16, 55, 6, 95, 34, 35), 16.0
(31, 44, 91, 99, 16, 80, 33, 1, 92), 12.0
(57, 89, 40, 80, 74, 44, 48, 47, 10), 14.0
(54, 57, 73, 85, 95, 72, 84, 77, 30), 20.0
(71, 85, 18, 29, 16, 39, 73, 91, 56), 16.0
(49, 23, 59, 76, 85, 11, 34, 93, 50), 20.0
(43, 86, 36, 79, 91, 33, 59, 48, 45), 16.0
(92, 95, 32, 0, 46, 36, 77, 80, 64), 18.0
(88, 36, 70, 53, 18, 83, 82, 35, 28), 20.0
(76, 63, 79, 83, 31, 34, 4, 15, 29), 16.0
(42, 97, 99, 24, 61, 31, 79, 14, 23), 19.0
(19, 83, 39, 2, 22, 28, 28, 56, 79), None
(27, 25, 83, 99, 38, 94, 87, 18, 12), 16.0
(4, 64, 68, 86, 57, 92, 78, 21, 62), 16.0
(2, 13, 50, 90, 36, 86, 23, 3, 25), 19.0
(68, 56, 3, 93, 56, 98, 54, 37, 13), None
(28, 26, 24, 81, 60, 2, 78, 1, 37), 15.0
(46, 93, 24, 46, 73, 28, 63, 55, 23), None
(54, 35, 81, 86, 28, 75, 16, 41, 53), 21.0
(62, 64, 2, 75, 40, 57, 18, 59, 66), 20.0
(34, 96, 88, 6, 33, 69, 54, 43, 89), 18.0
(77, 62, 44, 33, 32, 48, 5, 60, 92), 17.0
(24, 22, 78, 32, 62, 52, 69, 16, 51), 17.0
(5, 19, 60, 2, 27, 72, 11, 17, 61), 17.0
(30, 67, 22, 17, 80, 98, 73, 55, 68), 16.0
(65, 4, 69, 52, 43, 74, 37, 34, 24), 17.0
(13, 28, 69, 12, 73, 77, 31, 28, 54), None
(84, 65, 62, 50, 77, 49, 68, 51, 13), 17.0
(59, 99, 18, 47, 57, 23, 33, 14, 60), 20.0
(98, 23, 6, 94, 56, 44, 6, 22, 38), None
(82, 89, 96, 7, 84, 8, 97, 85, 6), 18.0
(20, 65, 65, 60, 28, 69, 96, 96, 17), None
(63, 23, 85, 56, 47, 47, 91, 96, 65), None
(44, 28, 12, 78, 19, 34, 0, 86, 3), 17.0
(0, 82, 21, 65, 83, 64, 8, 48, 49), 17.0
(70, 45, 12, 32, 77, 47, 90, 3, 71), 16.0
(78, 77, 13, 33, 73, 71, 81, 58, 39), 16.0
(84, 91, 78, 78, 87, 88, 77, 55, 84), None
(1, 41, 33, 88, 96, 54, 27, 88, 4), None
(77, 99, 55, 8, 56, 55, 28, 12, 80), None
(28, 97, 33, 89, 9, 7, 42, 6, 37), 19.0
(18, 84, 0, 55, 64, 68, 64, 0, 7), None
(76, 51, 6, 87, 14, 20, 6, 29, 69), None
(19, 23, 66, 91, 50, 66, 95, 53, 97), None
(9, 3, 85, 38, 72, 65, 7, 11, 57), 18.0
(18, 0, 81, 8, 77, 64, 91, 29, 16), 16.0
(96, 82, 85, 26, 72, 10, 51, 48, 7), 18.0
(28, 47, 61, 20, 95, 98, 65, 95, 90), None
(84, 57, 5, 14, 33, 97, 17, 80, 62), 16.0
(63, 40, 63, 12, 84, 65, 32, 4, 11), None
(22, 33, 85, 89, 67, 42, 16, 35, 45), 21.0
(46, 29, 49, 31, 30, 2, 89, 88, 12), 14.0
(46, 88, 36, 62, 74, 44, 92, 45, 44), None
(46, 38, 65, 80, 30, 27, 95, 82, 44), 19.0
(72, 66, 76, 5, 89, 33, 24, 81, 14), 16.0
(59, 44, 25, 36, 66, 90, 23, 55, 60), 19.0
(58, 7, 51, 99, 23, 40, 27, 86, 86), None
Sampler:CmaEsSampler
(10, 60, 95, 35, 76, 0, 24, 87, 58), 17.0
(53, 49, 53, 98, 57, 70, 48, 56, 26), None
(41, 45, 33, 45, 54, 37, 36, 65, 49), None
(42, 45, 25, 44, 46, 38, 44, 26, 59), None
(70, 42, 52, 74, 65, 69, 51, 80, 74), None
(74, 37, 70, 37, 55, 55, 32, 60, 68), None
(37, 58, 55, 38, 35, 55, 73, 36, 47), None
(36, 24, 56, 60, 60, 40, 8, 62, 38), None
(34, 35, 64, 45, 30, 43, 25, 36, 27), None
(80, 65, 65, 47, 38, 49, 59, 54, 47), None
(53, 67, 59, 63, 70, 35, 50, 51, 56), 18.0
(38, 63, 57, 36, 40, 33, 64, 0, 45), 14.0
(67, 54, 39, 20, 48, 17, 53, 27, 46), 18.0
(64, 50, 66, 63, 73, 48, 87, 28, 64), None
(32, 54, 49, 17, 55, 20, 42, 53, 41), 15.0
(61, 40, 19, 49, 51, 82, 49, 89, 45), None
(31, 67, 73, 44, 34, 23, 80, 80, 43), None
(55, 43, 60, 41, 28, 28, 38, 67, 66), None
(46, 36, 64, 64, 79, 5, 63, 30, 78), None
(69, 45, 66, 61, 33, 62, 54, 53, 15), 17.0
(33, 48, 55, 25, 74, 67, 41, 52, 24), 19.0
(40, 65, 41, 31, 37, 65, 36, 23, 61), None
(56, 42, 44, 43, 63, 55, 36, 60, 48), 20.0
(66, 36, 28, 67, 92, 50, 73, 28, 52), None
(52, 45, 66, 65, 20, 81, 50, 78, 23), 20.0
(16, 53, 55, 23, 40, 41, 72, 43, 58), 21.0
(74, 78, 55, 71, 38, 62, 25, 60, 30), 18.0
(54, 67, 51, 17, 55, 43, 71, 30, 41), 17.0
(12, 79, 53, 28, 51, 30, 56, 33, 24), 19.0
(41, 59, 67, 25, 22, 32, 66, 16, 25), None
(52, 45, 61, 44, 37, 28, 33, 35, 6), 15.0
(65, 57, 51, 44, 37, 40, 66, 29, 40), None
(52, 53, 55, 25, 27, 11, 45, 26, 40), 17.0
(25, 51, 63, 38, 40, 34, 43, 36, 49), 16.0
(39, 61, 43, 21, 55, 15, 25, 50, 44), 18.0
(50, 94, 67, 62, 46, 16, 64, 6, 46), None
(22, 27, 30, 41, 28, 37, 38, 24, 58), 16.0
(40, 77, 45, 53, 44, 12, 85, 2, 38), 18.0
(28, 81, 26, 11, 10, 29, 65, 36, 21), 16.0
(33, 65, 82, 46, 25, 38, 68, 18, 14), 18.0
(12, 76, 48, 62, 47, 13, 64, 47, 30), None
(50, 36, 43, 23, 4, 56, 64, 60, 26), 20.0
(41, 65, 75, 38, 69, 31, 25, 12, 31), None
(16, 50, 56, 38, 35, 33, 45, 14, 8), 18.0
(50, 53, 51, 24, 36, 8, 21, 23, 16), 19.0
(18, 50, 45, 46, 41, 44, 43, 33, 13), 18.0
(25, 21, 61, 34, 6, 3, 58, 49, 32), 18.0
(34, 28, 69, 17, 50, 16, 10, 44, 23), 15.0
(66, 39, 60, 45, 17, 46, 32, 42, 29), 17.0
(18, 40, 60, 57, 43, 29, 33, 27, 23), 16.0
(37, 17, 83, 47, 56, 17, 25, 47, 55), None
(32, 58, 29, 59, 29, 12, 15, 17, 26), None
(40, 58, 49, 84, 18, 13, 46, 52, 28), 17.0
(25, 77, 54, 39, 51, 31, 51, 48, 19), None
(25, 36, 43, 37, 13, 17, 19, 24, 32), 15.0
(34, 28, 40, 45, 49, 32, 22, 53, 46), 14.0
(23, 55, 70, 3, 41, 22, 14, 27, 64), 17.0
(45, 26, 93, 15, 36, 24, 30, 7, 10), 15.0
(43, 43, 40, 75, 31, 8, 26, 43, 37), None
(44, 11, 53, 60, 30, 28, 20, 21, 22), 21.0
(57, 51, 49, 42, 61, 65, 32, 45, 32), None
(35, 24, 60, 16, 45, 31, 37, 10, 12), 15.0
(12, 6, 45, 16, 48, 18, 17, 42, 26), 18.0
(52, 24, 60, 35, 20, 36, 44, 24, 29), None
(39, 44, 54, 44, 27, 30, 30, 20, 11), None
(11, 46, 69, 57, 35, 26, 8, 28, 31), 20.0
(47, 42, 60, 52, 10, 17, 42, 16, 46), None
(44, 23, 61, 44, 34, 25, 41, 28, 59), None
(41, 52, 63, 19, 31, 45, 16, 33, 46), 18.0
(38, 15, 80, 46, 49, 23, 9, 35, 8), 20.0
(30, 61, 65, 55, 30, 9, 30, 12, 9), None
(55, 22, 92, 23, 51, 43, 36, 21, 1), 15.0
(56, 37, 97, 45, 29, 25, 36, 9, 8), 22.0
(55, 11, 56, 15, 36, 31, 18, 4, 19), 19.0
(42, 48, 74, 15, 31, 39, 32, 6, 37), 18.0
(41, 39, 59, 17, 29, 10, 20, 26, 38), 18.0
(42, 55, 45, 48, 43, 42, 2, 38, 23), None
(66, 42, 35, 13, 30, 25, 38, 1, 1), None
(31, 20, 64, 41, 38, 13, 34, 47, 31), None
(39, 0, 69, 61, 41, 14, 2, 16, 47), 19.0
(21, 9, 62, 6, 49, 29, 23, 46, 6), None
(31, 28, 72, 18, 43, 11, 16, 35, 40), 16.0
(44, 26, 68, 53, 25, 48, 38, 9, 19), 16.0
(42, 28, 69, 23, 38, 32, 31, 48, 31), None
(22, 46, 48, 18, 62, 21, 25, 28, 31), 17.0
(31, 27, 82, 22, 57, 54, 10, 38, 14), 19.0
(77, 44, 53, 35, 19, 22, 38, 35, 24), None
(44, 46, 56, 40, 35, 14, 9, 31, 10), 15.0
(48, 29, 69, 49, 59, 1, 18, 52, 38), None
(41, 38, 72, 64, 58, 52, 13, 61, 33), 15.0
(31, 41, 95, 16, 23, 1, 17, 10, 3), 18.0
(59, 61, 41, 59, 5, 36, 25, 6, 15), None
(49, 33, 55, 44, 40, 13, 32, 54, 30), 19.0
(30, 44, 59, 51, 35, 11, 1, 47, 33), 17.0
(48, 38, 34, 39, 46, 17, 31, 42, 34), None
(46, 66, 66, 22, 53, 31, 46, 38, 52), None
(49, 41, 40, 19, 29, 30, 25, 10, 24), 16.0
(22, 47, 44, 50, 38, 29, 6, 26, 20), 17.0
(33, 39, 66, 37, 49, 29, 15, 21, 24), 16.0
(51, 59, 39, 50, 47, 12, 34, 54, 40), 17.0
(45, 42, 58, 65, 74, 18, 36, 47, 38), 16.0
(40, 70, 51, 40, 27, 34, 47, 42, 38), None
(26, 45, 60, 30, 43, 39, 25, 15, 5), 16.0
(29, 35, 75, 29, 38, 42, 32, 49, 37), None
(26, 34, 38, 54, 54, 31, 22, 40, 35), None
(59, 44, 52, 77, 50, 47, 24, 53, 37), 16.0
(29, 50, 56, 33, 37, 31, 39, 17, 46), 18.0
(53, 48, 68, 51, 75, 66, 20, 43, 43), None
(51, 60, 68, 35, 33, 27, 53, 30, 24), 21.0
(44, 16, 55, 54, 56, 61, 19, 40, 38), 16.0
(30, 62, 62, 46, 54, 22, 17, 41, 20), None
(26, 13, 40, 56, 42, 45, 43, 53, 20), 18.0
(55, 46, 64, 41, 57, 22, 40, 20, 43), 20.0
(22, 46, 92, 48, 46, 30, 23, 53, 50), None
(38, 36, 67, 62, 65, 20, 24, 54, 21), 16.0
(14, 55, 86, 61, 78, 31, 32, 41, 34), 18.0
(40, 29, 38, 40, 87, 45, 47, 13, 27), None
(45, 43, 64, 37, 51, 46, 28, 21, 25), 15.0
(29, 47, 58, 57, 45, 41, 26, 24, 32), 20.0
(66, 29, 70, 62, 59, 42, 17, 30, 29), None
(46, 28, 62, 43, 54, 59, 39, 47, 41), 18.0
(55, 40, 54, 38, 40, 19, 12, 23, 31), None
(50, 34, 44, 37, 43, 44, 17, 17, 25), None
(57, 35, 70, 29, 72, 45, 42, 26, 21), 16.0
(44, 59, 56, 61, 68, 42, 7, 41, 38), 19.0
(56, 37, 57, 51, 45, 48, 46, 33, 16), 20.0
(45, 23, 69, 45, 43, 51, 13, 30, 30), None
(50, 15, 76, 72, 55, 69, 30, 50, 29), None
(71, 76, 53, 37, 56, 47, 52, 22, 27), 16.0
(70, 43, 68, 68, 58, 57, 46, 42, 36), None
(29, 44, 63, 58, 51, 33, 26, 48, 29), None
(31, 37, 63, 42, 39, 42, 27, 31, 33), None
(44, 52, 51, 48, 43, 45, 20, 36, 51), None
(66, 55, 68, 53, 46, 55, 32, 40, 26), None
(56, 49, 49, 39, 52, 52, 41, 12, 43), None
(35, 22, 55, 54, 39, 50, 11, 20, 20), None
(58, 66, 54, 35, 65, 23, 17, 33, 40), 20.0
(59, 43, 46, 44, 33, 28, 8, 33, 23), None
(40, 55, 76, 39, 44, 43, 10, 35, 15), 16.0
(38, 28, 51, 52, 46, 30, 38, 37, 24), None
(40, 26, 49, 76, 56, 46, 45, 15, 11), 18.0
(51, 39, 43, 60, 44, 50, 21, 23, 43), None
(54, 23, 68, 31, 57, 56, 18, 55, 29), 18.0
(61, 57, 74, 58, 68, 47, 6, 31, 24), 20.0
(53, 44, 61, 49, 71, 54, 38, 35, 12), 18.0
(48, 52, 58, 32, 48, 36, 48, 24, 26), None
(41, 37, 65, 39, 40, 36, 20, 25, 15), 13.0
(50, 39, 79, 56, 69, 38, 34, 29, 20), 16.0
(50, 41, 60, 42, 62, 50, 29, 26, 27), None
(42, 43, 75, 29, 33, 20, 31, 16, 35), 17.0
(38, 36, 59, 30, 71, 36, 32, 33, 30), None
(58, 51, 68, 41, 34, 44, 42, 25, 38), 17.0
(56, 59, 60, 50, 51, 50, 39, 23, 34), None
(64, 47, 82, 42, 68, 35, 45, 45, 23), None
(65, 55, 81, 42, 67, 50, 44, 36, 26), 18.0
(52, 64, 54, 54, 67, 39, 53, 44, 40), None
(73, 40, 78, 5, 83, 24, 36, 4, 41), 16.0
(64, 48, 70, 33, 67, 29, 35, 10, 15), 14.0
(51, 24, 86, 22, 64, 51, 36, 27, 6), None
(44, 33, 78, 34, 50, 60, 32, 19, 29), 20.0
(53, 29, 62, 40, 62, 57, 35, 42, 17), None
(55, 62, 57, 60, 59, 60, 47, 30, 30), None
(71, 61, 73, 38, 64, 50, 62, 6, 30), 22.0
(60, 61, 73, 55, 33, 42, 6, 14, 36), 19.0
(56, 61, 74, 27, 54, 33, 35, 51, 17), 15.0
(50, 37, 83, 37, 50, 15, 4, 41, 29), None
(60, 41, 72, 40, 60, 60, 35, 34, 10), None
(57, 54, 59, 39, 67, 47, 37, 13, 38), 18.0
(33, 17, 84, 37, 62, 34, 34, 24, 25), None
(49, 37, 61, 21, 46, 48, 12, 30, 19), 17.0
(50, 33, 65, 42, 58, 14, 19, 30, 5), 19.0
(54, 37, 78, 25, 57, 39, 29, 8, 1), 21.0
(39, 29, 83, 29, 50, 32, 28, 32, 10), None
(69, 50, 56, 36, 53, 48, 28, 27, 35), 16.0
(56, 51, 62, 34, 53, 45, 43, 45, 14), None
(67, 48, 57, 44, 48, 45, 59, 8, 32), None
(59, 38, 89, 30, 62, 43, 37, 16, 20), 15.0
(49, 39, 63, 23, 52, 40, 12, 17, 22), 17.0
(42, 19, 85, 20, 53, 17, 4, 11, 2), 17.0
(57, 50, 65, 25, 81, 46, 43, 29, 32), 17.0
(70, 63, 88, 38, 58, 40, 31, 35, 37), 18.0
(65, 62, 85, 30, 65, 56, 37, 17, 17), None
(67, 51, 90, 33, 40, 63, 35, 51, 28), None
(49, 41, 61, 21, 43, 22, 10, 43, 30), None
(45, 50, 78, 34, 58, 38, 42, 40, 22), 21.0
(63, 63, 83, 35, 58, 52, 19, 54, 13), None
(45, 47, 89, 21, 61, 36, 22, 35, 9), 17.0
(74, 50, 78, 8, 68, 68, 43, 32, 20), None
(59, 46, 74, 30, 68, 45, 34, 56, 16), 18.0
(64, 30, 93, 35, 47, 15, 24, 33, 21), 15.0
(46, 63, 57, 21, 39, 42, 28, 29, 5), 16.0
(45, 49, 62, 65, 60, 63, 34, 42, 43), 16.0
(70, 66, 70, 16, 58, 48, 33, 23, 19), None
(52, 61, 53, 26, 51, 53, 42, 43, 35), None
(37, 49, 57, 26, 54, 45, 15, 38, 23), 17.0
(68, 55, 86, 19, 57, 40, 38, 36, 16), 18.0
(60, 33, 72, 39, 59, 40, 27, 54, 22), 17.0
(46, 46, 62, 20, 57, 26, 18, 41, 34), None
(73, 46, 59, 54, 57, 61, 33, 35, 26), 16.0
(41, 37, 79, 33, 54, 28, 21, 41, 19), None
(47, 36, 77, 30, 52, 44, 20, 25, 5), 16.0
(39, 37, 75, 41, 55, 48, 25, 23, 23), None
(62, 54, 73, 35, 62, 37, 33, 27, 38), None
(49, 56, 76, 34, 61, 47, 38, 39, 27), 14.0
(53, 46, 78, 43, 40, 35, 26, 24, 18), 15.0
(63, 49, 99, 32, 64, 35, 27, 45, 36), 18.0
(47, 51, 70, 37, 34, 29, 22, 45, 18), 16.0
(81, 60, 90, 36, 64, 38, 29, 43, 14), 18.0
(56, 50, 73, 22, 45, 48, 50, 36, 13), None
(54, 45, 61, 30, 49, 31, 33, 14, 25), 17.0
(38, 30, 89, 42, 51, 24, 14, 33, 29), 16.0
(39, 54, 71, 41, 51, 54, 34, 26, 23), None
(63, 54, 71, 44, 46, 56, 36, 32, 15), 18.0
(40, 66, 71, 46, 57, 55, 41, 28, 24), 19.0
(54, 59, 90, 39, 66, 45, 26, 27, 14), 16.0
(50, 51, 76, 32, 46, 50, 30, 32, 14), None
(56, 43, 82, 41, 50, 27, 46, 41, 30), None
(45, 49, 66, 32, 47, 51, 26, 22, 25), 17.0
(50, 54, 77, 35, 50, 34, 34, 27, 12), None
(48, 51, 72, 35, 57, 34, 28, 30, 18), 15.0
(51, 47, 72, 62, 56, 53, 34, 38, 14), 20.0
(53, 37, 70, 31, 56, 52, 39, 39, 31), None
(70, 63, 77, 18, 64, 55, 38, 15, 13), 16.0
(55, 60, 66, 47, 65, 55, 39, 36, 25), None
(64, 44, 63, 47, 60, 51, 24, 31, 38), 17.0
(55, 46, 70, 46, 59, 51, 41, 36, 14), None
(57, 60, 72, 37, 59, 52, 41, 39, 27), 18.0
(55, 51, 77, 29, 46, 44, 41, 35, 26), 17.0
(52, 56, 71, 40, 68, 52, 32, 43, 31), None
(55, 65, 76, 37, 58, 44, 23, 6, 20), 19.0
(41, 55, 75, 32, 60, 31, 29, 28, 22), 18.0
(44, 54, 85, 34, 63, 29, 25, 10, 5), 20.0
(56, 57, 73, 26, 55, 37, 30, 24, 13), 19.0
(58, 64, 75, 34, 68, 54, 35, 25, 13), 20.0
(55, 59, 84, 41, 54, 37, 18, 23, 15), 20.0
(48, 55, 64, 35, 59, 45, 31, 25, 11), 17.0
(59, 54, 69, 34, 55, 57, 37, 33, 17), 18.0
(63, 48, 85, 45, 69, 43, 49, 21, 18), 22.0
(55, 58, 69, 25, 49, 49, 34, 24, 2), None
(43, 47, 80, 31, 35, 20, 19, 24, 19), None
(61, 55, 85, 12, 40, 23, 31, 15, 8), 19.0
(38, 44, 62, 39, 68, 46, 27, 30, 18), 17.0
(39, 64, 58, 31, 55, 42, 30, 22, 11), 20.0
(39, 55, 75, 24, 44, 40, 27, 19, 14), 16.0
(41, 69, 68, 33, 52, 31, 27, 20, 17), 19.0
(42, 34, 69, 43, 46, 23, 26, 30, 4), 18.0
(62, 54, 77, 44, 59, 52, 18, 4, 13), 16.0
(54, 65, 69, 32, 60, 58, 38, 21, 20), 19.0
(46, 63, 65, 22, 55, 46, 28, 27, 19), None
(44, 45, 84, 30, 60, 51, 30, 35, 23), None
(51, 56, 59, 60, 48, 56, 36, 30, 39), None
(45, 60, 72, 35, 56, 32, 31, 33, 14), 19.0
(41, 51, 68, 29, 53, 45, 22, 29, 21), None
(56, 55, 65, 36, 62, 42, 48, 28, 7), 17.0
(49, 43, 76, 36, 59, 51, 36, 36, 18), None
(48, 43, 66, 48, 33, 41, 18, 39, 25), None
(53, 57, 73, 34, 53, 33, 36, 28, 1), None
(53, 52, 75, 28, 54, 40, 25, 23, 11), 18.0
(48, 51, 79, 37, 56, 46, 15, 16, 10), 20.0
(43, 56, 73, 26, 64, 46, 32, 17, 10), 18.0
(46, 59, 68, 26, 60, 53, 16, 20, 9), 20.0
(46, 59, 75, 41, 38, 42, 24, 25, 4), 16.0
(49, 59, 81, 17, 40, 42, 21, 15, 12), 19.0
(60, 55, 66, 19, 55, 53, 26, 5, 5), None
(41, 48, 76, 36, 54, 44, 22, 28, 22), None
(48, 57, 57, 22, 53, 50, 22, 4, 6), None
(41, 57, 66, 39, 56, 49, 24, 20, 13), 19.0
(54, 67, 72, 30, 53, 34, 30, 15, 17), None
(59, 51, 71, 42, 52, 38, 23, 23, 13), None
(42, 43, 78, 32, 53, 39, 24, 20, 8), 15.0
(57, 52, 68, 41, 47, 47, 32, 28, 27), None
(44, 53, 81, 29, 59, 45, 22, 24, 7), 19.0
(48, 38, 79, 18, 63, 45, 22, 17, 12), 18.0
(37, 66, 67, 33, 57, 41, 27, 17, 19), 14.0
(41, 61, 65, 31, 55, 48, 39, 24, 19), 18.0
(49, 64, 68, 44, 66, 67, 32, 18, 7), 14.0
(44, 59, 67, 45, 56, 43, 31, 19, 19), None
(40, 71, 80, 32, 51, 55, 41, 32, 18), None
(49, 63, 76, 34, 55, 30, 29, 28, 13), 17.0
(35, 71, 74, 32, 51, 44, 14, 32, 25), None
(43, 66, 67, 30, 45, 42, 30, 38, 22), None
(55, 62, 63, 33, 54, 46, 20, 18, 20), None
(42, 62, 64, 27, 53, 49, 22, 14, 17), 17.0
(40, 71, 68, 29, 54, 40, 28, 17, 22), None
(40, 58, 76, 31, 46, 36, 35, 21, 12), 16.0
(43, 65, 77, 37, 53, 34, 33, 21, 3), 15.0
(42, 60, 63, 34, 44, 37, 22, 19, 17), 17.0
(32, 63, 75, 20, 52, 37, 26, 15, 17), 17.0
(37, 47, 63, 42, 66, 50, 27, 24, 23), 15.0
(39, 45, 77, 37, 53, 41, 26, 4, 21), 17.0
(41, 60, 67, 38, 50, 49, 29, 20, 20), None
(43, 63, 65, 49, 58, 37, 37, 30, 9), None
(40, 66, 68, 35, 64, 65, 38, 16, 2), 17.0
(54, 76, 60, 39, 64, 44, 28, 1, 0), 17.0
(37, 51, 75, 42, 74, 69, 33, 13, 10), 17.0
(38, 52, 61, 49, 66, 60, 26, 19, 4), 22.0
(53, 63, 63, 34, 81, 53, 38, 13, 12), None
(45, 66, 73, 39, 57, 34, 26, 22, 6), 19.0
(60, 60, 77, 30, 66, 56, 29, 25, 12), None
(48, 54, 65, 30, 60, 58, 29, 11, 19), 18.0
(47, 66, 66, 34, 65, 40, 40, 22, 7), None
(46, 60, 71, 33, 59, 55, 31, 27, 7), 18.0
(45, 59, 76, 39, 62, 59, 23, 32, 0), None
(44, 62, 63, 47, 63, 52, 27, 16, 11), None
(33, 51, 67, 46, 44, 45, 22, 19, 22), None
(44, 52, 68, 32, 60, 62, 21, 10, 12), 18.0
(35, 57, 69, 36, 58, 47, 34, 22, 25), 21.0
(48, 47, 60, 43, 63, 48, 33, 16, 10), None
(54, 65, 81, 43, 64, 69, 41, 27, 11), 20.0
(42, 72, 72, 29, 59, 68, 32, 24, 8), None
(43, 58, 65, 33, 67, 49, 35, 13, 12), 19.0
(50, 62, 62, 38, 84, 63, 31, 23, 18), None
(44, 54, 83, 45, 68, 46, 37, 20, 9), 19.0
(38, 60, 65, 44, 66, 65, 27, 6, 8), None
(45, 52, 60, 39, 67, 59, 33, 16, 6), 16.0
(46, 63, 71, 48, 77, 50, 48, 5, 6), None
(49, 81, 61, 41, 75, 62, 43, 16, 5), 17.0
(38, 57, 78, 12, 59, 58, 27, 7, 1), 16.0
(32, 62, 67, 43, 57, 52, 30, 15, 15), None
(52, 57, 76, 56, 61, 51, 34, 11, 1), 19.0
(48, 63, 70, 33, 55, 67, 32, 28, 6), 20.0
(46, 81, 85, 31, 66, 66, 33, 5, 11), None
(50, 69, 62, 44, 59, 62, 23, 14, 1), None
(38, 57, 65, 45, 82, 60, 31, 6, 17), 18.0
(47, 72, 61, 34, 72, 49, 31, 8, 8), None
(41, 69, 72, 35, 53, 53, 25, 13, 7), None
(52, 68, 71, 52, 65, 50, 38, 4, 1), None
(39, 51, 59, 36, 59, 65, 32, 2, 12), None
(51, 60, 53, 28, 56, 58, 26, 10, 7), 16.0
(52, 61, 68, 36, 67, 61, 42, 4, 12), None
(40, 68, 71, 50, 65, 61, 36, 24, 0), 19.0
(45, 66, 59, 21, 61, 55, 27, 9, 15), 16.0
(40, 43, 65, 32, 72, 67, 31, 20, 14), 16.0
(51, 42, 69, 29, 58, 46, 25, 27, 11), 20.0
(48, 61, 66, 33, 64, 56, 33, 15, 11), None
(48, 59, 62, 31, 51, 57, 26, 14, 1), 15.0
(44, 68, 56, 46, 64, 73, 35, 19, 7), 19.0
(47, 70, 56, 26, 69, 59, 26, 15, 5), None
(43, 54, 64, 36, 52, 45, 31, 14, 7), 20.0
(37, 54, 57, 38, 72, 65, 20, 6, 18), 19.0
(49, 60, 55, 23, 79, 56, 33, 9, 6), 19.0
(29, 45, 64, 21, 59, 57, 23, 16, 0), 15.0
(36, 53, 73, 28, 61, 61, 28, 6, 9), None
(47, 54, 62, 18, 66, 53, 24, 9, 9), None
(45, 51, 60, 32, 75, 70, 35, 11, 5), 16.0
(35, 56, 56, 22, 57, 61, 19, 17, 8), None
(51, 64, 65, 37, 64, 47, 27, 21, 1), None
(42, 67, 58, 34, 46, 72, 33, 17, 6), 17.0
(39, 58, 65, 23, 64, 59, 15, 6, 13), 18.0
(43, 52, 62, 24, 68, 60, 28, 25, 1), 21.0
(35, 50, 57, 29, 55, 73, 25, 14, 11), 18.0
(35, 47, 69, 15, 55, 56, 22, 8, 3), 18.0
(35, 55, 79, 25, 63, 52, 16, 4, 5), 16.0
(37, 55, 64, 25, 56, 53, 17, 5, 0), 20.0
(42, 63, 69, 30, 53, 60, 26, 9, 5), 19.0
(44, 47, 81, 8, 53, 57, 34, 5, 13), 18.0
(52, 63, 57, 44, 67, 75, 26, 27, 4), 17.0
(35, 48, 70, 33, 62, 57, 26, 11, 1), 20.0
(39, 51, 77, 28, 70, 63, 14, 16, 15), 18.0
(41, 65, 67, 40, 65, 66, 29, 17, 0), None
(42, 49, 49, 50, 70, 76, 22, 19, 27), None
(36, 75, 80, 21, 62, 64, 23, 19, 15), 17.0
(40, 60, 68, 26, 55, 88, 20, 3, 18), 16.0
(49, 66, 69, 36, 57, 65, 21, 11, 9), 18.0
(29, 59, 55, 28, 51, 67, 16, 18, 17), 18.0
(43, 65, 75, 36, 77, 65, 31, 10, 2), None
(41, 67, 60, 39, 48, 62, 14, 13, 2), 15.0
(56, 60, 56, 38, 68, 74, 35, 22, 15), None
(38, 58, 61, 30, 72, 66, 26, 14, 8), 18.0
(37, 62, 58, 34, 55, 75, 17, 11, 15), 18.0
(45, 52, 80, 34, 62, 59, 21, 20, 18), 21.0
(36, 77, 81, 36, 53, 70, 11, 21, 7), None
(31, 64, 67, 43, 51, 58, 10, 11, 24), 17.0
(53, 60, 77, 42, 70, 87, 23, 11, 6), 18.0
(38, 60, 75, 30, 56, 60, 23, 7, 27), None
(36, 68, 69, 29, 56, 66, 7, 19, 15), 14.0
(46, 66, 69, 29, 65, 59, 18, 15, 17), 15.0
(35, 53, 64, 31, 66, 66, 18, 5, 22), None
(46, 66, 62, 40, 60, 72, 18, 8, 13), 16.0
(43, 65, 62, 22, 66, 89, 28, 6, 8), 18.0
(47, 55, 72, 29, 57, 69, 17, 5, 6), 15.0
(45, 69, 71, 37, 64, 62, 19, 5, 11), 16.0
(34, 59, 69, 27, 52, 67, 23, 12, 5), 18.0
(46, 54, 70, 36, 59, 59, 26, 15, 21), None
(47, 75, 60, 26, 52, 82, 23, 7, 14), 18.0
(37, 61, 68, 21, 49, 58, 9, 15, 8), 18.0
(49, 74, 68, 32, 78, 69, 19, 10, 5), 16.0
(36, 66, 61, 18, 59, 67, 14, 9, 5), 20.0
(40, 74, 89, 35, 67, 64, 23, 19, 15), 18.0
(51, 67, 77, 30, 70, 69, 21, 10, 12), 17.0
(33, 46, 72, 29, 60, 58, 1, 18, 26), 15.0
(38, 70, 71, 18, 52, 56, 8, 2, 0), 18.0
(32, 71, 67, 29, 59, 61, 19, 23, 8), 17.0
(46, 68, 58, 42, 49, 56, 13, 14, 22), 20.0
(46, 75, 64, 30, 44, 59, 13, 13, 7), None
(36, 67, 71, 39, 58, 77, 15, 20, 8), 16.0
(39, 58, 70, 33, 84, 60, 14, 21, 20), 18.0
(42, 55, 81, 21, 68, 74, 17, 1, 10), 19.0
(35, 66, 73, 21, 74, 76, 15, 23, 16), 15.0
(30, 72, 66, 35, 58, 64, 16, 27, 21), 19.0
(26, 52, 68, 29, 68, 62, 3, 0, 34), None
(35, 51, 62, 46, 70, 63, 8, 24, 20), 19.0
(39, 55, 76, 31, 54, 67, 3, 19, 14), 20.0
(36, 66, 76, 31, 66, 72, 13, 33, 31), None
(40, 62, 65, 27, 61, 70, 5, 14, 24), 19.0
(27, 46, 79, 25, 69, 49, 1, 15, 21), 20.0
(27, 58, 70, 19, 73, 73, 9, 4, 15), None
(34, 61, 71, 28, 80, 76, 6, 14, 26), 17.0
(43, 50, 74, 18, 76, 65, 28, 7, 10), 18.0
(52, 52, 64, 30, 81, 57, 39, 32, 21), None
(50, 59, 76, 38, 79, 87, 15, 22, 11), 19.0
(33, 66, 77, 20, 83, 79, 17, 10, 18), 17.0
(21, 63, 75, 32, 82, 61, 17, 13, 15), 16.0
(32, 54, 59, 23, 78, 77, 22, 19, 18), 19.0
(22, 70, 70, 31, 77, 88, 12, 16, 15), None
(42, 72, 81, 24, 76, 63, 9, 14, 9), None
(35, 71, 61, 4, 76, 70, 13, 27, 3), 17.0
(25, 53, 84, 35, 84, 82, 8, 29, 16), None
(44, 58, 74, 22, 82, 88, 18, 17, 13), 16.0
(30, 54, 79, 31, 62, 69, 4, 17, 23), 17.0
(37, 56, 75, 17, 64, 73, 9, 29, 37), None
(33, 74, 72, 18, 98, 73, 29, 20, 14), 16.0
(26, 76, 76, 33, 91, 91, 18, 8, 17), None
(34, 59, 61, 36, 76, 76, 21, 20, 16), None
(45, 66, 66, 33, 57, 51, 26, 25, 16), None
(31, 65, 76, 27, 83, 74, 29, 36, 36), None
(40, 50, 69, 24, 73, 72, 7, 6, 26), 14.0
(37, 69, 77, 27, 76, 70, 6, 14, 23), 16.0
(33, 55, 80, 20, 59, 49, 7, 2, 16), 17.0
(32, 57, 80, 20, 60, 58, 2, 11, 24), 17.0
(33, 58, 80, 25, 70, 77, 33, 10, 18), None
(27, 73, 81, 8, 97, 69, 28, 7, 18), 18.0
(44, 73, 67, 25, 81, 80, 36, 15, 7), 16.0
(29, 54, 68, 38, 78, 77, 2, 12, 35), 18.0
(30, 49, 95, 18, 80, 73, 1, 11, 27), 20.0
(37, 58, 65, 28, 71, 69, 18, 19, 21), 16.0
(39, 47, 80, 12, 86, 81, 17, 8, 16), 18.0
(34, 49, 78, 21, 84, 74, 15, 11, 27), 14.0
(29, 41, 68, 33, 86, 90, 8, 8, 21), None
(38, 65, 61, 43, 94, 82, 17, 17, 34), None
(45, 58, 82, 13, 78, 49, 5, 10, 14), 20.0
(27, 67, 83, 13, 88, 87, 17, 7, 21), 13.0
(28, 54, 66, 19, 86, 98, 20, 6, 24), 15.0
(36, 44, 76, 29, 68, 76, 22, 6, 14), None
(32, 88, 80, 23, 98, 82, 18, 22, 29), 16.0
(34, 63, 74, 21, 77, 81, 19, 11, 39), 17.0
(38, 51, 77, 26, 82, 68, 25, 24, 13), 15.0
(34, 67, 75, 24, 77, 80, 21, 26, 15), 19.0
(37, 56, 71, 15, 71, 69, 17, 13, 6), None
(31, 63, 83, 14, 85, 82, 28, 3, 18), 17.0
(15, 48, 79, 12, 68, 72, 19, 16, 24), 18.0
(46, 54, 67, 34, 79, 77, 14, 22, 11), 20.0
(38, 52, 70, 26, 79, 74, 29, 19, 14), 20.0
(52, 71, 70, 15, 78, 78, 30, 23, 24), None
(33, 67, 72, 20, 65, 88, 12, 25, 14), 17.0
(19, 76, 74, 13, 93, 80, 26, 14, 4), 19.0
(31, 61, 80, 15, 96, 68, 33, 18, 34), 18.0
(37, 67, 84, 3, 75, 71, 33, 0, 15), 16.0
(34, 68, 85, 20, 74, 71, 18, 16, 21), 18.0
(26, 63, 80, 23, 81, 89, 7, 5, 27), 19.0
(14, 65, 75, 23, 86, 94, 24, 30, 39), 14.0
(31, 52, 84, 6, 92, 89, 10, 18, 22), 19.0
(45, 67, 80, 24, 77, 83, 16, 18, 28), 18.0
(41, 69, 71, 27, 85, 81, 17, 0, 2), 17.0
(36, 62, 84, 15, 74, 70, 42, 34, 35), 18.0
(22, 60, 72, 16, 71, 70, 9, 20, 17), 14.0
(34, 70, 82, 15, 77, 90, 19, 24, 13), 17.0
(37, 58, 82, 26, 82, 68, 22, 6, 26), None
(21, 75, 70, 37, 83, 95, 15, 21, 34), None
(30, 58, 67, 20, 83, 69, 42, 13, 16), 18.0
(25, 75, 85, 18, 79, 87, 28, 28, 30), None
(29, 68, 84, 14, 64, 82, 21, 9, 21), None
(13, 71, 75, 21, 80, 73, 31, 34, 23), 18.0
(25, 75, 70, 16, 68, 70, 45, 22, 21), None
(25, 83, 69, 24, 71, 99, 22, 25, 17), None
(30, 74, 74, 8, 95, 82, 23, 4, 31), None
(17, 64, 90, 16, 68, 84, 10, 19, 32), 18.0
(20, 71, 84, 22, 85, 83, 21, 12, 37), 17.0
(36, 63, 69, 7, 72, 88, 18, 17, 20), 18.0
(19, 80, 79, 13, 78, 76, 26, 33, 25), 17.0
(27, 56, 90, 14, 84, 88, 14, 17, 45), None
(24, 66, 60, 24, 68, 88, 27, 27, 26), None
(25, 78, 67, 17, 74, 80, 9, 26, 18), 18.0
(15, 59, 79, 6, 76, 80, 12, 25, 24), 20.0
(26, 65, 71, 12, 70, 69, 10, 24, 8), 16.0
(35, 78, 77, 14, 64, 77, 8, 21, 17), None
(26, 70, 69, 15, 73, 87, 27, 21, 28), 18.0
(12, 86, 91, 14, 86, 75, 10, 26, 30), None
(17, 75, 73, 15, 73, 83, 15, 11, 6), None
(21, 59, 76, 18, 84, 78, 12, 29, 24), 18.0
(24, 56, 73, 16, 73, 66, 20, 21, 17), None
(21, 74, 80, 13, 96, 74, 14, 23, 20), None
(21, 63, 96, 23, 81, 60, 8, 20, 18), 19.0
(12, 82, 87, 10, 92, 76, 24, 38, 25), 17.0
(32, 65, 80, 20, 75, 64, 13, 23, 13), None
(17, 57, 75, 32, 89, 77, 11, 21, 31), 18.0
(23, 64, 82, 18, 84, 99, 14, 16, 29), 16.0
(38, 55, 77, 0, 59, 73, 18, 21, 13), 18.0
(10, 71, 84, 28, 86, 71, 11, 20, 27), None
(17, 63, 79, 7, 65, 73, 18, 17, 18), None
