Sampler:TPESampler
(47, 0, 7, 42, 52, 36), None
(13, 38, 13, 5, 67, 29), None
(54, 9, 86, 46, 94, 98), None
(25, 66, 25, 59, 35, 81), None
(28, 66, 15, 98, 57, 47), None
(42, 6, 35, 49, 5, 8), None
(4, 87, 95, 10, 7, 66), None
(49, 96, 57, 24, 86, 20), None
(62, 91, 81, 91, 61, 24), None
(94, 66, 22, 71, 66, 13), None
(76, 29, 52, 29, 34, 46), None
(0, 34, 3, 14, 73, 30), None
(20, 29, 0, 4, 43, 39), None
(35, 45, 40, 28, 80, 61), 23.0
(39, 0, 37, 33, 81, 64), 21.0
(33, 16, 41, 29, 81, 64), 22.0
(35, 18, 61, 71, 99, 62), None
(65, 51, 68, 21, 80, 79), 18.0
(14, 50, 42, 37, 91, 78), 21.0
(31, 18, 43, 56, 74, 59), 24.0
(79, 42, 68, 65, 71, 57), 23.0
(80, 42, 76, 61, 73, 56), 20.0
(99, 58, 68, 78, 73, 53), None
(59, 22, 48, 57, 46, 73), 24.0
(78, 21, 50, 57, 20, 91), 19.0
(66, 25, 63, 80, 45, 77), 23.0
(62, 25, 60, 83, 45, 73), 19.0
(56, 10, 31, 54, 23, 90), 19.0
(44, 78, 43, 43, 57, 68), None
(70, 14, 52, 86, 50, 86), None
(54, 1, 28, 77, 40, 72), 18.0
(85, 33, 67, 64, 32, 41), 26.0
(88, 33, 74, 66, 28, 37), 20.0
(28, 40, 46, 50, 55, 45), 19.0
(71, 22, 63, 71, 34, 97), None
(88, 35, 86, 66, 13, 55), 22.0
(21, 57, 37, 43, 66, 42), 21.0
(86, 11, 53, 54, 49, 0), 18.0
(49, 26, 57, 93, 28, 72), 22.0
(54, 7, 97, 75, 39, 51), None
(38, 46, 16, 38, 90, 61), None
(44, 32, 46, 49, 46, 85), None
(70, 21, 68, 64, 60, 31), 20.0
(82, 27, 74, 62, 54, 76), 20.0
(74, 39, 87, 57, 64, 58), 22.0
(63, 16, 66, 83, 37, 68), 22.0
(93, 30, 56, 69, 28, 48), 20.0
(58, 36, 78, 54, 71, 34), 24.0
(57, 37, 91, 52, 42, 31), 20.0
(32, 45, 21, 47, 78, 24), 17.0
(14, 52, 80, 10, 77, 18), 18.0
(66, 24, 73, 58, 59, 41), 24.0
(59, 19, 76, 60, 70, 42), 20.0
(49, 45, 31, 56, 59, 35), 26.0
(51, 36, 33, 55, 63, 34), 21.0
(46, 55, 79, 45, 59, 27), 20.0
(59, 30, 9, 39, 52, 40), 20.0
(51, 13, 47, 59, 67, 36), 20.0
(40, 22, 72, 69, 84, 44), 22.0
(74, 5, 29, 48, 70, 21), None
(69, 42, 38, 52, 49, 50), 17.0
(82, 48, 72, 63, 74, 34), 22.0
(66, 26, 64, 57, 57, 82), None
(60, 63, 82, 75, 45, 38), 14.0
(78, 42, 84, 65, 62, 48), 18.0
(7, 24, 57, 52, 31, 28), None
(95, 33, 92, 67, 69, 58), 25.0
(99, 32, 95, 59, 68, 52), None
(97, 17, 92, 69, 76, 58), None
(94, 29, 90, 73, 66, 66), None
(85, 75, 25, 56, 85, 40), None
(22, 34, 41, 27, 83, 61), 26.0
(25, 36, 42, 25, 90, 64), None
(17, 33, 99, 2, 82, 54), None
(22, 28, 34, 17, 99, 60), None
(90, 39, 45, 61, 17, 45), None
(64, 19, 50, 45, 95, 70), 19.0
(54, 24, 40, 67, 74, 35), 21.0
(30, 46, 53, 34, 54, 42), 25.0
(35, 46, 61, 31, 55, 43), 23.0
(28, 54, 70, 21, 60, 47), 22.0
(10, 41, 37, 40, 52, 40), None
(18, 34, 48, 34, 1, 31), None
(23, 49, 54, 51, 70, 54), None
(32, 31, 59, 62, 64, 75), 21.0
(25, 38, 78, 26, 58, 50), 24.0
(37, 44, 77, 26, 47, 25), 22.0
(29, 23, 44, 58, 80, 62), 22.0
(48, 13, 51, 36, 72, 58), 20.0
(91, 97, 39, 55, 87, 67), None
(42, 39, 87, 21, 58, 50), 19.0
(30, 37, 84, 30, 53, 42), None
(25, 35, 78, 22, 61, 33), 18.0
(18, 38, 32, 27, 56, 37), 22.0
(57, 44, 65, 54, 51, 56), 24.0
(25, 48, 75, 32, 64, 47), 22.0
(52, 43, 71, 53, 43, 63), None
(27, 27, 35, 17, 23, 60), None
(68, 21, 24, 50, 76, 52), 20.0
(46, 15, 67, 64, 67, 39), None
(57, 46, 82, 41, 50, 56), 21.0
(62, 40, 48, 61, 58, 49), 18.0
(55, 31, 65, 54, 51, 70), 20.0
(60, 53, 69, 47, 48, 56), 23.0
(72, 51, 18, 67, 54, 46), 24.0
(66, 51, 19, 68, 55, 46), 28.0
(66, 50, 55, 72, 62, 44), 24.0
(73, 57, 18, 67, 56, 42), 22.0
(68, 45, 12, 18, 36, 52), 23.0
(65, 61, 4, 72, 54, 46), None
(33, 34, 28, 43, 65, 65), None
(72, 50, 19, 75, 62, 44), 19.0
(96, 52, 14, 68, 39, 59), None
(85, 55, 54, 65, 68, 45), 23.0
(58, 43, 42, 58, 59, 32), None
(61, 61, 74, 60, 51, 36), None
(77, 46, 61, 78, 69, 38), 23.0
(63, 41, 58, 73, 61, 49), 19.0
(67, 19, 56, 63, 74, 40), 21.0
(82, 48, 10, 28, 41, 53), 19.0
(76, 29, 30, 10, 54, 51), 19.0
(20, 37, 17, 56, 45, 41), 20.0
(56, 33, 48, 24, 63, 43), 18.0
(52, 38, 22, 70, 56, 29), 18.0
(64, 47, 52, 58, 32, 81), 22.0
(69, 51, 63, 80, 72, 47), 22.0
(16, 44, 55, 67, 49, 54), 20.0
(71, 35, 71, 63, 58, 45), None
(75, 51, 73, 71, 8, 35), 18.0
(66, 26, 80, 60, 78, 38), 20.0
(24, 89, 45, 52, 60, 61), 22.0
(61, 41, 50, 56, 54, 57), 22.0
(27, 49, 25, 49, 65, 49), None
(59, 56, 66, 65, 52, 44), 23.0
(36, 53, 20, 54, 83, 48), 22.0
(63, 24, 77, 62, 57, 56), 22.0
(1, 43, 43, 58, 62, 41), None
(88, 17, 35, 69, 60, 34), 28.0
(88, 21, 36, 70, 87, 34), 18.0
(92, 32, 23, 69, 47, 32), None
(81, 11, 41, 73, 60, 37), 21.0
(96, 19, 38, 66, 55, 27), None
(31, 15, 46, 60, 66, 43), 16.0
(87, 8, 27, 56, 53, 46), 20.0
(94, 40, 89, 35, 58, 39), 20.0
(84, 59, 33, 64, 50, 95), 23.0
(58, 28, 84, 75, 63, 63), None
(90, 17, 39, 53, 56, 51), 20.0
(21, 13, 68, 62, 71, 36), 22.0
(70, 36, 44, 68, 80, 30), 22.0
(41, 50, 62, 23, 60, 84), 19.0
(34, 45, 40, 27, 76, 55), 24.0
(29, 47, 41, 26, 76, 54), 24.0
(33, 47, 35, 51, 74, 55), 27.0
(53, 49, 34, 50, 69, 58), 23.0
(26, 54, 32, 45, 53, 61), 22.0
(39, 45, 36, 27, 78, 55), 22.0
(23, 39, 96, 54, 67, 50), None
(34, 44, 39, 72, 75, 59), 20.0
(30, 47, 30, 30, 77, 54), None
(37, 47, 41, 51, 73, 53), 18.0
(27, 50, 42, 24, 75, 48), 22.0
(30, 42, 48, 20, 58, 41), 18.0
(67, 31, 53, 14, 25, 1), 20.0
(32, 22, 16, 57, 80, 46), 24.0
(32, 53, 15, 57, 81, 51), 16.0
(43, 24, 7, 55, 79, 57), None
(34, 45, 35, 30, 71, 55), 18.0
(56, 83, 76, 66, 85, 46), 24.0
(48, 37, 76, 70, 84, 45), 21.0
(56, 87, 81, 33, 90, 49), 20.0
(50, 22, 93, 26, 85, 60), 20.0
(29, 18, 38, 48, 76, 53), 20.0
(60, 20, 73, 59, 82, 43), 21.0
(28, 74, 17, 66, 79, 47), 20.0
(54, 79, 59, 68, 92, 38), 22.0
(65, 70, 70, 64, 55, 45), None
(56, 34, 79, 28, 86, 79), None
(25, 48, 75, 19, 73, 56), 20.0
(30, 26, 44, 52, 76, 58), 24.0
(32, 51, 13, 22, 51, 34), None
(35, 26, 44, 52, 76, 57), 23.0
(79, 84, 41, 25, 70, 51), 22.0
(29, 29, 46, 66, 61, 64), None
(61, 42, 78, 61, 64, 88), None
(98, 22, 49, 68, 78, 42), None
(22, 45, 51, 74, 83, 47), 18.0
(19, 17, 20, 56, 17, 40), None
(33, 27, 40, 54, 74, 59), 22.0
(64, 95, 37, 52, 57, 33), 20.0
(11, 24, 65, 58, 80, 62), 18.0
(32, 20, 43, 99, 72, 46), None
(27, 33, 15, 49, 77, 53), 25.0
(72, 32, 18, 37, 88, 52), 18.0
(58, 29, 10, 55, 53, 44), 24.0
(24, 35, 14, 71, 59, 49), 22.0
(28, 33, 15, 50, 82, 55), 24.0
(57, 30, 1, 49, 53, 55), 14.0
(53, 37, 9, 56, 49, 41), 26.0
(30, 39, 7, 29, 75, 39), None
(54, 4, 12, 53, 48, 69), None
(28, 30, 10, 51, 77, 58), 20.0
(53, 37, 44, 59, 55, 36), 22.0
(50, 35, 16, 57, 45, 42), 22.0
(26, 15, 47, 60, 79, 60), None
(26, 49, 21, 55, 49, 53), None
(31, 25, 5, 62, 81, 73), None
(37, 33, 83, 49, 83, 54), None
(59, 33, 9, 47, 56, 44), 24.0
(89, 36, 11, 24, 82, 43), 20.0
(61, 46, 31, 64, 56, 46), None
(63, 28, 9, 32, 59, 44), 21.0
(46, 43, 6, 57, 51, 41), None
(23, 38, 15, 53, 62, 48), 23.0
(57, 33, 13, 47, 57, 50), None
(28, 31, 10, 50, 75, 56), 25.0
(62, 31, 10, 46, 52, 38), 24.0
(60, 31, 2, 43, 52, 39), 25.0
(59, 31, 3, 45, 52, 37), None
(55, 29, 3, 43, 54, 39), None
(27, 34, 86, 40, 68, 33), 20.0
(65, 31, 8, 50, 73, 35), 20.0
(30, 26, 10, 46, 50, 57), 25.0
(31, 49, 0, 27, 76, 57), 18.0
(28, 26, 11, 46, 46, 40), None
(28, 33, 9, 44, 49, 55), 29.0
(30, 35, 5, 51, 49, 55), None
(84, 33, 8, 43, 50, 57), 20.0
(34, 28, 12, 42, 48, 59), 26.0
(59, 28, 9, 42, 43, 59), None
(24, 31, 12, 47, 48, 41), 21.0
(67, 33, 14, 44, 54, 44), None
(56, 30, 12, 41, 52, 37), 19.0
(33, 28, 16, 39, 47, 53), 23.0
(26, 25, 99, 48, 51, 61), None
(35, 27, 8, 46, 44, 58), 28.0
(29, 27, 7, 44, 76, 57), None
(94, 36, 9, 48, 50, 56), 19.0
(36, 32, 17, 45, 43, 54), 22.0
(34, 65, 18, 46, 84, 60), 24.0
(28, 40, 11, 50, 46, 52), 24.0
(28, 29, 11, 50, 45, 59), 22.0
(32, 23, 6, 52, 38, 44), None
(61, 31, 9, 47, 53, 39), 20.0
(35, 69, 19, 49, 34, 62), 23.0
(34, 34, 13, 46, 85, 55), None
(68, 47, 55, 69, 49, 57), 22.0
(20, 37, 27, 43, 59, 59), None
(59, 30, 10, 42, 52, 45), 21.0
(31, 26, 15, 53, 78, 55), 20.0
(30, 33, 39, 48, 80, 58), 22.0
(52, 27, 72, 67, 72, 65), None
(62, 52, 3, 39, 57, 35), None
(26, 36, 8, 45, 55, 42), 26.0
(58, 37, 7, 36, 55, 46), None
(39, 44, 8, 26, 78, 51), 23.0
(24, 35, 5, 45, 55, 31), None
(34, 40, 18, 41, 47, 61), 25.0
(22, 32, 10, 41, 48, 42), 21.0
(92, 34, 13, 55, 50, 60), 20.0
(38, 41, 36, 41, 47, 57), None
(37, 39, 14, 45, 51, 61), 22.0
(33, 29, 33, 51, 74, 64), None
(33, 84, 18, 47, 84, 63), None
(26, 41, 23, 43, 47, 62), 20.0
(65, 31, 21, 38, 53, 41), 19.0
(28, 48, 15, 35, 43, 54), 19.0
(27, 32, 10, 46, 41, 38), 19.0
(25, 39, 11, 49, 45, 52), 21.0
(30, 37, 16, 55, 87, 43), 23.0
(25, 35, 88, 44, 29, 55), 22.0
(31, 23, 13, 53, 81, 59), 19.0
(35, 40, 2, 71, 71, 58), None
(35, 65, 19, 31, 75, 61), 16.0
(32, 44, 67, 23, 49, 56), 25.0
(74, 46, 68, 73, 49, 66), 27.0
(33, 74, 68, 40, 49, 66), 19.0
(28, 42, 5, 76, 45, 53), None
(76, 43, 70, 70, 48, 51), None
(86, 45, 34, 66, 50, 57), 26.0
(83, 45, 66, 66, 51, 56), None
(82, 43, 35, 72, 46, 41), 24.0
(99, 46, 62, 23, 50, 57), None
(88, 37, 65, 69, 49, 67), 19.0
(96, 39, 67, 67, 54, 63), None
(91, 35, 25, 42, 47, 60), 15.0
(71, 48, 7, 78, 55, 39), None
(41, 42, 29, 44, 45, 60), 20.0
(86, 30, 11, 48, 52, 36), 22.0
(31, 50, 32, 64, 49, 49), None
(73, 52, 33, 72, 52, 56), None
(69, 47, 59, 70, 50, 38), 21.0
(85, 29, 9, 47, 54, 43), 19.0
(23, 40, 13, 51, 43, 52), 22.0
(36, 33, 64, 74, 61, 59), 24.0
(79, 28, 94, 44, 52, 35), 25.0
(79, 50, 92, 68, 57, 33), 21.0
(80, 44, 35, 76, 47, 41), 19.0
(87, 30, 96, 91, 53, 44), None
(77, 48, 38, 37, 23, 57), 21.0
(87, 27, 7, 44, 51, 36), None
(89, 33, 94, 46, 55, 65), 18.0
(82, 43, 34, 73, 46, 30), 20.0
(74, 36, 74, 41, 48, 55), None
(79, 55, 71, 65, 51, 62), 25.0
(76, 55, 69, 65, 51, 63), 22.0
(81, 59, 94, 63, 58, 62), 20.0
(78, 67, 89, 43, 49, 60), 20.0
(85, 25, 71, 38, 50, 64), 18.0
(74, 55, 91, 67, 53, 66), 19.0
(30, 46, 30, 21, 48, 71), None
(16, 28, 4, 64, 20, 14), None
(51, 27, 68, 40, 89, 47), 19.0
(21, 41, 12, 34, 44, 68), 18.0
(83, 44, 37, 44, 40, 37), None
(80, 36, 8, 42, 53, 62), 24.0
(33, 22, 70, 60, 50, 34), 23.0
(39, 32, 0, 46, 52, 60), 24.0
(45, 38, 71, 16, 68, 34), 21.0
(26, 46, 27, 29, 56, 57), 26.0
(26, 46, 27, 30, 56, 58), 26.0
(26, 46, 28, 32, 57, 58), 24.0
(22, 45, 26, 25, 56, 58), 28.0
(22, 45, 5, 28, 55, 58), None
(24, 47, 28, 25, 56, 61), 23.0
(18, 44, 26, 29, 94, 56), 17.0
(20, 49, 30, 29, 32, 57), 19.0
(23, 46, 27, 30, 59, 58), 24.0
(26, 42, 23, 23, 55, 53), None
(28, 45, 31, 27, 57, 54), 23.0
(90, 47, 24, 24, 52, 56), None
(93, 49, 26, 31, 54, 63), 25.0
(93, 51, 26, 31, 36, 63), 18.0
(86, 49, 29, 21, 48, 66), 18.0
(27, 53, 32, 28, 59, 59), None
(25, 48, 25, 32, 54, 64), None
(21, 31, 22, 81, 47, 60), 19.0
(29, 57, 34, 34, 51, 58), None
(24, 34, 31, 26, 56, 55), 23.0
(93, 43, 27, 49, 58, 61), 19.0
(96, 3, 20, 69, 54, 68), None
(84, 10, 30, 34, 53, 63), 22.0
(32, 46, 98, 40, 50, 59), None
(29, 41, 6, 66, 26, 56), None
(27, 45, 36, 63, 49, 54), 22.0
(91, 51, 28, 45, 46, 62), 20.0
(30, 43, 33, 48, 60, 58), 18.0
(89, 48, 25, 19, 52, 61), 24.0
(93, 35, 21, 25, 6, 65), None
(19, 37, 28, 31, 57, 62), 20.0
(48, 39, 97, 42, 61, 31), None
(95, 54, 8, 29, 55, 40), 17.0
(31, 35, 63, 65, 48, 57), 19.0
(22, 49, 23, 30, 56, 36), 20.0
(37, 45, 67, 68, 0, 28), 26.0
(27, 30, 2, 69, 2, 28), None
(36, 44, 25, 44, 14, 27), None
(87, 53, 29, 68, 54, 25), 18.0
(38, 47, 67, 68, 50, 60), 22.0
(35, 45, 31, 33, 65, 29), 24.0
(43, 41, 68, 43, 44, 39), None
(25, 29, 12, 45, 3, 31), None
(34, 50, 4, 71, 47, 20), None
(78, 58, 9, 66, 13, 52), 22.0
(98, 52, 34, 62, 58, 54), None
(37, 47, 13, 48, 53, 56), 22.0
(32, 44, 66, 28, 62, 64), 23.0
(95, 48, 26, 38, 55, 42), 20.0
(90, 42, 23, 23, 42, 39), None
(22, 32, 61, 73, 8, 23), 25.0
(17, 46, 64, 77, 4, 26), None
(13, 39, 58, 75, 60, 59), 18.0
(22, 32, 60, 73, 8, 54), 20.0
(83, 50, 37, 86, 57, 23), 20.0
(40, 38, 95, 65, 50, 59), 19.0
(80, 29, 6, 71, 51, 32), None
(26, 27, 92, 49, 19, 41), 19.0
(19, 44, 32, 74, 1, 19), None
(34, 51, 29, 32, 53, 61), 18.0
(75, 46, 65, 26, 56, 69), 22.0
(24, 34, 61, 71, 10, 24), None
(33, 43, 16, 36, 45, 57), 21.0
(21, 41, 18, 70, 70, 52), None
(29, 32, 57, 47, 73, 16), 21.0
(27, 12, 11, 30, 54, 66), 17.0
(82, 26, 10, 61, 51, 56), 18.0
(47, 49, 69, 39, 48, 35), 23.0
(24, 36, 14, 42, 52, 37), 22.0
(92, 34, 20, 67, 59, 63), 18.0
(85, 47, 36, 27, 51, 38), 18.0
(36, 45, 66, 69, 9, 24), 23.0
(31, 40, 72, 63, 63, 58), None
(21, 33, 63, 22, 15, 50), 23.0
(29, 42, 69, 50, 39, 22), 20.0
(32, 48, 7, 33, 66, 59), None
(78, 45, 52, 66, 6, 26), None
(23, 32, 8, 72, 57, 3), None
(25, 55, 67, 29, 55, 42), None
(26, 31, 11, 50, 30, 53), 22.0
(28, 34, 27, 74, 4, 21), None
(95, 37, 25, 37, 12, 10), None
(85, 36, 34, 68, 47, 29), 27.0
(86, 38, 33, 47, 44, 29), 21.0
(89, 34, 37, 68, 0, 67), 20.0
(84, 39, 34, 24, 46, 30), 18.0
(81, 35, 31, 65, 48, 27), 20.0
(71, 28, 0, 69, 11, 33), 21.0
(86, 26, 35, 45, 91, 32), 21.0
(88, 47, 39, 44, 51, 34), 22.0
(83, 51, 30, 42, 98, 62), None
(38, 8, 32, 11, 48, 29), 24.0
(79, 24, 3, 51, 54, 36), None
(44, 46, 33, 25, 59, 55), 24.0
(97, 30, 8, 52, 74, 57), None
(15, 36, 16, 72, 45, 23), 19.0
(41, 37, 28, 68, 61, 32), 22.0
(30, 49, 36, 28, 49, 55), None
(33, 40, 23, 70, 46, 60), 24.0
(29, 32, 6, 47, 70, 53), None
(91, 42, 29, 31, 56, 40), 24.0
(35, 44, 56, 78, 58, 28), 22.0
(88, 42, 26, 65, 27, 64), 21.0
(31, 48, 4, 35, 53, 58), None
(36, 38, 10, 21, 49, 57), 22.0
(49, 28, 34, 74, 24, 34), None
(28, 30, 14, 40, 47, 39), 21.0
(34, 44, 40, 67, 42, 56), 26.0
(20, 36, 41, 67, 43, 61), 18.0
(40, 53, 39, 61, 40, 65), None
(87, 51, 43, 63, 44, 48), 18.0
(18, 31, 38, 67, 38, 25), None
(23, 35, 12, 70, 42, 51), 25.0
(34, 43, 54, 71, 43, 54), None
(22, 59, 35, 70, 36, 51), 20.0
(84, 45, 70, 64, 41, 55), 16.0
(37, 40, 21, 65, 46, 59), 20.0
(20, 47, 31, 73, 42, 48), 29.0
(19, 49, 32, 73, 64, 46), 22.0
(34, 45, 32, 77, 41, 56), 25.0
(76, 46, 85, 68, 42, 49), 23.0
(23, 44, 64, 6, 44, 52), None
(69, 40, 30, 42, 47, 37), 21.0
(26, 47, 50, 59, 67, 42), 21.0
(4, 99, 37, 67, 56, 44), None
(17, 62, 35, 66, 61, 48), 21.0
(20, 43, 66, 71, 38, 21), 20.0
(92, 49, 30, 28, 54, 44), 19.0
(73, 24, 8, 49, 50, 53), 18.0
(39, 41, 41, 76, 20, 49), None
(22, 46, 46, 75, 41, 50), None
(24, 0, 33, 69, 42, 47), 22.0
(27, 48, 18, 54, 33, 60), 22.0
(24, 33, 27, 73, 40, 50), 26.0
(21, 38, 27, 75, 40, 52), 22.0
(25, 35, 31, 70, 37, 51), 27.0
(32, 44, 29, 81, 41, 50), 22.0
(25, 45, 31, 77, 43, 56), 23.0
(26, 33, 34, 72, 35, 50), 26.0
(25, 38, 34, 71, 38, 47), None
(54, 35, 32, 74, 35, 49), None
(23, 35, 37, 72, 37, 51), None
(25, 33, 30, 73, 36, 49), 22.0
(20, 50, 26, 69, 38, 46), 18.0
(23, 34, 36, 72, 33, 50), 23.0
(18, 56, 75, 74, 39, 18), None
(21, 37, 34, 72, 32, 98), None
(23, 37, 29, 79, 39, 76), 19.0
(25, 35, 31, 70, 35, 48), None
(27, 33, 33, 68, 36, 94), None
(85, 53, 35, 62, 40, 52), 23.0
(23, 42, 27, 71, 44, 51), 21.0
(20, 36, 39, 69, 34, 47), 25.0
(30, 46, 32, 23, 45, 45), None
(38, 16, 28, 76, 42, 54), 27.0
(39, 13, 28, 96, 39, 53), None
(37, 15, 24, 77, 44, 50), 20.0
(44, 14, 28, 75, 41, 54), 24.0
(36, 48, 28, 80, 37, 54), 26.0
(38, 18, 31, 79, 37, 54), 22.0
(37, 47, 29, 76, 34, 53), 20.0
(42, 16, 24, 74, 38, 55), 22.0
(40, 20, 26, 82, 36, 52), 22.0
(42, 19, 30, 78, 40, 48), 18.0
(36, 17, 28, 72, 42, 51), 20.0
(35, 50, 33, 75, 96, 55), None
(38, 48, 31, 80, 42, 57), 21.0
(36, 11, 27, 80, 30, 72), 24.0
(26, 51, 35, 73, 36, 54), 25.0
(34, 47, 25, 86, 39, 49), 21.0
(24, 43, 29, 70, 37, 58), 19.0
(38, 48, 32, 67, 43, 27), 20.0
(40, 45, 39, 76, 40, 30), None
(16, 46, 34, 82, 31, 53), 25.0
(26, 16, 31, 69, 34, 46), 23.0
(47, 39, 37, 72, 45, 50), 19.0
(35, 41, 26, 66, 42, 56), 24.0
(87, 50, 28, 70, 45, 58), 18.0
(24, 33, 22, 68, 39, 51), 19.0
(28, 7, 30, 83, 37, 54), None
(21, 44, 24, 78, 43, 48), 19.0
(18, 52, 36, 0, 46, 56), 23.0
(33, 47, 34, 57, 35, 45), 25.0
(42, 36, 29, 84, 41, 52), 18.0
(26, 43, 33, 74, 59, 58), 20.0
(50, 49, 27, 64, 40, 55), 22.0
(31, 34, 41, 72, 44, 53), 19.0
(45, 38, 38, 67, 33, 28), None
(11, 20, 31, 59, 47, 43), 21.0
(37, 41, 35, 70, 92, 50), 16.0
(22, 32, 24, 77, 63, 56), 20.0
(89, 45, 32, 73, 37, 59), 23.0
(29, 36, 29, 68, 58, 46), None
(24, 47, 33, 62, 46, 31), 19.0
(35, 43, 27, 75, 41, 54), 25.0
(27, 34, 36, 71, 43, 57), 22.0
(20, 14, 30, 69, 48, 48), None
(33, 39, 25, 66, 38, 51), 22.0
(40, 31, 28, 79, 57, 60), 19.0
(24, 49, 40, 64, 46, 53), 20.0
(36, 46, 31, 72, 61, 58), 22.0
(85, 51, 37, 15, 44, 55), 22.0
(28, 37, 6, 70, 39, 43), None
(26, 10, 43, 75, 42, 48), 22.0
(31, 48, 33, 56, 28, 52), 19.0
(19, 42, 23, 26, 34, 57), 20.0
(52, 18, 35, 67, 60, 74), 20.0
(38, 44, 26, 60, 49, 59), 24.0
(22, 22, 29, 65, 57, 50), None
(88, 34, 31, 76, 16, 54), 20.0
(82, 93, 38, 71, 31, 26), 25.0
(25, 46, 32, 73, 45, 45), None
(33, 31, 22, 68, 40, 30), 25.0
(29, 40, 27, 63, 48, 56), 23.0
(21, 52, 35, 85, 37, 41), 21.0
(35, 33, 8, 69, 55, 70), 24.0
(67, 29, 33, 54, 42, 60), 20.0
(86, 36, 28, 73, 35, 52), 21.0
(32, 48, 31, 66, 52, 55), 19.0
(27, 5, 5, 71, 59, 58), None
(24, 45, 25, 58, 46, 48), 25.0
(30, 42, 34, 77, 49, 61), 20.0
(13, 50, 30, 69, 56, 32), 15.0
(38, 39, 39, 26, 43, 50), None
(22, 47, 45, 67, 89, 57), 20.0
(84, 35, 36, 79, 47, 46), 18.0
(35, 44, 9, 75, 40, 53), 24.0
(17, 30, 27, 61, 38, 55), 18.0
(41, 37, 42, 73, 50, 43), 21.0
(28, 32, 29, 70, 22, 40), 24.0
(25, 49, 24, 65, 53, 28), 24.0
(89, 46, 21, 68, 44, 51), 20.0
(26, 41, 34, 71, 58, 59), 22.0
(19, 33, 32, 63, 63, 57), None
(64, 43, 37, 88, 56, 62), 24.0
(32, 13, 7, 74, 35, 54), None
(22, 35, 29, 80, 51, 56), 18.0
(36, 45, 27, 66, 41, 47), 24.0
(30, 38, 30, 25, 47, 52), None
(39, 52, 33, 72, 86, 60), 22.0
(24, 47, 25, 53, 32, 49), 20.0
(87, 29, 11, 28, 44, 45), 26.0
(87, 30, 6, 28, 45, 44), None
(84, 27, 12, 27, 43, 46), None
(90, 32, 36, 30, 39, 43), 20.0
(85, 30, 10, 46, 42, 45), 20.0
(87, 28, 11, 64, 45, 41), 22.0
(33, 48, 31, 56, 61, 33), None
(89, 50, 9, 29, 46, 41), 18.0
(27, 17, 39, 76, 53, 54), 22.0
(81, 30, 7, 24, 49, 47), None
(91, 26, 12, 20, 41, 49), 23.0
(87, 25, 68, 25, 36, 51), None
(15, 28, 4, 68, 44, 43), None
(20, 33, 9, 27, 37, 45), 19.0
(34, 40, 47, 18, 59, 37), 24.0
(82, 36, 13, 70, 43, 48), 24.0
(85, 29, 26, 28, 32, 57), 20.0
(89, 31, 15, 5, 48, 39), None
(23, 53, 34, 32, 57, 61), 21.0
(29, 35, 20, 30, 38, 25), 15.0
(25, 23, 29, 74, 54, 35), 18.0
(71, 44, 9, 61, 50, 58), 21.0
(46, 33, 40, 67, 47, 44), 20.0
(49, 2, 13, 69, 52, 28), 23.0
(23, 34, 24, 52, 55, 46), 22.0
(87, 42, 31, 82, 41, 50), 19.0
(37, 46, 11, 45, 49, 59), 25.0
(27, 32, 22, 77, 40, 30), 21.0
(84, 38, 73, 72, 46, 64), 26.0
(25, 36, 7, 48, 44, 42), None
(83, 29, 76, 73, 45, 67), 24.0
(86, 43, 78, 26, 47, 63), 23.0
(42, 39, 37, 71, 49, 62), 20.0
(83, 37, 74, 73, 47, 67), 26.0
(81, 41, 73, 75, 57, 52), 25.0
(80, 37, 75, 73, 46, 69), 26.0
(83, 38, 80, 74, 47, 63), 25.0
(81, 15, 62, 78, 65, 69), 21.0
(35, 49, 35, 13, 51, 56), None
(37, 21, 33, 64, 55, 55), None
(80, 45, 38, 66, 59, 69), 18.0
(32, 48, 42, 23, 52, 58), 19.0
(84, 35, 79, 76, 30, 63), 21.0
(77, 37, 71, 71, 45, 66), None
(85, 36, 74, 73, 44, 68), 24.0
(30, 31, 27, 29, 38, 47), 21.0
(82, 37, 75, 72, 46, 67), 23.0
(40, 41, 28, 33, 43, 59), 20.0
(83, 40, 73, 69, 47, 65), 16.0
(85, 40, 70, 58, 49, 71), 26.0
(20, 43, 65, 58, 50, 38), 18.0
(78, 38, 74, 70, 40, 69), 21.0
(85, 34, 72, 75, 33, 65), 22.0
(79, 38, 71, 54, 63, 75), 22.0
(89, 51, 10, 51, 35, 61), None
(75, 45, 76, 73, 47, 73), None
(81, 40, 77, 57, 28, 69), 22.0
(91, 32, 81, 76, 43, 64), 28.0
(91, 32, 87, 77, 44, 63), 18.0
(91, 34, 35, 80, 40, 65), 21.0
(88, 31, 32, 71, 45, 66), 24.0
(91, 40, 85, 56, 49, 73), 21.0
(86, 38, 75, 83, 48, 67), 25.0
(86, 35, 82, 78, 51, 73), 22.0
(83, 40, 69, 55, 47, 70), 19.0
(88, 42, 70, 62, 53, 71), 25.0
(83, 36, 81, 75, 43, 67), 21.0
(93, 28, 83, 74, 43, 32), 21.0
(56, 46, 78, 67, 61, 64), 23.0
(85, 38, 72, 60, 49, 71), 20.0
(88, 33, 17, 58, 51, 44), 22.0
(94, 48, 30, 69, 41, 53), 19.0
(89, 34, 68, 71, 58, 71), None
(92, 25, 67, 55, 92, 76), None
(80, 36, 76, 7, 42, 70), None
(21, 29, 26, 31, 88, 62), 20.0
(82, 38, 72, 75, 45, 67), 22.0
(87, 36, 80, 73, 46, 65), 23.0
(53, 50, 23, 75, 41, 65), 23.0
(34, 31, 44, 80, 35, 51), 26.0
(36, 27, 7, 46, 39, 49), None
(17, 43, 44, 60, 82, 29), 20.0
(31, 39, 70, 77, 32, 37), 18.0
(8, 39, 72, 72, 42, 68), None
(89, 42, 33, 53, 95, 63), 20.0
(74, 33, 68, 79, 45, 74), None
(84, 37, 74, 22, 48, 71), 21.0
(90, 29, 83, 68, 42, 26), 20.0
(27, 32, 20, 27, 29, 61), None
(83, 18, 73, 24, 56, 66), 21.0
(85, 31, 43, 80, 35, 67), 23.0
(85, 34, 36, 77, 38, 79), 20.0
(70, 12, 5, 75, 34, 42), None
(23, 44, 64, 65, 54, 60), 23.0
(66, 9, 78, 72, 18, 64), 25.0
(39, 47, 29, 44, 54, 53), 24.0
(33, 47, 47, 81, 37, 55), None
(28, 54, 49, 83, 33, 64), 18.0
(34, 28, 28, 80, 37, 58), None
(87, 30, 43, 73, 44, 49), 22.0
(87, 51, 66, 69, 42, 30), 21.0
(21, 30, 41, 66, 39, 51), 19.0
(63, 32, 46, 64, 25, 50), 18.0
(80, 49, 69, 77, 49, 53), None
(80, 35, 75, 78, 31, 66), 21.0
(19, 77, 70, 58, 48, 34), 19.0
(38, 31, 82, 84, 46, 62), 18.0
(90, 33, 90, 79, 50, 48), None
(43, 35, 80, 81, 35, 64), None
(29, 35, 40, 52, 51, 51), None
(77, 26, 77, 71, 45, 69), None
(36, 45, 37, 82, 43, 5), None
(32, 15, 45, 78, 36, 56), 28.0
(82, 15, 76, 74, 46, 72), 22.0
(31, 17, 33, 76, 48, 56), 23.0
(86, 13, 48, 44, 50, 72), 18.0
(31, 11, 44, 77, 36, 83), 18.0
(34, 14, 46, 79, 53, 58), 21.0
(84, 23, 68, 57, 47, 68), None
(24, 31, 45, 88, 34, 50), 19.0
(72, 16, 72, 74, 45, 70), None
(84, 20, 52, 76, 48, 72), 22.0
(33, 16, 66, 69, 38, 81), 22.0
(29, 13, 40, 73, 43, 60), 18.0
(32, 37, 41, 38, 52, 61), 21.0
(34, 17, 13, 79, 37, 53), 21.0
(26, 18, 25, 54, 33, 54), None
(27, 37, 43, 76, 44, 65), 21.0
(29, 11, 45, 29, 55, 56), None
(36, 54, 31, 79, 36, 51), None
(15, 34, 44, 73, 32, 68), 18.0
(79, 36, 2, 76, 48, 39), 16.0
(51, 6, 8, 49, 41, 55), None
(82, 41, 74, 42, 51, 70), 18.0
(94, 28, 34, 81, 34, 48), None
(26, 19, 6, 48, 52, 59), None
(32, 32, 50, 78, 39, 45), None
(38, 22, 58, 62, 30, 42), 21.0
(36, 15, 37, 68, 40, 53), 19.0
(34, 25, 86, 70, 42, 56), 23.0
(91, 27, 39, 67, 35, 47), 20.0
(30, 30, 11, 40, 57, 41), None
(60, 34, 10, 56, 40, 44), 22.0
(69, 38, 70, 72, 47, 68), 20.0
(32, 46, 47, 26, 60, 58), 26.0
(87, 29, 79, 83, 45, 63), 21.0
(30, 52, 51, 21, 58, 24), 19.0
(32, 45, 4, 64, 61, 57), None
(23, 33, 75, 71, 42, 61), 20.0
(46, 33, 14, 46, 69, 40), None
(40, 20, 38, 70, 39, 31), 23.0
(18, 32, 35, 50, 38, 47), 21.0
(37, 56, 42, 82, 79, 34), 23.0
(23, 34, 40, 46, 66, 51), 20.0
(27, 50, 67, 75, 62, 60), 18.0
(84, 40, 71, 66, 49, 66), None
(34, 31, 30, 71, 21, 52), 19.0
(82, 38, 73, 73, 47, 69), None
(25, 43, 32, 71, 43, 56), None
(89, 42, 68, 55, 50, 61), 20.0
(88, 46, 63, 65, 53, 58), 20.0
(21, 36, 48, 78, 31, 91), 18.0
(31, 46, 45, 75, 61, 55), 20.0
(75, 27, 42, 80, 41, 53), 19.0
(31, 48, 48, 68, 65, 57), None
(0, 35, 11, 43, 40, 54), 19.0
(35, 44, 46, 67, 63, 27), 19.0
(25, 50, 29, 74, 37, 60), 20.0
(86, 30, 41, 80, 46, 64), 22.0
(91, 14, 65, 62, 49, 32), 22.0
(28, 43, 47, 26, 59, 59), None
(33, 44, 44, 23, 60, 16), None
(31, 32, 45, 70, 33, 52), 19.0
(88, 35, 46, 26, 56, 58), 20.0
(35, 28, 38, 81, 35, 46), None
(30, 47, 32, 52, 63, 59), 19.0
(82, 12, 80, 26, 56, 62), 19.0
(49, 38, 73, 9, 45, 66), 25.0
(77, 39, 69, 76, 85, 68), 22.0
(86, 44, 26, 68, 43, 75), 24.0
(38, 48, 35, 69, 39, 49), 21.0
(35, 18, 43, 77, 49, 54), 22.0
(21, 46, 33, 73, 60, 56), 24.0
(85, 37, 74, 58, 50, 38), 23.0
(56, 47, 49, 28, 60, 43), 22.0
(33, 24, 31, 52, 52, 49), None
(27, 52, 26, 73, 55, 53), 23.0
(28, 8, 19, 28, 58, 57), None
(93, 44, 16, 34, 44, 59), None
(26, 54, 23, 77, 36, 51), 22.0
(25, 49, 53, 25, 58, 86), None
(32, 26, 61, 18, 27, 28), 18.0
(90, 46, 30, 30, 42, 55), None
(32, 88, 8, 50, 30, 45), 21.0
(87, 40, 70, 59, 45, 35), 20.0
(86, 41, 33, 33, 55, 77), None
(28, 33, 24, 48, 33, 50), None
(81, 39, 77, 22, 46, 65), 20.0
(67, 35, 48, 75, 99, 37), None
(40, 21, 13, 79, 48, 29), 20.0
(31, 42, 31, 41, 59, 57), None
(19, 15, 35, 63, 12, 47), 20.0
(79, 36, 29, 28, 54, 63), 24.0
(44, 40, 40, 84, 42, 54), None
(29, 39, 5, 59, 56, 36), None
(89, 49, 28, 65, 57, 25), 20.0
(23, 48, 27, 78, 36, 54), 21.0
(34, 33, 65, 70, 46, 30), 20.0
(24, 30, 21, 32, 40, 60), 26.0
(90, 45, 19, 32, 62, 61), 23.0
(62, 28, 15, 61, 37, 52), 22.0
(92, 43, 38, 66, 44, 32), 18.0
(37, 29, 47, 19, 67, 49), 22.0
(33, 24, 46, 85, 38, 51), 25.0
(83, 41, 71, 67, 47, 73), 20.0
(25, 34, 24, 35, 83, 62), 22.0
(83, 33, 84, 74, 34, 70), 24.0
(17, 30, 22, 24, 52, 60), 27.0
(16, 51, 21, 22, 54, 56), 20.0
(17, 41, 74, 23, 51, 66), 20.0
(18, 10, 23, 53, 52, 54), 20.0
(20, 31, 25, 45, 36, 50), 25.0
(36, 37, 71, 71, 41, 67), None
(14, 42, 21, 20, 54, 59), 18.0
(13, 26, 18, 39, 51, 59), 25.0
(16, 35, 76, 74, 43, 65), 24.0
(84, 39, 74, 69, 53, 68), 24.0
(78, 42, 76, 21, 55, 63), 23.0
(41, 51, 37, 71, 77, 57), 18.0
(22, 48, 22, 25, 57, 61), None
(14, 36, 34, 76, 49, 47), 20.0
(21, 30, 35, 17, 39, 52), 18.0
(19, 45, 20, 30, 52, 60), 19.0
(88, 31, 88, 72, 35, 47), None
(88, 24, 21, 31, 49, 59), 17.0
(17, 16, 2, 23, 53, 61), 22.0
(85, 29, 8, 47, 47, 72), None
(81, 33, 11, 43, 44, 45), 22.0
(76, 39, 50, 72, 50, 63), None
(31, 49, 44, 25, 39, 58), 22.0
(86, 32, 81, 81, 33, 49), None
(29, 46, 23, 37, 60, 57), 25.0
(38, 29, 17, 82, 38, 45), None
(47, 36, 32, 73, 41, 40), 22.0
(18, 38, 25, 56, 51, 66), 20.0
(73, 30, 24, 78, 29, 63), 20.0
(10, 50, 21, 68, 39, 56), 20.0
(23, 44, 27, 24, 40, 56), 19.0
(18, 13, 18, 20, 43, 64), None
(23, 27, 6, 42, 45, 44), None
(21, 52, 28, 25, 57, 60), 24.0
(19, 37, 78, 27, 47, 62), 22.0
(68, 31, 22, 75, 40, 48), 22.0
(16, 27, 13, 45, 65, 61), 21.0
(21, 19, 34, 70, 15, 61), 24.0
(29, 48, 28, 48, 37, 55), None
(25, 32, 27, 29, 90, 51), 26.0
(36, 34, 69, 68, 98, 52), None
(34, 32, 42, 76, 85, 50), 20.0
(28, 34, 31, 79, 31, 54), None
(21, 29, 25, 31, 88, 59), 20.0
(27, 16, 24, 78, 53, 55), 24.0
(52, 30, 19, 74, 41, 53), 21.0
(54, 35, 32, 2, 72, 70), 18.0
(87, 25, 68, 64, 48, 58), 20.0
(84, 38, 3, 58, 49, 65), None
(35, 27, 49, 27, 38, 57), None
(99, 21, 26, 28, 55, 55), None
(26, 47, 22, 44, 93, 59), 25.0
(84, 41, 72, 70, 50, 69), 27.0
(80, 40, 72, 72, 48, 71), None
(32, 13, 8, 12, 51, 56), 19.0
(83, 41, 73, 70, 50, 68), 26.0
(24, 45, 29, 71, 53, 54), 23.0
(37, 44, 10, 41, 51, 28), 22.0
(57, 42, 71, 54, 46, 70), 22.0
(24, 47, 26, 26, 59, 34), None
(41, 27, 30, 75, 64, 31), 23.0
(24, 32, 21, 50, 92, 40), 18.0
(32, 43, 45, 67, 50, 58), 21.0
(90, 33, 38, 65, 43, 47), 27.0
(90, 45, 37, 23, 57, 22), 23.0
(94, 30, 39, 81, 48, 71), 24.0
(95, 53, 29, 37, 40, 26), 21.0
(92, 28, 43, 77, 45, 9), 22.0
(80, 37, 78, 69, 43, 66), 20.0
(65, 39, 33, 62, 50, 48), 20.0
(91, 81, 27, 71, 32, 46), 24.0
(21, 33, 41, 66, 41, 49), None
(12, 47, 27, 24, 97, 54), None
(93, 50, 36, 63, 53, 57), 22.0
(22, 34, 38, 66, 44, 52), 23.0
(20, 32, 40, 46, 94, 51), 20.0
(72, 40, 51, 55, 47, 63), 25.0
(26, 43, 36, 68, 55, 49), 20.0
(97, 25, 35, 68, 44, 23), None
(29, 32, 25, 73, 35, 50), 18.0
(60, 18, 31, 64, 43, 47), 20.0
(33, 30, 38, 48, 62, 61), 18.0
(89, 45, 65, 65, 3, 27), None
(83, 36, 73, 69, 90, 67), 22.0
(26, 72, 35, 70, 50, 46), 22.0
(91, 35, 63, 70, 42, 42), None
(90, 11, 39, 65, 44, 43), 22.0
(45, 41, 30, 57, 52, 36), 22.0
(87, 43, 38, 61, 49, 69), 24.0
(90, 41, 33, 69, 54, 47), 20.0
(24, 9, 23, 73, 55, 58), 24.0
(95, 33, 73, 72, 82, 68), 22.0
(22, 31, 37, 27, 90, 52), 18.0
(85, 27, 16, 30, 80, 64), 20.0
(25, 30, 23, 35, 45, 67), 26.0
(30, 34, 42, 76, 89, 52), 18.0
(27, 29, 10, 29, 85, 60), None
(85, 37, 75, 73, 46, 74), 27.0
(34, 22, 43, 24, 42, 75), 19.0
(87, 32, 35, 71, 96, 48), None
(93, 35, 39, 75, 37, 78), 25.0
(76, 16, 32, 73, 38, 80), 20.0
(43, 42, 40, 67, 0, 76), 18.0
(85, 35, 77, 60, 47, 72), 20.0
(87, 29, 70, 71, 46, 73), 20.0
(89, 33, 30, 22, 44, 50), 23.0
(88, 38, 27, 52, 45, 75), 18.0
(84, 37, 68, 79, 23, 78), 20.0
(81, 37, 76, 45, 47, 41), 18.0
(39, 14, 79, 87, 42, 68), 21.0
(15, 18, 41, 25, 42, 59), 17.0
(16, 35, 85, 77, 53, 74), 23.0
(49, 31, 34, 74, 39, 48), 26.0
(62, 34, 5, 32, 87, 44), None
(84, 40, 23, 35, 50, 71), 18.0
(78, 38, 73, 73, 47, 69), None
(28, 46, 20, 32, 59, 65), 22.0
(33, 37, 77, 84, 45, 53), 16.0
(93, 29, 25, 63, 44, 76), 21.0
(74, 39, 79, 57, 94, 74), None
(83, 37, 76, 75, 46, 66), 24.0
(55, 50, 29, 81, 55, 56), None
(86, 47, 55, 73, 46, 69), 22.0
(51, 36, 36, 65, 52, 39), None
(88, 36, 32, 70, 48, 66), 18.0
(23, 33, 38, 39, 42, 60), 27.0
(19, 33, 40, 38, 41, 61), 23.0
(19, 32, 82, 39, 40, 63), 20.0
(70, 35, 6, 51, 48, 74), None
(80, 23, 34, 42, 50, 60), 22.0
(4, 32, 74, 95, 46, 25), None
(92, 30, 37, 91, 34, 47), 20.0
(22, 34, 37, 76, 35, 63), 19.0
(23, 43, 0, 68, 52, 56), 18.0
(66, 37, 34, 40, 48, 63), 23.0
(30, 14, 46, 70, 41, 52), 23.0
(89, 29, 32, 72, 41, 66), 23.0
(20, 49, 28, 31, 5, 61), None
(23, 30, 22, 34, 44, 67), 18.0
(27, 42, 39, 48, 58, 55), 26.0
(90, 52, 30, 40, 53, 57), 22.0
(82, 40, 76, 75, 49, 71), 22.0
(46, 33, 35, 74, 43, 26), 22.0
(24, 49, 28, 77, 38, 53), 24.0
(19, 25, 19, 36, 41, 34), None
(50, 31, 36, 76, 38, 49), 20.0
(25, 20, 25, 37, 31, 56), None
(96, 33, 36, 28, 83, 20), None
(26, 35, 82, 70, 68, 69), 20.0
(21, 31, 37, 43, 42, 59), 20.0
(58, 28, 19, 33, 71, 30), 20.0
(20, 35, 22, 35, 45, 65), None
(23, 47, 25, 30, 43, 60), 22.0
(81, 38, 74, 15, 46, 62), 23.0
(27, 45, 25, 33, 57, 55), 24.0
(22, 46, 38, 27, 56, 58), 23.0
(91, 17, 34, 66, 39, 42), 27.0
(91, 15, 33, 49, 52, 42), 24.0
(92, 19, 37, 69, 37, 51), None
(95, 15, 17, 37, 43, 12), 20.0
(93, 17, 42, 44, 39, 45), 18.0
(86, 19, 70, 68, 48, 72), 18.0
(30, 15, 47, 29, 60, 58), 20.0
(49, 9, 34, 60, 40, 45), 20.0
(91, 18, 40, 67, 39, 48), 22.0
(94, 12, 31, 71, 36, 51), 20.0
(90, 17, 34, 21, 86, 62), 21.0
(85, 16, 73, 72, 73, 73), None
(28, 22, 29, 78, 36, 54), 20.0
(40, 55, 39, 80, 78, 32), 21.0
(92, 20, 36, 47, 42, 77), 20.0
(88, 12, 72, 70, 51, 71), 23.0
(91, 42, 68, 67, 7, 73), None
(17, 47, 31, 25, 57, 57), None
(25, 31, 23, 36, 40, 50), 24.0
(35, 17, 13, 43, 60, 44), 25.0
(37, 14, 60, 83, 37, 55), None
(89, 3, 32, 47, 44, 46), None
(79, 40, 78, 67, 46, 67), None
(87, 17, 51, 64, 48, 45), 26.0
(85, 37, 76, 72, 45, 72), None
(83, 32, 72, 75, 42, 64), 28.0
(93, 32, 8, 47, 42, 43), 21.0
(53, 34, 39, 75, 39, 63), None
(37, 28, 19, 76, 39, 60), 22.0
(18, 13, 33, 68, 91, 82), 18.0
(96, 33, 34, 74, 42, 49), None
(71, 34, 87, 76, 40, 62), 21.0
(25, 32, 84, 74, 42, 65), 22.0
(88, 21, 36, 50, 58, 65), 20.0
(64, 6, 28, 50, 57, 36), None
(31, 18, 49, 78, 60, 54), 19.0
(77, 43, 44, 78, 63, 56), 20.0
(14, 11, 39, 53, 40, 75), 19.0
(26, 20, 27, 73, 54, 52), 24.0
(49, 26, 33, 19, 41, 47), 26.0
(82, 38, 75, 74, 46, 70), 18.0
(8, 50, 30, 78, 56, 53), 18.0
(47, 16, 35, 65, 42, 46), 23.0
(48, 23, 32, 23, 41, 62), None
(85, 18, 55, 71, 45, 65), 22.0
(36, 49, 21, 38, 43, 59), 21.0
(30, 43, 70, 40, 45, 63), 18.0
(90, 31, 89, 77, 43, 67), 22.0
(89, 28, 81, 72, 40, 63), 18.0
(82, 35, 34, 72, 47, 68), 22.0
(16, 13, 41, 66, 37, 61), 21.0
(86, 35, 41, 22, 45, 61), 20.0
(24, 33, 36, 74, 39, 49), 20.0
(80, 37, 74, 73, 44, 64), 18.0
(91, 30, 37, 79, 35, 58), 20.0
(84, 34, 69, 69, 49, 28), None
(42, 52, 42, 79, 74, 29), None
(88, 42, 37, 66, 50, 55), 23.0
(22, 35, 27, 71, 44, 51), 25.0
(88, 27, 16, 68, 10, 60), 19.0
(87, 30, 9, 63, 43, 42), 19.0
(87, 16, 47, 64, 37, 52), 19.0
(85, 15, 72, 76, 46, 79), 24.0
(92, 90, 30, 76, 39, 54), 18.0
(28, 25, 31, 74, 41, 48), 18.0
(95, 39, 32, 46, 51, 56), 18.0
(90, 20, 38, 18, 43, 45), 20.0
(83, 17, 34, 69, 50, 48), 24.0
(31, 45, 49, 69, 52, 58), 25.0
(18, 32, 41, 75, 39, 49), 21.0
(98, 27, 80, 40, 54, 58), None
(86, 29, 26, 34, 44, 68), 19.0
(28, 46, 30, 45, 58, 55), 21.0
(93, 24, 34, 18, 37, 45), 21.0
(34, 19, 40, 65, 46, 54), 24.0
(83, 14, 74, 71, 48, 66), 22.0
(20, 31, 36, 72, 41, 48), 27.0
(16, 16, 34, 74, 42, 44), None
(19, 11, 37, 66, 43, 46), 21.0
(12, 39, 36, 71, 53, 38), 18.0
(80, 31, 35, 77, 42, 50), 20.0
(15, 31, 71, 69, 40, 61), 20.0
(20, 49, 29, 74, 47, 59), 23.0
(86, 36, 70, 71, 44, 64), 18.0
(78, 26, 32, 16, 41, 69), 23.0
(18, 26, 37, 14, 40, 65), 26.0
(18, 36, 35, 70, 50, 35), None
(22, 57, 32, 46, 55, 41), 23.0
(38, 33, 9, 42, 36, 49), 29.0
(21, 33, 7, 42, 33, 48), None
(20, 34, 10, 42, 38, 43), 25.0
(82, 36, 77, 72, 49, 67), 23.0
(22, 31, 23, 38, 38, 47), None
(15, 21, 39, 43, 37, 57), 20.0
(44, 28, 31, 19, 41, 47), 21.0
(90, 17, 52, 67, 39, 46), 22.0
(24, 32, 5, 39, 41, 49), None
(17, 29, 33, 12, 43, 47), 21.0
(39, 31, 35, 69, 38, 50), 24.0
(37, 29, 29, 15, 36, 50), None
(39, 26, 38, 17, 36, 52), 22.0
(21, 33, 29, 41, 40, 50), 27.0
(20, 33, 4, 44, 40, 50), None
(94, 16, 86, 81, 34, 48), 21.0
(77, 33, 33, 42, 40, 48), None
(19, 31, 30, 41, 38, 50), 27.0
(17, 34, 7, 44, 37, 47), None
(19, 96, 37, 42, 39, 51), None
(13, 32, 32, 41, 34, 51), None
(17, 34, 30, 42, 38, 49), 24.0
(20, 30, 31, 39, 36, 52), 19.0
(18, 33, 34, 40, 36, 50), 20.0
(22, 28, 14, 41, 41, 53), None
(20, 31, 38, 40, 42, 53), 21.0
(21, 31, 29, 42, 39, 52), 19.0
(17, 29, 25, 38, 44, 49), 25.0
(16, 34, 31, 44, 37, 32), 21.0
(14, 32, 72, 42, 41, 48), 25.0
(19, 35, 32, 39, 43, 46), 22.0
(19, 23, 31, 14, 39, 46), 22.0
(22, 30, 30, 38, 38, 50), None
(15, 26, 35, 6, 40, 64), None
(92, 30, 12, 43, 43, 44), None
(20, 34, 39, 41, 79, 85), 18.0
(18, 35, 83, 40, 42, 51), 22.0
(22, 32, 34, 44, 38, 49), 17.0
(90, 19, 28, 3, 45, 45), None
(16, 32, 57, 42, 34, 53), 21.0
(20, 29, 9, 40, 41, 54), 23.0
(22, 30, 28, 36, 39, 51), 17.0
(10, 86, 2, 44, 43, 23), 20.0
(23, 32, 28, 45, 36, 52), 22.0
(18, 36, 32, 48, 41, 47), 18.0
(21, 0, 37, 44, 35, 54), 24.0
(19, 33, 27, 39, 38, 56), 23.0
(38, 7, 67, 8, 18, 49), None
(90, 28, 12, 45, 44, 45), None
(87, 29, 10, 40, 43, 46), 18.0
(15, 33, 67, 68, 15, 25), None
(13, 12, 33, 76, 40, 53), 18.0
(59, 35, 6, 45, 47, 48), None
(42, 64, 29, 89, 36, 52), 22.0
(74, 36, 79, 73, 45, 50), 25.0
(24, 14, 30, 42, 38, 0), 21.0
(17, 25, 33, 72, 40, 47), 21.0
(23, 33, 36, 70, 33, 50), None
(20, 10, 36, 41, 41, 55), None
(18, 31, 35, 75, 39, 6), None
(72, 36, 8, 72, 45, 42), None
(21, 34, 33, 72, 42, 99), None
(92, 32, 35, 73, 37, 46), 21.0
(64, 35, 4, 45, 48, 40), None
(89, 28, 14, 37, 44, 43), 24.0
(95, 54, 51, 77, 42, 57), 20.0
(23, 30, 25, 38, 37, 59), 24.0
(88, 92, 72, 62, 46, 77), 18.0
(19, 37, 8, 70, 48, 47), 24.0
(34, 32, 30, 74, 41, 57), 19.0
(97, 14, 33, 65, 50, 54), None
(94, 60, 34, 76, 38, 49), 24.0
(67, 31, 31, 75, 39, 49), None
(81, 37, 78, 74, 45, 51), 23.0
(15, 34, 31, 47, 42, 93), 23.0
(41, 33, 30, 47, 35, 37), 20.0
(37, 52, 26, 79, 34, 53), 25.0
(17, 31, 53, 69, 43, 59), 23.0
(21, 27, 17, 38, 40, 62), 21.0
(33, 34, 50, 43, 36, 57), 20.0
(39, 54, 28, 81, 35, 53), 24.0
(84, 38, 76, 71, 47, 64), 25.0
(87, 67, 36, 67, 51, 56), None
(20, 32, 28, 75, 40, 51), 20.0
(93, 35, 32, 49, 43, 32), None
(84, 39, 75, 72, 46, 63), 20.0
(20, 27, 92, 41, 40, 62), 18.0
(24, 35, 3, 43, 54, 46), None
(91, 30, 30, 46, 38, 48), None
(25, 4, 26, 40, 44, 55), None
(36, 50, 27, 78, 38, 53), 20.0
(84, 36, 77, 73, 45, 51), 25.0
(36, 30, 42, 80, 32, 51), 22.0
(39, 50, 27, 79, 37, 54), 21.0
(17, 20, 34, 70, 41, 44), 25.0
(22, 33, 25, 76, 42, 48), 22.0
(17, 23, 36, 0, 40, 65), 21.0
(89, 29, 33, 74, 38, 47), 20.0
(23, 14, 29, 36, 53, 58), 19.0
(19, 33, 39, 67, 43, 60), 22.0
(69, 53, 30, 77, 33, 54), 24.0
(82, 41, 71, 70, 49, 17), 20.0
(12, 18, 32, 51, 44, 34), 26.0
(26, 36, 11, 45, 47, 44), 23.0
(75, 36, 79, 72, 46, 49), 24.0
(14, 24, 38, 10, 41, 65), 20.0
(73, 38, 2, 68, 51, 43), 20.0
(32, 29, 10, 40, 48, 61), 24.0
(91, 28, 33, 12, 41, 47), 20.0
(22, 31, 21, 35, 45, 67), 18.0
(23, 30, 23, 37, 44, 66), None
(88, 13, 35, 66, 51, 55), 17.0
(87, 33, 36, 66, 49, 57), 18.0
(45, 15, 31, 70, 36, 33), 20.0
(86, 34, 71, 64, 49, 72), 21.0
(83, 38, 89, 69, 52, 69), None
(34, 27, 12, 43, 47, 60), 21.0
(35, 43, 39, 69, 43, 55), None
(32, 48, 45, 20, 68, 59), 21.0
(30, 10, 36, 75, 64, 57), 24.0
(26, 41, 39, 46, 39, 51), None
(41, 32, 63, 69, 13, 22), 18.0
(93, 31, 32, 75, 39, 49), 21.0
(24, 33, 27, 41, 42, 52), 24.0
(18, 29, 43, 83, 35, 51), 20.0
(28, 34, 33, 71, 33, 48), None
(21, 32, 34, 72, 32, 80), None
(91, 27, 31, 20, 41, 45), 24.0
(20, 36, 40, 98, 84, 62), None
(88, 10, 83, 65, 47, 44), 20.0
(35, 31, 44, 82, 35, 52), None
(39, 44, 65, 68, 11, 28), 23.0
(22, 32, 24, 77, 43, 50), 19.0
(89, 28, 7, 42, 44, 46), None
(25, 51, 29, 74, 37, 57), 17.0
(24, 34, 27, 39, 99, 50), None
(88, 21, 14, 43, 46, 46), None
(27, 48, 26, 72, 51, 56), 20.0
(67, 37, 6, 50, 48, 43), None
(97, 26, 18, 41, 47, 60), None
(19, 30, 20, 37, 39, 62), 19.0
(86, 40, 69, 66, 49, 76), 21.0
(16, 45, 68, 67, 21, 32), 21.0
(20, 36, 41, 71, 81, 63), 18.0
(95, 33, 35, 73, 35, 49), None
(23, 31, 29, 76, 42, 52), 14.0
(26, 29, 23, 39, 45, 68), 24.0
(92, 15, 31, 44, 40, 36), 22.0
(29, 40, 38, 49, 54, 54), None
(80, 37, 81, 77, 45, 62), 20.0
(22, 30, 24, 36, 44, 65), 20.0
(34, 18, 38, 67, 42, 55), 29.0
(32, 15, 38, 67, 42, 54), 17.0
(35, 18, 37, 64, 42, 53), 24.0
(33, 18, 37, 67, 40, 56), 26.0
(37, 17, 36, 69, 39, 55), 24.0
(33, 20, 38, 68, 37, 51), 16.0
(18, 17, 35, 70, 42, 88), 20.0
(31, 21, 35, 62, 40, 53), 22.0
(90, 15, 40, 64, 42, 58), 20.0
(15, 19, 86, 66, 44, 53), 22.0
(35, 13, 37, 70, 37, 55), None
(93, 19, 35, 68, 39, 49), 16.0
(37, 17, 33, 71, 43, 55), 20.0
(18, 22, 33, 73, 41, 52), 20.0
(70, 16, 36, 68, 45, 59), 22.0
(2, 19, 40, 63, 37, 58), 20.0
(30, 12, 31, 71, 41, 56), 25.0
(89, 13, 38, 74, 44, 50), 16.0
(21, 16, 34, 66, 38, 96), None
(86, 17, 38, 69, 46, 52), 19.0
(34, 22, 29, 72, 43, 48), 24.0
(39, 19, 84, 76, 38, 53), 22.0
(91, 34, 33, 65, 41, 57), 21.0
(19, 15, 36, 70, 46, 55), 20.0
(16, 12, 30, 67, 40, 50), 24.0
(31, 14, 32, 78, 43, 59), 22.0
(14, 35, 40, 74, 39, 53), 18.0
(85, 18, 35, 72, 70, 60), 20.0
(89, 20, 38, 69, 35, 48), 18.0
(33, 33, 29, 75, 45, 55), None
(93, 35, 34, 46, 42, 57), 23.0
(36, 32, 37, 43, 37, 51), None
(21, 15, 32, 73, 47, 47), None
(18, 8, 29, 70, 41, 61), None
(30, 22, 41, 67, 44, 49), 21.0
(85, 35, 98, 65, 39, 53), None
(99, 17, 31, 78, 51, 56), None
(90, 31, 0, 71, 46, 59), 20.0
(38, 33, 35, 62, 42, 46), 22.0
(20, 71, 28, 75, 36, 51), 18.0
(43, 77, 33, 44, 49, 54), 23.0
(17, 38, 37, 68, 44, 63), 20.0
(35, 35, 81, 73, 39, 48), None
(86, 13, 32, 76, 52, 60), 18.0
(94, 34, 16, 70, 40, 56), 22.0
(96, 11, 26, 68, 47, 50), None
(33, 31, 39, 40, 34, 64), 16.0
(22, 24, 30, 72, 43, 58), 20.0
(76, 37, 35, 77, 37, 52), None
(41, 30, 91, 47, 41, 82), None
(88, 20, 33, 64, 44, 78), 25.0
(29, 29, 28, 41, 46, 45), None
(91, 34, 36, 74, 49, 61), 20.0
(10, 32, 31, 66, 41, 54), 19.0
(20, 39, 59, 71, 38, 48), 22.0
(32, 17, 4, 93, 52, 57), None
(24, 57, 41, 43, 43, 50), None
(84, 36, 26, 68, 48, 52), 20.0
(37, 28, 38, 79, 35, 13), 24.0
(21, 32, 34, 74, 45, 55), 23.0
(89, 15, 29, 46, 40, 47), 24.0
(29, 38, 36, 70, 50, 58), 23.0
(78, 35, 75, 72, 42, 60), 24.0
(17, 31, 31, 76, 36, 64), None
(87, 34, 25, 67, 39, 50), 24.0
(35, 52, 33, 69, 46, 54), 23.0
(92, 25, 39, 41, 43, 45), 17.0
(82, 29, 34, 78, 38, 52), 26.0
(19, 33, 28, 63, 48, 61), 22.0
(13, 21, 9, 44, 53, 57), 25.0
(25, 16, 36, 73, 41, 48), 22.0
(22, 18, 54, 71, 45, 56), 21.0
(32, 36, 31, 65, 31, 62), None
(16, 12, 42, 39, 50, 54), 20.0
(86, 31, 73, 75, 43, 50), 24.0
(40, 39, 95, 69, 39, 20), None
(89, 28, 88, 66, 75, 47), 20.0
(28, 48, 24, 73, 36, 59), 18.0
(19, 33, 38, 77, 47, 64), 21.0
(23, 36, 6, 71, 33, 53), None
(84, 30, 15, 45, 41, 44), 18.0
(95, 34, 30, 68, 44, 51), 22.0
(34, 23, 22, 75, 37, 49), 22.0
(38, 31, 80, 43, 40, 56), 23.0
(72, 51, 33, 73, 51, 46), None
(30, 19, 19, 70, 53, 52), None
(21, 37, 27, 61, 45, 59), 22.0
(23, 14, 35, 78, 47, 62), 22.0
(91, 27, 84, 41, 42, 55), 18.0
(36, 33, 37, 67, 34, 66), 20.0
(27, 35, 41, 47, 38, 50), 22.0
(62, 39, 32, 75, 49, 48), 24.0
(87, 32, 29, 64, 43, 53), 23.0
(18, 48, 72, 71, 55, 58), 22.0
(31, 16, 39, 38, 41, 61), 21.0
(82, 29, 34, 73, 45, 42), 22.0
(69, 54, 26, 80, 38, 64), 22.0
(15, 36, 31, 69, 47, 57), 27.0
(11, 25, 30, 67, 46, 57), 23.0
(12, 41, 28, 63, 50, 58), 18.0
(9, 34, 31, 66, 43, 55), 25.0
(14, 37, 24, 70, 48, 60), 20.0
(14, 40, 29, 66, 48, 58), 20.0
(93, 31, 34, 77, 40, 46), 20.0
(16, 38, 31, 72, 52, 55), 23.0
(24, 28, 8, 42, 35, 51), 24.0
(89, 47, 12, 75, 40, 49), 18.0
(14, 36, 33, 67, 43, 56), 23.0
(86, 9, 37, 74, 54, 44), 21.0
(74, 19, 78, 44, 38, 47), 24.0
(15, 37, 32, 68, 45, 56), 25.0
(85, 14, 74, 47, 42, 51), 26.0
(14, 42, 36, 69, 50, 60), 24.0
(12, 80, 26, 72, 40, 54), 18.0
(12, 54, 29, 64, 45, 58), 21.0
(18, 39, 28, 71, 48, 62), 23.0
(16, 35, 35, 69, 51, 64), None
(19, 35, 34, 69, 48, 61), 24.0
(16, 38, 56, 66, 50, 74), 18.0
(15, 94, 27, 74, 37, 57), 18.0
(17, 32, 21, 77, 41, 53), 19.0
(79, 37, 34, 69, 45, 54), 22.0
(20, 34, 31, 66, 43, 57), 23.0
(16, 56, 32, 45, 46, 59), 20.0
(91, 44, 40, 70, 47, 62), 24.0
(13, 33, 38, 68, 52, 67), 22.0
(18, 50, 25, 39, 35, 55), 19.0
(17, 35, 37, 64, 50, 60), 20.0
(21, 36, 29, 72, 56, 30), 21.0
(34, 45, 71, 70, 47, 60), 22.0
(19, 32, 5, 72, 44, 45), None
(22, 39, 36, 65, 54, 70), 18.0
(38, 30, 32, 79, 42, 57), 22.0
(97, 34, 30, 41, 40, 53), None
(5, 41, 28, 39, 48, 58), None
(26, 33, 32, 42, 38, 55), 22.0
(33, 38, 34, 68, 44, 52), 19.0
(24, 28, 30, 61, 42, 53), 24.0
(21, 36, 32, 62, 67, 56), 18.0
(11, 16, 10, 71, 52, 49), 27.0
(19, 30, 9, 70, 55, 47), 22.0
(83, 18, 13, 75, 55, 48), 19.0
(12, 39, 9, 68, 49, 49), None
(88, 12, 18, 48, 32, 40), 22.0
(5, 15, 6, 73, 52, 46), None
(15, 16, 9, 73, 51, 50), 20.0
(29, 32, 24, 75, 46, 15), 20.0
(6, 17, 11, 77, 54, 49), None
(8, 21, 11, 72, 53, 65), 18.0
(13, 14, 8, 69, 53, 47), 24.0
(13, 15, 2, 69, 52, 64), 21.0
(8, 18, 10, 45, 56, 52), 22.0
(81, 17, 7, 72, 47, 43), None
(8, 34, 14, 70, 50, 62), 20.0
(12, 13, 4, 65, 53, 54), None
(10, 12, 61, 68, 37, 49), 18.0
(7, 20, 11, 67, 39, 51), None
(9, 10, 7, 74, 52, 56), None
(13, 19, 15, 75, 51, 59), 20.0
(14, 22, 94, 44, 71, 50), 22.0
(10, 16, 8, 76, 57, 44), 21.0
(36, 47, 42, 43, 34, 58), 21.0
(27, 25, 35, 63, 41, 54), 28.0
(27, 23, 82, 60, 39, 55), 23.0
(28, 23, 12, 63, 44, 79), 23.0
(10, 17, 6, 72, 36, 53), None
(31, 26, 12, 41, 53, 56), 18.0
(11, 27, 39, 64, 46, 58), 19.0
(26, 24, 35, 63, 41, 54), 25.0
(27, 27, 10, 71, 42, 51), None
(29, 25, 4, 78, 43, 52), None
(29, 20, 15, 61, 36, 52), 23.0
(34, 28, 38, 63, 46, 60), 21.0
(25, 29, 36, 65, 39, 66), 20.0
(25, 24, 17, 65, 58, 45), 24.0
(31, 25, 34, 65, 40, 55), 16.0
(32, 25, 9, 61, 43, 56), 22.0
(26, 22, 33, 70, 49, 50), 22.0
(28, 51, 34, 68, 49, 52), 25.0
(92, 14, 6, 67, 45, 42), None
(11, 20, 22, 81, 55, 55), None
(29, 48, 27, 48, 33, 58), None
(11, 62, 36, 66, 41, 54), 18.0
(17, 25, 58, 66, 51, 46), 24.0
(15, 26, 20, 74, 50, 52), 18.0
(32, 59, 40, 60, 43, 82), 23.0
(16, 29, 42, 40, 55, 59), 22.0
(27, 74, 10, 46, 53, 69), 22.0
(24, 31, 37, 66, 38, 84), 22.0
(7, 18, 13, 71, 48, 61), None
(30, 21, 74, 76, 29, 47), 21.0
(22, 14, 86, 79, 36, 54), 19.0
(85, 16, 77, 67, 46, 24), 18.0
(2, 27, 8, 42, 39, 49), 27.0
(0, 27, 70, 42, 40, 63), 23.0
(24, 12, 30, 68, 41, 48), 20.0
(42, 29, 26, 70, 45, 52), 26.0
(89, 37, 75, 69, 44, 47), 20.0
(78, 44, 72, 46, 50, 67), 22.0
(90, 19, 7, 72, 62, 63), None
(28, 27, 4, 37, 35, 49), None
(40, 49, 99, 71, 48, 56), None
(31, 23, 39, 43, 38, 50), 18.0
(36, 16, 30, 4, 56, 53), None
(38, 27, 1, 64, 41, 54), 23.0
(2, 26, 8, 42, 38, 50), 20.0
(0, 25, 6, 64, 43, 45), None
(26, 46, 11, 70, 51, 57), 20.0
(17, 22, 10, 39, 40, 56), 21.0
(18, 26, 4, 40, 39, 47), None
(19, 25, 8, 44, 73, 60), 21.0
(65, 23, 8, 63, 56, 44), 24.0
(95, 98, 32, 66, 52, 72), None
(87, 14, 76, 73, 47, 76), None
(33, 41, 72, 62, 47, 54), 20.0
(35, 17, 17, 67, 44, 42), None
(30, 38, 81, 36, 44, 3), None
(84, 28, 10, 71, 49, 69), 23.0
(24, 36, 7, 38, 34, 49), None
(9, 22, 5, 80, 36, 58), None
(33, 52, 9, 49, 51, 52), None
(24, 28, 24, 41, 37, 52), None
(3, 21, 12, 38, 38, 48), None
(22, 29, 37, 46, 38, 47), 24.0
(11, 34, 28, 21, 46, 56), 21.0
(93, 43, 39, 68, 49, 64), 20.0
(76, 46, 78, 65, 53, 27), 26.0
(81, 40, 22, 76, 49, 60), 20.0
(4, 11, 14, 59, 42, 45), None
(4, 19, 6, 78, 32, 51), None
(28, 23, 9, 74, 37, 67), 22.0
(15, 30, 12, 43, 59, 44), 21.0
(27, 27, 35, 45, 40, 50), None
(21, 16, 30, 74, 59, 58), 18.0
(23, 30, 42, 71, 61, 48), 16.0
(14, 14, 36, 63, 41, 57), None
(25, 18, 33, 77, 34, 53), 20.0
(6, 25, 2, 41, 77, 50), None
(4, 44, 5, 68, 45, 42), None
(25, 31, 33, 43, 40, 51), 23.0
(90, 29, 43, 40, 37, 38), 15.0
(6, 18, 7, 67, 54, 45), None
(0, 27, 10, 44, 42, 46), 20.0
(35, 26, 3, 74, 55, 62), None
(35, 20, 9, 77, 42, 40), 18.0
(21, 30, 26, 41, 40, 48), 25.0
(31, 42, 32, 62, 44, 74), 16.0
(44, 28, 29, 73, 35, 70), 25.0
(88, 32, 8, 69, 58, 64), 16.0
(8, 52, 14, 47, 47, 57), None
(6, 12, 6, 49, 46, 59), None
(3, 21, 7, 71, 36, 50), None
(38, 24, 27, 47, 38, 54), None
(21, 30, 10, 37, 53, 66), 19.0
(28, 49, 90, 51, 39, 49), None
(83, 16, 80, 80, 42, 31), None
(17, 27, 12, 72, 32, 62), 22.0
(30, 47, 85, 45, 30, 60), None
(20, 31, 28, 42, 61, 53), 25.0
(86, 13, 70, 66, 49, 61), 18.0
(27, 56, 40, 38, 38, 48), None
(2, 33, 36, 39, 40, 51), 23.0
(23, 20, 32, 44, 36, 90), 19.0
(26, 29, 37, 42, 39, 51), 24.0
(19, 32, 20, 43, 41, 47), 19.0
(17, 29, 30, 70, 42, 53), 22.0
(3, 24, 11, 42, 42, 45), None
(6, 36, 23, 9, 51, 10), None
(92, 28, 37, 48, 44, 63), 24.0
(39, 49, 3, 75, 44, 51), None
(2, 50, 34, 69, 55, 29), 20.0
(33, 36, 40, 76, 44, 55), 23.0
(0, 31, 13, 35, 67, 86), 18.0
(71, 23, 9, 79, 46, 46), None
(94, 17, 35, 40, 41, 49), 16.0
(23, 53, 31, 65, 42, 57), 23.0
(79, 45, 5, 72, 53, 34), None
(37, 25, 75, 77, 40, 71), 22.0
(32, 26, 25, 46, 43, 55), 22.0
(25, 9, 53, 67, 35, 49), 22.0
(24, 14, 17, 45, 37, 52), 20.0
(40, 16, 36, 66, 43, 57), 20.0
(29, 31, 39, 40, 40, 50), None
(13, 18, 33, 74, 46, 59), 20.0
(22, 30, 29, 82, 38, 59), 20.0
(68, 42, 32, 69, 33, 77), 20.0
(10, 15, 27, 67, 57, 49), 28.0
(7, 32, 22, 43, 53, 66), None
(11, 13, 31, 68, 36, 53), 19.0
(2, 46, 68, 61, 36, 47), 24.0
(10, 10, 24, 68, 57, 51), None
(10, 47, 27, 64, 56, 54), 23.0
(60, 15, 26, 66, 59, 48), 23.0
(36, 7, 27, 39, 57, 56), None
(6, 11, 30, 45, 39, 49), None
(10, 13, 93, 65, 54, 65), None
(9, 15, 35, 63, 59, 46), 24.0
(13, 33, 41, 60, 59, 42), 21.0
(9, 32, 19, 23, 56, 43), 20.0
(5, 16, 7, 65, 63, 45), None
(6, 18, 22, 51, 69, 53), None
(91, 27, 24, 59, 41, 47), 24.0
(12, 26, 38, 63, 57, 39), 22.0
(7, 38, 11, 70, 59, 19), None
(11, 13, 26, 85, 55, 44), 25.0
(76, 50, 73, 42, 61, 46), 20.0
(3, 14, 21, 74, 57, 68), None
(12, 40, 79, 71, 59, 74), 19.0
(31, 45, 71, 76, 66, 21), 25.0
(86, 23, 0, 67, 57, 48), 20.0
(14, 16, 24, 79, 58, 50), 22.0
(4, 28, 44, 37, 53, 64), None
(89, 11, 35, 69, 50, 34), 18.0
(33, 49, 9, 69, 48, 52), 26.0
(13, 31, 28, 72, 55, 55), None
(94, 19, 38, 74, 44, 26), 20.0
(80, 34, 25, 17, 44, 62), 26.0
(21, 34, 33, 40, 34, 49), None
(16, 53, 14, 46, 48, 56), 24.0
(97, 68, 29, 65, 60, 54), None
(73, 15, 75, 73, 54, 51), None
(36, 43, 77, 68, 45, 56), 22.0
(28, 21, 36, 67, 37, 47), 22.0
(87, 46, 66, 62, 42, 70), 22.0
(85, 36, 31, 67, 64, 72), 22.0
(10, 15, 26, 72, 57, 44), 18.0
(8, 17, 27, 69, 53, 58), 22.0
(2, 21, 41, 44, 39, 48), 18.0
Sampler:BoTorchSampler
(16, 79, 20, 9, 77, 79), None
(94, 85, 67, 79, 68, 62), 23.0
(78, 18, 79, 21, 44, 10), 20.0
(65, 59, 46, 18, 39, 44), 20.0
(4, 17, 40, 94, 2, 40), None
(76, 73, 64, 18, 0, 94), 24.0
(61, 17, 22, 98, 64, 63), None
(50, 88, 83, 2, 56, 60), 21.0
(72, 2, 54, 33, 58, 5), None
(62, 97, 61, 48, 87, 86), None
(66, 6, 13, 83, 1, 1), None
(56, 10, 79, 14, 6, 72), None
(66, 6, 41, 7, 88, 75), None
(82, 87, 23, 53, 42, 63), 23.0
(48, 27, 9, 38, 13, 49), 24.0
(92, 56, 18, 18, 81, 43), None
(68, 99, 60, 93, 38, 99), None
(76, 68, 31, 48, 17, 95), 15.0
(92, 39, 87, 0, 64, 66), 20.0
(47, 92, 32, 75, 81, 95), 23.0
(76, 78, 80, 5, 0, 97), None
(76, 78, 80, 4, 0, 97), None
(38, 15, 0, 40, 9, 36), 18.0
(74, 97, 37, 74, 75, 65), None
(74, 97, 38, 74, 75, 65), None
(74, 97, 37, 74, 75, 64), None
(74, 96, 38, 74, 75, 65), None
Sampler:CmaEsSampler
(26, 92, 37, 85, 96, 90), None
(6, 53, 15, 21, 15, 57), None
(87, 50, 87, 84, 37, 2), None
(31, 12, 7, 41, 70, 6), None
(42, 62, 72, 37, 6, 29), None
(52, 57, 33, 48, 32, 61), 24.0
(44, 32, 51, 65, 74, 48), 20.0
(31, 74, 46, 47, 41, 59), 18.0
(48, 33, 38, 29, 59, 84), 20.0
(62, 59, 23, 57, 70, 40), 20.0
(25, 54, 68, 56, 84, 66), 19.0
(74, 44, 57, 46, 55, 33), 22.0
(47, 23, 42, 27, 51, 70), 28.0
(35, 65, 27, 26, 63, 43), 21.0
(51, 53, 39, 18, 17, 27), 26.0
(70, 55, 43, 60, 15, 66), 23.0
(44, 27, 62, 32, 41, 47), 22.0
(69, 64, 47, 20, 37, 45), 19.0
(49, 45, 61, 14, 49, 49), None
(32, 55, 54, 45, 69, 46), 20.0
(46, 13, 33, 2, 41, 54), 21.0
(46, 42, 34, 9, 15, 49), 20.0
(51, 35, 60, 24, 41, 53), 22.0
(36, 42, 46, 56, 33, 47), 22.0
(37, 66, 28, 8, 13, 71), 24.0
(44, 66, 8, 52, 14, 59), 19.0
(61, 50, 47, 32, 25, 50), None
(24, 58, 41, 54, 2, 61), 21.0
(27, 50, 34, 43, 41, 52), 20.0
(45, 40, 27, 7, 35, 64), None
(64, 42, 36, 31, 31, 69), None
(67, 75, 71, 64, 48, 51), 18.0
(40, 67, 14, 43, 4, 70), None
(68, 66, 25, 43, 0, 58), 23.0
(59, 50, 59, 44, 7, 76), None
(36, 64, 50, 37, 35, 62), 20.0
(30, 25, 31, 10, 12, 79), 22.0
(85, 82, 43, 44, 21, 37), 22.0
(58, 65, 56, 35, 12, 31), 24.0
(52, 56, 69, 33, 5, 10), None
(58, 60, 42, 31, 6, 25), None
(15, 58, 41, 15, 46, 79), None
(18, 31, 45, 57, 4, 54), None
(57, 72, 52, 54, 39, 39), None
(49, 60, 39, 10, 17, 55), 17.0
(80, 38, 74, 12, 23, 96), None
(59, 82, 20, 52, 4, 48), None
(75, 64, 49, 34, 23, 42), 25.0
(42, 59, 35, 28, 4, 26), None
(51, 62, 39, 42, 10, 50), 18.0
(83, 69, 60, 46, 2, 31), 20.0
(61, 57, 61, 36, 22, 7), None
(90, 49, 46, 37, 55, 67), 21.0
(30, 71, 2, 13, 8, 14), 25.0
(69, 96, 50, 27, 19, 43), None
(66, 86, 36, 38, 2, 47), 23.0
(24, 65, 41, 8, 33, 53), 25.0
(60, 24, 59, 25, 26, 44), 20.0
(52, 59, 12, 6, 19, 51), None
(79, 86, 60, 8, 38, 33), 22.0
(51, 74, 41, 30, 19, 7), None
(61, 55, 50, 31, 48, 18), 18.0
(64, 34, 55, 37, 36, 9), 18.0
(80, 33, 12, 3, 23, 39), None
(49, 74, 36, 20, 32, 41), 21.0
(34, 27, 54, 50, 9, 39), 22.0
(69, 50, 58, 55, 1, 44), 20.0
(56, 95, 44, 10, 30, 50), 18.0
(10, 50, 74, 5, 33, 26), None
(67, 65, 27, 18, 27, 19), None
(56, 58, 38, 14, 21, 30), 20.0
(29, 62, 39, 1, 7, 17), None
(38, 48, 47, 63, 35, 52), 23.0
(37, 56, 62, 16, 19, 46), 23.0
(66, 53, 54, 50, 37, 59), 23.0
(83, 89, 47, 45, 31, 54), 17.0
(63, 34, 64, 37, 62, 57), 22.0
(27, 36, 77, 61, 36, 58), None
(67, 76, 57, 24, 45, 17), 18.0
(53, 57, 27, 45, 31, 25), 20.0
(51, 58, 45, 48, 2, 51), None
(74, 69, 31, 37, 42, 43), 19.0
(35, 43, 65, 24, 59, 32), 23.0
(78, 49, 66, 44, 33, 55), 21.0
(68, 43, 51, 23, 31, 62), 12.0
(43, 34, 64, 39, 8, 57), 23.0
(42, 42, 71, 30, 41, 25), None
(49, 53, 57, 14, 35, 47), 21.0
(50, 51, 68, 22, 16, 32), 22.0
(37, 50, 47, 11, 26, 4), None
(31, 51, 49, 33, 43, 52), 21.0
(44, 49, 64, 31, 44, 61), None
(21, 46, 69, 14, 24, 40), 19.0
(38, 62, 43, 29, 31, 32), 17.0
(38, 53, 52, 25, 21, 61), 23.0
(32, 44, 75, 15, 33, 57), 24.0
(35, 44, 92, 19, 15, 27), 20.0
(61, 42, 64, 44, 14, 63), 17.0
(51, 61, 69, 24, 21, 58), 22.0
(41, 38, 76, 12, 7, 69), None
(38, 38, 68, 35, 11, 59), None
(43, 32, 75, 0, 18, 37), 21.0
(39, 56, 54, 34, 7, 57), None
(61, 52, 71, 15, 12, 34), 23.0
(39, 50, 34, 11, 35, 50), None
(64, 36, 62, 23, 56, 37), 18.0
(31, 46, 50, 26, 46, 41), None
(34, 28, 71, 20, 16, 48), 19.0
(40, 56, 70, 34, 14, 47), 20.0
(29, 44, 47, 52, 8, 56), 24.0
(52, 69, 49, 9, 8, 41), 23.0
(57, 42, 60, 44, 20, 13), 20.0
(54, 27, 71, 54, 34, 58), None
(33, 28, 73, 19, 36, 56), 18.0
(45, 39, 76, 12, 11, 52), 18.0
(33, 18, 67, 37, 29, 54), 20.0
(38, 42, 40, 6, 33, 38), None
(46, 45, 40, 26, 0, 65), 20.0
(31, 23, 68, 22, 14, 56), 18.0
(34, 68, 42, 17, 12, 60), 27.0
(28, 52, 41, 45, 29, 49), 19.0
(35, 62, 42, 27, 38, 34), 20.0
(35, 69, 55, 39, 6, 52), None
(52, 61, 49, 25, 24, 52), None
(41, 54, 53, 29, 8, 54), None
(66, 53, 57, 22, 22, 25), None
(47, 70, 48, 21, 15, 17), 22.0
(39, 56, 46, 17, 2, 52), 25.0
(45, 43, 54, 36, 7, 56), None
(34, 55, 39, 25, 3, 49), None
(40, 62, 31, 24, 19, 31), None
(25, 59, 75, 41, 18, 44), 22.0
(59, 65, 40, 40, 10, 40), None
(36, 71, 47, 0, 18, 52), 22.0
(26, 49, 54, 25, 20, 51), 18.0
(30, 57, 40, 30, 3, 55), None
(42, 53, 60, 18, 22, 50), 22.0
(36, 65, 56, 13, 10, 44), 27.0
(47, 70, 69, 14, 5, 63), None
(36, 59, 59, 17, 22, 47), None
(41, 60, 66, 3, 30, 46), None
(41, 51, 48, 17, 20, 35), 18.0
(48, 71, 50, 24, 8, 53), 25.0
(40, 65, 44, 16, 14, 26), 20.0
(46, 55, 54, 27, 9, 23), 22.0
(35, 54, 44, 16, 11, 27), 22.0
(51, 73, 44, 13, 30, 39), 20.0
(33, 72, 57, 28, 20, 24), 20.0
(30, 61, 58, 5, 15, 54), None
(33, 45, 59, 46, 10, 37), 20.0
(47, 70, 57, 9, 11, 45), 23.0
(35, 70, 48, 10, 0, 18), 19.0
(45, 84, 43, 10, 2, 41), 20.0
(38, 65, 43, 7, 16, 56), None
(43, 72, 41, 6, 15, 39), None
(48, 58, 55, 16, 22, 41), 23.0
(34, 68, 53, 12, 0, 39), 19.0
(54, 71, 59, 22, 5, 37), None
(53, 71, 30, 17, 9, 33), 18.0
(40, 60, 62, 2, 34, 52), 20.0
(52, 67, 46, 28, 8, 38), 24.0
(49, 51, 75, 35, 29, 54), 26.0
(41, 77, 45, 2, 9, 42), 18.0
(48, 67, 45, 7, 1, 44), None
(44, 78, 39, 17, 6, 41), None
(53, 69, 52, 21, 10, 39), 16.0
(53, 59, 81, 22, 19, 34), 22.0
(46, 71, 74, 26, 18, 54), 19.0
(49, 67, 48, 32, 26, 33), 23.0
(45, 54, 49, 21, 14, 49), None
(40, 48, 50, 17, 19, 31), 20.0
(36, 50, 62, 51, 20, 45), 23.0
(60, 54, 63, 14, 23, 67), 20.0
(49, 54, 57, 32, 14, 49), None
(44, 72, 49, 14, 3, 49), None
(51, 53, 65, 35, 28, 32), 18.0
(56, 69, 60, 21, 3, 26), None
(48, 48, 60, 37, 30, 49), None
(60, 50, 53, 29, 23, 40), 20.0
(44, 62, 62, 14, 14, 33), None
(60, 51, 68, 36, 26, 50), 22.0
(47, 78, 46, 4, 39, 31), None
(44, 63, 50, 33, 9, 15), 23.0
(44, 60, 49, 35, 33, 43), 23.0
(45, 61, 71, 33, 11, 48), 24.0
(49, 56, 61, 22, 20, 26), 20.0
(45, 60, 76, 23, 30, 42), 21.0
(44, 71, 60, 29, 13, 35), 26.0
(50, 61, 58, 22, 19, 37), 22.0
(37, 48, 65, 51, 19, 49), 22.0
(39, 49, 57, 43, 12, 43), None
(44, 42, 77, 40, 36, 44), None
(35, 48, 47, 15, 33, 42), 22.0
(42, 73, 54, 34, 11, 46), 24.0
(47, 62, 56, 37, 7, 32), None
(48, 66, 59, 37, 4, 29), None
(48, 50, 50, 36, 21, 47), None
(45, 62, 63, 45, 28, 36), None
(37, 53, 68, 32, 7, 33), None
(43, 70, 32, 20, 10, 48), 19.0
(47, 59, 63, 45, 17, 42), 20.0
(41, 70, 73, 23, 3, 34), None
(38, 62, 47, 41, 11, 33), 20.0
(41, 71, 79, 24, 19, 36), 22.0
(50, 62, 71, 34, 8, 52), 18.0
(52, 68, 55, 32, 4, 28), None
(31, 72, 59, 37, 4, 43), None
(46, 56, 62, 10, 11, 46), None
(42, 70, 50, 31, 12, 35), 21.0
(47, 67, 51, 30, 20, 34), 21.0
(34, 79, 47, 21, 2, 17), 23.0
(35, 83, 47, 30, 18, 39), 20.0
(46, 63, 64, 36, 20, 51), 21.0
(34, 72, 43, 37, 10, 24), 27.0
(28, 78, 51, 13, 4, 22), None
(39, 70, 64, 30, 21, 22), 21.0
(52, 73, 48, 45, 29, 41), 20.0
(44, 71, 57, 37, 7, 40), None
(38, 74, 53, 30, 19, 31), 21.0
(38, 86, 59, 13, 21, 31), 19.0
(42, 75, 56, 27, 22, 31), 20.0
(37, 66, 65, 39, 17, 43), 18.0
(34, 71, 55, 41, 18, 38), 20.0
(41, 66, 58, 45, 20, 30), 24.0
(33, 78, 51, 16, 13, 26), 16.0
(45, 67, 68, 45, 24, 36), None
(29, 72, 39, 37, 8, 43), 19.0
(36, 71, 42, 32, 11, 33), 23.0
(23, 86, 42, 20, 13, 30), 17.0
(39, 70, 44, 30, 23, 30), None
(47, 57, 64, 59, 31, 27), 23.0
(33, 69, 38, 36, 35, 34), 22.0
(38, 68, 51, 34, 24, 41), 20.0
(42, 74, 53, 31, 2, 31), None
(39, 70, 50, 39, 29, 31), None
(52, 65, 65, 36, 18, 34), None
(47, 68, 48, 36, 32, 30), 24.0
(41, 68, 51, 30, 4, 35), None
(45, 71, 57, 48, 35, 36), 23.0
(53, 63, 44, 45, 37, 36), 24.0
(43, 58, 54, 28, 7, 38), None
(35, 56, 55, 49, 20, 31), 18.0
(50, 63, 61, 43, 11, 27), 18.0
(43, 58, 55, 60, 24, 39), 22.0
(30, 77, 52, 42, 19, 29), 21.0
(38, 61, 47, 40, 5, 42), None
(23, 64, 56, 53, 19, 22), 24.0
(45, 69, 50, 53, 31, 33), 22.0
(48, 69, 46, 45, 30, 32), 22.0
(43, 53, 47, 44, 34, 43), None
(48, 55, 58, 39, 44, 44), None
(44, 70, 34, 36, 51, 20), 25.0
(42, 78, 53, 23, 16, 44), 19.0
(33, 77, 42, 35, 15, 38), 18.0
(48, 78, 39, 37, 8, 27), 26.0
(46, 66, 49, 32, 23, 29), 26.0
(34, 61, 41, 33, 31, 29), 23.0
(43, 62, 59, 43, 22, 30), None
(45, 80, 57, 55, 34, 14), 22.0
(57, 59, 57, 57, 43, 33), None
(55, 65, 42, 49, 39, 21), 20.0
(41, 72, 40, 38, 20, 20), None
(43, 79, 25, 32, 34, 21), 24.0
(48, 81, 40, 26, 12, 22), 23.0
(47, 74, 40, 31, 13, 35), 25.0
(39, 71, 38, 29, 8, 25), 22.0
(53, 77, 48, 47, 28, 32), 26.0
(52, 72, 38, 36, 18, 32), 18.0
(57, 78, 50, 35, 40, 38), 22.0
(33, 72, 16, 33, 7, 24), None
(44, 79, 33, 26, 3, 28), None
(47, 73, 34, 24, 9, 45), 18.0
(47, 76, 44, 38, 32, 18), 25.0
(54, 73, 49, 46, 37, 25), 20.0
(53, 84, 46, 45, 26, 31), 24.0
(49, 65, 35, 29, 33, 41), 18.0
(61, 75, 48, 42, 32, 33), 22.0
(53, 86, 62, 34, 16, 27), 28.0
(47, 66, 47, 29, 30, 34), None
(47, 79, 48, 30, 12, 24), 22.0
(50, 83, 38, 22, 17, 46), 18.0
(52, 90, 33, 31, 2, 18), 19.0
(44, 95, 51, 44, 18, 22), None
(62, 72, 26, 60, 41, 23), 18.0
(53, 69, 46, 33, 17, 24), 26.0
(58, 88, 58, 40, 19, 31), None
(65, 80, 76, 35, 35, 38), None
(54, 88, 62, 39, 14, 29), 20.0
(56, 79, 56, 50, 31, 35), None
(39, 76, 57, 30, 25, 25), None
(55, 73, 67, 26, 4, 33), None
(51, 82, 49, 49, 28, 21), None
(55, 87, 55, 50, 8, 32), None
(59, 78, 49, 27, 24, 40), 21.0
(45, 81, 61, 28, 5, 42), None
(46, 73, 62, 42, 22, 49), 14.0
(56, 76, 64, 48, 18, 27), 20.0
(46, 80, 41, 37, 0, 29), 20.0
(46, 61, 60, 50, 41, 42), 18.0
(65, 96, 45, 35, 20, 29), None
(64, 84, 63, 38, 18, 37), 24.0
(47, 82, 63, 38, 8, 30), 20.0
(61, 67, 57, 39, 37, 41), 20.0
(55, 79, 69, 26, 7, 37), None
(59, 70, 53, 42, 21, 45), 21.0
(65, 76, 67, 43, 27, 29), 22.0
(59, 77, 54, 40, 36, 14), 22.0
(60, 68, 65, 33, 26, 35), 24.0
(48, 69, 56, 45, 25, 30), 18.0
(54, 70, 64, 31, 14, 34), 18.0
(59, 72, 53, 21, 3, 26), None
(63, 88, 44, 17, 17, 23), None
(55, 68, 54, 36, 19, 32), 22.0
(52, 84, 39, 28, 37, 21), 22.0
(73, 76, 72, 45, 39, 36), 30.0
(61, 77, 79, 60, 45, 36), 21.0
(56, 67, 57, 33, 11, 27), 26.0
(49, 74, 74, 43, 27, 29), None
(71, 74, 63, 29, 27, 33), 24.0
(54, 71, 66, 37, 35, 24), 21.0
(60, 68, 62, 33, 33, 38), None
(64, 75, 49, 28, 12, 34), 20.0
(56, 50, 73, 46, 54, 37), 23.0
(60, 76, 53, 56, 29, 31), 18.0
(68, 85, 49, 39, 1, 25), 18.0
(81, 76, 68, 47, 28, 36), 19.0
(63, 89, 53, 45, 26, 35), 18.0
(72, 70, 68, 63, 57, 31), 18.0
(68, 63, 71, 39, 47, 42), 22.0
(65, 67, 66, 35, 25, 34), 21.0
(55, 46, 61, 52, 38, 29), 24.0
(66, 64, 61, 37, 41, 51), 20.0
(55, 56, 48, 51, 25, 35), 19.0
(70, 66, 48, 39, 47, 25), 22.0
(68, 46, 63, 51, 55, 49), 22.0
(63, 51, 47, 40, 36, 45), 22.0
(57, 46, 65, 41, 50, 28), 24.0
(44, 45, 43, 49, 53, 22), 22.0
(69, 57, 86, 38, 29, 50), 18.0
(65, 61, 53, 49, 46, 24), 22.0
(56, 34, 70, 64, 60, 23), 23.0
(54, 35, 76, 58, 51, 33), 25.0
(61, 72, 80, 44, 63, 36), 18.0
(49, 29, 80, 60, 68, 28), 22.0
(73, 33, 74, 35, 46, 36), 19.0
(25, 33, 66, 70, 34, 32), 22.0
(65, 12, 71, 36, 75, 25), 20.0
(57, 32, 60, 49, 66, 26), 21.0
(55, 20, 65, 68, 77, 46), 21.0
(69, 34, 80, 70, 69, 52), None
(45, 36, 74, 45, 41, 30), None
(67, 36, 44, 39, 56, 24), 22.0
(60, 29, 99, 69, 47, 25), None
(60, 67, 67, 44, 26, 35), None
(54, 36, 64, 67, 70, 35), 22.0
(63, 19, 92, 62, 85, 43), 22.0
(54, 44, 76, 69, 68, 22), 21.0
(57, 13, 83, 64, 89, 38), 25.0
(61, 32, 65, 77, 92, 36), 22.0
(48, 42, 47, 60, 35, 16), 21.0
(48, 34, 60, 45, 48, 28), None
(38, 40, 73, 73, 48, 30), None
(47, 37, 48, 42, 44, 33), 22.0
(63, 23, 51, 44, 79, 45), 25.0
(59, 52, 63, 58, 59, 34), None
(35, 14, 80, 69, 73, 34), 23.0
(22, 19, 58, 63, 66, 26), 20.0
(48, 26, 79, 56, 54, 40), 20.0
(67, 19, 83, 60, 78, 56), 25.0
(67, 23, 73, 33, 42, 48), 20.0
(54, 47, 50, 47, 47, 33), None
(64, 27, 74, 62, 51, 38), 20.0
(46, 14, 66, 56, 67, 11), 24.0
(58, 42, 67, 57, 38, 46), 22.0
(39, 20, 41, 44, 71, 44), None
(62, 37, 71, 53, 80, 58), 22.0
(44, 4, 55, 62, 88, 42), None
(43, 13, 74, 49, 81, 43), None
(50, 34, 93, 71, 56, 40), 22.0
(51, 16, 62, 58, 81, 51), None
(38, 0, 60, 73, 83, 40), 18.0
(40, 60, 53, 57, 22, 27), 20.0
(80, 28, 83, 72, 83, 23), None
(54, 11, 80, 75, 70, 51), 20.0
(78, 39, 82, 62, 69, 43), 20.0
(49, 41, 71, 58, 38, 49), None
(62, 13, 76, 63, 97, 71), None
(70, 19, 64, 61, 99, 50), None
(62, 26, 97, 46, 67, 55), None
(61, 18, 90, 94, 82, 48), 20.0
(38, 34, 52, 72, 72, 45), None
(60, 26, 81, 51, 48, 34), 20.0
(65, 54, 71, 47, 55, 32), 18.0
(53, 18, 47, 60, 91, 49), 14.0
(70, 31, 56, 75, 75, 49), None
(86, 46, 84, 67, 81, 40), 23.0
(72, 35, 71, 71, 81, 35), None
(55, 35, 63, 47, 69, 37), 22.0
(88, 40, 69, 36, 64, 54), 20.0
(72, 62, 90, 64, 66, 46), 22.0
(68, 37, 49, 49, 67, 60), None
(81, 6, 86, 63, 94, 54), None
(78, 64, 54, 35, 45, 43), 24.0
(53, 63, 59, 71, 58, 22), 22.0
(92, 73, 78, 64, 67, 46), 22.0
(68, 60, 76, 53, 40, 24), 22.0
(64, 63, 61, 54, 29, 27), 28.0
(93, 31, 83, 71, 83, 30), None
(77, 49, 61, 54, 82, 38), 21.0
(52, 36, 76, 60, 74, 19), 18.0
(59, 38, 78, 85, 67, 30), 21.0
(75, 41, 77, 39, 71, 46), 22.0
(76, 72, 65, 63, 40, 24), 28.0
(59, 22, 61, 73, 53, 39), 21.0
(67, 38, 90, 82, 54, 25), 22.0
(69, 85, 59, 45, 19, 28), 22.0
(72, 54, 63, 51, 46, 27), 21.0
(74, 80, 42, 51, 59, 45), 21.0
(80, 52, 64, 32, 51, 35), 19.0
(79, 75, 84, 55, 51, 28), 21.0
(92, 81, 66, 50, 49, 19), 23.0
(76, 59, 59, 41, 42, 34), None
(81, 73, 81, 62, 37, 23), None
(87, 61, 57, 58, 49, 28), 21.0
(72, 60, 82, 71, 34, 26), 23.0
(84, 51, 74, 60, 70, 37), 22.0
(69, 52, 50, 59, 50, 26), None
(92, 58, 90, 67, 66, 43), 22.0
(63, 45, 75, 56, 58, 38), 24.0
(94, 70, 82, 63, 77, 19), 20.0
(66, 38, 87, 77, 61, 40), 20.0
(76, 70, 83, 52, 49, 9), 19.0
(68, 46, 73, 64, 29, 13), 23.0
(72, 29, 68, 65, 71, 34), 24.0
(81, 88, 76, 55, 50, 34), 26.0
(58, 38, 87, 64, 91, 38), None
(78, 46, 72, 57, 61, 29), 21.0
(63, 37, 73, 56, 71, 30), 23.0
(76, 58, 95, 58, 42, 25), None
(83, 55, 97, 55, 77, 39), None
(77, 78, 70, 53, 45, 31), 20.0
(66, 71, 83, 63, 53, 18), 26.0
(77, 47, 92, 78, 90, 27), 22.0
(93, 46, 64, 62, 78, 50), 19.0
(77, 62, 68, 58, 59, 36), 22.0
(70, 55, 82, 70, 81, 26), None
(96, 92, 92, 63, 36, 32), None
(79, 72, 88, 74, 53, 17), 23.0
(70, 67, 56, 46, 59, 39), 22.0
(79, 73, 89, 58, 75, 35), 20.0
(74, 81, 83, 62, 34, 31), 22.0
(74, 79, 91, 70, 48, 31), 20.0
(75, 69, 81, 57, 62, 42), 21.0
(71, 77, 86, 63, 45, 39), 22.0
(79, 85, 69, 59, 50, 26), 20.0
(79, 87, 72, 52, 41, 23), 17.0
(87, 69, 76, 68, 55, 44), 21.0
(86, 78, 85, 61, 56, 39), 26.0
(78, 59, 68, 60, 77, 25), 25.0
(78, 61, 76, 52, 61, 42), None
(62, 65, 68, 79, 44, 17), 22.0
(82, 71, 66, 59, 48, 35), 20.0
(77, 64, 77, 57, 54, 28), None
(69, 69, 75, 65, 49, 33), None
(89, 71, 99, 77, 72, 26), None
(79, 83, 91, 75, 60, 22), 20.0
(77, 68, 86, 78, 56, 14), 18.0
(72, 71, 72, 65, 64, 19), None
(80, 55, 83, 64, 67, 34), 25.0
(86, 88, 81, 69, 59, 27), 22.0
(88, 65, 92, 71, 71, 42), None
(83, 57, 85, 70, 55, 29), 25.0
(80, 66, 83, 70, 50, 32), 26.0
(75, 47, 85, 59, 72, 30), 20.0
(80, 54, 81, 70, 73, 25), 22.0
(92, 65, 88, 76, 65, 34), None
(78, 54, 76, 64, 64, 37), None
(70, 62, 86, 74, 51, 17), 27.0
(77, 79, 78, 65, 57, 35), 19.0
(73, 78, 67, 53, 63, 34), 23.0
(88, 64, 88, 51, 68, 45), None
(80, 62, 75, 70, 65, 31), 28.0
(78, 65, 71, 60, 55, 30), 26.0
(80, 66, 79, 66, 53, 26), None
(92, 59, 92, 95, 67, 26), None
(64, 60, 70, 67, 52, 27), 23.0
(86, 75, 92, 80, 47, 28), 21.0
(70, 50, 78, 67, 65, 33), 20.0
(69, 56, 84, 75, 43, 25), 22.0
(70, 54, 57, 63, 58, 23), 21.0
(72, 73, 86, 73, 46, 37), None
(89, 67, 87, 80, 65, 32), 19.0
(66, 60, 68, 58, 47, 16), 18.0
(71, 72, 72, 61, 45, 29), None
(78, 67, 79, 69, 58, 20), 23.0
(70, 50, 65, 66, 56, 33), 20.0
(72, 71, 75, 60, 58, 27), 18.0
(76, 39, 82, 76, 63, 28), None
(66, 61, 71, 57, 43, 30), 20.0
(79, 77, 86, 70, 53, 21), 18.0
(76, 79, 69, 58, 62, 23), 22.0
(70, 58, 78, 75, 69, 23), 18.0
(68, 65, 56, 60, 57, 25), 22.0
(79, 63, 77, 73, 50, 25), 17.0
(89, 49, 92, 67, 64, 38), 23.0
(81, 68, 71, 63, 56, 23), 23.0
(77, 54, 81, 80, 64, 23), 24.0
(90, 63, 95, 65, 75, 39), 22.0
(76, 67, 74, 59, 54, 30), 21.0
(75, 59, 73, 60, 47, 31), 20.0
(74, 60, 76, 60, 55, 31), None
(79, 70, 79, 64, 43, 27), None
(82, 65, 78, 66, 62, 32), 18.0
(93, 61, 85, 66, 79, 30), 23.0
(85, 45, 76, 58, 67, 42), 24.0
(87, 52, 87, 66, 74, 38), None
(84, 54, 77, 60, 52, 35), 19.0
(77, 65, 71, 67, 62, 23), 20.0
(79, 53, 72, 68, 50, 30), 20.0
(85, 42, 89, 70, 80, 38), 21.0
(81, 56, 76, 72, 65, 26), 21.0
(76, 63, 66, 68, 53, 24), 20.0
(77, 51, 75, 67, 67, 32), None
(77, 52, 89, 68, 62, 39), 23.0
(72, 51, 65, 75, 59, 27), 23.0
(82, 47, 83, 73, 79, 24), 20.0
(84, 63, 83, 60, 60, 36), None
(80, 55, 73, 62, 63, 29), 20.0
(80, 49, 77, 72, 60, 31), 24.0
(83, 51, 82, 70, 61, 38), 20.0
(77, 40, 78, 70, 75, 41), 18.0
(74, 73, 67, 61, 47, 18), 20.0
(86, 51, 83, 70, 72, 38), 23.0
(79, 51, 86, 68, 65, 33), 22.0
(73, 59, 79, 58, 50, 38), 24.0
(66, 52, 76, 67, 55, 35), 23.0
(77, 51, 81, 68, 61, 35), 20.0
(76, 52, 84, 67, 53, 40), 24.0
(73, 35, 82, 75, 63, 39), 20.0
(87, 62, 77, 65, 59, 30), 23.0
(78, 46, 79, 69, 63, 39), 19.0
(75, 47, 86, 70, 55, 31), 20.0
(81, 66, 82, 57, 54, 37), 20.0
(82, 60, 88, 64, 61, 36), 24.0
(77, 59, 82, 70, 53, 32), 23.0
(83, 60, 88, 65, 65, 37), None
(78, 49, 81, 68, 59, 35), 20.0
(80, 49, 86, 67, 58, 36), 24.0
(75, 67, 80, 62, 32, 36), 20.0
(76, 50, 74, 58, 59, 42), 24.0
(91, 61, 86, 61, 60, 40), None
(72, 66, 73, 60, 47, 34), 20.0
(77, 66, 76, 66, 38, 28), None
(86, 56, 98, 70, 55, 37), None
(76, 54, 86, 74, 60, 32), 20.0
(72, 62, 81, 69, 59, 32), 18.0
(87, 63, 91, 59, 55, 43), 22.0
(81, 51, 92, 71, 53, 35), 22.0
(81, 54, 86, 73, 66, 33), 24.0
(82, 51, 85, 70, 60, 35), 25.0
(76, 47, 75, 61, 56, 35), 20.0
(85, 48, 80, 66, 73, 34), 21.0
(77, 49, 81, 60, 59, 41), 28.0
(77, 49, 80, 69, 62, 32), 24.0
(75, 50, 76, 61, 50, 30), None
(79, 53, 77, 65, 63, 34), 24.0
(86, 44, 92, 69, 72, 41), 15.0
(84, 49, 83, 69, 67, 43), 24.0
(78, 53, 87, 66, 59, 35), 21.0
(82, 54, 88, 61, 58, 46), 20.0
(78, 61, 82, 64, 56, 37), 26.0
(81, 54, 83, 63, 56, 31), 21.0
(76, 51, 81, 62, 52, 41), 23.0
(83, 46, 87, 65, 67, 46), None
(85, 50, 82, 68, 62, 37), 22.0
(77, 52, 83, 64, 54, 40), 26.0
(72, 57, 78, 56, 51, 38), 24.0
(82, 50, 89, 63, 65, 42), 25.0
(82, 55, 83, 65, 57, 41), 16.0
(74, 48, 83, 64, 58, 42), 23.0
(80, 65, 80, 57, 55, 39), None
(73, 44, 81, 68, 61, 32), 22.0
(80, 66, 77, 62, 52, 36), 22.0
(83, 53, 85, 66, 57, 41), 22.0
(81, 54, 89, 67, 58, 38), 25.0
(77, 66, 79, 54, 50, 39), 19.0
(78, 48, 85, 72, 55, 39), 22.0
(77, 62, 87, 60, 51, 39), 18.0
(79, 56, 82, 65, 62, 35), 20.0
(81, 50, 92, 68, 60, 40), 23.0
(81, 58, 94, 67, 53, 40), 20.0
(75, 51, 83, 63, 54, 40), 25.0
(84, 50, 91, 67, 65, 40), 23.0
(78, 49, 82, 64, 60, 40), 22.0
(81, 53, 83, 68, 61, 35), 22.0
(82, 54, 96, 68, 60, 38), None
(81, 49, 87, 67, 59, 38), 22.0
(82, 57, 88, 64, 56, 39), 27.0
(79, 55, 90, 63, 57, 41), 18.0
(76, 52, 87, 65, 55, 38), 24.0
(77, 57, 82, 68, 58, 33), 20.0
(76, 52, 83, 65, 51, 38), 18.0
(86, 57, 90, 67, 57, 42), None
(82, 55, 91, 70, 61, 38), 20.0
(81, 53, 83, 67, 57, 36), 17.0
(79, 58, 86, 59, 59, 43), None
(76, 51, 84, 60, 60, 40), None
(80, 51, 86, 65, 60, 39), 20.0
(79, 54, 80, 63, 60, 36), 24.0
(81, 52, 83, 63, 64, 37), 21.0
(78, 48, 91, 66, 52, 38), 21.0
(82, 57, 84, 61, 60, 40), 23.0
(75, 48, 83, 66, 62, 39), 30.0
(76, 50, 85, 64, 57, 38), 23.0
(76, 53, 83, 62, 53, 37), None
(77, 58, 81, 62, 52, 33), 20.0
(78, 53, 88, 64, 57, 40), 20.0
(77, 59, 79, 58, 55, 40), 20.0
(77, 51, 86, 69, 55, 34), 20.0
(78, 50, 86, 64, 57, 39), 29.0
(81, 50, 87, 67, 63, 39), 19.0
(76, 51, 80, 64, 60, 37), 24.0
(80, 56, 82, 62, 58, 40), 20.0
(79, 53, 88, 62, 59, 41), 22.0
(77, 48, 87, 65, 58, 40), 20.0
(74, 51, 87, 67, 55, 38), 25.0
(75, 52, 85, 63, 53, 40), 25.0
(76, 55, 80, 63, 58, 37), 20.0
(80, 48, 84, 65, 68, 41), 18.0
(76, 51, 82, 64, 57, 40), 25.0
(76, 55, 88, 63, 52, 39), 21.0
(72, 55, 89, 65, 49, 38), 26.0
(71, 49, 86, 67, 55, 37), 21.0
(69, 49, 81, 66, 52, 33), 19.0
(78, 51, 87, 66, 56, 44), 25.0
(75, 52, 81, 62, 56, 41), 26.0
(72, 51, 80, 62, 53, 38), 15.0
(76, 51, 90, 67, 57, 38), 26.0
(74, 53, 85, 68, 53, 37), None
(75, 51, 82, 66, 60, 35), 20.0
(81, 58, 89, 64, 52, 39), 24.0
(73, 50, 87, 64, 56, 40), 20.0
(73, 54, 91, 64, 49, 42), 21.0
(70, 53, 89, 69, 51, 38), 17.0
(76, 49, 87, 65, 56, 40), 24.0
(72, 53, 88, 62, 53, 42), None
(72, 56, 84, 65, 50, 37), 25.0
(74, 53, 85, 61, 51, 42), 30.0
(76, 54, 87, 62, 55, 39), 27.0
(76, 52, 88, 66, 55, 39), 23.0
(76, 51, 86, 61, 60, 43), 18.0
(78, 59, 90, 62, 52, 39), 18.0
(71, 57, 88, 61, 44, 42), 20.0
(78, 56, 88, 63, 49, 40), 24.0
(74, 54, 88, 61, 51, 40), 23.0
(74, 52, 86, 62, 55, 42), 20.0
(73, 60, 87, 61, 44, 41), 21.0
(73, 59, 84, 61, 46, 41), 19.0
(75, 52, 88, 61, 48, 43), 20.0
(74, 50, 93, 61, 49, 47), 25.0
(78, 48, 87, 64, 60, 43), 18.0
(76, 55, 88, 65, 50, 40), 23.0
(76, 58, 87, 59, 47, 39), 22.0
(77, 59, 94, 64, 44, 40), 16.0
(76, 57, 89, 59, 48, 41), 18.0
(75, 52, 80, 64, 57, 38), 25.0
(75, 60, 88, 61, 43, 41), 22.0
(77, 60, 88, 62, 48, 40), 18.0
(70, 52, 79, 59, 54, 39), 18.0
(75, 50, 89, 63, 55, 43), 24.0
(73, 48, 92, 63, 50, 44), 20.0
(75, 46, 88, 62, 61, 45), 18.0
(71, 52, 84, 58, 49, 43), 22.0
(78, 57, 89, 62, 51, 42), 21.0
(74, 45, 85, 60, 60, 45), None
(72, 51, 88, 59, 45, 48), 24.0
(71, 47, 88, 63, 51, 43), 22.0
(70, 57, 85, 65, 46, 37), 22.0
(72, 57, 87, 58, 38, 42), 26.0
(79, 52, 93, 59, 55, 49), 24.0
(71, 51, 90, 60, 47, 46), 18.0
(73, 46, 94, 60, 49, 47), 21.0
(69, 49, 88, 63, 49, 44), None
(69, 46, 88, 59, 48, 46), None
(69, 53, 89, 58, 44, 44), None
(72, 50, 82, 62, 53, 44), 23.0
(77, 53, 92, 58, 47, 46), 20.0
(75, 51, 86, 60, 51, 41), None
(75, 47, 92, 62, 52, 47), None
(68, 54, 84, 57, 41, 43), 24.0
(70, 49, 89, 62, 52, 46), 20.0
(80, 55, 85, 59, 55, 42), None
(68, 50, 85, 58, 46, 46), None
(73, 52, 90, 59, 51, 47), 18.0
(76, 55, 83, 60, 49, 40), 18.0
(77, 51, 86, 60, 54, 45), 20.0
(72, 53, 91, 54, 45, 52), 18.0
(71, 58, 85, 60, 43, 40), 20.0
(78, 59, 86, 58, 49, 44), 23.0
(71, 59, 90, 61, 39, 42), 18.0
(74, 57, 88, 63, 45, 43), 18.0
(73, 52, 89, 61, 50, 44), 19.0
(77, 57, 86, 62, 48, 38), 24.0
(70, 57, 82, 60, 44, 38), 18.0
(80, 52, 87, 61, 51, 45), 23.0
(78, 59, 86, 62, 47, 37), 22.0
(78, 53, 86, 63, 50, 39), 22.0
(78, 54, 87, 63, 53, 38), 20.0
(72, 56, 87, 62, 50, 39), 20.0
(80, 56, 85, 60, 55, 43), 25.0
(74, 52, 82, 66, 51, 36), 22.0
(76, 53, 82, 60, 53, 41), None
(75, 58, 83, 59, 47, 38), 24.0
(78, 59, 86, 56, 44, 45), 22.0
(76, 54, 80, 64, 54, 36), None
(74, 54, 84, 60, 50, 42), 22.0
(82, 58, 85, 56, 52, 41), 19.0
(77, 50, 85, 62, 54, 41), 27.0
(79, 56, 84, 58, 47, 42), 22.0
(77, 52, 90, 59, 49, 46), 22.0
(79, 59, 88, 57, 46, 43), 25.0
(77, 58, 84, 61, 51, 36), 20.0
(80, 62, 87, 56, 43, 43), None
(76, 58, 88, 57, 48, 46), 23.0
(79, 53, 89, 58, 48, 44), 23.0
(75, 52, 90, 59, 47, 45), 22.0
(75, 50, 86, 61, 57, 41), 19.0
(76, 58, 88, 59, 45, 39), 20.0
(73, 54, 83, 58, 50, 43), 27.0
(74, 55, 83, 56, 45, 42), 23.0
(81, 54, 86, 59, 55, 42), 18.0
(76, 54, 84, 61, 51, 41), 21.0
(78, 48, 90, 60, 58, 46), 19.0
(74, 56, 89, 61, 45, 41), 18.0
(76, 55, 85, 57, 50, 45), 22.0
(71, 50, 89, 60, 48, 46), 22.0
(75, 51, 89, 55, 48, 47), 23.0
(76, 56, 84, 61, 51, 38), 23.0
(74, 54, 89, 58, 44, 44), None
(72, 47, 88, 61, 50, 43), 20.0
(73, 51, 85, 58, 46, 44), 19.0
(75, 51, 85, 59, 52, 46), 16.0
(73, 55, 84, 61, 47, 42), 23.0
(78, 56, 86, 55, 47, 43), 30.0
(73, 54, 83, 60, 49, 41), 18.0
(78, 52, 90, 59, 53, 43), 21.0
(76, 48, 90, 61, 51, 44), 20.0
(79, 54, 86, 57, 53, 44), 22.0
(70, 54, 85, 55, 47, 46), 21.0
(75, 48, 84, 60, 53, 44), 24.0
(74, 51, 89, 59, 49, 45), 26.0
(79, 55, 86, 59, 53, 42), 17.0
(73, 51, 87, 60, 52, 44), 21.0
(77, 55, 85, 57, 48, 41), 27.0
(77, 51, 87, 55, 48, 47), 25.0
(71, 55, 87, 55, 40, 46), None
(77, 52, 84, 58, 52, 41), None
(74, 48, 88, 62, 53, 43), 17.0
(80, 55, 88, 58, 52, 43), 21.0
(74, 53, 84, 58, 53, 42), None
(79, 52, 89, 54, 48, 46), 21.0
(76, 52, 87, 55, 47, 45), 22.0
(73, 53, 85, 61, 51, 39), 25.0
(79, 57, 82, 56, 49, 42), 24.0
(79, 54, 86, 60, 53, 41), 21.0
(75, 52, 84, 55, 49, 41), 24.0
(78, 54, 85, 53, 48, 46), 28.0
(79, 54, 83, 58, 52, 39), 26.0
(75, 53, 85, 56, 48, 45), 24.0
(73, 54, 86, 54, 45, 45), None
(76, 53, 84, 57, 48, 41), 23.0
(74, 50, 85, 58, 48, 41), 23.0
(80, 57, 83, 59, 50, 41), 22.0
(72, 49, 88, 58, 48, 44), 16.0
(77, 52, 80, 56, 53, 43), 20.0
(73, 49, 81, 53, 50, 45), 23.0
(77, 54, 85, 55, 46, 42), 22.0
(80, 52, 82, 52, 54, 44), None
(78, 53, 81, 57, 53, 42), None
(79, 58, 86, 55, 48, 44), 23.0
(82, 56, 85, 55, 52, 42), 28.0
(79, 57, 80, 51, 47, 45), 21.0
(75, 52, 88, 55, 50, 45), 22.0
(76, 58, 85, 54, 43, 43), None
(76, 53, 89, 54, 46, 46), None
(75, 57, 85, 53, 46, 43), 20.0
(80, 53, 86, 53, 51, 44), None
(75, 57, 82, 53, 47, 43), 22.0
(80, 51, 84, 54, 54, 46), None
(77, 50, 82, 53, 54, 47), 20.0
(82, 53, 87, 56, 55, 42), 20.0
(77, 53, 81, 51, 50, 47), 20.0
(77, 56, 84, 53, 47, 44), 21.0
(75, 54, 85, 52, 44, 46), 20.0
(82, 60, 82, 52, 50, 41), None
(80, 53, 84, 57, 51, 43), 24.0
(80, 55, 83, 56, 51, 42), 25.0
(74, 53, 82, 56, 51, 40), 22.0
(78, 58, 77, 49, 49, 43), None
(79, 53, 84, 54, 54, 46), None
(79, 54, 85, 55, 49, 45), 23.0
(81, 54, 82, 57, 51, 41), 26.0
(83, 55, 85, 57, 52, 42), 20.0
(82, 53, 88, 56, 55, 47), 22.0
(79, 53, 81, 54, 54, 45), None
(81, 54, 89, 59, 47, 43), 22.0
(80, 54, 84, 58, 56, 42), 18.0
(81, 56, 84, 56, 49, 42), None
(81, 53, 82, 56, 56, 41), None
(80, 51, 86, 56, 53, 48), 18.0
(81, 56, 85, 55, 49, 45), 25.0
(82, 57, 84, 52, 49, 44), 20.0
(83, 59, 84, 57, 48, 40), 24.0
(83, 58, 87, 58, 47, 43), None
(79, 53, 81, 58, 52, 39), 20.0
(79, 51, 79, 60, 57, 41), None
(81, 57, 81, 58, 50, 40), None
(77, 53, 82, 54, 48, 43), 18.0
(86, 57, 87, 59, 53, 42), 23.0
(81, 54, 82, 59, 52, 41), 25.0
(75, 54, 84, 55, 49, 43), 20.0
(83, 58, 83, 57, 48, 39), None
(83, 56, 88, 57, 48, 44), 20.0
(85, 55, 80, 53, 56, 43), 22.0
(81, 60, 79, 52, 47, 42), 21.0
(83, 52, 76, 56, 55, 40), 18.0
(80, 50, 87, 59, 52, 47), 20.0
(83, 58, 80, 56, 53, 41), 19.0
(82, 52, 77, 58, 55, 39), 23.0
(84, 55, 87, 58, 51, 43), 20.0
(84, 54, 85, 56, 55, 44), 22.0
(84, 60, 80, 55, 50, 40), 21.0
(87, 56, 83, 61, 55, 40), 21.0
(86, 55, 84, 59, 56, 42), 18.0
(81, 57, 81, 58, 50, 39), None
(85, 58, 82, 57, 54, 42), 20.0
(84, 57, 78, 60, 52, 36), 22.0
(84, 53, 73, 57, 57, 35), None
(76, 52, 82, 56, 50, 44), 22.0
(85, 58, 79, 55, 50, 39), 22.0
(82, 51, 84, 63, 55, 37), 22.0
(85, 57, 84, 60, 52, 41), 25.0
(84, 60, 82, 55, 48, 41), 20.0
(84, 53, 78, 58, 57, 39), 22.0
(81, 53, 78, 55, 54, 42), 22.0
(84, 57, 85, 54, 45, 45), None
(79, 49, 83, 58, 52, 42), 20.0
(85, 56, 83, 59, 54, 40), 20.0
(85, 58, 82, 58, 51, 40), None
(86, 58, 78, 62, 52, 37), 18.0
(78, 55, 83, 61, 51, 42), 21.0
(86, 58, 80, 59, 56, 39), 24.0
(85, 56, 81, 60, 52, 36), 18.0
(84, 53, 83, 62, 56, 41), 22.0
(83, 55, 84, 56, 53, 46), 22.0
(84, 58, 81, 63, 52, 36), 25.0
(84, 55, 82, 60, 55, 40), None
(77, 57, 82, 58, 48, 41), 18.0
(83, 54, 82, 60, 56, 40), 26.0
(84, 50, 82, 62, 58, 41), 25.0
(89, 59, 80, 64, 56, 35), 20.0
(83, 55, 83, 64, 55, 40), None
(88, 63, 79, 63, 52, 31), None
(88, 58, 81, 64, 53, 38), 22.0
(80, 57, 82, 65, 56, 39), 26.0
(89, 56, 85, 62, 57, 40), 20.0
(82, 61, 79, 63, 53, 35), 21.0
(81, 58, 81, 58, 52, 37), None
(88, 57, 80, 62, 57, 36), None
(84, 59, 82, 58, 50, 39), 26.0
(92, 65, 83, 58, 49, 39), 29.0
(90, 62, 81, 60, 54, 39), 16.0
(88, 58, 82, 60, 53, 41), 20.0
(92, 61, 79, 60, 56, 36), 20.0
(92, 64, 83, 57, 54, 42), 22.0
(92, 64, 89, 58, 46, 42), 22.0
(83, 57, 80, 60, 53, 37), 20.0
(85, 62, 83, 59, 47, 41), 24.0
(87, 57, 81, 52, 57, 45), None
(90, 65, 84, 58, 46, 39), 23.0
(87, 62, 79, 62, 55, 37), None
(89, 66, 84, 59, 49, 37), 18.0
(86, 61, 79, 64, 52, 35), 22.0
(91, 65, 80, 60, 52, 37), 22.0
(90, 57, 86, 51, 50, 52), 20.0
(89, 65, 85, 56, 46, 42), 25.0
(90, 68, 86, 61, 44, 37), 23.0
(91, 63, 80, 54, 50, 42), 21.0
(86, 59, 85, 60, 48, 40), 22.0
(83, 58, 88, 57, 50, 48), 20.0
(87, 64, 90, 61, 42, 43), 23.0
(91, 67, 97, 58, 39, 46), None
(90, 70, 91, 54, 34, 45), 23.0
(89, 67, 84, 63, 47, 34), 23.0
(88, 59, 81, 58, 53, 43), 22.0
(93, 72, 84, 56, 41, 40), 20.0
(86, 61, 87, 55, 48, 44), 20.0
(88, 65, 81, 56, 49, 40), 24.0
(90, 62, 85, 63, 53, 37), 19.0
(88, 69, 86, 55, 38, 40), 21.0
(90, 69, 92, 57, 48, 43), 20.0
(89, 66, 80, 59, 48, 37), 17.0
(91, 61, 89, 58, 53, 45), 18.0
(92, 71, 87, 55, 42, 41), 23.0
(83, 61, 84, 61, 45, 38), None
(91, 69, 86, 61, 45, 38), 23.0
(79, 61, 84, 59, 40, 39), 21.0
(86, 65, 83, 54, 47, 39), 25.0
(90, 72, 81, 55, 39, 37), 22.0
(84, 66, 86, 56, 45, 44), 21.0
(93, 71, 87, 59, 44, 38), 22.0
(86, 68, 86, 51, 40, 42), None
(88, 64, 79, 59, 50, 37), 21.0
(92, 70, 85, 55, 45, 41), 24.0
(86, 70, 86, 62, 40, 36), None
(95, 74, 84, 55, 44, 37), 20.0
(86, 69, 91, 62, 39, 36), 20.0
(86, 61, 82, 62, 50, 39), 23.0
(88, 68, 85, 56, 46, 38), 23.0
(87, 67, 81, 53, 45, 35), 23.0
(91, 69, 88, 55, 40, 42), 20.0
(85, 64, 80, 60, 46, 37), 27.0
(89, 65, 84, 54, 46, 40), 16.0
(90, 66, 79, 58, 50, 36), 20.0
(88, 66, 82, 54, 47, 39), 21.0
(88, 67, 83, 53, 44, 42), 18.0
(89, 69, 85, 62, 41, 37), 21.0
(86, 62, 83, 57, 52, 40), 24.0
(91, 67, 80, 60, 48, 36), 18.0
(88, 69, 80, 54, 48, 39), 20.0
(82, 65, 77, 60, 42, 35), 24.0
(86, 66, 84, 58, 44, 37), 21.0
(80, 54, 83, 61, 51, 41), 21.0
(84, 60, 80, 58, 53, 40), 19.0
(86, 66, 81, 58, 48, 40), 25.0
(85, 65, 81, 58, 47, 36), 27.0
(84, 59, 75, 57, 55, 38), 22.0
(87, 64, 82, 63, 50, 38), 18.0
(87, 71, 81, 53, 47, 38), 20.0
(91, 72, 85, 55, 38, 39), 22.0
(88, 70, 83, 57, 46, 39), 25.0
(85, 62, 80, 55, 46, 39), 20.0
(82, 61, 77, 62, 54, 34), 25.0
(88, 65, 81, 59, 52, 38), 24.0
(88, 66, 79, 56, 48, 39), 20.0
(84, 64, 77, 56, 45, 37), 23.0
(81, 65, 80, 57, 46, 36), 20.0
(83, 62, 79, 56, 49, 39), 21.0
(86, 67, 83, 56, 43, 39), 21.0
(87, 68, 82, 58, 46, 36), 20.0
(83, 63, 78, 57, 49, 38), 21.0
(86, 70, 80, 59, 46, 35), 18.0
(84, 66, 82, 57, 48, 38), 24.0
(85, 63, 76, 58, 56, 36), 21.0
(85, 65, 80, 61, 51, 37), 20.0
(86, 66, 81, 58, 50, 37), 21.0
(85, 65, 78, 57, 48, 37), 22.0
(85, 66, 85, 57, 46, 39), None
(88, 70, 83, 55, 42, 38), 16.0
(88, 69, 82, 57, 45, 37), 20.0
(87, 69, 84, 56, 45, 40), 18.0
(89, 69, 79, 56, 49, 37), 16.0
(83, 68, 82, 57, 42, 38), 23.0
(84, 63, 76, 58, 50, 35), 20.0
(86, 67, 82, 55, 47, 39), 21.0
(85, 63, 79, 55, 49, 39), 22.0
(85, 67, 81, 58, 49, 36), 26.0
(85, 71, 77, 60, 46, 32), 20.0
(85, 68, 79, 58, 49, 34), 20.0
(79, 66, 79, 55, 46, 36), None
(85, 66, 81, 56, 48, 37), 24.0
(85, 73, 82, 54, 41, 36), 23.0
(86, 67, 81, 59, 54, 35), 25.0
(84, 66, 81, 57, 47, 37), 28.0
(86, 62, 80, 58, 50, 39), 23.0
(87, 67, 82, 57, 46, 38), 21.0
(84, 66, 84, 57, 44, 38), None
(84, 70, 82, 57, 42, 38), 24.0
(88, 69, 84, 56, 44, 40), 24.0
(89, 67, 81, 59, 56, 35), 21.0
(87, 68, 81, 59, 51, 36), 21.0
(84, 64, 81, 58, 53, 34), 24.0
(85, 68, 81, 56, 47, 36), 26.0
(86, 64, 82, 57, 53, 39), 24.0
(83, 66, 80, 57, 49, 38), 23.0
(87, 67, 79, 57, 48, 36), 19.0
(85, 69, 81, 56, 45, 38), 25.0
(80, 63, 78, 58, 50, 36), 19.0
(85, 66, 80, 55, 51, 37), 20.0
(85, 66, 82, 56, 48, 38), 26.0
(84, 70, 79, 56, 44, 36), 20.0
(87, 70, 82, 55, 52, 37), 19.0
(85, 66, 80, 59, 51, 33), 18.0
(84, 68, 82, 55, 45, 38), 22.0
(86, 70, 85, 56, 45, 39), 23.0
(89, 72, 84, 57, 42, 38), 26.0
(81, 68, 82, 58, 40, 37), 18.0
(84, 67, 82, 56, 45, 37), 25.0
(88, 69, 88, 58, 45, 40), None
(88, 69, 85, 56, 47, 38), 22.0
(89, 74, 82, 56, 44, 36), 23.0
(84, 64, 81, 57, 47, 38), 26.0
(88, 70, 82, 56, 46, 37), 26.0
(87, 71, 85, 53, 43, 40), 26.0
(88, 68, 84, 55, 45, 41), 18.0
(85, 66, 82, 56, 48, 39), 25.0
(86, 71, 81, 55, 43, 37), 21.0
(86, 68, 82, 56, 43, 37), 21.0
(86, 69, 82, 57, 44, 37), 20.0
(85, 66, 83, 55, 48, 38), 25.0
(87, 69, 85, 58, 44, 38), 23.0
(87, 69, 83, 55, 45, 38), 23.0
(86, 69, 84, 55, 42, 40), 20.0
(85, 66, 84, 55, 46, 39), 26.0
(83, 65, 78, 57, 46, 37), 24.0
(85, 68, 80, 56, 45, 37), 25.0
(84, 66, 82, 55, 45, 38), 22.0
(85, 69, 82, 55, 44, 38), 23.0
(85, 69, 82, 54, 46, 40), 20.0
(88, 68, 85, 55, 46, 39), 23.0
(84, 64, 82, 56, 47, 40), 19.0
(85, 68, 85, 54, 43, 40), None
(85, 68, 84, 55, 44, 41), 21.0
(86, 68, 86, 57, 44, 38), None
(86, 67, 84, 55, 45, 39), 21.0
(84, 63, 80, 57, 49, 36), 22.0
(86, 66, 84, 55, 47, 39), 25.0
(87, 67, 85, 55, 47, 38), 22.0
(85, 65, 84, 54, 47, 39), 25.0
(84, 66, 81, 54, 45, 39), 21.0
(87, 67, 84, 55, 47, 40), 18.0
(87, 69, 84, 53, 45, 39), 23.0
(86, 66, 84, 54, 48, 39), 22.0
(86, 67, 85, 54, 44, 39), 17.0
(86, 66, 84, 54, 47, 40), 20.0
(88, 71, 86, 55, 42, 38), 20.0
(87, 66, 84, 51, 47, 39), 23.0
(88, 68, 86, 55, 47, 39), 22.0
(86, 67, 84, 54, 48, 38), 23.0
(83, 64, 83, 51, 48, 40), None
(88, 65, 84, 54, 52, 38), 23.0
(87, 67, 82, 54, 47, 38), 22.0
(85, 66, 84, 54, 46, 40), 20.0
(87, 71, 84, 53, 43, 39), 22.0
(86, 68, 84, 57, 45, 39), 23.0
(86, 67, 85, 52, 46, 39), 25.0
(86, 64, 86, 51, 49, 40), None
(87, 68, 86, 50, 43, 40), 21.0
(87, 66, 82, 53, 53, 37), None
(87, 69, 84, 52, 43, 40), 23.0
(85, 66, 84, 53, 48, 38), 23.0
(85, 64, 85, 51, 47, 40), None
(86, 68, 84, 52, 44, 39), 24.0
(88, 69, 85, 51, 50, 37), 22.0
(88, 70, 85, 51, 46, 38), 24.0
(86, 68, 84, 53, 45, 37), 27.0
(86, 64, 83, 55, 52, 38), 22.0
(88, 65, 84, 51, 49, 40), 21.0
(85, 66, 81, 51, 48, 38), 27.0
(90, 70, 89, 50, 42, 41), 22.0
(85, 67, 83, 57, 43, 37), 22.0
(86, 70, 83, 51, 43, 36), 22.0
(86, 70, 81, 49, 46, 37), 22.0
(90, 70, 87, 49, 44, 39), 21.0
(85, 69, 84, 52, 46, 37), 28.0
(88, 68, 86, 54, 49, 40), 24.0
(86, 67, 82, 51, 47, 38), 22.0
(86, 69, 85, 53, 47, 38), 24.0
(87, 68, 89, 56, 43, 39), 23.0
(88, 67, 87, 55, 49, 38), 21.0
(87, 69, 84, 49, 44, 39), 21.0
(88, 69, 84, 53, 51, 37), 23.0
(89, 72, 87, 54, 47, 35), 26.0
(85, 68, 83, 54, 48, 37), 20.0
(86, 67, 86, 50, 48, 40), None
(87, 72, 85, 51, 44, 39), 18.0
(86, 66, 85, 53, 49, 39), 19.0
(89, 68, 91, 54, 51, 36), 19.0
(87, 71, 88, 53, 47, 35), 23.0
(85, 72, 82, 53, 45, 35), 18.0
(87, 68, 84, 51, 49, 38), 23.0
(85, 70, 86, 56, 48, 34), 20.0
(90, 72, 90, 58, 45, 36), None
(87, 65, 82, 57, 55, 35), 20.0
(86, 69, 86, 52, 47, 38), None
(88, 73, 87, 59, 49, 33), 24.0
(87, 67, 83, 55, 49, 37), 19.0
(88, 69, 90, 54, 49, 37), 21.0
(88, 72, 90, 56, 43, 37), 21.0
(85, 64, 88, 53, 49, 37), 22.0
(89, 75, 94, 54, 43, 36), 18.0
(83, 66, 81, 49, 48, 36), 24.0
(89, 72, 89, 56, 47, 36), None
(85, 72, 86, 59, 47, 32), 21.0
(84, 69, 88, 53, 47, 35), 22.0
(88, 73, 90, 51, 46, 38), 26.0
(87, 67, 92, 58, 47, 36), 23.0
(88, 72, 86, 57, 45, 35), 22.0
(86, 71, 89, 59, 49, 35), 21.0
(87, 68, 85, 55, 49, 34), 22.0
(88, 67, 88, 53, 50, 36), None
(85, 65, 88, 51, 47, 40), 20.0
(92, 73, 91, 53, 50, 36), 23.0
(86, 67, 89, 55, 50, 37), 19.0
(87, 70, 86, 50, 49, 37), 25.0
(88, 68, 81, 53, 51, 36), 18.0
(85, 69, 85, 48, 48, 37), None
(83, 64, 86, 48, 46, 41), 22.0
(87, 71, 92, 50, 43, 38), 23.0
(90, 72, 92, 57, 50, 35), 24.0
(91, 76, 91, 45, 48, 39), None
(87, 73, 89, 54, 46, 32), 23.0
(87, 70, 89, 46, 50, 38), 24.0
(91, 71, 85, 51, 51, 36), None
(84, 65, 84, 48, 53, 38), None
(89, 73, 86, 48, 48, 37), None
(87, 68, 85, 52, 47, 36), 21.0
(88, 70, 91, 49, 48, 38), 24.0
(91, 71, 94, 52, 51, 40), 23.0
(93, 77, 93, 57, 47, 35), None
(88, 70, 87, 56, 50, 35), 24.0
(89, 70, 90, 51, 53, 38), 18.0
(86, 65, 87, 47, 50, 39), 21.0
(89, 65, 91, 52, 55, 39), 24.0
(89, 74, 86, 54, 51, 37), 19.0
(89, 74, 92, 48, 47, 39), 24.0
(88, 68, 95, 49, 50, 38), 21.0
(85, 67, 87, 51, 49, 35), 20.0
(91, 73, 95, 52, 47, 40), 24.0
(90, 69, 95, 51, 56, 41), 18.0
(89, 74, 91, 55, 45, 35), 22.0
(91, 73, 94, 57, 50, 32), 22.0
(91, 76, 92, 46, 46, 38), None
(87, 65, 88, 52, 51, 39), 18.0
(85, 68, 90, 47, 47, 39), None
(86, 69, 93, 54, 47, 36), 21.0
(92, 66, 97, 53, 56, 40), None
(88, 67, 91, 50, 45, 42), 20.0
(89, 67, 90, 51, 56, 38), 23.0
(91, 69, 93, 48, 47, 43), 20.0
(91, 69, 95, 48, 52, 40), 19.0
(91, 68, 93, 54, 56, 36), 20.0
(87, 70, 96, 52, 47, 41), None
(85, 68, 90, 50, 51, 39), 20.0
(97, 74, 98, 54, 53, 38), None
(85, 67, 86, 52, 54, 35), 22.0
(86, 58, 86, 50, 63, 38), None
(88, 62, 89, 61, 57, 34), 20.0
(89, 69, 90, 49, 57, 34), 19.0
(86, 66, 86, 49, 53, 37), None
(87, 68, 91, 50, 54, 40), 23.0
(88, 66, 90, 52, 54, 36), 24.0
(84, 63, 87, 49, 58, 36), 20.0
(90, 65, 91, 50, 57, 39), 22.0
(88, 66, 91, 52, 59, 36), 21.0
(85, 65, 89, 53, 54, 36), 22.0
(90, 67, 93, 51, 59, 35), 22.0
(92, 77, 91, 52, 47, 36), 20.0
(91, 75, 85, 55, 52, 32), 19.0
(90, 69, 88, 51, 52, 35), 18.0
(90, 72, 92, 49, 45, 37), 22.0
(85, 62, 88, 49, 55, 38), 24.0
(90, 67, 93, 49, 53, 41), 18.0
(85, 63, 89, 51, 60, 35), 23.0
(86, 67, 92, 54, 54, 35), None
(87, 68, 93, 54, 58, 36), 22.0
(88, 64, 91, 55, 56, 39), 30.0
(85, 64, 90, 52, 56, 38), 22.0
(84, 61, 87, 52, 61, 36), None
(87, 68, 91, 53, 52, 38), 18.0
(90, 67, 93, 54, 56, 36), 20.0
(86, 64, 90, 50, 55, 38), 18.0
(86, 68, 91, 52, 54, 36), 20.0
(86, 61, 89, 48, 58, 40), 22.0
(86, 61, 90, 55, 61, 35), None
(86, 63, 94, 50, 55, 39), 17.0
(84, 65, 87, 50, 51, 38), 18.0
(90, 62, 89, 52, 58, 40), 24.0
(84, 58, 89, 51, 57, 42), 20.0
(86, 61, 89, 50, 58, 39), 21.0
(88, 66, 90, 53, 51, 38), 22.0
(92, 66, 91, 47, 54, 42), 17.0
(83, 58, 84, 54, 63, 34), 18.0
(85, 61, 86, 52, 62, 37), 22.0
(93, 68, 94, 52, 54, 41), 22.0
(88, 65, 92, 50, 53, 41), 28.0
(86, 58, 87, 53, 61, 37), 21.0
(87, 64, 93, 49, 54, 41), 16.0
(87, 64, 88, 56, 56, 38), None
(90, 64, 93, 48, 56, 43), 18.0
(90, 69, 95, 53, 50, 39), 20.0
(88, 61, 92, 45, 54, 45), None
(90, 65, 90, 51, 57, 40), None
(90, 60, 89, 48, 60, 42), None
(88, 66, 92, 53, 53, 39), None
(85, 59, 90, 53, 55, 40), 18.0
(85, 65, 90, 48, 46, 41), 18.0
(88, 65, 89, 51, 57, 38), 25.0
(84, 58, 87, 56, 59, 38), 22.0
(88, 65, 93, 54, 57, 39), 24.0
(91, 67, 96, 50, 51, 43), None
(88, 60, 91, 50, 62, 43), 22.0
(86, 61, 88, 51, 58, 40), 22.0
(91, 66, 90, 53, 55, 39), 18.0
(87, 61, 90, 54, 59, 40), 25.0
(90, 67, 93, 48, 55, 41), 17.0
(88, 64, 89, 48, 55, 40), 24.0
(90, 63, 92, 55, 57, 39), 19.0
(86, 59, 88, 48, 61, 41), 24.0
(90, 69, 94, 55, 54, 36), 16.0
(88, 67, 92, 54, 55, 37), 18.0
(87, 63, 88, 51, 57, 39), 29.0
(87, 60, 86, 51, 61, 39), 21.0
(86, 57, 89, 48, 60, 43), 23.0
(89, 61, 92, 50, 58, 42), 18.0
(84, 60, 87, 54, 56, 39), 24.0
(88, 63, 90, 51, 57, 40), 24.0
(87, 61, 89, 50, 55, 43), 20.0
(88, 65, 92, 53, 55, 39), 24.0
(89, 63, 93, 52, 63, 38), None
(91, 66, 92, 54, 55, 40), 22.0
(88, 66, 89, 48, 54, 40), 20.0
(85, 61, 87, 54, 55, 38), 22.0
(87, 67, 88, 48, 49, 40), 18.0
(85, 61, 88, 51, 54, 41), 24.0
(89, 66, 89, 53, 51, 39), None
(86, 61, 88, 52, 56, 40), 22.0
(87, 64, 90, 49, 52, 41), 23.0
(88, 61, 89, 50, 59, 41), 19.0
(88, 64, 89, 53, 56, 38), 22.0
(85, 58, 87, 53, 59, 39), 22.0
(83, 55, 84, 50, 59, 42), 20.0
(84, 58, 88, 50, 52, 43), 16.0
(85, 60, 88, 50, 56, 41), 22.0
(85, 63, 90, 49, 52, 42), 23.0
(86, 63, 88, 50, 55, 40), 23.0
(85, 61, 88, 51, 53, 41), 24.0
(87, 64, 89, 51, 52, 39), 21.0
(84, 62, 90, 54, 52, 41), 24.0
(86, 61, 89, 48, 54, 42), 18.0
(83, 62, 87, 52, 52, 41), None
(86, 63, 90, 53, 52, 41), 25.0
(85, 62, 88, 46, 54, 42), 24.0
(88, 64, 91, 52, 55, 40), 24.0
(86, 59, 90, 52, 57, 41), 17.0
(83, 59, 88, 53, 52, 41), 18.0
(84, 63, 90, 52, 48, 40), 23.0
(83, 61, 87, 51, 46, 42), 21.0
(84, 64, 88, 46, 51, 43), 17.0
(82, 63, 86, 53, 50, 39), 22.0
(90, 65, 92, 49, 55, 42), 18.0
(82, 59, 87, 47, 52, 42), 22.0
(83, 62, 88, 53, 51, 41), 28.0
(87, 63, 90, 50, 52, 43), 25.0
(84, 60, 89, 50, 52, 42), 23.0
(85, 63, 87, 50, 53, 40), 25.0
(87, 63, 90, 50, 53, 41), 26.0
(87, 65, 88, 48, 50, 42), 20.0
(87, 66, 88, 51, 53, 39), 21.0
(87, 65, 91, 55, 56, 39), 27.0
(84, 62, 86, 51, 52, 41), 27.0
(86, 63, 89, 55, 52, 40), 24.0
(85, 62, 88, 51, 52, 41), 27.0
(84, 63, 87, 52, 50, 42), 25.0
(85, 61, 88, 50, 53, 43), 27.0
(85, 63, 89, 49, 53, 42), 20.0
(87, 66, 91, 53, 51, 40), 26.0
(85, 62, 90, 53, 53, 41), None
(86, 63, 89, 53, 49, 40), 17.0
(83, 61, 88, 55, 53, 40), 22.0
(89, 65, 91, 50, 59, 39), 21.0
(83, 60, 85, 51, 57, 41), 23.0
(87, 62, 90, 53, 55, 41), 21.0
(84, 63, 86, 51, 55, 40), 23.0
(84, 63, 88, 51, 52, 41), 26.0
(85, 63, 89, 52, 54, 39), 20.0
(88, 66, 90, 56, 55, 38), 24.0
(86, 64, 91, 54, 53, 42), 26.0
(85, 62, 88, 54, 59, 38), 24.0
(88, 61, 88, 51, 58, 42), None
(87, 65, 92, 52, 51, 43), 29.0
(85, 62, 86, 51, 56, 40), 23.0
(87, 63, 90, 53, 55, 41), 20.0
(83, 62, 89, 51, 55, 42), 21.0
(83, 63, 90, 54, 51, 40), 27.0
(85, 66, 91, 56, 53, 39), 26.0
(83, 61, 87, 52, 52, 41), None
(85, 63, 89, 47, 51, 43), 21.0
(85, 64, 88, 53, 54, 40), 24.0
(87, 68, 93, 57, 51, 41), 22.0
(88, 67, 93, 55, 52, 41), 24.0
(85, 66, 93, 51, 44, 44), None
(87, 64, 91, 54, 53, 42), 28.0
(84, 64, 90, 54, 51, 40), 25.0
(87, 67, 91, 54, 53, 39), 22.0
(84, 62, 89, 54, 56, 39), 22.0
(85, 67, 90, 52, 48, 41), 23.0
(90, 69, 94, 55, 54, 40), 18.0
(88, 65, 92, 51, 53, 43), 21.0
(87, 65, 92, 54, 54, 41), None
(87, 61, 89, 52, 58, 42), 19.0
(88, 68, 91, 52, 52, 40), None
(86, 64, 89, 54, 53, 41), 23.0
(86, 64, 90, 54, 51, 42), 27.0
(87, 62, 89, 57, 59, 39), 22.0
(88, 68, 93, 56, 51, 38), 27.0
(89, 67, 93, 56, 53, 40), 22.0
(87, 64, 91, 52, 55, 41), 21.0
(85, 63, 90, 54, 52, 42), 28.0
(87, 65, 92, 52, 50, 42), 24.0
(85, 66, 92, 53, 49, 41), 18.0
(87, 65, 91, 53, 53, 42), None
(86, 64, 91, 53, 53, 41), None
(89, 68, 94, 54, 50, 41), 20.0
(86, 66, 93, 56, 48, 41), 16.0
(86, 62, 92, 53, 55, 42), 25.0
(86, 65, 92, 54, 53, 41), 24.0
(85, 66, 91, 53, 46, 43), 22.0
(87, 66, 91, 54, 54, 40), None
(85, 61, 89, 54, 54, 42), None
(88, 65, 89, 52, 52, 41), None
(86, 65, 89, 55, 48, 42), 20.0
(84, 63, 90, 53, 52, 41), 25.0
(86, 62, 92, 53, 53, 43), None
(86, 64, 91, 52, 55, 42), 26.0
(86, 64, 91, 53, 54, 41), 28.0
(87, 62, 93, 54, 56, 42), 20.0
(86, 63, 91, 54, 51, 40), 27.0
(87, 66, 93, 54, 53, 40), 22.0
(85, 63, 93, 57, 55, 41), 22.0
(83, 62, 91, 53, 51, 43), 23.0
(85, 62, 91, 51, 54, 43), 23.0
(85, 63, 91, 52, 51, 42), 22.0
(85, 65, 91, 55, 52, 41), 21.0
(84, 62, 91, 52, 52, 42), None
(86, 63, 90, 54, 58, 39), 20.0
(86, 64, 92, 53, 54, 42), 26.0
(85, 62, 92, 54, 53, 43), 26.0
(85, 65, 93, 52, 49, 42), 18.0
(87, 64, 90, 53, 53, 40), None
(86, 65, 90, 53, 54, 40), 24.0
(88, 66, 91, 54, 52, 39), 21.0
(85, 63, 90, 52, 52, 41), None
(83, 61, 89, 53, 55, 41), 22.0
(85, 63, 90, 53, 55, 41), 18.0
(85, 64, 90, 52, 54, 42), 26.0
(86, 64, 91, 52, 53, 42), 27.0
(89, 68, 96, 55, 51, 42), None
(86, 64, 91, 54, 53, 41), 28.0
(86, 64, 91, 53, 54, 42), 26.0
(84, 62, 92, 53, 54, 43), 25.0
(85, 64, 91, 52, 50, 44), 23.0
(87, 65, 93, 52, 52, 42), None
(86, 64, 93, 54, 53, 43), 28.0
(86, 66, 93, 54, 51, 42), 23.0
(84, 62, 92, 55, 55, 42), None
(85, 61, 92, 54, 57, 43), 29.0
(88, 64, 92, 56, 55, 42), 21.0
(87, 61, 92, 52, 58, 43), 20.0
(85, 65, 92, 54, 50, 41), 25.0
(84, 62, 91, 54, 53, 43), 25.0
(85, 60, 89, 55, 56, 42), 16.0
(84, 62, 90, 56, 55, 41), 26.0
(87, 64, 93, 55, 56, 41), 21.0
(85, 63, 92, 55, 53, 42), 22.0
(85, 63, 91, 53, 52, 43), 21.0
(83, 61, 88, 54, 54, 40), None
(85, 64, 92, 54, 51, 43), 28.0
(84, 63, 92, 57, 54, 41), 26.0
(85, 65, 92, 58, 54, 40), 21.0
(83, 62, 90, 55, 52, 42), 23.0
(86, 65, 92, 56, 54, 40), 20.0
(85, 63, 91, 57, 53, 40), 22.0
(85, 64, 91, 56, 53, 40), 25.0
(84, 63, 92, 55, 51, 41), 21.0
(84, 64, 92, 56, 51, 41), 22.0
(84, 63, 90, 53, 53, 41), None
(83, 62, 90, 54, 53, 42), 24.0
(84, 63, 91, 55, 54, 42), 20.0
(84, 63, 91, 57, 50, 42), 23.0
(85, 64, 93, 56, 53, 42), 23.0
(84, 62, 92, 55, 53, 42), 25.0
(85, 64, 92, 55, 51, 42), 22.0
(85, 66, 90, 54, 50, 40), 25.0
(83, 61, 89, 55, 55, 41), None
(84, 63, 92, 54, 51, 43), 23.0
(85, 65, 91, 56, 53, 41), 18.0
(84, 62, 91, 55, 55, 41), None
(83, 63, 90, 56, 51, 41), 22.0
(84, 64, 91, 54, 52, 39), 16.0
(82, 60, 90, 54, 52, 42), 20.0
(85, 66, 90, 54, 52, 39), 21.0
(85, 65, 90, 55, 52, 39), 24.0
(84, 63, 91, 56, 51, 42), 25.0
(85, 63, 92, 57, 52, 40), 25.0
(83, 62, 92, 55, 52, 43), 24.0
(85, 64, 92, 55, 52, 42), 26.0
(87, 65, 93, 55, 53, 41), 22.0
(86, 66, 92, 55, 50, 42), 23.0
(85, 64, 91, 56, 52, 41), 19.0
(84, 65, 91, 56, 51, 40), 25.0
(84, 63, 90, 56, 50, 42), 24.0
(85, 64, 94, 56, 52, 42), 21.0
(84, 63, 92, 55, 50, 42), 22.0
(85, 63, 92, 55, 52, 44), 21.0
(84, 64, 92, 56, 49, 42), 21.0
(85, 66, 92, 57, 49, 40), 28.0
(85, 66, 91, 57, 49, 41), 27.0
(83, 63, 89, 54, 51, 41), 22.0
(84, 64, 90, 55, 51, 41), 22.0
(86, 64, 93, 56, 53, 42), 23.0
(86, 66, 93, 57, 50, 41), 23.0
(85, 66, 91, 57, 49, 40), 27.0
(84, 66, 90, 55, 48, 41), 20.0
(85, 65, 90, 54, 51, 41), 26.0
(84, 66, 92, 59, 48, 40), 21.0
(84, 64, 90, 57, 50, 40), 25.0
(85, 66, 92, 54, 50, 42), 28.0
(86, 66, 91, 57, 51, 39), 27.0
(84, 67, 91, 57, 47, 38), 24.0
(85, 67, 90, 57, 47, 40), 20.0
(84, 65, 91, 56, 50, 42), 23.0
(84, 65, 93, 58, 50, 41), 20.0
(86, 66, 91, 57, 50, 40), 25.0
(85, 66, 92, 56, 50, 41), 22.0
(85, 65, 92, 56, 50, 42), 20.0
(86, 67, 91, 54, 51, 38), 23.0
(85, 63, 92, 54, 53, 42), 22.0
(87, 67, 92, 57, 50, 40), 27.0
(85, 65, 90, 55, 49, 41), 16.0
(87, 66, 92, 54, 51, 40), 26.0
(86, 68, 92, 55, 48, 41), 22.0
(86, 66, 93, 55, 50, 42), 21.0
(86, 68, 92, 55, 49, 40), 22.0
(86, 67, 91, 58, 50, 39), 28.0
(86, 66, 91, 56, 51, 40), 24.0
(87, 65, 92, 55, 53, 40), 24.0
(85, 66, 91, 56, 49, 40), 20.0
(87, 64, 93, 54, 53, 42), 27.0
(88, 67, 93, 55, 50, 40), 19.0
(85, 67, 90, 56, 48, 39), 22.0
(87, 68, 92, 57, 49, 38), 21.0
(86, 67, 92, 59, 49, 39), 24.0
(86, 64, 92, 58, 54, 40), 23.0
(86, 65, 92, 56, 55, 40), 20.0
(86, 66, 92, 59, 50, 39), 22.0
(88, 64, 93, 57, 55, 41), 19.0
(86, 63, 91, 55, 53, 41), 18.0
(86, 66, 90, 56, 51, 39), 19.0
(86, 64, 92, 57, 53, 41), 27.0
(88, 67, 93, 56, 51, 41), 20.0
(86, 66, 91, 60, 51, 38), 21.0
(86, 66, 92, 58, 53, 40), 17.0
(86, 65, 91, 54, 51, 40), 20.0
(85, 65, 92, 56, 52, 41), 20.0
(87, 67, 94, 57, 51, 41), 20.0
(85, 65, 91, 57, 51, 40), 25.0
(86, 64, 91, 58, 52, 41), 25.0
(87, 66, 92, 55, 51, 39), 23.0
(88, 66, 93, 59, 52, 40), 18.0
(86, 65, 91, 57, 50, 40), 25.0
(87, 67, 94, 58, 50, 40), 21.0
(85, 64, 89, 56, 51, 39), 23.0
(85, 66, 91, 57, 51, 40), 23.0
(87, 66, 91, 56, 51, 39), 20.0
(84, 64, 91, 61, 51, 41), 23.0
(87, 67, 92, 58, 50, 39), 25.0
(86, 64, 91, 58, 54, 40), 20.0
(87, 66, 92, 58, 49, 40), 25.0
(86, 66, 91, 59, 50, 38), 25.0
(86, 65, 91, 56, 50, 40), 21.0
(87, 66, 91, 58, 50, 39), 23.0
(86, 64, 91, 54, 52, 41), 24.0
(89, 68, 92, 57, 49, 41), 21.0
(85, 64, 91, 58, 51, 40), 25.0
(86, 65, 90, 58, 50, 39), 25.0
(85, 64, 92, 55, 53, 41), 22.0
(86, 65, 92, 56, 49, 41), 21.0
(86, 66, 93, 61, 49, 40), 22.0
(85, 65, 91, 59, 50, 39), 18.0
(87, 68, 92, 60, 47, 39), 22.0
(86, 66, 92, 58, 49, 39), 23.0
(87, 66, 91, 57, 48, 39), 24.0
(86, 66, 91, 60, 49, 39), 21.0
(86, 68, 91, 58, 46, 39), 20.0
(86, 67, 91, 58, 47, 39), 18.0
(86, 66, 92, 60, 48, 39), 26.0
(85, 64, 91, 57, 50, 40), 25.0
(86, 64, 91, 57, 50, 40), 24.0
(84, 63, 90, 58, 51, 40), 27.0
(86, 66, 91, 57, 49, 38), 24.0
(87, 65, 91, 58, 51, 40), 24.0
(87, 67, 92, 55, 47, 40), 21.0
(86, 63, 91, 58, 51, 40), 26.0
(86, 64, 92, 58, 49, 40), 23.0
(87, 67, 91, 60, 48, 38), 26.0
