Sampler:BoTorchSampler
(166, 73, 271, 54, 240, 96), 44.833333333333336
(39, 146, 116, 61, 171, 241), 42.0
(211, 77, 94, 47, 270, 5), 44.833333333333336
(24, 126, 99, 279, 213, 112), 39.0
(267, 20, 240, 144, 54, 183), 32.166666666666664
(171, 100, 200, 46, 53, 11), 41.166666666666664
(68, 165, 278, 131, 290, 104), 40.0
(276, 58, 272, 35, 78, 52), 39.166666666666664
(175, 15, 207, 5, 79, 206), 38.0
(253, 66, 113, 167, 266, 34), 32.333333333333336
(276, 28, 196, 164, 112, 141), 42.333333333333336
(262, 13, 265, 129, 20, 211), 36.333333333333336
(265, 66, 103, 202, 278, 30), 37.0
(272, 38, 276, 176, 24, 167), 33.5
(246, 17, 298, 162, 52, 180), 39.666666666666664
(277, 46, 221, 158, 2, 177), 37.0
(118, 94, 258, 134, 40, 218), 29.5
(141, 106, 244, 144, 21, 232), 38.333333333333336
(74, 54, 288, 119, 44, 199), 38.333333333333336
(6, 209, 185, 123, 169, 113), 36.666666666666664
(54, 173, 95, 187, 12, 146), 39.666666666666664
(180, 263, 65, 126, 43, 268), 36.5
(207, 278, 212, 97, 124, 165), 38.333333333333336
(49, 126, 284, 50, 286, 52), 38.666666666666664
(84, 76, 52, 183, 214, 104), 39.0
(227, 168, 208, 67, 287, 293), 45.666666666666664
(177, 194, 173, 130, 65, 256), 45.833333333333336
(296, 61, 219, 287, 265, 151), 36.333333333333336
(77, 132, 116, 210, 200, 291), 39.666666666666664
(148, 60, 254, 179, 22, 154), 40.666666666666664
(134, 189, 79, 124, 180, 117), 39.0
(36, 44, 252, 244, 113, 93), 38.333333333333336
(117, 104, 118, 57, 91, 124), 43.0
(251, 108, 265, 278, 31, 117), 36.0
(63, 238, 52, 280, 59, 294), 36.0
(201, 214, 280, 289, 266, 142), 53.333333333333336
(185, 41, 14, 32, 294, 123), 39.5
(6, 224, 9, 79, 227, 113), 35.333333333333336
(274, 14, 61, 214, 59, 244), 34.166666666666664
(165, 60, 9, 58, 16, 284), 43.833333333333336
(139, 278, 208, 170, 47, 245), 42.166666666666664
(248, 296, 190, 171, 176, 213), 40.333333333333336
(250, 73, 53, 293, 68, 210), 28.333333333333332
(267, 74, 48, 294, 92, 202), 39.833333333333336
(285, 132, 156, 164, 249, 99), 38.833333333333336
(233, 48, 91, 6, 6, 231), None
(255, 95, 140, 288, 213, 56), 38.0
(206, 168, 259, 80, 213, 12), 40.666666666666664
(14, 132, 217, 220, 150, 15), 38.5
(187, 35, 167, 253, 258, 266), 40.333333333333336
Sampler:TPESampler
(154, 198, 183, 206, 75, 242), 40.5
(203, 6, 252, 196, 278, 173), 40.0
(162, 38, 115, 107, 70, 125), 43.666666666666664
(129, 96, 45, 40, 3, 124), 46.666666666666664
(245, 122, 100, 206, 2, 136), 36.0
(49, 100, 62, 121, 39, 288), 39.833333333333336
(66, 53, 219, 53, 204, 173), None
(140, 87, 59, 35, 2, 66), 40.666666666666664
(260, 275, 99, 279, 265, 53), 39.666666666666664
(297, 164, 220, 268, 36, 220), None
(230, 233, 13, 206, 118, 9), 41.333333333333336
(247, 298, 125, 296, 208, 60), 36.5
(287, 285, 146, 296, 195, 81), 42.0
(212, 147, 136, 225, 179, 1), 40.166666666666664
(3, 145, 91, 161, 139, 100), 40.833333333333336
(244, 234, 174, 246, 242, 159), 34.333333333333336
(182, 230, 288, 240, 244, 204), 50.0
(259, 197, 192, 161, 234, 156), 45.833333333333336
(189, 246, 175, 248, 295, 130), 43.5
(96, 180, 160, 182, 152, 262), 44.166666666666664
(224, 114, 19, 121, 110, 199), 41.166666666666664
(258, 299, 128, 298, 221, 34), 37.5
(243, 262, 85, 259, 253, 97), 39.666666666666664
(287, 225, 110, 222, 182, 144), 38.833333333333336
(242, 127, 205, 272, 160, 36), 40.333333333333336
(272, 258, 154, 234, 198, 98), 42.5
(182, 199, 81, 177, 222, 180), 41.5
(210, 296, 247, 282, 292, 148), 35.166666666666664
(215, 70, 257, 252, 286, 147), 40.5
(192, 207, 242, 223, 83, 247), 44.0
(168, 128, 299, 197, 267, 195), 41.666666666666664
(244, 291, 176, 282, 298, 110), 34.0
(223, 274, 174, 281, 280, 161), 47.833333333333336
(269, 253, 267, 211, 262, 120), 48.166666666666664
(203, 283, 231, 254, 298, 115), 44.666666666666664
(233, 180, 195, 270, 277, 137), 49.5
(161, 38, 172, 88, 243, 173), 39.0
(107, 1, 205, 237, 23, 111), 45.0
(278, 241, 68, 284, 74, 79), 39.833333333333336
(204, 220, 44, 192, 60, 222), 39.833333333333336
(145, 85, 269, 142, 274, 162), 37.0
(245, 298, 119, 285, 222, 63), 40.166666666666664
(248, 269, 133, 296, 259, 80), 38.0
(298, 290, 103, 262, 298, 183), None
(257, 279, 149, 11, 231, 136), 35.833333333333336
(261, 275, 162, 12, 245, 134), 38.666666666666664
(225, 262, 144, 69, 127, 152), 39.666666666666664
(283, 282, 218, 30, 95, 104), 39.666666666666664
(212, 162, 183, 139, 173, 169), 33.333333333333336
(126, 245, 188, 93, 174, 214), 40.333333333333336
Sampler:CmaEsSampler
(161, 266, 272, 278, 262, 144), 43.833333333333336
(55, 141, 211, 87, 152, 272), 38.0
(144, 195, 170, 177, 92, 123), 36.166666666666664
(140, 78, 203, 81, 103, 157), 41.0
(145, 127, 143, 196, 146, 70), 43.666666666666664
(157, 223, 180, 121, 206, 82), 44.166666666666664
(242, 119, 109, 159, 118, 156), 42.333333333333336
(84, 157, 179, 57, 144, 156), 34.833333333333336
(163, 167, 142, 110, 123, 117), 46.166666666666664
(68, 211, 153, 186, 200, 123), 40.0
(63, 200, 234, 116, 70, 203), 39.833333333333336
(32, 200, 164, 56, 143, 190), 40.166666666666664
(36, 142, 163, 126, 121, 168), 39.833333333333336
(175, 157, 154, 90, 110, 160), 42.833333333333336
(73, 97, 200, 98, 160, 114), 43.0
(105, 102, 170, 171, 109, 139), 33.666666666666664
(125, 146, 165, 156, 159, 153), 32.833333333333336
(73, 225, 181, 99, 97, 126), 36.666666666666664
(40, 195, 228, 141, 21, 189), 38.333333333333336
(100, 214, 157, 207, 70, 148), 40.333333333333336
(58, 120, 256, 37, 179, 159), 36.833333333333336
(83, 108, 91, 158, 152, 136), 43.666666666666664
(79, 146, 188, 63, 110, 192), 40.5
(45, 127, 224, 214, 91, 135), 40.333333333333336
(85, 199, 195, 103, 139, 163), 42.5
(104, 123, 251, 186, 158, 91), 40.0
(111, 108, 170, 200, 95, 153), 38.833333333333336
(101, 182, 218, 171, 143, 163), 47.5
(36, 181, 198, 128, 100, 76), 38.333333333333336
(111, 67, 284, 127, 165, 134), 38.5
(23, 90, 253, 88, 151, 188), 36.5
(40, 119, 241, 122, 132, 149), 42.333333333333336
(172, 96, 213, 185, 158, 113), 40.333333333333336
(74, 160, 240, 91, 187, 188), 41.0
(55, 125, 209, 141, 175, 149), 36.333333333333336
(98, 120, 223, 107, 271, 171), 38.666666666666664
(94, 118, 265, 100, 153, 141), 39.166666666666664
(96, 24, 166, 66, 226, 201), 37.666666666666664
(1, 103, 232, 96, 184, 121), 35.5
(24, 115, 229, 103, 219, 176), 40.5
(30, 240, 130, 98, 152, 100), 37.833333333333336
(23, 173, 184, 191, 200, 133), 41.666666666666664
(27, 26, 213, 205, 114, 180), 41.0
(96, 136, 256, 152, 176, 180), 35.166666666666664
(54, 153, 202, 132, 89, 128), 42.166666666666664
(39, 130, 179, 158, 169, 134), 44.166666666666664
(27, 38, 202, 87, 170, 111), 42.666666666666664
(24, 117, 296, 70, 203, 166), 39.0
(24, 44, 237, 96, 211, 212), 43.333333333333336
(44, 99, 158, 70, 190, 127), 38.0
