Sampler:BoTorchSampler
(52, 80, 22, 34, 10, 94, 68, 45, 25), 14.333333333333334
(0, 84, 26, 62, 24, 95, 86, 19, 81), 13.444444444444445
(63, 91, 36, 98, 26, 43, 37, 65, 47), None
(95, 94, 29, 98, 28, 82, 82, 21, 45), None
(97, 86, 64, 68, 55, 25, 78, 50, 49), None
(11, 32, 49, 14, 61, 9, 93, 49, 85), None
(7, 71, 98, 2, 84, 62, 33, 56, 30), None
(23, 13, 22, 48, 51, 52, 23, 37, 8), None
(67, 88, 62, 25, 7, 47, 50, 52, 86), None
(1, 27, 18, 32, 44, 34, 84, 23, 82), 13.444444444444445
(49, 33, 8, 17, 53, 5, 54, 52, 26), None
(68, 51, 1, 57, 55, 36, 60, 96, 27), None
(52, 29, 86, 51, 40, 23, 56, 89, 29), None
(59, 68, 23, 77, 99, 36, 82, 84, 4), None
(63, 80, 32, 36, 62, 6, 18, 58, 55), None
(42, 20, 29, 93, 14, 26, 12, 38, 50), 14.0
(11, 91, 63, 4, 61, 24, 60, 71, 27), None
(88, 24, 57, 45, 79, 51, 43, 44, 27), 15.555555555555555
(89, 84, 73, 66, 18, 24, 66, 64, 41), None
(27, 92, 30, 39, 16, 91, 38, 68, 94), 14.222222222222221
(1, 88, 98, 33, 44, 90, 99, 90, 13), None
(25, 68, 60, 20, 57, 92, 99, 41, 10), None
(30, 79, 80, 25, 8, 8, 88, 76, 89), None
(39, 59, 73, 13, 59, 35, 65, 10, 18), None
(92, 56, 2, 1, 22, 74, 33, 4, 48), None
(60, 35, 46, 95, 67, 67, 50, 18, 34), None
(76, 6, 98, 45, 26, 10, 78, 20, 47), None
(22, 53, 20, 47, 30, 76, 8, 49, 49), None
(56, 1, 29, 77, 46, 4, 41, 67, 6), None
(57, 68, 90, 95, 2, 43, 24, 58, 34), 14.0
(63, 98, 50, 85, 43, 46, 0, 86, 98), None
(26, 34, 86, 49, 83, 56, 87, 5, 24), None
(36, 52, 19, 77, 56, 91, 13, 90, 75), 14.444444444444445
(19, 93, 9, 41, 78, 48, 54, 97, 18), None
(96, 32, 70, 29, 63, 71, 63, 11, 43), None
(23, 12, 68, 68, 88, 2, 51, 32, 91), None
(77, 86, 8, 18, 55, 80, 58, 15, 96), None
(27, 40, 4, 50, 84, 61, 96, 90, 46), None
(35, 20, 79, 52, 75, 79, 73, 91, 75), None
(91, 52, 99, 57, 36, 51, 36, 91, 35), None
(31, 28, 53, 68, 3, 24, 15, 95, 15), None
(58, 82, 79, 92, 85, 60, 87, 5, 85), None
(31, 16, 83, 91, 49, 40, 41, 36, 90), 13.11111111111111
(13, 83, 86, 31, 24, 72, 43, 4, 17), None
(70, 25, 16, 57, 96, 20, 45, 42, 82), None
(87, 46, 6, 4, 88, 35, 47, 69, 72), None
(74, 77, 82, 18, 61, 27, 27, 0, 0), None
(57, 88, 70, 65, 15, 79, 22, 33, 64), 15.222222222222221
(19, 15, 71, 85, 46, 36, 51, 32, 93), 13.666666666666666
(35, 11, 96, 14, 48, 37, 32, 40, 91), None
Sampler:TPESampler
(38, 59, 53, 54, 57, 70, 1, 14, 54), None
(33, 38, 29, 21, 71, 51, 0, 62, 24), 14.666666666666666
(83, 31, 77, 93, 75, 90, 8, 81, 38), 13.666666666666666
(31, 42, 72, 35, 15, 44, 88, 68, 25), 13.777777777777779
(86, 68, 60, 61, 23, 80, 98, 62, 11), None
(65, 8, 31, 35, 37, 84, 41, 68, 61), 15.222222222222221
(24, 95, 16, 76, 87, 85, 94, 16, 4), None
(27, 90, 67, 89, 25, 1, 13, 87, 12), 13.333333333333334
(89, 56, 97, 8, 86, 47, 26, 86, 14), None
(93, 24, 28, 95, 54, 41, 85, 6, 48), None
(0, 97, 99, 72, 3, 1, 63, 31, 91), None
(59, 78, 80, 99, 35, 0, 21, 99, 37), None
(71, 21, 73, 84, 70, 20, 19, 86, 74), 14.88888888888889
(6, 79, 87, 85, 43, 97, 43, 41, 37), None
(47, 28, 62, 67, 97, 23, 14, 87, 28), None
(13, 9, 43, 83, 67, 67, 32, 77, 0), None
(76, 42, 2, 43, 24, 29, 64, 96, 41), None
(52, 83, 45, 93, 5, 65, 10, 48, 72), None
(15, 0, 86, 54, 79, 96, 60, 75, 18), None
(98, 65, 68, 76, 60, 15, 31, 55, 94), None
(42, 51, 58, 88, 99, 32, 6, 77, 31), None
(19, 39, 75, 28, 16, 56, 86, 69, 20), 13.333333333333334
(23, 33, 80, 23, 13, 56, 69, 90, 8), None
(22, 17, 88, 6, 26, 9, 75, 78, 20), None
(79, 46, 65, 21, 45, 58, 48, 69, 45), None
(13, 34, 76, 44, 13, 76, 54, 56, 34), None
(53, 51, 50, 0, 32, 37, 36, 82, 15), 13.88888888888889
(35, 86, 90, 31, 18, 91, 77, 93, 56), 14.11111111111111
(28, 71, 68, 63, 0, 62, 14, 45, 7), None
(43, 60, 53, 49, 60, 75, 7, 36, 22), None
(39, 29, 81, 92, 52, 71, 23, 72, 52), None
(29, 44, 73, 32, 11, 42, 86, 62, 27), 14.88888888888889
(16, 39, 69, 28, 30, 51, 88, 66, 24), 14.444444444444445
(21, 36, 55, 16, 20, 11, 1, 56, 15), None
(31, 58, 93, 36, 9, 27, 99, 80, 31), None
(7, 13, 76, 39, 16, 88, 79, 63, 0), None
(37, 49, 60, 54, 39, 82, 71, 71, 43), None
(61, 28, 40, 78, 29, 48, 92, 83, 11), 14.11111111111111
(47, 40, 84, 28, 7, 36, 0, 21, 22), None
(6, 92, 73, 15, 78, 57, 82, 92, 63), None
(27, 22, 64, 60, 21, 43, 95, 53, 38), 13.88888888888889
(19, 20, 63, 98, 21, 43, 93, 57, 36), None
(27, 31, 67, 58, 17, 47, 90, 66, 26), 13.333333333333334
(85, 32, 79, 70, 15, 53, 88, 63, 26), 14.222222222222221
(33, 26, 72, 47, 36, 6, 81, 72, 17), None
(11, 54, 95, 89, 47, 20, 72, 86, 11), None
(2, 46, 36, 80, 93, 61, 17, 66, 31), 14.11111111111111
(25, 37, 57, 39, 3, 37, 28, 99, 4), None
(68, 71, 20, 55, 26, 69, 91, 89, 47), 12.88888888888889
(69, 99, 17, 54, 26, 77, 91, 0, 48), None
Sampler:CmaEsSampler
(65, 31, 13, 13, 49, 89, 96, 97, 39), None
(43, 72, 69, 54, 53, 91, 17, 3, 87), None
(84, 91, 39, 36, 8, 79, 79, 95, 34), None
(3, 31, 93, 70, 16, 33, 39, 28, 87), None
(19, 38, 86, 8, 64, 70, 59, 76, 85), 10.555555555555555
(35, 64, 43, 48, 52, 36, 62, 76, 53), 14.0
(44, 76, 50, 49, 71, 68, 16, 60, 33), 16.555555555555557
(37, 30, 10, 51, 46, 68, 56, 35, 31), 14.11111111111111
(39, 54, 28, 71, 2, 78, 79, 53, 54), None
(61, 61, 52, 40, 46, 38, 72, 46, 52), None
(51, 25, 48, 14, 67, 67, 55, 47, 29), None
(26, 27, 41, 50, 45, 90, 77, 77, 47), None
(40, 44, 29, 59, 37, 44, 37, 61, 67), None
(47, 55, 61, 64, 46, 57, 50, 63, 52), 14.333333333333334
(32, 51, 20, 77, 39, 38, 42, 65, 40), 14.444444444444445
(39, 54, 17, 40, 34, 71, 55, 63, 48), 13.11111111111111
(61, 31, 58, 56, 31, 26, 64, 17, 52), None
(40, 42, 32, 39, 47, 49, 69, 62, 14), 15.666666666666666
(26, 92, 46, 46, 48, 40, 81, 29, 53), None
(37, 76, 59, 64, 66, 59, 61, 69, 62), None
(68, 48, 76, 34, 84, 68, 67, 45, 29), None
(22, 69, 50, 49, 44, 31, 47, 63, 43), 13.0
(63, 27, 65, 60, 67, 69, 66, 66, 65), None
(64, 97, 36, 33, 33, 59, 27, 43, 74), None
(59, 60, 50, 34, 32, 50, 26, 39, 50), None
(44, 64, 77, 44, 55, 36, 38, 73, 63), None
(26, 63, 36, 52, 58, 28, 55, 37, 45), 13.777777777777779
(52, 47, 77, 48, 49, 35, 48, 48, 56), None
(63, 32, 56, 35, 19, 62, 43, 62, 32), None
(57, 35, 59, 51, 21, 24, 53, 44, 43), 13.333333333333334
(38, 68, 41, 61, 13, 39, 77, 59, 62), 14.666666666666666
(43, 51, 48, 74, 52, 40, 36, 48, 41), None
(34, 62, 27, 61, 60, 28, 50, 68, 57), 13.222222222222221
(59, 44, 46, 31, 54, 34, 59, 33, 42), None
(45, 67, 59, 72, 30, 19, 41, 62, 47), 13.444444444444445
(15, 84, 5, 48, 49, 8, 61, 62, 15), None
(35, 83, 60, 32, 43, 38, 46, 87, 49), 14.777777777777779
(28, 60, 40, 57, 2, 44, 56, 87, 31), 15.0
(42, 34, 48, 52, 34, 33, 75, 43, 62), None
(54, 55, 36, 46, 56, 31, 52, 44, 58), 13.555555555555555
(54, 71, 49, 47, 58, 65, 44, 40, 18), 14.222222222222221
(13, 68, 25, 47, 63, 53, 41, 54, 60), 14.777777777777779
(36, 95, 28, 43, 32, 34, 46, 45, 34), None
(51, 69, 36, 47, 28, 53, 58, 62, 55), 13.0
(33, 57, 42, 49, 49, 47, 64, 50, 68), None
(55, 74, 40, 33, 38, 17, 54, 58, 50), 13.0
(26, 91, 35, 53, 42, 17, 26, 46, 51), None
(55, 66, 29, 40, 29, 36, 50, 69, 55), None
(16, 63, 41, 86, 47, 14, 70, 54, 39), 15.11111111111111
(45, 83, 43, 21, 19, 39, 56, 50, 42), 13.0
