Sampler:TPESampler
(126, 76, 290, 90, 382, 131), 56.0
(127, 385, 330, 264, 53, 347), 68.0
(250, 222, 102, 291, 179, 193), 44.0
(373, 62, 395, 0, 253, 133), 53.0
(180, 364, 385, 116, 56, 191), 50.0
(20, 362, 209, 31, 147, 128), 62.0
(143, 336, 172, 148, 58, 18), 60.0
(309, 208, 168, 224, 115, 66), 50.0
(369, 325, 107, 158, 370, 153), 64.0
(25, 193, 310, 51, 67, 293), 51.0
(87, 287, 282, 378, 264, 362), 68.0
(78, 270, 288, 358, 263, 387), 46.0
(92, 399, 238, 397, 4, 385), 81.0
(225, 398, 26, 275, 4, 296), 58.0
(82, 131, 231, 303, 17, 308), 46.0
(171, 2, 346, 228, 103, 337), 48.0
(119, 284, 236, 394, 2, 241), 46.0
(272, 395, 339, 338, 196, 250), 74.0
(279, 311, 242, 335, 326, 249), 72.0
(324, 243, 366, 347, 222, 239), 68.0
(208, 165, 128, 330, 333, 396), 60.0
(267, 328, 250, 324, 314, 250), None
(303, 394, 180, 397, 304, 261), 81.0
(320, 396, 175, 396, 220, 321), None
(238, 356, 27, 362, 172, 275), 60.0
(297, 360, 142, 392, 301, 210), 64.0
(351, 304, 74, 312, 131, 165), 53.0
(344, 259, 212, 250, 399, 89), 68.0
(282, 372, 264, 190, 293, 215), 41.0
(389, 399, 316, 367, 200, 369), 53.0
(47, 340, 196, 352, 357, 266), 42.0
(263, 322, 270, 337, 340, 268), 66.0
(217, 304, 305, 282, 283, 225), 72.0
(203, 376, 345, 256, 279, 181), 48.0
(170, 346, 329, 286, 89, 217), 66.0
(239, 379, 303, 303, 239, 340), None
(225, 297, 362, 378, 167, 227), 58.0
(265, 374, 192, 335, 319, 285), 60.0
(290, 98, 237, 373, 34, 325), 58.0
(136, 240, 146, 399, 358, 251), 48.0
(342, 319, 399, 315, 384, 119), 72.0
(346, 319, 378, 314, 389, 122), 64.0
(1, 356, 341, 288, 374, 58), 60.0
(306, 343, 388, 199, 190, 186), 50.0
(330, 384, 216, 350, 344, 155), 55.0
(379, 175, 398, 242, 281, 121), 56.0
(249, 216, 299, 275, 245, 108), 66.0
(281, 271, 181, 380, 326, 25), 74.0
(278, 272, 163, 99, 315, 12), 50.0
(399, 241, 114, 381, 148, 40), 54.0
(185, 364, 179, 367, 329, 370), 62.0
(308, 291, 366, 382, 300, 88), 64.0
(216, 266, 323, 352, 357, 31), 44.0
(360, 309, 83, 323, 369, 201), 72.0
(365, 388, 73, 338, 266, 202), 50.0
(108, 344, 253, 169, 366, 302), 64.0
(363, 329, 87, 314, 384, 178), 61.0
(189, 200, 223, 399, 79, 230), 53.0
(60, 228, 16, 359, 226, 144), 48.0
(154, 280, 280, 32, 285, 195), None
(327, 314, 146, 381, 30, 260), 58.0
(276, 253, 187, 296, 306, 241), 42.0
(250, 302, 238, 327, 322, 288), 70.0
(299, 399, 44, 318, 345, 166), 49.0
(334, 312, 162, 344, 397, 0), 46.0
(317, 365, 264, 364, 268, 226), 70.0
(346, 6, 356, 224, 378, 79), 65.0
(289, 335, 380, 277, 117, 314), 71.0
(238, 350, 206, 388, 254, 257), 76.0
(261, 354, 203, 386, 251, 277), 54.0
(236, 387, 252, 129, 307, 253), 64.0
(358, 351, 208, 367, 336, 210), 64.0
(219, 372, 279, 388, 289, 269), 66.0
(314, 329, 136, 329, 350, 235), None
(296, 386, 226, 344, 328, 352), 62.0
(379, 312, 186, 302, 366, 108), 58.0
(274, 283, 0, 372, 390, 250), 48.0
(232, 368, 115, 358, 234, 203), 74.0
(251, 367, 121, 359, 202, 172), 56.0
(199, 386, 155, 395, 230, 218), 58.0
(230, 377, 95, 375, 214, 201), 64.0
(253, 338, 291, 349, 273, 241), 66.0
(210, 299, 311, 338, 259, 52), 76.0
(213, 296, 338, 390, 253, 27), 64.0
(287, 354, 45, 322, 232, 77), 50.0
(239, 392, 173, 338, 209, 50), 64.0
(198, 135, 243, 357, 295, 221), 48.0
(173, 327, 306, 309, 258, 386), 57.0
(266, 277, 320, 374, 276, 278), 65.0
(157, 303, 67, 265, 240, 189), 50.0
(226, 362, 197, 388, 179, 296), 53.0
(256, 291, 216, 338, 261, 261), None
(242, 379, 335, 366, 312, 46), 48.0
(273, 266, 261, 355, 295, 210), 62.0
(99, 256, 295, 328, 46, 151), 52.0
(192, 321, 354, 398, 157, 16), 48.0
(209, 344, 316, 297, 244, 60), 48.0
(221, 395, 62, 379, 282, 248), 66.0
(233, 307, 222, 345, 324, 235), 58.0
(245, 369, 101, 372, 303, 327), 70.0
(338, 338, 130, 308, 371, 7), None
(307, 317, 373, 321, 357, 205), 60.0
(299, 296, 276, 338, 336, 32), 64.0
(285, 348, 179, 362, 272, 181), 52.0
(354, 307, 329, 288, 348, 139), 60.0
(326, 330, 204, 331, 314, 196), 52.0
(47, 399, 393, 386, 288, 261), 50.0
(375, 379, 244, 350, 98, 225), 64.0
(262, 361, 309, 214, 128, 214), None
(272, 322, 84, 278, 188, 163), 58.0
(387, 289, 187, 67, 17, 111), 52.0
(282, 340, 383, 296, 112, 314), 52.0
(290, 333, 377, 267, 251, 232), 66.0
(206, 356, 353, 252, 78, 351), 66.0
(298, 313, 396, 244, 233, 307), 68.0
(336, 371, 156, 317, 386, 245), 64.0
(291, 274, 363, 304, 220, 283), 82.0
(310, 271, 363, 307, 223, 280), 66.0
(319, 252, 343, 322, 266, 269), 48.0
(179, 280, 234, 343, 256, 257), 68.0
(216, 298, 370, 381, 239, 290), 54.0
(288, 386, 384, 273, 212, 24), 52.0
(258, 233, 347, 330, 198, 268), 66.0
(228, 307, 399, 291, 219, 359), 72.0
(227, 288, 398, 298, 204, 240), 53.0
(243, 305, 325, 290, 226, 332), 74.0
(246, 276, 323, 315, 247, 381), 56.0
(271, 392, 330, 392, 398, 254), None
(231, 317, 314, 368, 218, 369), 82.0
(241, 319, 306, 367, 231, 399), 59.0
(232, 266, 287, 289, 221, 369), 73.0
(236, 299, 289, 354, 216, 334), 73.0
(236, 260, 284, 356, 215, 338), 74.0
(235, 268, 297, 373, 220, 337), 64.0
(252, 215, 272, 359, 196, 365), 70.0
(224, 246, 315, 382, 214, 378), 50.0
(209, 262, 286, 354, 240, 338), 54.0
(235, 282, 294, 393, 205, 373), 74.0
(234, 285, 289, 387, 185, 374), 62.0
(198, 257, 299, 393, 171, 391), 67.0
(244, 273, 285, 369, 226, 358), 69.0
(263, 295, 268, 397, 213, 320), 64.0
(219, 283, 318, 377, 193, 366), 68.0
(247, 246, 261, 399, 204, 351), 74.0
(255, 262, 251, 399, 201, 345), 72.0
(233, 248, 277, 387, 205, 345), 46.0
(248, 273, 295, 361, 179, 329), 54.0
(216, 230, 255, 378, 220, 384), 63.0
(239, 236, 263, 367, 235, 374), 67.0
(279, 381, 307, 353, 207, 354), 54.0
(267, 264, 312, 383, 225, 330), 70.0
(227, 304, 325, 282, 210, 360), 72.0
(211, 291, 302, 392, 216, 390), 71.0
(253, 298, 282, 2, 160, 366), 46.0
(242, 278, 336, 348, 228, 303), 54.0
(222, 286, 289, 375, 244, 340), 74.0
(222, 286, 287, 375, 238, 335), 60.0
(123, 183, 259, 362, 248, 341), 62.0
(204, 254, 276, 398, 186, 354), 69.0
(232, 35, 293, 175, 259, 316), 48.0
(12, 390, 303, 372, 225, 347), 61.0
(257, 301, 311, 340, 244, 369), 69.0
(238, 398, 269, 385, 198, 376), 71.0
(228, 280, 330, 258, 218, 359), 58.0
(191, 270, 165, 391, 279, 394), 53.0
(71, 310, 104, 346, 233, 322), 62.0
(224, 291, 322, 285, 208, 361), 74.0
(222, 244, 344, 399, 208, 348), 59.0
(214, 294, 321, 378, 197, 382), 60.0
(246, 285, 211, 356, 221, 333), 42.0
(235, 259, 296, 367, 231, 367), None
(222, 318, 195, 309, 210, 68), 48.0
(202, 291, 230, 290, 252, 44), 52.0
(213, 302, 305, 268, 266, 295), 56.0
(241, 269, 334, 303, 181, 90), 66.0
(255, 259, 285, 389, 202, 351), 54.0
(247, 373, 314, 329, 243, 342), 56.0
(229, 277, 326, 277, 191, 360), None
(228, 306, 325, 283, 210, 361), 69.0
(303, 325, 359, 335, 55, 381), 50.0
(267, 384, 244, 383, 224, 323), 84.0
(268, 385, 219, 382, 226, 311), 58.0
(282, 394, 238, 369, 235, 328), 62.0
(294, 373, 246, 360, 220, 280), 78.0
(293, 377, 247, 358, 222, 284), 70.0
(263, 363, 255, 377, 237, 265), 46.0
(292, 381, 272, 385, 220, 276), 75.0
(312, 369, 245, 390, 218, 289), 55.0
(278, 386, 266, 383, 204, 272), 58.0
(293, 377, 172, 399, 229, 301), 64.0
(300, 393, 228, 372, 214, 280), 59.0
(286, 380, 275, 361, 217, 258), 57.0
(271, 398, 291, 351, 228, 275), 73.0
(270, 397, 264, 351, 245, 271), 42.0
(277, 386, 279, 387, 230, 273), 80.0
(282, 386, 278, 387, 254, 275), 67.0
(306, 366, 181, 379, 209, 285), 79.0
(311, 356, 176, 391, 194, 287), 56.0
(303, 370, 187, 378, 205, 248), 62.0
(298, 365, 258, 383, 237, 293), 58.0
(290, 380, 238, 371, 139, 266), 66.0
(276, 389, 272, 365, 227, 281), 52.0
(318, 369, 204, 391, 213, 254), 64.0
(38, 376, 144, 377, 209, 338), 57.0
(261, 359, 183, 393, 218, 322), 58.0
(285, 398, 249, 399, 230, 277), 60.0
(272, 389, 294, 384, 241, 264), 56.0
(249, 384, 114, 366, 199, 298), 47.0
(297, 266, 282, 375, 222, 368), 54.0
(305, 348, 159, 383, 7, 377), 51.0
(220, 280, 301, 390, 205, 348), 70.0
(136, 399, 314, 344, 229, 274), 62.0
(238, 289, 280, 358, 215, 333), 64.0
(278, 390, 271, 348, 234, 286), 66.0
(260, 380, 286, 357, 223, 255), 62.0
(236, 296, 296, 372, 212, 308), None
(231, 277, 259, 145, 191, 342), 50.0
(267, 373, 292, 384, 248, 264), 64.0
(244, 285, 192, 364, 222, 372), 71.0
(292, 363, 310, 353, 237, 326), 40.0
(220, 268, 352, 398, 204, 349), 48.0
(252, 392, 287, 377, 226, 37), 60.0
(235, 154, 302, 391, 215, 281), 58.0
(276, 399, 291, 339, 333, 356), 70.0
(227, 384, 271, 366, 232, 386), 66.0
(210, 298, 280, 349, 220, 271), 66.0
(244, 376, 264, 379, 262, 317), 48.0
(285, 392, 171, 370, 210, 291), 62.0
(108, 274, 337, 386, 245, 337), None
(257, 82, 306, 294, 198, 245), 58.0
(235, 254, 287, 399, 227, 263), 58.0
(286, 310, 249, 337, 320, 256), 50.0
(271, 289, 321, 330, 330, 234), None
(226, 304, 324, 284, 210, 368), 66.0
(325, 315, 200, 316, 68, 115), 50.0
(218, 298, 299, 289, 285, 284), 64.0
(253, 260, 252, 399, 200, 346), 62.0
(244, 386, 57, 304, 367, 196), 76.0
(243, 381, 47, 357, 357, 272), None
(232, 369, 234, 303, 41, 132), 54.0
(239, 387, 137, 379, 220, 355), 78.0
(240, 388, 13, 381, 221, 360), 58.0
(250, 384, 153, 214, 218, 3), 52.0
(294, 399, 135, 390, 231, 352), 78.0
(305, 390, 135, 390, 238, 21), None
(295, 376, 92, 390, 341, 351), 60.0
(292, 399, 124, 376, 232, 331), 52.0
(282, 399, 150, 372, 229, 341), 62.0
(309, 391, 143, 386, 253, 352), 70.0
(229, 375, 120, 297, 214, 361), 56.0
(300, 387, 165, 363, 242, 274), 84.0
(301, 383, 163, 379, 242, 370), 90.0
(302, 383, 165, 382, 243, 377), 86.0
(302, 370, 155, 381, 257, 377), 65.0
(313, 385, 165, 392, 249, 392), None
(297, 381, 176, 365, 242, 372), 64.0
(320, 358, 164, 235, 242, 385), 88.0
(325, 353, 169, 374, 248, 399), 62.0
(318, 364, 166, 232, 242, 94), 44.0
(304, 354, 185, 383, 267, 384), 71.0
(317, 363, 179, 373, 237, 365), 76.0
(319, 379, 177, 389, 259, 378), 94.0
(322, 360, 177, 386, 253, 388), 58.0
(314, 377, 164, 188, 259, 375), 54.0
(309, 369, 159, 393, 241, 379), 75.0
(309, 347, 160, 378, 272, 382), 62.0
(334, 367, 135, 370, 247, 365), 68.0
(317, 384, 178, 393, 238, 381), 84.0
(314, 373, 182, 393, 238, 390), 70.0
(322, 382, 172, 392, 236, 377), 50.0
(327, 389, 180, 381, 250, 384), 85.0
(331, 387, 188, 384, 260, 385), 66.0
(330, 360, 174, 398, 255, 380), 62.0
(318, 378, 182, 385, 245, 391), 52.0
(307, 391, 196, 374, 241, 369), 64.0
(301, 370, 153, 399, 266, 397), 62.0
(337, 384, 164, 378, 251, 379), 57.0
(317, 391, 177, 392, 236, 371), 70.0
(326, 378, 160, 387, 260, 364), 86.0
(326, 374, 159, 385, 260, 386), 66.0
(343, 364, 169, 365, 269, 364), None
(310, 384, 188, 382, 252, 375), 63.0
(298, 379, 142, 391, 241, 373), 60.0
(321, 370, 173, 392, 274, 392), None
(293, 393, 180, 117, 258, 385), 64.0
(307, 355, 152, 370, 233, 381), 64.0
(289, 382, 160, 380, 251, 294), 68.0
(317, 339, 190, 375, 230, 365), 58.0
(330, 364, 196, 386, 364, 277), None
(302, 390, 212, 387, 241, 377), 57.0
(313, 373, 145, 377, 260, 360), 66.0
(324, 399, 167, 367, 229, 399), None
(341, 380, 157, 396, 246, 357), 53.0
(299, 389, 177, 398, 298, 369), 63.0
(305, 349, 165, 374, 246, 281), 82.0
(306, 355, 166, 380, 250, 303), 57.0
(293, 345, 150, 371, 237, 287), 64.0
(314, 359, 224, 387, 266, 280), 56.0
(309, 336, 183, 363, 246, 267), 64.0
(298, 371, 162, 380, 235, 289), 52.0
(331, 383, 170, 235, 256, 388), 59.0
(350, 368, 57, 389, 277, 273), 62.0
(320, 378, 205, 371, 226, 283), 67.0
(290, 391, 180, 379, 246, 379), None
(304, 352, 155, 392, 242, 261), 58.0
(316, 346, 171, 363, 233, 295), 70.0
(296, 362, 191, 388, 224, 368), 54.0
(286, 376, 160, 372, 262, 384), 74.0
(326, 384, 140, 382, 253, 270), 70.0
(309, 393, 131, 376, 379, 391), 75.0
(309, 393, 130, 364, 379, 393), None
(337, 399, 130, 375, 385, 393), 76.0
(338, 395, 175, 399, 239, 399), None
(344, 386, 146, 371, 392, 100), 80.0
(348, 386, 139, 361, 386, 53), None
(345, 398, 111, 371, 376, 99), 82.0
(352, 399, 32, 70, 351, 126), 54.0
(364, 389, 146, 372, 396, 66), 51.0
(341, 399, 123, 223, 375, 93), 44.0
(361, 385, 149, 361, 393, 82), None
(334, 392, 133, 368, 387, 137), 77.0
(345, 399, 111, 368, 390, 77), 57.0
(158, 377, 136, 359, 369, 62), 79.0
(173, 375, 116, 359, 370, 100), 72.0
(334, 387, 139, 352, 366, 104), 57.0
(63, 377, 127, 149, 371, 116), 60.0
(328, 384, 150, 370, 382, 186), 72.0
(88, 376, 136, 359, 383, 142), 52.0
(352, 390, 77, 366, 394, 174), 69.0
(344, 399, 129, 377, 388, 50), 40.0
(335, 392, 124, 376, 390, 69), 72.0
(334, 392, 143, 352, 376, 59), 60.0
(151, 332, 152, 383, 306, 46), 59.0
(328, 380, 103, 385, 266, 75), 50.0
(337, 113, 132, 362, 379, 163), 54.0
(109, 366, 167, 201, 94, 153), 58.0
(278, 387, 158, 390, 353, 129), 72.0
(31, 399, 107, 368, 399, 374), None
(132, 374, 238, 382, 273, 58), 64.0
(319, 368, 184, 368, 227, 41), None
(189, 380, 144, 345, 370, 83), 60.0
(323, 393, 120, 374, 387, 361), 76.0
(182, 391, 119, 376, 388, 360), 59.0
(325, 399, 116, 378, 384, 386), 57.0
(300, 351, 165, 391, 255, 101), 54.0
(163, 381, 171, 385, 248, 303), 66.0
(92, 386, 137, 356, 222, 353), 46.0
(283, 373, 229, 390, 287, 281), 71.0
(318, 361, 200, 399, 226, 373), 49.0
(303, 358, 178, 383, 233, 365), 60.0
(350, 381, 191, 371, 396, 383), 71.0
(371, 387, 148, 383, 399, 393), 45.0
(356, 393, 138, 360, 363, 381), 50.0
(344, 367, 129, 371, 235, 371), None
(331, 375, 161, 249, 379, 375), None
(314, 384, 182, 366, 240, 290), 73.0
(294, 390, 155, 378, 379, 358), 67.0
(301, 340, 173, 393, 219, 265), 41.0
(338, 203, 128, 375, 387, 387), None
(196, 399, 164, 353, 248, 393), 54.0
(326, 383, 150, 364, 361, 354), 76.0
(323, 393, 120, 378, 391, 366), 40.0
(315, 371, 150, 362, 231, 354), 64.0
(289, 379, 168, 389, 373, 112), 62.0
(305, 385, 133, 177, 220, 399), 53.0
(331, 375, 94, 366, 369, 380), 52.0
(118, 392, 158, 399, 257, 250), 58.0
(76, 368, 111, 387, 245, 297), 44.0
(344, 391, 125, 374, 382, 371), 58.0
(145, 399, 136, 348, 228, 283), 48.0
(283, 19, 214, 382, 214, 256), None
(296, 381, 146, 357, 313, 137), 72.0
(310, 350, 247, 392, 251, 263), 87.0
(309, 357, 247, 392, 239, 277), 76.0
(309, 188, 243, 260, 239, 273), 48.0
(301, 373, 236, 399, 210, 147), 54.0
(292, 349, 256, 385, 263, 260), 66.0
(310, 357, 245, 393, 250, 289), 70.0
(287, 343, 187, 391, 254, 272), 68.0
(320, 387, 172, 380, 222, 386), 77.0
(3, 379, 172, 382, 219, 386), 46.0
(52, 364, 167, 381, 108, 124), 70.0
(314, 386, 178, 399, 228, 378), 85.0
(316, 372, 176, 398, 225, 311), 84.0
(301, 369, 181, 399, 231, 306), 56.0
(312, 375, 194, 394, 227, 284), 66.0
(304, 365, 176, 393, 213, 312), 60.0
(295, 379, 184, 398, 233, 298), 70.0
(317, 371, 163, 389, 226, 376), 62.0
(279, 383, 193, 387, 244, 315), 48.0
(313, 364, 368, 399, 234, 263), 64.0
(303, 376, 177, 389, 126, 370), 57.0
(320, 353, 162, 392, 218, 280), 60.0
(296, 384, 187, 384, 207, 378), None
(307, 388, 157, 387, 243, 267), 66.0
(322, 216, 171, 378, 222, 289), 38.0
(288, 327, 178, 399, 231, 322), 52.0
(314, 374, 199, 399, 249, 300), 74.0
(299, 363, 166, 387, 237, 362), 56.0
(279, 382, 154, 374, 215, 379), 80.0
(272, 391, 153, 379, 65, 382), 57.0
(276, 369, 162, 371, 201, 373), 66.0
(285, 377, 171, 89, 209, 379), 58.0
(311, 357, 227, 26, 18, 387), 44.0
(291, 150, 185, 393, 214, 31), 52.0
(264, 385, 155, 383, 259, 367), 56.0
(323, 393, 159, 375, 244, 373), 48.0
(279, 399, 146, 391, 225, 365), 52.0
(300, 378, 174, 370, 343, 272), 58.0
(327, 51, 218, 365, 215, 392), 50.0
(306, 348, 253, 387, 235, 310), 52.0
(317, 372, 179, 375, 222, 278), 80.0
(321, 366, 191, 211, 252, 384), 64.0
(315, 380, 206, 377, 157, 377), None
(330, 357, 180, 358, 272, 284), 46.0
(309, 386, 168, 399, 228, 278), 68.0
(316, 368, 389, 371, 82, 270), 58.0
(328, 392, 180, 383, 241, 292), 72.0
(359, 374, 188, 379, 190, 249), 57.0
(303, 362, 167, 365, 208, 277), 66.0
(317, 337, 241, 355, 197, 259), 75.0
(268, 382, 176, 373, 221, 381), 70.0
(332, 372, 198, 382, 262, 399), 64.0
(293, 360, 162, 365, 215, 295), 52.0
(307, 370, 184, 242, 294, 288), 70.0
(286, 379, 171, 392, 278, 242), 74.0
(323, 399, 159, 391, 233, 387), 64.0
(297, 388, 177, 399, 250, 370), 58.0
(314, 344, 231, 342, 205, 264), 68.0
(342, 392, 153, 388, 240, 377), 52.0
(304, 384, 167, 386, 228, 10), 48.0
(323, 381, 190, 376, 245, 392), 64.0
(280, 393, 152, 391, 256, 365), 56.0
(312, 375, 181, 379, 221, 381), 62.0
(334, 385, 165, 371, 224, 373), 56.0
(296, 364, 262, 360, 215, 282), 76.0
(318, 351, 143, 380, 322, 303), 79.0
(319, 343, 143, 382, 286, 303), 75.0
(327, 352, 157, 372, 346, 310), 56.0
(310, 328, 175, 384, 321, 291), 68.0
(321, 336, 166, 392, 312, 305), 68.0
(338, 362, 190, 374, 267, 298), 60.0
(306, 352, 347, 382, 251, 326), 74.0
(328, 371, 199, 399, 332, 276), 76.0
(315, 351, 148, 370, 357, 318), 71.0
(303, 359, 157, 389, 238, 313), 84.0
(22, 359, 171, 393, 147, 268), 58.0
(320, 344, 153, 385, 237, 321), 50.0
(304, 370, 162, 399, 244, 87), 74.0
(163, 378, 182, 270, 234, 255), 49.0
(353, 349, 144, 390, 262, 311), 56.0
(287, 378, 172, 386, 248, 384), 64.0
(312, 357, 158, 376, 324, 315), 84.0
(300, 357, 161, 375, 299, 99), 73.0
(313, 224, 155, 164, 305, 320), 70.0
(346, 387, 378, 368, 256, 325), 63.0
(102, 174, 361, 399, 239, 392), 65.0
(273, 368, 157, 190, 244, 391), 60.0
(304, 359, 175, 127, 230, 108), 50.0
(65, 384, 166, 393, 268, 316), 68.0
(310, 366, 184, 380, 226, 218), 64.0
(292, 362, 175, 388, 280, 310), 60.0
(328, 348, 161, 379, 325, 305), 60.0
(298, 392, 194, 386, 252, 331), 70.0
(318, 354, 152, 392, 305, 298), 83.0
(338, 333, 153, 392, 288, 302), 60.0
(324, 340, 169, 399, 297, 296), 52.0
(314, 320, 207, 392, 237, 319), 68.0
(332, 355, 165, 385, 303, 314), 52.0
(369, 390, 164, 399, 317, 293), 52.0
(310, 376, 151, 376, 242, 311), None
(321, 384, 161, 389, 261, 377), 80.0
(334, 393, 159, 391, 271, 379), 72.0
(302, 371, 173, 368, 232, 386), 58.0
(289, 360, 149, 380, 251, 398), 53.0
(325, 385, 152, 392, 261, 372), 77.0
(319, 399, 178, 387, 280, 376), 74.0
(318, 373, 220, 393, 259, 299), 78.0
(326, 381, 169, 399, 310, 286), 68.0
(310, 345, 159, 374, 262, 368), 62.0
(307, 366, 187, 388, 254, 385), 56.0
(336, 392, 71, 385, 273, 95), 67.0
(342, 356, 159, 222, 341, 360), 68.0
(277, 387, 165, 383, 335, 379), 63.0
(298, 378, 180, 394, 245, 391), 64.0
(310, 334, 172, 386, 293, 370), 64.0
(281, 369, 79, 199, 236, 276), 65.0
(319, 380, 144, 370, 265, 382), 80.0
(328, 355, 153, 376, 248, 364), 62.0
(318, 374, 187, 364, 254, 308), 54.0
(386, 399, 147, 399, 273, 387), None
(293, 391, 170, 376, 166, 270), 50.0
(305, 384, 200, 369, 226, 327), 74.0
(319, 366, 179, 391, 266, 398), 74.0
(314, 344, 143, 362, 242, 290), 76.0
(354, 377, 167, 379, 33, 261), 64.0
(295, 392, 150, 368, 248, 381), 56.0
(330, 386, 161, 386, 266, 369), None
(320, 360, 158, 380, 281, 378), 74.0
(263, 379, 142, 351, 236, 384), 64.0
Sampler:BoTorchSampler
(355, 12, 217, 339, 29, 43), 65.0
(152, 78, 162, 106, 31, 352), 42.0
(170, 397, 166, 50, 270, 306), 58.0
(117, 382, 229, 68, 98, 43), 48.0
(244, 275, 49, 289, 74, 315), 58.0
(236, 308, 245, 189, 259, 56), 58.0
(161, 342, 98, 301, 367, 129), 56.0
(307, 204, 129, 284, 83, 236), 42.0
(374, 204, 305, 52, 187, 363), 60.0
(235, 214, 112, 67, 325, 383), 62.0
(385, 0, 260, 372, 11, 0), None
(385, 0, 260, 373, 11, 0), None
(385, 0, 260, 372, 12, 0), None
(385, 0, 259, 372, 12, 0), None
(385, 0, 261, 373, 11, 0), None
(386, 0, 262, 374, 11, 0), None
(375, 0, 261, 373, 7, 0), None
(386, 0, 261, 373, 11, 0), None
(386, 0, 262, 373, 11, 0), None
(311, 256, 213, 30, 320, 387), 62.0
(385, 0, 262, 373, 12, 0), None
(385, 0, 261, 373, 12, 0), None
(386, 0, 262, 374, 12, 0), None
(385, 0, 261, 372, 12, 0), None
(386, 0, 263, 374, 12, 0), None
(386, 0, 262, 373, 12, 0), None
Sampler:CmaEsSampler
(237, 138, 109, 20, 159, 272), 71.0
(158, 263, 123, 136, 208, 166), 52.0
(146, 288, 158, 177, 197, 121), 44.0
(240, 247, 193, 151, 254, 209), 58.0
(328, 107, 156, 169, 189, 190), 56.0
(254, 23, 147, 188, 174, 208), 65.0
(95, 192, 275, 171, 300, 147), 62.0
(145, 270, 91, 282, 145, 249), None
(184, 219, 294, 142, 167, 198), 54.0
(227, 210, 125, 100, 196, 143), 58.0
(158, 178, 120, 91, 135, 130), 72.0
(51, 109, 168, 81, 66, 141), 66.0
(195, 44, 101, 244, 124, 297), 51.0
(205, 65, 155, 180, 143, 193), 56.0
(86, 29, 210, 185, 102, 153), 52.0
(162, 119, 139, 110, 220, 214), 53.0
(323, 93, 142, 110, 87, 223), 64.0
(81, 29, 54, 101, 268, 133), 51.0
(161, 154, 208, 67, 119, 47), 44.0
(112, 94, 137, 188, 273, 178), 56.0
(175, 121, 162, 94, 10, 182), 60.0
(152, 81, 114, 33, 43, 157), 54.0
(277, 130, 126, 129, 94, 105), 41.0
(96, 93, 179, 141, 172, 159), 77.0
(219, 83, 40, 4, 81, 153), 63.0
(90, 19, 170, 8, 219, 175), 66.0
(109, 189, 147, 153, 171, 176), 55.0
(238, 45, 129, 3, 162, 140), 61.0
(100, 122, 168, 106, 44, 140), 79.0
(181, 163, 186, 65, 99, 118), 80.0
(172, 123, 135, 107, 185, 84), 62.0
(170, 68, 172, 92, 189, 56), 66.0
(178, 146, 276, 72, 144, 112), 50.0
(177, 184, 130, 96, 134, 129), 58.0
(72, 53, 105, 152, 98, 209), 66.0
(92, 32, 109, 99, 136, 145), 70.0
(238, 147, 205, 156, 99, 152), 58.0
(196, 13, 227, 79, 96, 153), 72.0
(316, 140, 118, 88, 117, 227), 61.0
(176, 50, 249, 128, 232, 20), 50.0
(290, 229, 164, 224, 129, 49), 56.0
(176, 140, 253, 212, 171, 137), 55.0
(190, 17, 115, 100, 47, 90), 62.0
(226, 55, 129, 130, 108, 185), 58.0
(209, 107, 260, 113, 212, 85), 59.0
(66, 102, 114, 105, 156, 130), 62.0
(164, 101, 166, 110, 176, 197), 42.0
(73, 186, 224, 126, 173, 125), 72.0
(182, 109, 246, 89, 191, 36), 74.0
(190, 123, 122, 138, 134, 45), 62.0
(238, 58, 108, 214, 19, 98), 70.0
(174, 22, 121, 157, 162, 210), 60.0
(236, 91, 199, 2, 58, 223), 67.0
(160, 89, 132, 34, 41, 45), 70.0
(245, 72, 88, 89, 106, 237), 68.0
(285, 129, 84, 78, 57, 164), 52.0
(97, 82, 280, 58, 133, 90), 52.0
(117, 139, 304, 72, 222, 5), 48.0
(125, 92, 197, 258, 210, 54), 72.0
(124, 163, 252, 163, 85, 164), None
(233, 56, 218, 185, 141, 36), 44.0
(158, 53, 170, 118, 77, 87), 72.0
(233, 157, 215, 108, 188, 106), 55.0
(257, 213, 237, 135, 232, 148), 68.0
(67, 142, 148, 111, 122, 72), 66.0
(240, 42, 180, 87, 144, 70), 68.0
(186, 93, 234, 175, 199, 34), 82.0
(180, 27, 159, 226, 169, 32), 50.0
(84, 224, 252, 100, 172, 35), 54.0
(190, 111, 215, 198, 139, 157), 68.0
(209, 51, 221, 228, 161, 63), 64.0
(158, 120, 251, 212, 127, 86), 53.0
(191, 94, 80, 224, 234, 35), 56.0
(209, 43, 264, 174, 279, 15), 46.0
(32, 37, 166, 216, 111, 13), 77.0
(51, 43, 197, 203, 113, 29), 65.0
(187, 199, 337, 259, 221, 77), 55.0
(108, 35, 215, 171, 150, 61), 64.0
(121, 93, 148, 176, 117, 176), None
(93, 61, 302, 220, 134, 67), 62.0
(48, 38, 216, 232, 87, 46), 56.0
(171, 187, 264, 258, 145, 45), 50.0
(187, 112, 327, 145, 262, 97), 68.0
(188, 154, 247, 323, 234, 17), 76.0
(146, 141, 241, 119, 204, 138), 56.0
(107, 89, 347, 168, 152, 102), 64.0
(243, 161, 229, 273, 192, 10), 40.0
(48, 125, 218, 248, 199, 38), 77.0
(197, 93, 253, 243, 217, 125), 52.0
(176, 163, 205, 292, 285, 66), 50.0
(238, 175, 299, 296, 300, 88), 57.0
(184, 119, 121, 198, 142, 43), 65.0
(182, 70, 329, 310, 239, 106), 55.0
(247, 138, 352, 208, 251, 141), 48.0
(161, 129, 202, 96, 184, 117), 61.0
(120, 113, 240, 106, 199, 17), 58.0
(113, 71, 214, 223, 254, 27), 64.0
(63, 63, 229, 112, 196, 50), None
(177, 79, 204, 161, 254, 43), 60.0
(215, 159, 306, 319, 302, 153), 72.0
(91, 149, 246, 348, 261, 33), 72.0
(36, 155, 193, 243, 159, 31), 78.0
(138, 185, 197, 273, 173, 112), 60.0
(34, 178, 169, 295, 154, 119), 68.0
(80, 111, 312, 245, 249, 31), 58.0
(210, 90, 209, 208, 260, 77), 46.0
(212, 232, 213, 304, 288, 150), 58.0
(96, 171, 308, 183, 227, 97), 56.0
(114, 170, 253, 360, 328, 79), 52.0
(92, 140, 239, 298, 120, 79), 55.0
(72, 136, 255, 278, 234, 54), 58.0
(162, 133, 287, 249, 281, 44), 48.0
(57, 136, 254, 227, 267, 78), 62.0
(81, 134, 304, 340, 219, 46), 60.0
(128, 163, 246, 228, 214, 167), 68.0
(137, 110, 394, 255, 249, 58), 56.0
(132, 182, 181, 200, 285, 185), 75.0
(118, 185, 367, 308, 308, 68), None
(164, 245, 262, 317, 279, 197), 70.0
(145, 107, 334, 208, 271, 67), 68.0
(30, 187, 370, 300, 313, 48), 46.0
(55, 95, 281, 238, 256, 150), 59.0
(8, 117, 284, 231, 348, 23), 48.0
(173, 203, 279, 217, 397, 182), 46.0
(146, 217, 230, 179, 279, 215), 82.0
(160, 145, 147, 174, 239, 163), 58.0
(62, 239, 134, 146, 166, 266), 69.0
(195, 156, 233, 180, 271, 210), 63.0
(230, 137, 257, 56, 169, 188), 48.0
(93, 167, 258, 130, 186, 158), 78.0
(97, 153, 191, 243, 195, 131), 60.0
(154, 242, 244, 236, 237, 228), 56.0
(173, 329, 196, 153, 336, 298), 58.0
(90, 200, 276, 82, 312, 246), 46.0
(169, 275, 187, 255, 280, 212), 56.0
(44, 185, 240, 108, 272, 119), 56.0
(14, 136, 215, 235, 192, 260), 66.0
(8, 221, 258, 164, 245, 238), 48.0
(229, 148, 305, 150, 302, 284), 50.0
(150, 219, 267, 226, 337, 70), 52.0
(110, 84, 188, 237, 234, 126), 50.0
(147, 142, 320, 210, 293, 214), 74.0
(138, 183, 121, 157, 229, 314), 56.0
(137, 216, 140, 124, 195, 268), 54.0
(73, 225, 243, 154, 242, 233), 48.0
(70, 197, 183, 187, 273, 357), 64.0
(39, 295, 170, 19, 183, 373), 44.0
(134, 243, 153, 300, 233, 273), 47.0
(122, 214, 127, 309, 347, 222), 56.0
(64, 318, 141, 118, 302, 189), 42.0
(163, 187, 263, 201, 227, 308), 58.0
(51, 171, 229, 148, 184, 386), 52.0
(185, 192, 199, 179, 215, 354), 69.0
(87, 144, 220, 176, 241, 222), 58.0
(78, 78, 222, 263, 224, 174), None
(204, 160, 291, 232, 325, 268), 74.0
(175, 210, 285, 122, 387, 318), 42.0
(179, 240, 221, 124, 289, 354), 64.0
(169, 84, 294, 210, 289, 249), 50.0
(100, 145, 270, 191, 275, 303), 54.0
(270, 161, 310, 215, 335, 112), 44.0
(190, 161, 282, 306, 325, 356), 70.0
(323, 291, 355, 238, 366, 312), 60.0
(303, 151, 289, 120, 351, 328), 64.0
(211, 27, 203, 131, 322, 278), 34.0
(149, 306, 170, 185, 321, 249), 44.0
(159, 138, 288, 206, 242, 281), 46.0
(182, 201, 185, 270, 281, 286), 68.0
(147, 98, 293, 213, 258, 273), 58.0
(286, 94, 275, 225, 213, 391), 66.0
(194, 154, 257, 291, 305, 318), 58.0
(300, 262, 324, 161, 376, 397), 61.0
(241, 208, 155, 140, 315, 390), 48.0
(117, 238, 295, 236, 315, 339), 72.0
(140, 277, 215, 276, 382, 394), 64.0
(140, 201, 311, 159, 306, 292), 68.0
(205, 234, 204, 125, 240, 317), 64.0
(174, 251, 229, 210, 342, 388), 50.0
(87, 223, 358, 345, 389, 146), 62.0
(126, 181, 235, 189, 287, 309), 60.0
(141, 175, 314, 249, 328, 252), 64.0
(203, 188, 306, 123, 205, 281), 50.0
(128, 103, 172, 245, 196, 236), 46.0
(45, 142, 296, 123, 202, 251), 70.0
(126, 172, 338, 81, 223, 266), 50.0
(106, 251, 246, 173, 245, 292), 60.0
(248, 269, 374, 335, 383, 302), 55.0
(71, 138, 332, 192, 317, 259), 52.0
(148, 247, 367, 281, 301, 254), 60.0
(143, 200, 327, 247, 283, 157), 68.0
(101, 122, 312, 131, 211, 163), 69.0
(97, 194, 253, 206, 265, 274), 62.0
(132, 196, 297, 227, 273, 272), 76.0
(152, 108, 314, 234, 258, 226), 66.0
(54, 121, 395, 282, 328, 126), 48.0
(207, 124, 265, 124, 199, 346), None
(59, 129, 366, 151, 182, 229), 54.0
(69, 213, 347, 213, 274, 204), None
(62, 187, 279, 190, 222, 153), 38.0
(137, 222, 280, 257, 297, 278), 73.0
(8, 125, 294, 151, 290, 233), 64.0
(105, 211, 322, 253, 269, 248), 60.0
(202, 229, 300, 196, 299, 285), 58.0
(150, 195, 356, 337, 340, 186), 55.0
(125, 250, 254, 199, 283, 302), 48.0
(172, 199, 331, 238, 327, 184), 52.0
(164, 136, 357, 248, 269, 182), 72.0
(82, 178, 289, 262, 270, 143), 57.0
(119, 93, 208, 152, 216, 239), 64.0
(60, 133, 258, 184, 238, 203), 53.0
(190, 180, 322, 306, 302, 175), 66.0
(170, 135, 332, 204, 278, 221), 38.0
(53, 143, 304, 208, 248, 194), 58.0
(176, 293, 372, 285, 399, 266), 54.0
(94, 150, 246, 163, 182, 275), 52.0
(148, 261, 300, 282, 313, 296), 68.0
(127, 183, 270, 234, 269, 229), 58.0
(137, 188, 283, 276, 245, 227), 53.0
(113, 257, 278, 254, 272, 162), 70.0
(188, 183, 298, 260, 239, 118), 50.0
(114, 225, 301, 231, 278, 296), 54.0
(171, 203, 311, 266, 278, 228), 50.0
(80, 192, 282, 266, 317, 256), 40.0
(140, 204, 306, 272, 295, 231), 58.0
(198, 237, 294, 296, 375, 251), 74.0
(71, 173, 307, 191, 248, 139), 69.0
(233, 270, 298, 302, 362, 283), 58.0
(236, 235, 301, 314, 345, 194), 69.0
(187, 230, 215, 303, 316, 242), 52.0
(136, 238, 278, 331, 341, 262), 60.0
(151, 158, 248, 229, 287, 223), 62.0
(167, 214, 338, 311, 346, 188), 56.0
(118, 265, 316, 260, 316, 222), None
(144, 171, 323, 280, 304, 148), 62.0
(221, 203, 270, 200, 203, 351), None
(179, 266, 300, 273, 348, 337), 44.0
(152, 146, 299, 220, 223, 164), 60.0
(196, 223, 334, 286, 331, 209), 52.0
(165, 168, 263, 188, 241, 149), 51.0
(111, 230, 318, 270, 330, 197), 57.0
(158, 188, 261, 224, 290, 235), 44.0
(170, 175, 302, 247, 280, 159), 56.0
(153, 179, 333, 285, 295, 120), 50.0
(153, 211, 266, 255, 308, 162), 48.0
(198, 197, 300, 289, 331, 200), 52.0
(189, 198, 308, 238, 304, 211), 70.0
(150, 174, 313, 244, 321, 186), 62.0
(123, 179, 283, 256, 261, 211), 50.0
(102, 240, 304, 286, 363, 170), 77.0
(181, 168, 320, 200, 281, 185), 68.0
(147, 155, 251, 213, 286, 241), 64.0
(200, 225, 326, 258, 289, 209), 62.0
(167, 172, 298, 301, 270, 115), 68.0
(159, 198, 335, 249, 327, 233), 69.0
(113, 230, 314, 260, 347, 206), 60.0
(154, 205, 287, 273, 364, 247), 58.0
(121, 208, 327, 274, 318, 150), 54.0
(94, 239, 318, 257, 327, 136), 76.0
(91, 204, 310, 269, 324, 191), 66.0
(117, 253, 320, 247, 337, 237), 74.0
(155, 223, 295, 225, 308, 229), 42.0
(154, 218, 312, 298, 385, 231), 74.0
(198, 239, 304, 320, 353, 184), 65.0
(206, 229, 264, 277, 326, 294), 54.0
(110, 227, 331, 254, 353, 206), 55.0
(144, 277, 270, 280, 352, 271), 34.0
(170, 218, 286, 184, 300, 260), 58.0
(154, 231, 353, 269, 357, 231), None
(132, 263, 311, 307, 317, 152), 56.0
(76, 187, 274, 271, 284, 130), 50.0
(154, 275, 297, 269, 392, 185), 60.0
(138, 262, 316, 322, 379, 236), 78.0
(141, 292, 311, 266, 347, 137), 50.0
(91, 293, 359, 325, 398, 215), 70.0
(102, 186, 306, 195, 274, 162), 56.0
(124, 252, 286, 323, 341, 206), 66.0
(164, 244, 297, 350, 398, 258), 68.0
(154, 233, 299, 273, 344, 229), 58.0
(153, 239, 306, 281, 362, 269), 56.0
(138, 202, 327, 221, 305, 211), 58.0
(197, 240, 289, 281, 362, 277), 67.0
(157, 248, 326, 267, 326, 223), None
(232, 225, 295, 268, 345, 235), 60.0
(80, 249, 300, 309, 366, 200), 70.0
(131, 212, 289, 301, 331, 174), 70.0
(51, 258, 339, 286, 334, 226), 58.0
(90, 288, 312, 330, 391, 220), 56.0
(195, 238, 292, 301, 360, 271), 52.0
(133, 236, 282, 251, 323, 220), 54.0
(152, 251, 277, 284, 342, 241), 48.0
(141, 253, 350, 330, 360, 207), 57.0
(78, 222, 346, 299, 356, 198), 79.0
(57, 218, 322, 308, 333, 178), 54.0
(165, 220, 327, 300, 296, 233), 54.0
(40, 199, 306, 309, 302, 191), 40.0
(93, 272, 344, 363, 398, 228), 56.0
(31, 201, 323, 253, 306, 170), 48.0
(101, 249, 316, 274, 392, 224), 42.0
(146, 254, 323, 332, 368, 214), 58.0
(78, 196, 321, 261, 273, 156), 50.0
(98, 200, 312, 241, 367, 233), 57.0
(147, 193, 300, 262, 322, 202), 49.0
(157, 236, 310, 253, 360, 225), 54.0
(103, 222, 315, 253, 350, 244), 69.0
(131, 211, 334, 310, 345, 230), 62.0
(73, 206, 338, 269, 312, 187), 58.0
(135, 225, 328, 311, 351, 200), 42.0
(163, 224, 304, 290, 348, 273), 66.0
(103, 218, 326, 296, 335, 221), 54.0
(127, 252, 354, 353, 385, 204), 60.0
(87, 245, 294, 277, 356, 214), 52.0
(118, 230, 333, 256, 363, 270), 68.0
(137, 219, 301, 262, 342, 259), 61.0
(154, 242, 300, 294, 397, 272), 62.0
(169, 275, 348, 288, 399, 288), None
(56, 197, 314, 244, 312, 149), 52.0
(158, 233, 306, 327, 376, 247), 52.0
(109, 226, 328, 287, 396, 247), 63.0
(123, 258, 305, 229, 351, 248), 78.0
(134, 221, 342, 277, 396, 255), 64.0
(99, 231, 291, 217, 360, 256), 64.0
(147, 212, 322, 212, 320, 232), None
(106, 247, 344, 267, 370, 208), 70.0
(155, 259, 329, 280, 371, 272), 52.0
(110, 234, 310, 267, 389, 235), 58.0
(123, 257, 346, 269, 354, 261), 50.0
(108, 226, 337, 211, 370, 243), 46.0
(182, 238, 323, 255, 350, 238), None
(64, 269, 340, 244, 391, 273), 60.0
(118, 293, 332, 216, 383, 307), 74.0
(120, 199, 312, 219, 330, 237), 62.0
(116, 281, 367, 186, 387, 307), 70.0
(119, 234, 313, 162, 380, 256), 56.0
(64, 220, 318, 194, 318, 248), None
(47, 250, 347, 134, 345, 231), 61.0
(130, 268, 302, 257, 366, 280), 46.0
(91, 233, 287, 177, 346, 271), 70.0
(161, 216, 330, 226, 345, 291), 66.0
(40, 289, 325, 185, 387, 265), 70.0
(133, 290, 340, 277, 382, 264), 48.0
(58, 263, 323, 169, 371, 287), 50.0
(43, 194, 320, 246, 334, 237), 42.0
(69, 246, 362, 235, 359, 278), 48.0
(90, 200, 327, 163, 329, 282), 62.0
(116, 277, 322, 210, 372, 278), 66.0
(84, 269, 311, 97, 329, 326), 60.0
(7, 234, 359, 134, 331, 320), 46.0
(159, 258, 292, 166, 360, 303), 46.0
(80, 297, 330, 227, 399, 242), 51.0
(92, 225, 320, 195, 380, 234), 48.0
(80, 321, 317, 120, 360, 264), 87.0
(45, 281, 340, 106, 378, 299), 48.0
(125, 204, 296, 132, 285, 329), 54.0
(49, 261, 306, 243, 350, 267), 68.0
(88, 265, 342, 172, 377, 281), 52.0
(108, 250, 321, 196, 355, 321), None
(121, 230, 327, 194, 352, 230), None
(156, 326, 337, 170, 395, 305), 54.0
(135, 194, 320, 164, 338, 306), 60.0
(108, 280, 333, 224, 371, 292), 55.0
(140, 259, 296, 180, 375, 274), 64.0
(59, 282, 297, 178, 360, 210), 48.0
(127, 299, 309, 234, 376, 252), 74.0
(61, 251, 316, 169, 376, 286), 54.0
(86, 246, 321, 39, 330, 304), 46.0
(64, 316, 314, 108, 361, 292), 50.0
(127, 309, 328, 136, 380, 341), 62.0
(22, 274, 318, 85, 344, 187), 60.0
(127, 317, 331, 143, 312, 298), 52.0
(48, 196, 311, 125, 264, 171), 58.0
(99, 217, 314, 94, 296, 196), 52.0
(100, 306, 326, 178, 392, 340), 70.0
(111, 284, 313, 120, 348, 281), 65.0
(27, 339, 325, 180, 377, 183), 42.0
(138, 291, 309, 139, 348, 321), 60.0
(38, 277, 323, 105, 349, 217), 44.0
(129, 301, 318, 163, 345, 276), 56.0
(85, 264, 321, 186, 367, 221), 68.0
(106, 263, 308, 215, 336, 208), 54.0
(47, 302, 329, 157, 376, 291), 50.0
(118, 239, 367, 234, 349, 354), 70.0
(131, 267, 317, 132, 354, 279), 60.0
(78, 262, 307, 135, 354, 326), 64.0
(84, 274, 343, 163, 377, 298), 42.0
(92, 270, 312, 145, 344, 269), 64.0
(119, 275, 321, 157, 374, 247), 43.0
(98, 270, 287, 126, 326, 280), 65.0
(114, 321, 330, 129, 377, 348), 46.0
(73, 177, 340, 162, 274, 316), 46.0
(104, 225, 359, 161, 280, 344), 66.0
(142, 155, 322, 151, 274, 302), 38.0
(85, 223, 324, 138, 318, 342), 58.0
(55, 278, 341, 202, 355, 306), 46.0
(46, 260, 315, 161, 337, 266), 52.0
(87, 308, 325, 173, 356, 305), 48.0
(91, 290, 323, 212, 392, 288), 76.0
(108, 279, 341, 214, 390, 359), 52.0
(74, 313, 360, 269, 381, 315), 46.0
(65, 255, 352, 183, 322, 293), 65.0
(54, 268, 350, 185, 320, 300), 50.0
(88, 270, 322, 213, 318, 336), 54.0
(81, 242, 329, 227, 376, 315), 48.0
(43, 288, 343, 162, 373, 352), 56.0
(55, 283, 354, 158, 354, 273), None
(79, 298, 337, 129, 373, 335), 64.0
(66, 213, 331, 185, 290, 308), 78.0
(113, 275, 327, 189, 357, 321), 46.0
(69, 294, 330, 140, 341, 307), 56.0
(74, 229, 338, 249, 335, 263), 66.0
(32, 266, 351, 208, 320, 230), 54.0
(96, 266, 332, 205, 360, 351), 59.0
(76, 257, 332, 180, 326, 309), 52.0
(55, 256, 309, 185, 277, 277), None
(100, 274, 349, 144, 327, 360), 80.0
(56, 183, 323, 225, 295, 294), 46.0
(64, 270, 359, 192, 357, 291), 53.0
(69, 182, 364, 234, 275, 325), 48.0
(60, 283, 337, 159, 335, 291), 58.0
(118, 292, 328, 189, 373, 386), 62.0
(108, 304, 340, 172, 373, 310), 56.0
(99, 292, 345, 153, 355, 389), 72.0
(94, 241, 344, 180, 291, 259), 60.0
(96, 247, 340, 195, 332, 321), 48.0
(104, 223, 328, 189, 312, 298), 46.0
(128, 239, 322, 185, 354, 311), 44.0
(87, 218, 357, 193, 309, 347), 66.0
(93, 255, 332, 124, 314, 337), 68.0
(47, 308, 346, 212, 363, 332), 58.0
(91, 274, 351, 176, 363, 349), 70.0
(106, 241, 345, 143, 336, 355), 60.0
(87, 291, 348, 155, 360, 363), 52.0
(87, 210, 335, 127, 269, 386), 54.0
(50, 249, 366, 220, 346, 309), 55.0
(75, 251, 340, 195, 336, 311), 64.0
(73, 249, 356, 233, 302, 352), 54.0
(63, 273, 337, 171, 371, 284), 62.0
(68, 272, 366, 212, 362, 339), 60.0
(79, 281, 382, 220, 382, 330), None
(77, 239, 319, 166, 335, 314), 69.0
(131, 249, 311, 144, 354, 330), 58.0
(80, 235, 339, 110, 307, 383), 44.0
(88, 299, 344, 150, 376, 396), 58.0
(72, 256, 336, 123, 321, 328), 46.0
(67, 266, 337, 118, 331, 336), 60.0
(70, 242, 339, 101, 279, 333), 60.0
(96, 266, 321, 151, 361, 370), 64.0
(74, 213, 330, 186, 332, 317), 62.0
(70, 232, 307, 142, 330, 274), 60.0
(32, 253, 337, 199, 357, 294), 83.0
(95, 287, 312, 169, 372, 278), 52.0
(80, 238, 332, 240, 358, 334), 64.0
(63, 243, 325, 116, 317, 322), 62.0
(54, 233, 329, 149, 307, 291), 56.0
(52, 245, 303, 133, 317, 256), 54.0
(62, 287, 341, 222, 388, 293), 74.0
(84, 236, 353, 205, 360, 347), 70.0
(63, 237, 331, 142, 339, 280), 46.0
(52, 284, 352, 217, 389, 356), 74.0
(72, 255, 357, 185, 348, 351), 52.0
(62, 261, 322, 167, 368, 316), 56.0
(31, 245, 359, 221, 366, 323), 72.0
(73, 242, 326, 211, 364, 356), 54.0
(40, 216, 336, 156, 322, 326), 66.0
(73, 286, 362, 208, 364, 323), 58.0
(106, 256, 334, 99, 345, 399), 69.0
(7, 282, 325, 232, 369, 227), 50.0
(46, 286, 339, 207, 396, 308), 52.0
(52, 267, 348, 195, 378, 347), 60.0
(40, 253, 358, 227, 347, 292), 48.0
(98, 286, 354, 155, 363, 395), 56.0
(52, 271, 350, 188, 353, 292), 73.0
(79, 280, 332, 222, 379, 322), 49.0
(61, 273, 370, 164, 340, 334), 52.0
(43, 273, 337, 185, 365, 299), 54.0
(64, 284, 359, 158, 366, 341), 59.0
(57, 285, 361, 171, 375, 298), 50.0
(47, 279, 353, 173, 347, 300), 52.0
(55, 272, 362, 202, 369, 313), 48.0
(44, 274, 336, 123, 350, 352), 72.0
(107, 250, 323, 107, 342, 322), None
(84, 283, 373, 215, 340, 328), 56.0
(42, 267, 343, 176, 365, 307), 60.0
(66, 287, 383, 179, 375, 361), 59.0
(39, 284, 330, 172, 360, 309), 64.0
(44, 258, 343, 160, 353, 328), 50.0
(36, 292, 348, 154, 366, 369), 58.0
(73, 269, 354, 177, 352, 344), 66.0
(53, 279, 328, 149, 365, 315), 58.0
(77, 281, 355, 236, 381, 320), 62.0
(43, 258, 345, 120, 323, 341), 79.0
(53, 246, 333, 181, 346, 270), 54.0
(26, 255, 335, 133, 317, 304), 42.0
(55, 276, 348, 151, 374, 375), 79.0
(61, 267, 348, 155, 356, 346), 58.0
(63, 281, 370, 178, 352, 346), 48.0
(28, 280, 355, 155, 338, 295), 56.0
(14, 278, 335, 185, 357, 292), 78.0
(82, 283, 347, 208, 373, 372), 64.0
(56, 245, 335, 114, 299, 338), 53.0
(55, 266, 367, 151, 353, 378), 48.0
