Sampler:BoTorchSampler
(250, 2, 154, 89, 108, 53, 266, 157, 106), 31.333333333333332
(103, 196, 241, 11, 267, 177, 185, 73, 278), 31.0
(196, 186, 154, 129, 42, 237, 158, 187, 148), 33.666666666666664
(220, 63, 211, 93, 97, 124, 188, 269, 91), None
(183, 127, 95, 219, 91, 152, 140, 247, 62), 33.55555555555556
(26, 92, 78, 166, 185, 38, 260, 19, 226), None
(134, 152, 259, 290, 38, 184, 70, 274, 217), 35.0
(34, 279, 170, 298, 27, 63, 223, 297, 145), 30.88888888888889
(175, 283, 144, 145, 277, 217, 104, 53, 98), None
(267, 56, 5, 0, 137, 296, 68, 145, 66), None
(37, 237, 138, 116, 172, 164, 168, 269, 20), 32.44444444444444
(151, 56, 288, 130, 39, 66, 93, 107, 100), None
(131, 110, 26, 291, 124, 265, 38, 32, 260), None
(295, 36, 163, 35, 135, 20, 84, 74, 122), 34.22222222222222
(289, 7, 249, 246, 119, 50, 169, 221, 78), None
(152, 10, 71, 266, 263, 233, 222, 8, 103), None
(251, 243, 249, 164, 63, 248, 284, 253, 99), None
(19, 287, 76, 179, 172, 35, 290, 93, 65), 33.111111111111114
(163, 278, 202, 200, 164, 187, 73, 106, 86), 29.77777777777778
(157, 135, 224, 256, 33, 197, 87, 269, 198), None
(158, 135, 224, 256, 33, 197, 87, 268, 197), None
(157, 135, 224, 256, 33, 197, 87, 268, 198), None
(157, 135, 224, 256, 33, 197, 87, 268, 197), None
(158, 135, 224, 255, 33, 197, 88, 268, 197), None
Sampler:TPESampler
(50, 24, 237, 54, 253, 295, 228, 214, 272), 29.0
(175, 45, 5, 133, 1, 78, 238, 248, 163), None
(158, 80, 127, 224, 235, 136, 230, 197, 164), None
(132, 195, 236, 145, 160, 198, 242, 153, 56), None
(246, 261, 14, 285, 67, 210, 115, 88, 21), None
(214, 163, 56, 99, 212, 104, 246, 287, 81), None
(177, 283, 27, 221, 196, 210, 48, 297, 27), None
(179, 76, 243, 256, 117, 123, 241, 230, 200), None
(152, 212, 85, 269, 16, 131, 161, 201, 181), 29.444444444444443
(65, 21, 299, 188, 17, 9, 176, 26, 11), None
(288, 221, 89, 8, 295, 36, 111, 125, 257), None
(36, 122, 181, 45, 286, 281, 168, 191, 297), 27.333333333333332
(102, 129, 159, 80, 102, 286, 299, 168, 229), None
(5, 1, 105, 299, 55, 241, 186, 229, 110), None
(92, 224, 200, 181, 250, 155, 118, 112, 289), 32.888888888888886
(112, 237, 192, 184, 169, 166, 57, 80, 197), None
(71, 178, 69, 241, 115, 73, 9, 112, 120), None
(109, 206, 138, 185, 60, 160, 130, 25, 230), 33.22222222222222
(96, 293, 204, 178, 66, 173, 109, 1, 240), None
(17, 252, 141, 108, 139, 178, 79, 44, 296), None
(84, 149, 290, 170, 258, 245, 126, 64, 226), 35.77777777777778
(82, 139, 299, 164, 260, 238, 136, 59, 220), None
(123, 197, 265, 207, 198, 231, 138, 10, 264), None
(44, 167, 165, 124, 226, 262, 80, 66, 215), None
(134, 103, 211, 166, 268, 151, 206, 111, 246), None
(92, 228, 271, 198, 174, 93, 135, 32, 281), 29.555555555555557
(60, 191, 125, 156, 236, 198, 95, 97, 134), None
(22, 154, 215, 228, 86, 260, 49, 134, 247), 32.77777777777778
(114, 260, 171, 207, 139, 160, 148, 53, 199), None
(78, 108, 247, 140, 276, 50, 198, 77, 272), None
(204, 214, 273, 71, 248, 182, 20, 25, 277), 33.333333333333336
(219, 207, 266, 65, 257, 185, 1, 22, 277), 30.11111111111111
(213, 243, 285, 24, 243, 113, 24, 42, 288), None
(194, 180, 230, 97, 217, 142, 73, 12, 226), None
(145, 225, 141, 115, 299, 222, 118, 61, 262), None
(154, 267, 256, 139, 195, 148, 95, 101, 176), None
(134, 152, 120, 176, 252, 190, 35, 146, 241), 35.0
(256, 71, 116, 157, 271, 194, 46, 174, 153), None
(166, 147, 50, 76, 180, 216, 27, 40, 214), 32.44444444444444
(185, 167, 150, 128, 42, 262, 26, 273, 181), 26.0
(138, 56, 103, 225, 213, 201, 270, 154, 235), None
(118, 208, 280, 172, 243, 127, 63, 131, 253), 32.44444444444444
(89, 181, 226, 193, 249, 161, 94, 85, 271), 33.22222222222222
(50, 179, 225, 203, 277, 184, 36, 73, 271), 32.666666666666664
(104, 192, 288, 194, 237, 173, 92, 17, 208), 30.0
(127, 114, 248, 245, 225, 136, 11, 92, 236), None
(165, 156, 180, 150, 258, 210, 158, 34, 79), None
(244, 92, 132, 48, 285, 245, 104, 49, 258), 28.555555555555557
(85, 136, 97, 215, 191, 116, 129, 84, 191), None
(296, 170, 119, 186, 24, 166, 68, 145, 169), 33.111111111111114
Sampler:CmaEsSampler
(267, 288, 90, 204, 278, 7, 286, 245, 120), None
(209, 258, 280, 59, 34, 98, 203, 246, 242), None
(10, 7, 244, 282, 82, 198, 98, 78, 48), None
(193, 287, 294, 8, 280, 21, 118, 130, 5), None
(137, 256, 228, 257, 195, 75, 183, 47, 30), None
(290, 204, 272, 179, 142, 16, 118, 82, 117), 31.88888888888889
(88, 199, 92, 266, 154, 159, 181, 178, 143), 31.22222222222222
(130, 111, 67, 228, 194, 214, 165, 182, 106), None
(148, 197, 188, 199, 113, 197, 171, 122, 106), None
(172, 44, 184, 138, 106, 126, 196, 139, 200), 34.55555555555556
(121, 54, 145, 156, 153, 118, 201, 118, 221), None
(191, 184, 139, 152, 81, 92, 196, 186, 92), None
(142, 174, 181, 136, 159, 103, 189, 153, 167), 34.22222222222222
(98, 214, 201, 124, 219, 81, 154, 174, 229), None
(151, 260, 259, 181, 137, 152, 236, 134, 106), 35.22222222222222
(100, 150, 186, 167, 101, 159, 74, 76, 184), 33.44444444444444
(110, 102, 242, 127, 91, 151, 177, 94, 105), None
(174, 112, 181, 37, 143, 124, 111, 189, 181), None
(125, 101, 89, 261, 133, 168, 254, 126, 287), 29.88888888888889
(0, 115, 165, 123, 138, 133, 158, 102, 159), None
(160, 231, 154, 224, 148, 184, 124, 151, 132), 33.888888888888886
(155, 121, 171, 145, 232, 171, 174, 38, 239), None
(197, 198, 142, 72, 167, 197, 136, 120, 266), None
(192, 281, 145, 193, 118, 192, 97, 144, 136), None
(184, 226, 181, 85, 82, 83, 101, 138, 131), 32.44444444444444
(157, 93, 192, 98, 80, 81, 193, 171, 147), None
(119, 261, 151, 123, 83, 72, 67, 143, 176), 32.333333333333336
(123, 169, 185, 176, 148, 193, 133, 164, 128), 33.77777777777778
(144, 237, 217, 159, 66, 177, 150, 205, 211), 33.333333333333336
(169, 214, 213, 133, 101, 167, 128, 176, 125), 35.111111111111114
(205, 162, 210, 160, 108, 146, 153, 141, 168), 35.666666666666664
(107, 191, 101, 136, 164, 136, 210, 149, 170), None
(140, 212, 232, 182, 159, 200, 275, 79, 155), None
(209, 152, 227, 109, 118, 27, 236, 127, 151), 28.88888888888889
(107, 203, 201, 128, 155, 152, 269, 166, 114), None
(145, 179, 217, 153, 184, 73, 228, 186, 211), 34.44444444444444
(164, 160, 241, 222, 173, 144, 258, 119, 75), 31.77777777777778
(215, 143, 250, 151, 64, 61, 137, 143, 105), None
(200, 246, 145, 132, 117, 150, 197, 119, 114), None
(274, 163, 205, 132, 188, 104, 206, 176, 151), 35.111111111111114
(147, 149, 222, 131, 116, 206, 247, 151, 112), 35.77777777777778
(106, 186, 272, 204, 121, 132, 205, 196, 243), 32.111111111111114
(164, 176, 147, 155, 161, 150, 140, 164, 116), None
(130, 182, 154, 211, 175, 156, 234, 79, 124), None
(142, 129, 249, 141, 195, 116, 148, 108, 90), 32.888888888888886
(205, 142, 160, 76, 130, 128, 121, 112, 175), 34.77777777777778
(138, 202, 280, 127, 196, 170, 249, 261, 178), 34.666666666666664
(198, 232, 187, 130, 118, 197, 195, 206, 143), None
(161, 206, 294, 131, 124, 179, 223, 228, 133), 31.22222222222222
(197, 245, 294, 174, 113, 230, 274, 202, 124), None
