Sampler:BoTorchSampler
(216, 253, 170, 151, 279, 384), 48.5
(42, 190, 203, 392, 245, 160), None
(324, 133, 117, 272, 209, 220), 50.333333333333336
(49, 74, 134, 174, 146, 347), None
(184, 183, 71, 232, 336, 37), None
(35, 115, 207, 273, 165, 196), None
(359, 312, 298, 18, 158, 248), 47.166666666666664
(222, 209, 127, 105, 147, 229), 50.333333333333336
(307, 168, 251, 158, 338, 288), 55.333333333333336
(220, 90, 359, 221, 103, 147), 45.0
(184, 263, 20, 99, 186, 166), None
(391, 197, 336, 247, 53, 167), 36.0
(296, 351, 197, 304, 31, 355), 53.833333333333336
(194, 211, 274, 392, 350, 65), 47.833333333333336
(17, 244, 55, 183, 126, 116), None
(395, 40, 264, 182, 288, 155), 47.0
(305, 157, 204, 169, 397, 279), 44.333333333333336
(262, 331, 127, 282, 84, 366), 50.666666666666664
(297, 175, 310, 144, 293, 329), 54.333333333333336
(305, 193, 269, 157, 289, 274), 51.333333333333336
(330, 121, 297, 117, 313, 359), 49.0
(245, 213, 344, 190, 325, 310), 52.0
(295, 175, 281, 259, 284, 332), 50.333333333333336
(208, 165, 298, 95, 298, 282), None
(207, 165, 298, 95, 298, 282), None
(206, 164, 298, 94, 298, 282), None
(205, 164, 298, 94, 298, 282), None
(206, 164, 298, 95, 298, 282), None
(204, 164, 298, 93, 297, 282), 48.0
(352, 253, 321, 154, 324, 321), None
(352, 254, 322, 153, 324, 321), 52.5
(268, 395, 186, 353, 0, 291), 51.833333333333336
(238, 39, 199, 295, 0, 36), 59.166666666666664
(213, 17, 164, 305, 0, 18), 56.0
Sampler:TPESampler
(243, 32, 321, 261, 61, 170), 46.333333333333336
(216, 295, 340, 215, 338, 140), 49.0
(139, 73, 124, 351, 265, 172), 46.5
(143, 28, 293, 212, 309, 194), 44.166666666666664
(21, 210, 373, 387, 100, 92), 45.833333333333336
(293, 64, 354, 291, 381, 212), 48.0
(230, 66, 227, 292, 73, 268), 42.833333333333336
(41, 92, 257, 375, 108, 1), None
(149, 166, 384, 91, 342, 327), 49.166666666666664
(392, 262, 63, 203, 33, 241), 43.833333333333336
(108, 385, 154, 43, 202, 378), None
(331, 330, 384, 86, 397, 359), 57.333333333333336
(359, 154, 376, 80, 395, 368), None
(312, 381, 398, 116, 250, 306), 50.166666666666664
(311, 388, 281, 134, 200, 290), 54.0
(297, 323, 286, 136, 169, 315), 53.833333333333336
(346, 342, 190, 1, 161, 394), 43.666666666666664
(395, 250, 247, 151, 2, 281), 54.333333333333336
(396, 249, 19, 159, 9, 346), None
(272, 226, 218, 34, 261, 267), 48.333333333333336
(350, 283, 127, 169, 137, 246), 53.0
(327, 345, 277, 89, 212, 293), 54.0
(362, 336, 240, 77, 225, 350), None
(266, 304, 312, 166, 304, 291), None
(326, 353, 188, 51, 5, 330), None
(376, 380, 267, 122, 146, 226), 49.166666666666664
(192, 175, 329, 0, 290, 278), 48.333333333333336
(269, 245, 242, 93, 354, 354), None
(332, 273, 209, 252, 113, 386), None
(252, 311, 309, 140, 64, 138), 55.166666666666664
(239, 311, 322, 241, 57, 112), None
(180, 353, 304, 156, 34, 35), 48.0
(381, 299, 351, 108, 56, 143), None
(256, 284, 266, 53, 30, 188), None
(289, 361, 333, 186, 80, 151), None
(331, 321, 172, 144, 91, 98), None
(216, 222, 364, 182, 131, 173), 49.0
(304, 397, 298, 134, 182, 54), 42.333333333333336
(374, 370, 349, 214, 365, 119), 59.5
(369, 1, 355, 236, 364, 120), 42.666666666666664
(105, 190, 393, 291, 318, 55), None
(397, 368, 340, 220, 324, 209), 59.5
(399, 369, 336, 214, 392, 196), 62.666666666666664
(371, 367, 342, 322, 397, 210), 44.166666666666664
(346, 334, 372, 220, 376, 169), 51.666666666666664
(390, 136, 341, 263, 329, 79), None
(398, 371, 377, 222, 349, 121), 56.333333333333336
(377, 375, 384, 267, 354, 4), None
(396, 392, 365, 218, 380, 126), 47.333333333333336
(352, 366, 395, 194, 338, 192), 63.0
Sampler:CmaEsSampler
(388, 393, 125, 66, 238, 48), None
(269, 4, 377, 81, 12, 67), None
(391, 181, 78, 80, 132, 258), None
(380, 163, 51, 188, 391, 339), 46.5
(175, 212, 191, 74, 283, 226), 50.833333333333336
(163, 321, 143, 169, 160, 167), 58.666666666666664
(279, 301, 221, 195, 246, 65), 43.666666666666664
(281, 293, 229, 153, 212, 297), 52.333333333333336
(207, 112, 255, 198, 46, 170), None
(183, 205, 247, 210, 174, 199), 48.333333333333336
(82, 139, 207, 273, 120, 158), 53.0
(109, 148, 181, 185, 221, 125), 53.5
(291, 273, 153, 307, 394, 170), 49.5
(291, 270, 201, 143, 232, 331), None
(254, 248, 174, 200, 185, 183), 50.333333333333336
(142, 290, 266, 149, 182, 169), 44.0
(79, 50, 224, 296, 175, 136), None
(157, 374, 120, 276, 107, 209), 46.5
(150, 297, 176, 246, 229, 189), 44.333333333333336
(196, 175, 290, 222, 165, 234), 55.166666666666664
(44, 157, 86, 91, 134, 114), None
(168, 287, 217, 198, 149, 145), 51.333333333333336
(105, 188, 222, 228, 270, 185), 55.5
(53, 339, 153, 164, 190, 142), 48.5
(148, 163, 152, 186, 121, 188), 52.0
(154, 334, 214, 100, 182, 89), 53.833333333333336
(84, 219, 242, 176, 231, 124), 46.666666666666664
(243, 195, 219, 143, 248, 192), 47.666666666666664
(237, 224, 258, 67, 270, 208), 49.5
(108, 155, 226, 177, 213, 124), 56.333333333333336
(290, 220, 270, 180, 326, 160), 50.833333333333336
(22, 155, 158, 152, 156, 131), 57.666666666666664
(150, 310, 112, 111, 155, 186), None
(206, 152, 205, 306, 280, 129), 49.0
(90, 213, 270, 146, 287, 219), 52.333333333333336
(148, 163, 277, 314, 240, 196), 47.5
(209, 188, 188, 144, 81, 234), None
(6, 185, 232, 181, 314, 205), None
(21, 110, 168, 170, 137, 186), None
(38, 214, 154, 203, 111, 238), None
(80, 182, 188, 178, 183, 150), None
(70, 81, 204, 195, 196, 119), 48.166666666666664
(146, 123, 195, 233, 298, 128), None
(27, 157, 210, 242, 126, 144), 51.166666666666664
(27, 135, 185, 173, 218, 140), 50.5
(217, 126, 237, 217, 123, 130), None
(90, 137, 240, 126, 369, 214), 53.833333333333336
(27, 120, 156, 166, 220, 118), 52.166666666666664
(104, 73, 170, 155, 223, 86), 51.166666666666664
(188, 295, 227, 99, 186, 93), None
