Sampler:TPESampler
(321, 127, 302, 371, 234, 17, 48, 376, 285), None
(55, 378, 139, 380, 243, 296, 41, 270, 253), None
(280, 212, 254, 350, 360, 121, 72, 17, 134), 35.0
(261, 303, 245, 256, 391, 174, 6, 53, 140), None
(338, 9, 8, 166, 113, 279, 328, 361, 148), None
(9, 159, 76, 127, 175, 53, 119, 81, 228), None
(334, 114, 188, 291, 301, 103, 35, 136, 319), None
(367, 319, 181, 7, 60, 32, 261, 225, 136), None
(396, 312, 40, 347, 19, 304, 213, 148, 287), 42.0
(323, 394, 163, 35, 90, 270, 246, 126, 122), 42.0
(154, 225, 378, 253, 384, 172, 116, 18, 3), None
(233, 235, 278, 322, 18, 353, 167, 143, 379), None
(393, 284, 9, 399, 309, 391, 384, 12, 32), None
(161, 196, 93, 322, 150, 118, 208, 207, 193), 40.0
(156, 69, 97, 219, 160, 111, 132, 288, 190), None
(164, 188, 257, 312, 311, 114, 190, 207, 57), None
(102, 259, 338, 103, 142, 235, 269, 271, 92), 46.0
(259, 198, 225, 272, 223, 149, 86, 88, 191), 44.0
(206, 71, 118, 203, 267, 74, 317, 309, 182), 45.0
(266, 142, 316, 345, 338, 211, 160, 182, 97), None
(105, 192, 68, 314, 199, 143, 214, 238, 221), 50.0
(285, 342, 49, 348, 30, 221, 216, 176, 351), None
(201, 276, 40, 353, 73, 336, 292, 104, 274), 38.0
(193, 257, 215, 396, 116, 84, 295, 74, 271), 48.0
(113, 236, 124, 232, 64, 352, 380, 104, 237), None
(212, 164, 153, 295, 130, 149, 355, 54, 170), 57.0
(294, 271, 93, 358, 188, 243, 82, 38, 300), 42.0
(232, 213, 33, 164, 90, 185, 242, 119, 98), None
(178, 88, 379, 337, 355, 123, 291, 5, 213), None
(136, 167, 300, 370, 229, 45, 179, 168, 316), None
(234, 351, 104, 275, 152, 81, 144, 388, 263), 48.0
(303, 324, 32, 371, 41, 6, 223, 159, 295), None
(358, 384, 156, 38, 95, 267, 248, 205, 120), 46.0
(300, 266, 75, 375, 188, 333, 83, 43, 351), None
(77, 398, 167, 65, 80, 318, 324, 116, 155), None
(324, 361, 132, 135, 113, 269, 1, 247, 64), None
(391, 301, 53, 329, 15, 396, 193, 148, 240), 38.0
(32, 305, 0, 324, 1, 367, 41, 335, 254), None
(368, 284, 59, 291, 260, 396, 108, 71, 208), None
(185, 1, 17, 251, 39, 375, 60, 193, 245), None
(139, 116, 89, 302, 59, 297, 349, 222, 164), None
(353, 272, 91, 357, 176, 332, 64, 33, 304), 40.0
(374, 241, 250, 332, 171, 330, 62, 23, 329), 50.0
(335, 289, 203, 386, 215, 184, 31, 93, 277), 44.0
(386, 214, 59, 351, 4, 373, 100, 56, 228), None
(354, 324, 26, 364, 247, 348, 17, 30, 140), 52.0
(276, 226, 108, 329, 128, 314, 290, 136, 311), 42.0
(343, 252, 271, 383, 397, 385, 153, 62, 284), 54.0
(254, 177, 80, 266, 284, 137, 131, 103, 394), None
(313, 283, 182, 288, 51, 284, 184, 156, 337), 34.0
(313, 292, 230, 307, 52, 285, 190, 143, 343), 52.0
(385, 279, 193, 286, 25, 337, 172, 1, 331), 52.0
(350, 308, 136, 356, 76, 245, 200, 161, 258), 38.0
(399, 338, 175, 356, 74, 254, 231, 162, 260), 54.0
(322, 306, 146, 313, 49, 203, 206, 187, 199), None
(246, 139, 46, 341, 100, 166, 266, 216, 237), None
(215, 366, 135, 244, 77, 94, 197, 244, 371), None
(277, 247, 348, 396, 27, 287, 137, 153, 182), 36.0
(277, 243, 322, 395, 20, 285, 131, 150, 181), 46.0
(310, 319, 356, 387, 37, 231, 162, 127, 214), 42.0
(330, 255, 394, 399, 13, 253, 145, 112, 111), None
(354, 300, 115, 364, 65, 315, 66, 132, 299), None
(344, 273, 300, 338, 346, 306, 186, 170, 270), 42.0
(289, 214, 206, 351, 29, 300, 103, 92, 245), 36.0
(290, 214, 231, 323, 12, 280, 97, 89, 235), None
(273, 223, 208, 377, 35, 291, 114, 151, 251), None
(240, 182, 181, 347, 52, 244, 171, 102, 176), 59.0
(374, 203, 283, 369, 23, 261, 123, 183, 207), 44.0
(260, 329, 218, 283, 368, 227, 153, 80, 224), None
(315, 231, 350, 304, 106, 303, 87, 156, 289), 50.0
(288, 248, 243, 179, 71, 216, 229, 120, 127), 48.0
(358, 264, 168, 358, 85, 325, 94, 45, 308), None
(166, 199, 55, 316, 133, 52, 208, 201, 157), None
(303, 273, 77, 338, 46, 358, 79, 22, 281), None
(222, 296, 190, 354, 317, 347, 107, 69, 261), 47.0
(344, 316, 146, 380, 31, 342, 48, 141, 244), None
(386, 21, 125, 332, 2, 297, 75, 168, 327), 52.0
(332, 285, 18, 366, 64, 274, 396, 14, 81), 40.0
(368, 259, 43, 387, 214, 319, 51, 38, 273), None
(330, 308, 14, 371, 57, 280, 394, 14, 31), None
(282, 285, 266, 344, 89, 270, 360, 178, 62), 56.0
(120, 173, 30, 321, 71, 128, 279, 194, 76), 55.0
(301, 279, 67, 361, 15, 308, 250, 27, 84), 52.0
(200, 155, 87, 327, 158, 106, 180, 214, 149), 52.0
(268, 188, 102, 300, 147, 385, 203, 133, 344), 42.0
(378, 237, 6, 350, 63, 362, 313, 9, 47), None
(142, 209, 112, 314, 170, 23, 224, 262, 188), 46.0
(172, 337, 24, 390, 118, 257, 344, 229, 196), 45.0
(320, 299, 40, 374, 41, 245, 372, 53, 289), None
(337, 223, 158, 363, 29, 294, 21, 33, 266), 38.0
(353, 248, 154, 217, 28, 292, 18, 94, 247), 50.0
(190, 225, 140, 353, 178, 331, 38, 64, 268), 48.0
(338, 288, 181, 365, 42, 278, 25, 46, 360), None
(330, 268, 196, 379, 9, 272, 69, 17, 307), None
(296, 220, 162, 340, 53, 322, 53, 35, 258), None
(312, 278, 70, 365, 23, 302, 138, 110, 108), None
(363, 263, 125, 394, 31, 288, 195, 3, 1), None
(350, 239, 287, 335, 294, 238, 121, 33, 219), 46.0
(392, 252, 54, 347, 100, 263, 105, 126, 323), 36.0
(395, 255, 203, 346, 105, 309, 10, 146, 321), None
(380, 206, 52, 110, 77, 337, 106, 125, 231), None
(82, 193, 93, 328, 96, 97, 238, 175, 336), None
(251, 234, 62, 378, 62, 161, 217, 162, 167), None
(366, 217, 88, 357, 198, 260, 90, 78, 294), None
(308, 292, 19, 368, 84, 191, 302, 96, 279), None
(389, 249, 39, 348, 45, 276, 154, 124, 265), None
(321, 231, 325, 308, 68, 123, 180, 156, 132), 43.0
(0, 311, 176, 399, 246, 267, 57, 142, 302), None
(293, 198, 2, 296, 56, 79, 141, 191, 242), None
(158, 271, 165, 319, 140, 297, 167, 112, 313), 44.0
(346, 243, 361, 382, 7, 287, 74, 136, 319), None
(360, 301, 35, 358, 162, 249, 110, 10, 253), None
(338, 283, 83, 340, 19, 67, 193, 24, 363), 42.0
(281, 329, 48, 3, 186, 371, 337, 55, 210), None
(327, 276, 99, 334, 36, 263, 100, 83, 203), None
(399, 229, 215, 351, 118, 313, 256, 0, 180), None
(266, 264, 146, 373, 209, 135, 127, 167, 284), 47.0
(371, 184, 73, 361, 48, 326, 45, 358, 218), None
(317, 258, 64, 275, 91, 114, 278, 210, 16), None
(335, 295, 237, 388, 29, 205, 201, 151, 239), 40.0
(381, 349, 241, 388, 18, 210, 215, 132, 227), 50.0
(334, 309, 236, 368, 0, 225, 184, 151, 240), 43.0
(130, 296, 224, 343, 25, 178, 205, 104, 142), 53.0
(304, 288, 257, 326, 33, 281, 176, 183, 191), 38.0
(304, 318, 266, 326, 80, 282, 32, 178, 172), None
(342, 213, 254, 288, 41, 195, 177, 198, 250), None
(293, 286, 24, 331, 58, 299, 150, 163, 196), None
(224, 246, 13, 312, 324, 395, 118, 43, 156), None
(38, 272, 188, 351, 36, 274, 162, 231, 187), 50.0
(147, 324, 222, 386, 29, 238, 199, 187, 227), 44.0
(271, 255, 134, 321, 67, 295, 82, 17, 273), None
(284, 295, 294, 360, 54, 253, 191, 152, 258), 48.0
(323, 305, 210, 373, 30, 265, 174, 146, 237), 52.0
(352, 288, 262, 343, 11, 288, 234, 174, 339), None
(311, 281, 275, 355, 45, 307, 212, 120, 324), None
(180, 266, 55, 380, 383, 352, 68, 160, 294), None
(300, 205, 173, 391, 16, 274, 219, 138, 120), 40.0
(305, 205, 174, 395, 20, 205, 221, 139, 350), None
(294, 222, 156, 391, 12, 344, 186, 116, 115), None
(259, 173, 171, 364, 103, 275, 394, 29, 129), 38.0
(259, 157, 190, 380, 108, 155, 228, 127, 107), 42.0
(277, 175, 200, 366, 85, 279, 387, 35, 101), 42.0
(331, 150, 399, 337, 97, 257, 383, 28, 162), None
(245, 196, 118, 350, 126, 291, 207, 11, 90), 44.0
(298, 172, 172, 157, 25, 381, 198, 168, 123), None
(314, 189, 184, 365, 72, 273, 365, 48, 266), None
(208, 207, 165, 359, 165, 282, 379, 24, 145), None
(285, 219, 310, 332, 49, 268, 392, 184, 152), None
(325, 301, 147, 389, 35, 247, 133, 155, 80), None
(288, 238, 155, 345, 151, 317, 396, 133, 189), 52.0
(272, 181, 247, 374, 60, 0, 244, 105, 72), 42.0
(361, 292, 181, 16, 7, 265, 91, 144, 119), None
(389, 314, 339, 372, 277, 298, 168, 19, 130), 51.0
(340, 167, 234, 354, 18, 286, 399, 59, 44), None
(347, 275, 161, 385, 139, 256, 373, 68, 137), None
(302, 202, 32, 337, 180, 275, 191, 202, 201), None
(319, 282, 206, 363, 43, 234, 317, 40, 212), None
(261, 212, 45, 378, 194, 307, 202, 219, 277), None
(373, 262, 170, 399, 77, 144, 213, 154, 247), None
(334, 228, 378, 325, 103, 117, 105, 138, 175), 36.0
(333, 232, 378, 323, 105, 124, 105, 139, 174), None
(312, 222, 386, 306, 124, 108, 86, 130, 332), 44.0
(336, 250, 362, 346, 31, 96, 113, 147, 186), None
(199, 227, 197, 329, 113, 359, 1, 162, 164), None
(356, 240, 351, 317, 92, 121, 101, 172, 180), 46.0
(327, 194, 257, 356, 65, 116, 182, 125, 258), 47.0
(348, 291, 128, 344, 40, 135, 158, 9, 194), None
(304, 306, 105, 364, 231, 283, 59, 29, 205), None
(279, 271, 57, 336, 51, 271, 78, 140, 306), None
(366, 212, 177, 352, 23, 292, 25, 117, 233), None
(318, 256, 372, 232, 1, 261, 126, 180, 223), None
(270, 184, 243, 372, 65, 32, 241, 102, 69), 54.0
(254, 228, 81, 325, 147, 304, 326, 150, 324), 48.0
(288, 190, 140, 304, 171, 371, 203, 134, 362), 48.0
(339, 279, 335, 338, 362, 86, 184, 165, 270), 54.0
(298, 267, 73, 359, 189, 219, 96, 36, 313), None
(350, 297, 284, 316, 355, 295, 194, 171, 251), 61.0
(281, 173, 200, 367, 84, 281, 392, 31, 109), None
(336, 287, 62, 344, 14, 48, 220, 301, 348), None
(104, 274, 368, 384, 376, 314, 304, 189, 264), 60.0
(265, 216, 115, 263, 133, 326, 353, 155, 302), None
(309, 325, 383, 71, 34, 174, 163, 111, 74), None
(325, 305, 307, 392, 35, 241, 175, 122, 243), 51.0
(291, 317, 357, 377, 58, 228, 147, 96, 96), None
(342, 205, 94, 329, 99, 59, 278, 12, 312), None
(274, 181, 250, 351, 117, 319, 269, 86, 287), None
(277, 197, 256, 376, 73, 8, 254, 136, 61), None
(332, 145, 86, 367, 85, 62, 383, 24, 382), 49.0
(166, 236, 23, 359, 107, 337, 295, 107, 91), None
(356, 131, 42, 338, 19, 69, 190, 19, 252), None
(346, 283, 50, 340, 334, 300, 197, 160, 372), None
(233, 163, 341, 385, 343, 250, 167, 146, 196), None
(245, 289, 294, 351, 26, 164, 210, 126, 118), 40.0
(243, 179, 272, 291, 27, 398, 210, 132, 126), 46.0
(252, 336, 108, 300, 42, 385, 211, 123, 216), None
(267, 291, 95, 351, 206, 381, 72, 52, 334), 49.0
(263, 221, 105, 310, 148, 389, 220, 137, 340), 53.0
(299, 265, 187, 176, 186, 272, 231, 43, 132), None
(391, 301, 329, 329, 124, 308, 202, 151, 139), None
(235, 280, 194, 357, 94, 162, 187, 129, 107), 44.0
(312, 310, 294, 346, 25, 182, 180, 144, 118), 49.0
(317, 295, 317, 392, 45, 289, 175, 110, 276), None
(327, 283, 81, 336, 17, 278, 189, 4, 233), None
(254, 274, 263, 200, 104, 102, 196, 23, 359), 41.0
(221, 247, 162, 104, 103, 130, 115, 139, 147), None
(287, 256, 269, 152, 177, 112, 94, 17, 178), None
(253, 205, 229, 381, 134, 102, 229, 128, 352), None
(247, 190, 250, 399, 32, 191, 136, 208, 359), 52.0
(280, 273, 280, 242, 75, 104, 365, 34, 104), None
(274, 216, 185, 204, 111, 145, 206, 121, 319), None
(261, 235, 263, 370, 158, 158, 338, 146, 115), None
(294, 271, 239, 321, 399, 264, 198, 158, 283), 48.0
(320, 295, 298, 349, 7, 214, 196, 170, 342), None
(380, 283, 244, 360, 13, 88, 247, 25, 370), 44.0
(386, 91, 34, 367, 120, 115, 212, 151, 85), None
(185, 366, 166, 20, 91, 40, 222, 101, 124), 53.0
(299, 277, 214, 355, 84, 259, 389, 39, 293), 42.0
(259, 313, 345, 381, 51, 231, 179, 197, 260), 42.0
(240, 288, 172, 273, 111, 138, 202, 160, 354), None
(306, 301, 11, 349, 37, 250, 374, 40, 292), 48.0
(339, 277, 226, 357, 54, 257, 392, 196, 263), 56.0
(284, 263, 214, 361, 83, 279, 397, 180, 257), 56.0
(272, 200, 40, 370, 19, 283, 213, 136, 184), 50.0
(395, 386, 103, 52, 96, 292, 284, 142, 331), None
(273, 228, 115, 297, 155, 203, 63, 115, 314), None
(256, 378, 149, 376, 65, 269, 8, 197, 244), None
(309, 30, 392, 281, 29, 241, 82, 18, 269), 55.0
(349, 287, 68, 332, 23, 300, 191, 26, 51), 51.0
(297, 211, 93, 124, 144, 223, 49, 130, 169), None
(329, 162, 253, 387, 59, 152, 227, 125, 205), None
(290, 154, 190, 370, 102, 168, 261, 94, 69), 51.0
(270, 186, 258, 327, 356, 333, 185, 154, 343), 44.0
(150, 224, 178, 341, 110, 126, 205, 7, 115), None
(341, 293, 364, 315, 38, 398, 196, 119, 363), 54.0
(363, 268, 375, 377, 258, 197, 169, 166, 192), 48.0
(302, 313, 354, 344, 49, 228, 159, 207, 271), None
(263, 309, 247, 394, 71, 274, 177, 30, 251), 44.0
(323, 280, 157, 351, 89, 262, 193, 399, 298), 42.0
(298, 271, 212, 355, 204, 243, 107, 46, 305), None
(131, 333, 156, 343, 11, 287, 184, 377, 300), 38.0
(118, 139, 199, 363, 102, 286, 124, 324, 102), None
(137, 332, 87, 342, 12, 278, 201, 21, 379), 38.0
(132, 330, 156, 342, 6, 288, 185, 270, 377), None
(145, 343, 346, 353, 12, 272, 205, 23, 299), 48.0
(124, 358, 136, 333, 77, 268, 199, 12, 385), None
(139, 174, 238, 383, 25, 279, 215, 77, 85), None
(115, 320, 168, 69, 90, 263, 39, 396, 135), None
(132, 334, 309, 335, 2, 309, 182, 176, 280), None
(396, 316, 55, 347, 15, 294, 382, 35, 291), None
(97, 321, 332, 321, 27, 235, 177, 141, 323), None
(335, 342, 80, 324, 17, 285, 190, 370, 356), None
(171, 169, 180, 341, 9, 77, 217, 288, 97), None
(380, 301, 221, 359, 30, 278, 210, 19, 289), 40.0
(358, 304, 343, 389, 33, 300, 171, 15, 396), 36.0
(374, 296, 219, 392, 33, 116, 206, 10, 383), None
(385, 301, 88, 329, 21, 302, 202, 16, 308), 43.0
(359, 290, 231, 346, 30, 290, 197, 346, 395), None
(157, 326, 348, 387, 43, 278, 162, 5, 264), None
(352, 305, 69, 356, 37, 277, 172, 20, 398), 42.0
(371, 198, 318, 189, 224, 300, 188, 16, 386), 50.0
(377, 304, 173, 398, 25, 290, 221, 2, 239), 42.0
(326, 286, 155, 351, 82, 257, 144, 377, 298), 42.0
(125, 280, 140, 362, 89, 269, 399, 28, 388), 38.0
(138, 278, 141, 361, 16, 271, 399, 33, 390), 38.0
(126, 295, 133, 364, 12, 270, 396, 31, 390), 46.0
(138, 260, 151, 361, 20, 284, 391, 25, 392), 39.0
(144, 285, 142, 363, 20, 285, 398, 256, 393), None
(139, 259, 141, 370, 1, 275, 389, 28, 374), 46.0
(109, 245, 149, 362, 12, 279, 383, 35, 369), 40.0
(121, 243, 150, 361, 11, 268, 383, 49, 388), None
(100, 249, 152, 361, 17, 282, 387, 36, 398), 42.0
(137, 253, 121, 351, 30, 293, 374, 29, 375), 40.0
(86, 253, 141, 353, 28, 296, 376, 31, 370), 42.0
(113, 255, 124, 369, 34, 296, 368, 23, 380), None
(59, 242, 161, 370, 19, 276, 399, 15, 386), None
(157, 264, 129, 343, 24, 267, 101, 63, 392), 38.0
(112, 260, 145, 343, 10, 266, 101, 43, 396), None
(127, 267, 123, 349, 40, 289, 116, 61, 399), 42.0
(153, 350, 134, 336, 23, 288, 109, 53, 384), 40.0
(131, 274, 131, 376, 0, 272, 98, 15, 389), None
(149, 359, 126, 338, 24, 285, 110, 46, 378), None
(154, 299, 135, 336, 23, 264, 88, 73, 391), 42.0
(136, 248, 162, 348, 8, 282, 385, 27, 368), None
(139, 347, 118, 358, 33, 305, 379, 38, 382), 39.0
(166, 264, 143, 357, 35, 318, 131, 36, 392), 46.0
(140, 218, 130, 344, 43, 309, 372, 148, 377), None
(110, 278, 146, 364, 47, 303, 398, 37, 383), None
(152, 373, 112, 331, 67, 348, 20, 58, 392), None
(136, 337, 122, 352, 30, 293, 378, 23, 285), 42.0
(124, 348, 119, 358, 15, 278, 381, 31, 370), 48.0
(145, 351, 150, 341, 16, 284, 108, 58, 381), None
(133, 250, 159, 375, 32, 297, 360, 39, 378), 42.0
(145, 355, 131, 348, 292, 313, 391, 51, 387), 50.0
(125, 237, 140, 354, 22, 304, 387, 44, 374), None
(155, 345, 168, 333, 23, 251, 93, 66, 181), 44.0
(179, 211, 387, 320, 7, 288, 102, 53, 399), None
(142, 242, 138, 341, 7, 295, 120, 29, 366), None
(159, 227, 150, 327, 15, 271, 117, 85, 385), 42.0
(365, 260, 207, 364, 57, 325, 392, 0, 271), None
(195, 205, 20, 365, 1, 261, 391, 11, 194), 49.0
(398, 290, 0, 380, 36, 270, 152, 158, 157), 50.0
(119, 330, 51, 399, 12, 283, 27, 20, 256), None
(107, 233, 149, 357, 30, 278, 365, 23, 374), None
(134, 254, 162, 388, 40, 256, 372, 31, 399), None
(150, 268, 118, 348, 26, 301, 95, 40, 385), 38.0
(162, 265, 136, 346, 46, 307, 77, 48, 390), None
(386, 272, 102, 311, 24, 316, 94, 40, 173), 52.0
(127, 261, 116, 351, 30, 300, 380, 38, 380), None
(138, 283, 120, 354, 33, 292, 89, 20, 119), 41.0
(131, 245, 109, 361, 51, 279, 385, 12, 368), 45.0
(146, 309, 127, 376, 40, 297, 99, 150, 243), None
(355, 275, 221, 361, 23, 307, 85, 33, 288), 44.0
(95, 220, 156, 369, 15, 364, 346, 160, 387), 52.0
(168, 268, 289, 341, 216, 137, 170, 93, 189), 54.0
(380, 357, 175, 336, 20, 286, 110, 51, 382), None
(151, 281, 324, 346, 70, 119, 67, 8, 208), None
(158, 299, 147, 323, 37, 267, 307, 24, 277), 39.0
(160, 321, 145, 324, 37, 263, 326, 24, 270), 37.0
(156, 322, 148, 320, 96, 259, 292, 29, 275), None
(148, 326, 132, 314, 58, 269, 306, 17, 278), None
(174, 310, 29, 324, 47, 247, 398, 7, 268), None
(212, 337, 140, 334, 239, 266, 318, 27, 259), 48.0
(143, 319, 165, 328, 40, 263, 287, 17, 268), 42.0
(286, 332, 182, 343, 37, 254, 299, 135, 134), 37.0
(162, 335, 143, 341, 307, 252, 309, 37, 150), 42.0
(155, 340, 134, 328, 36, 255, 303, 72, 129), None
(165, 347, 156, 334, 45, 264, 104, 42, 141), None
(388, 325, 180, 345, 38, 273, 321, 23, 278), 52.0
(344, 334, 34, 312, 78, 249, 296, 10, 166), None
(316, 310, 9, 304, 55, 260, 281, 25, 399), None
(289, 318, 154, 340, 8, 277, 333, 34, 389), None
(278, 328, 170, 353, 30, 323, 55, 42, 315), None
(137, 256, 120, 321, 29, 300, 297, 26, 251), None
(189, 314, 59, 326, 90, 107, 354, 146, 176), None
(284, 294, 188, 337, 41, 244, 124, 153, 226), None
(122, 310, 369, 356, 34, 271, 143, 81, 286), 46.0
(173, 331, 42, 317, 98, 255, 312, 138, 201), None
(230, 289, 145, 347, 21, 288, 334, 117, 136), 50.0
(161, 214, 127, 329, 50, 129, 311, 100, 186), None
(358, 267, 160, 346, 24, 312, 272, 166, 392), 50.0
(150, 298, 397, 382, 38, 267, 174, 145, 239), 46.0
(282, 231, 180, 371, 14, 276, 399, 131, 126), 47.0
(142, 304, 194, 334, 28, 261, 157, 155, 243), 38.0
(141, 305, 197, 335, 26, 259, 152, 160, 252), 36.0
(128, 305, 180, 334, 19, 254, 161, 185, 251), 46.0
(133, 302, 195, 322, 26, 263, 154, 171, 259), 44.0
(143, 314, 204, 342, 30, 258, 148, 164, 245), 50.0
(146, 321, 184, 331, 46, 243, 137, 156, 263), None
(138, 339, 194, 262, 18, 283, 166, 174, 241), 53.0
(159, 302, 188, 309, 39, 250, 159, 161, 250), None
(203, 294, 202, 337, 31, 267, 152, 155, 230), 44.0
(129, 276, 190, 348, 6, 294, 168, 141, 257), None
(291, 316, 170, 358, 21, 303, 183, 166, 232), None
(150, 282, 153, 327, 0, 260, 156, 148, 272), 50.0
(121, 329, 196, 351, 14, 283, 140, 108, 391), 37.0
(119, 326, 206, 340, 10, 274, 135, 85, 278), None
(131, 320, 193, 346, 15, 285, 119, 104, 384), 46.0
(117, 329, 200, 350, 256, 273, 146, 98, 392), None
(121, 307, 180, 335, 7, 285, 131, 108, 398), None
(303, 223, 195, 341, 22, 239, 137, 114, 144), None
(292, 265, 46, 367, 15, 374, 174, 123, 252), None
(130, 288, 173, 227, 26, 292, 144, 134, 392), 44.0
(139, 334, 183, 354, 85, 358, 124, 110, 217), None
(143, 338, 210, 344, 48, 300, 100, 156, 380), None
(156, 299, 380, 320, 37, 263, 301, 145, 265), 46.0
(124, 117, 111, 354, 325, 341, 166, 133, 245), None
(308, 309, 63, 328, 78, 250, 160, 90, 262), None
(399, 277, 166, 363, 16, 282, 180, 183, 326), 46.0
(369, 347, 188, 334, 29, 272, 115, 64, 376), None
(287, 343, 50, 350, 63, 256, 12, 174, 154), None
(278, 258, 198, 340, 7, 280, 87, 300, 390), None
(161, 316, 357, 327, 99, 270, 75, 0, 270), None
(170, 51, 136, 313, 41, 264, 156, 164, 283), None
(114, 270, 339, 371, 116, 289, 327, 143, 398), None
(136, 324, 126, 355, 387, 312, 42, 151, 383), None
(347, 306, 142, 316, 50, 268, 95, 128, 259), None
(295, 295, 167, 333, 35, 261, 104, 114, 134), None
(311, 284, 306, 322, 26, 252, 127, 17, 252), None
(149, 331, 74, 346, 108, 293, 141, 350, 234), 48.0
(335, 302, 159, 338, 92, 276, 174, 159, 162), None
(128, 321, 175, 84, 31, 305, 148, 322, 364), 50.0
(144, 364, 185, 358, 24, 297, 187, 95, 375), 48.0
(20, 235, 155, 364, 13, 280, 265, 11, 394), 42.0
(179, 287, 278, 305, 45, 267, 111, 138, 275), None
(152, 294, 138, 329, 39, 248, 287, 121, 337), 40.0
(322, 276, 149, 348, 0, 283, 96, 234, 223), None
(221, 316, 205, 337, 57, 259, 341, 22, 264), None
(119, 214, 195, 356, 267, 316, 164, 44, 346), None
(279, 325, 99, 344, 29, 304, 83, 151, 246), None
(104, 309, 40, 322, 72, 271, 181, 107, 254), 48.0
(266, 225, 141, 326, 19, 244, 167, 170, 298), 50.0
(137, 268, 162, 373, 19, 287, 132, 279, 388), 38.0
(132, 270, 166, 369, 9, 288, 132, 163, 238), None
(297, 281, 363, 378, 19, 235, 141, 382, 399), 58.0
(346, 265, 176, 373, 9, 278, 151, 140, 195), None
(392, 207, 56, 386, 25, 291, 128, 155, 181), None
(288, 276, 161, 252, 14, 275, 120, 279, 386), 49.0
(125, 252, 373, 366, 88, 296, 109, 181, 385), 48.0
(363, 290, 389, 214, 25, 256, 140, 131, 173), None
(305, 279, 332, 351, 81, 333, 156, 363, 375), 56.0
(143, 233, 188, 345, 101, 284, 130, 307, 353), None
(68, 221, 171, 380, 17, 271, 172, 243, 390), 45.0
(328, 261, 183, 363, 35, 289, 33, 75, 146), 46.0
(115, 241, 161, 353, 5, 262, 119, 189, 320), None
(134, 270, 175, 339, 27, 277, 187, 344, 131), 48.0
(352, 313, 200, 374, 19, 297, 149, 262, 329), 39.0
(374, 287, 213, 334, 42, 254, 103, 123, 309), None
(271, 198, 135, 363, 68, 265, 89, 145, 246), 49.0
(316, 303, 31, 284, 53, 282, 178, 101, 362), 43.0
(338, 332, 67, 350, 33, 274, 69, 292, 390), 42.0
(129, 322, 313, 395, 10, 291, 255, 221, 237), None
(148, 212, 192, 388, 23, 266, 139, 150, 399), 42.0
(140, 252, 128, 343, 113, 278, 112, 160, 376), None
(284, 271, 46, 356, 93, 243, 161, 136, 259), None
(123, 295, 154, 334, 0, 379, 193, 31, 202), 46.0
(297, 282, 146, 374, 32, 389, 149, 91, 123), 38.0
(301, 286, 145, 383, 47, 390, 150, 84, 124), None
(293, 311, 165, 375, 31, 398, 145, 90, 112), 46.0
(308, 263, 351, 391, 39, 389, 136, 94, 140), 36.0
(284, 259, 350, 391, 42, 394, 138, 92, 136), None
(307, 265, 355, 399, 54, 365, 136, 101, 129), 37.0
(301, 268, 346, 395, 59, 385, 137, 104, 124), None
(310, 261, 350, 395, 52, 375, 132, 113, 141), None
(292, 249, 340, 388, 64, 386, 134, 99, 132), None
(306, 244, 358, 396, 49, 355, 127, 108, 146), None
(319, 258, 363, 396, 127, 350, 118, 80, 157), None
(322, 227, 341, 384, 44, 95, 117, 57, 137), None
(315, 241, 371, 390, 61, 386, 158, 119, 124), 44.0
(312, 275, 361, 399, 77, 372, 144, 91, 117), None
(316, 335, 334, 381, 52, 367, 172, 101, 132), 40.0
(301, 293, 353, 376, 40, 391, 152, 97, 120), None
(331, 320, 326, 385, 36, 300, 124, 331, 154), None
(297, 281, 351, 390, 34, 396, 145, 176, 131), 46.0
(135, 262, 356, 346, 84, 250, 272, 109, 139), 43.0
(275, 278, 366, 370, 75, 363, 98, 79, 113), None
(283, 215, 376, 398, 68, 382, 151, 92, 109), 42.0
(305, 252, 128, 381, 105, 396, 182, 85, 128), None
(310, 267, 179, 357, 56, 325, 126, 70, 188), None
(344, 313, 56, 366, 277, 378, 158, 114, 148), None
(323, 279, 342, 399, 45, 369, 62, 73, 173), None
(390, 299, 380, 331, 13, 340, 135, 168, 266), 40.0
(293, 93, 204, 240, 35, 358, 143, 111, 140), None
(289, 288, 192, 314, 62, 391, 168, 105, 121), 42.0
(305, 269, 172, 376, 44, 260, 135, 98, 183), None
(359, 326, 138, 388, 25, 380, 82, 83, 386), 45.0
(328, 231, 168, 373, 34, 385, 190, 126, 161), 42.0
(370, 206, 158, 294, 16, 273, 128, 13, 214), 42.0
(280, 329, 182, 380, 99, 372, 326, 391, 128), None
(150, 261, 212, 139, 26, 291, 106, 34, 381), 52.0
(108, 250, 144, 340, 20, 398, 148, 142, 369), 36.0
(92, 245, 147, 356, 86, 395, 147, 129, 367), None
(99, 239, 158, 331, 40, 390, 155, 138, 148), None
(114, 284, 330, 341, 7, 397, 158, 144, 355), None
(103, 225, 198, 337, 27, 213, 93, 153, 246), 40.0
(112, 252, 37, 344, 73, 385, 350, 90, 137), 44.0
(380, 303, 228, 317, 21, 378, 141, 135, 255), None
(182, 252, 132, 351, 53, 392, 112, 117, 236), 40.0
(267, 239, 149, 361, 12, 391, 104, 93, 128), 48.0
(105, 257, 51, 389, 16, 380, 149, 102, 372), 46.0
(296, 231, 153, 372, 5, 395, 4, 7, 331), None
(299, 275, 348, 366, 32, 366, 162, 146, 166), None
(120, 343, 144, 386, 21, 269, 128, 322, 391), 48.0
(85, 321, 170, 350, 46, 308, 134, 124, 305), None
(122, 199, 142, 368, 0, 287, 19, 13, 378), 48.0
(310, 291, 220, 325, 36, 255, 152, 159, 393), None
(336, 272, 150, 376, 55, 396, 49, 86, 271), None
(399, 314, 87, 333, 29, 386, 169, 149, 224), 44.0
(106, 282, 26, 307, 18, 345, 141, 281, 340), 41.0
(350, 302, 202, 339, 42, 312, 181, 141, 251), None
(112, 220, 163, 361, 90, 281, 119, 21, 15), 52.0
(315, 341, 143, 380, 14, 188, 196, 212, 383), 38.0
(319, 353, 136, 390, 11, 229, 197, 134, 375), 46.0
(192, 249, 190, 346, 369, 399, 81, 48, 283), None
(315, 338, 393, 340, 7, 149, 201, 199, 369), None
(309, 219, 138, 379, 118, 206, 359, 65, 192), 44.0
(142, 254, 127, 349, 23, 235, 92, 149, 399), 50.0
(213, 208, 64, 358, 34, 321, 164, 27, 111), None
(289, 307, 273, 321, 30, 248, 175, 158, 318), 56.0
(297, 146, 188, 329, 25, 263, 145, 170, 142), 47.0
(342, 263, 121, 172, 24, 259, 75, 156, 363), 40.0
(330, 332, 300, 398, 106, 125, 193, 7, 179), None
(130, 294, 364, 335, 17, 297, 276, 165, 346), 40.0
(37, 274, 131, 352, 49, 387, 244, 107, 264), None
(328, 237, 39, 383, 16, 219, 125, 212, 385), 41.0
(383, 243, 352, 345, 40, 277, 185, 41, 379), None
(125, 326, 184, 367, 69, 113, 139, 130, 121), None
(302, 266, 343, 399, 42, 27, 157, 99, 391), None
(320, 340, 206, 324, 7, 378, 173, 127, 198), None
(339, 335, 113, 341, 12, 191, 195, 24, 382), None
(155, 353, 357, 337, 22, 180, 182, 224, 240), 50.0
(138, 315, 286, 299, 136, 284, 164, 142, 247), 44.0
(279, 260, 156, 368, 31, 16, 132, 15, 104), 45.0
(366, 347, 177, 356, 10, 330, 188, 136, 255), None
(312, 192, 385, 390, 60, 303, 110, 121, 204), None
(355, 306, 369, 313, 19, 254, 207, 173, 358), 51.0
(117, 290, 338, 355, 51, 264, 149, 77, 294), None
(130, 262, 50, 350, 24, 294, 99, 32, 391), None
(286, 298, 193, 331, 38, 374, 317, 150, 134), 39.0
(271, 272, 214, 365, 81, 241, 394, 115, 123), None
(322, 319, 163, 383, 30, 398, 140, 141, 231), 52.0
Sampler:BoTorchSampler
(42, 359, 302, 343, 349, 31, 29, 192, 235), None
(234, 242, 298, 386, 270, 92, 220, 196, 69), 58.0
(237, 358, 374, 25, 351, 241, 347, 372, 277), 54.0
(346, 343, 332, 112, 188, 80, 215, 119, 112), None
(78, 22, 138, 340, 35, 106, 338, 197, 35), None
(361, 300, 54, 309, 278, 109, 138, 234, 71), 47.0
(378, 328, 124, 233, 345, 210, 58, 171, 137), None
(220, 59, 279, 329, 195, 335, 399, 338, 70), None
(268, 135, 20, 279, 129, 213, 126, 270, 259), 48.0
(110, 14, 395, 152, 374, 75, 394, 53, 273), None
(9, 379, 375, 382, 210, 331, 127, 233, 333), None
(184, 85, 168, 11, 0, 318, 13, 70, 126), 52.0
(338, 346, 88, 236, 235, 283, 265, 387, 124), 51.0
(343, 226, 215, 270, 234, 192, 333, 239, 275), 62.0
(72, 78, 65, 373, 384, 57, 196, 305, 296), None
(258, 41, 72, 99, 270, 172, 361, 202, 118), None
(24, 276, 367, 148, 280, 234, 90, 264, 331), 38.0
(48, 265, 30, 208, 269, 8, 258, 227, 90), None
(300, 176, 293, 309, 157, 96, 216, 264, 370), None
(256, 170, 345, 237, 291, 306, 39, 162, 234), None
(265, 72, 85, 95, 305, 323, 384, 198, 123), 47.0
(237, 311, 115, 316, 287, 271, 284, 156, 248), None
(219, 394, 128, 310, 293, 197, 162, 22, 168), 46.0
(0, 281, 369, 139, 281, 246, 40, 253, 354), None
(0, 281, 369, 139, 281, 246, 41, 253, 354), None
(0, 281, 369, 139, 281, 245, 41, 253, 354), None
(0, 281, 369, 139, 281, 245, 42, 253, 353), None
(0, 283, 367, 138, 283, 248, 42, 256, 351), None
(0, 282, 371, 142, 279, 242, 40, 252, 354), 40.0
(0, 236, 391, 141, 274, 242, 104, 289, 320), 44.0
(42, 314, 343, 155, 286, 225, 87, 242, 336), None
(42, 315, 342, 155, 287, 225, 87, 242, 336), None
(42, 315, 343, 155, 287, 225, 87, 242, 336), None
(42, 315, 342, 155, 287, 225, 87, 241, 336), None
(42, 315, 342, 155, 286, 225, 87, 242, 336), None
(42, 315, 343, 155, 286, 226, 87, 241, 336), None
(42, 314, 343, 155, 287, 225, 87, 242, 336), None
(42, 315, 343, 155, 286, 225, 87, 242, 336), None
(42, 314, 342, 155, 287, 226, 86, 242, 335), None
(42, 314, 343, 155, 286, 225, 87, 242, 337), None
(43, 314, 343, 155, 287, 225, 86, 242, 336), None
(42, 315, 343, 155, 286, 225, 87, 242, 335), None
Sampler:CmaEsSampler
(282, 358, 170, 397, 202, 339, 300, 229, 93), 45.0
(260, 307, 118, 98, 118, 167, 193, 218, 127), None
(212, 201, 146, 123, 73, 260, 247, 93, 176), 40.0
(139, 134, 186, 267, 281, 194, 271, 112, 92), 46.0
(218, 165, 182, 132, 208, 250, 245, 320, 271), 54.0
(184, 111, 181, 268, 275, 196, 188, 255, 192), None
(90, 241, 353, 202, 330, 143, 110, 177, 137), None
(64, 243, 175, 102, 141, 243, 229, 111, 129), None
(107, 181, 279, 119, 95, 299, 209, 161, 285), 45.0
(228, 109, 215, 199, 180, 237, 262, 204, 250), 49.0
(172, 200, 349, 267, 173, 195, 259, 180, 88), 47.0
(149, 183, 143, 242, 251, 145, 131, 156, 298), 40.0
(205, 70, 169, 150, 238, 135, 172, 113, 201), None
(242, 239, 234, 279, 160, 189, 253, 279, 252), None
(309, 70, 222, 288, 245, 259, 293, 256, 222), None
(163, 345, 222, 262, 273, 160, 111, 150, 151), None
(132, 299, 162, 95, 82, 176, 197, 244, 282), 45.0
(164, 62, 113, 315, 195, 189, 100, 107, 143), None
(245, 224, 213, 186, 209, 264, 207, 159, 246), 49.0
(111, 210, 242, 230, 347, 268, 220, 271, 200), None
(314, 198, 263, 262, 169, 185, 145, 204, 196), 46.0
(216, 197, 255, 101, 168, 197, 330, 115, 230), None
(151, 196, 197, 187, 185, 208, 156, 186, 239), 51.0
(156, 187, 159, 22, 97, 192, 212, 226, 218), None
(247, 281, 64, 63, 95, 303, 183, 144, 269), 42.0
(248, 234, 188, 166, 131, 255, 282, 201, 124), None
(133, 197, 193, 70, 114, 199, 86, 96, 228), None
(234, 221, 239, 176, 181, 113, 273, 144, 230), None
(174, 189, 169, 136, 111, 262, 232, 123, 180), None
(158, 191, 249, 140, 168, 230, 284, 99, 215), None
(197, 215, 74, 125, 92, 194, 110, 156, 180), None
(190, 198, 191, 214, 185, 278, 108, 216, 336), 51.0
(203, 208, 56, 215, 82, 299, 177, 148, 147), None
(184, 197, 70, 131, 185, 258, 254, 178, 193), 50.0
(171, 267, 134, 192, 50, 196, 223, 23, 275), None
(169, 277, 232, 206, 107, 255, 187, 161, 367), None
(170, 170, 220, 99, 106, 232, 271, 78, 216), None
(155, 190, 106, 139, 167, 347, 281, 58, 233), None
(101, 211, 235, 108, 131, 145, 317, 224, 221), 46.0
(151, 224, 131, 85, 113, 104, 261, 160, 194), None
(137, 248, 175, 180, 51, 293, 238, 143, 207), 41.0
(309, 272, 83, 181, 148, 203, 100, 64, 220), 55.0
(298, 108, 233, 171, 89, 201, 164, 109, 283), None
(270, 212, 273, 184, 187, 216, 180, 144, 227), 46.0
(120, 199, 118, 165, 197, 195, 188, 124, 138), 56.0
(222, 188, 181, 148, 153, 146, 271, 141, 262), 46.0
(114, 243, 126, 144, 45, 274, 183, 141, 256), None
(258, 253, 245, 228, 83, 245, 162, 181, 211), None
(198, 349, 177, 202, 20, 221, 53, 167, 268), 40.0
(125, 279, 83, 249, 110, 149, 254, 235, 266), None
(134, 206, 87, 193, 134, 229, 222, 94, 217), None
(106, 190, 150, 157, 225, 254, 175, 126, 219), 50.0
(144, 274, 179, 111, 141, 191, 181, 161, 298), None
(101, 339, 30, 110, 127, 303, 203, 174, 222), None
(108, 260, 149, 202, 52, 266, 230, 148, 164), 52.0
(224, 135, 196, 225, 192, 333, 147, 153, 191), 47.0
(222, 246, 266, 176, 221, 330, 251, 141, 241), 56.0
(207, 237, 74, 105, 78, 392, 304, 154, 212), None
(257, 218, 186, 126, 50, 179, 303, 159, 322), None
(296, 333, 100, 163, 243, 159, 190, 184, 271), 52.0
(182, 275, 231, 152, 26, 331, 243, 58, 245), None
(295, 302, 107, 137, 100, 258, 258, 215, 245), None
(85, 180, 218, 213, 45, 266, 193, 140, 224), None
(192, 235, 38, 181, 74, 164, 262, 225, 201), 49.0
(181, 237, 141, 250, 181, 237, 221, 127, 243), None
(28, 298, 127, 84, 67, 375, 175, 116, 176), 59.0
(161, 240, 183, 107, 14, 299, 152, 171, 237), 48.0
(101, 243, 154, 164, 101, 159, 203, 112, 244), None
(125, 302, 110, 198, 86, 301, 249, 224, 278), None
(128, 238, 276, 100, 136, 178, 217, 160, 226), 47.0
(304, 297, 200, 93, 60, 222, 144, 114, 187), None
(326, 235, 173, 176, 97, 178, 148, 157, 149), None
(213, 244, 195, 76, 107, 238, 162, 178, 242), 56.0
(241, 205, 180, 171, 104, 252, 108, 209, 148), 55.0
(236, 253, 262, 134, 120, 151, 45, 207, 208), None
(169, 136, 146, 178, 77, 227, 186, 246, 238), None
(228, 189, 209, 152, 92, 158, 26, 93, 166), 53.0
(212, 344, 282, 235, 141, 197, 30, 100, 217), 46.0
(186, 312, 243, 198, 161, 160, 184, 114, 194), None
(156, 166, 165, 197, 83, 257, 152, 92, 395), 54.0
(244, 376, 137, 146, 29, 208, 288, 318, 167), 51.0
(135, 296, 91, 189, 72, 202, 234, 275, 215), 38.0
(255, 255, 228, 182, 137, 275, 43, 109, 179), None
(173, 311, 258, 48, 11, 332, 8, 110, 262), None
(114, 300, 207, 213, 86, 238, 142, 169, 343), None
(147, 203, 188, 162, 159, 169, 169, 274, 240), None
(242, 267, 184, 170, 251, 203, 241, 188, 338), 53.0
(202, 377, 223, 250, 158, 188, 219, 164, 279), 47.0
(197, 339, 77, 217, 185, 206, 193, 294, 239), None
(185, 296, 244, 75, 18, 266, 226, 92, 205), 49.0
(254, 260, 229, 123, 58, 189, 61, 83, 170), None
(65, 233, 112, 112, 30, 304, 266, 65, 216), None
(217, 270, 77, 190, 75, 199, 205, 194, 267), None
(275, 337, 129, 245, 96, 165, 144, 298, 193), None
(142, 384, 196, 144, 240, 131, 168, 159, 222), 44.0
(98, 395, 138, 304, 138, 158, 248, 202, 232), None
(164, 275, 244, 227, 125, 127, 134, 238, 214), 50.0
(182, 362, 147, 216, 92, 218, 182, 230, 146), None
(133, 251, 237, 211, 43, 160, 92, 267, 239), None
(132, 296, 232, 218, 56, 172, 130, 163, 293), None
(159, 380, 144, 142, 104, 182, 248, 284, 306), 37.0
(232, 349, 162, 47, 48, 261, 207, 333, 170), None
(241, 367, 172, 157, 118, 173, 104, 186, 252), 47.0
(180, 341, 157, 245, 145, 242, 194, 124, 197), 46.0
(211, 324, 119, 308, 20, 224, 178, 237, 152), 48.0
(195, 269, 255, 238, 164, 136, 162, 141, 190), None
(51, 338, 166, 205, 137, 209, 154, 85, 268), 48.0
(178, 289, 213, 205, 93, 165, 174, 115, 186), None
(138, 346, 153, 188, 171, 177, 211, 100, 207), 47.0
(113, 280, 117, 158, 118, 207, 130, 236, 219), None
(119, 193, 321, 257, 134, 173, 264, 239, 226), 55.0
(271, 314, 199, 120, 65, 114, 117, 146, 205), None
(106, 251, 201, 268, 73, 252, 258, 183, 201), None
(253, 385, 125, 105, 137, 133, 201, 280, 199), 38.0
(127, 297, 166, 103, 14, 179, 227, 260, 306), 49.0
(211, 375, 193, 161, 139, 162, 255, 192, 233), None
(99, 391, 175, 141, 141, 217, 377, 311, 218), None
(164, 380, 223, 174, 152, 182, 215, 193, 348), 42.0
(27, 398, 169, 188, 62, 170, 216, 200, 246), 49.0
(206, 333, 117, 173, 105, 193, 318, 276, 234), 42.0
(201, 340, 292, 157, 109, 127, 324, 321, 179), 50.0
(141, 360, 219, 68, 140, 113, 268, 296, 210), None
(238, 326, 164, 95, 54, 82, 252, 161, 288), 48.0
(279, 307, 159, 157, 291, 171, 146, 136, 156), 52.0
(252, 382, 126, 109, 75, 118, 252, 222, 185), None
(70, 264, 211, 127, 34, 231, 131, 304, 335), 48.0
(156, 316, 173, 187, 142, 170, 150, 256, 240), None
(156, 306, 174, 137, 37, 237, 125, 324, 255), None
(243, 354, 69, 229, 118, 264, 257, 297, 355), 48.0
(53, 399, 106, 101, 255, 85, 259, 276, 241), None
(160, 323, 256, 204, 17, 195, 332, 186, 205), None
(148, 287, 285, 200, 146, 148, 218, 242, 307), None
(275, 365, 187, 101, 114, 237, 167, 159, 237), None
(278, 287, 36, 197, 159, 87, 174, 269, 263), 48.0
(219, 354, 178, 169, 88, 137, 239, 195, 338), 51.0
(145, 374, 152, 124, 54, 176, 229, 324, 336), 44.0
(208, 367, 195, 156, 155, 187, 266, 177, 293), 61.0
(183, 257, 281, 113, 26, 194, 182, 194, 194), None
(275, 397, 216, 290, 173, 215, 276, 232, 331), None
(34, 359, 131, 152, 189, 84, 232, 223, 324), None
(245, 348, 234, 149, 205, 141, 241, 178, 300), 46.0
(325, 232, 188, 309, 146, 187, 238, 209, 252), None
(139, 312, 282, 136, 71, 242, 248, 262, 295), 44.0
(190, 386, 113, 118, 174, 193, 127, 242, 367), None
(272, 284, 261, 12, 88, 265, 192, 266, 341), 48.0
(222, 269, 69, 198, 129, 129, 196, 236, 262), None
(184, 363, 239, 68, 46, 26, 187, 188, 391), None
(98, 208, 201, 252, 192, 178, 118, 247, 354), None
(152, 387, 122, 190, 90, 122, 145, 207, 345), None
(151, 317, 128, 121, 7, 207, 198, 242, 239), None
(161, 347, 255, 134, 155, 188, 216, 233, 231), None
(126, 312, 177, 97, 118, 190, 117, 180, 208), None
(151, 325, 170, 129, 112, 80, 278, 291, 282), None
(155, 358, 229, 114, 91, 221, 209, 231, 307), None
(208, 355, 153, 149, 201, 39, 191, 231, 359), 52.0
(141, 344, 110, 194, 22, 262, 143, 188, 225), None
(178, 306, 208, 194, 110, 177, 254, 200, 257), None
(183, 288, 74, 152, 196, 77, 287, 300, 302), None
(88, 360, 158, 222, 145, 224, 230, 237, 397), 38.0
(156, 251, 168, 194, 38, 194, 235, 112, 263), None
(183, 284, 64, 194, 171, 246, 277, 161, 398), 42.0
(202, 284, 161, 313, 163, 218, 141, 268, 341), 50.0
(169, 347, 150, 232, 53, 145, 291, 387, 331), None
(129, 266, 179, 275, 237, 224, 242, 169, 373), 44.0
(131, 316, 81, 269, 63, 248, 343, 202, 361), 45.0
(132, 289, 227, 221, 153, 214, 205, 230, 337), 48.0
(171, 326, 151, 170, 9, 243, 340, 129, 317), None
(217, 334, 205, 138, 36, 249, 320, 186, 347), 40.0
(165, 310, 136, 242, 106, 285, 277, 208, 367), 46.0
(119, 398, 130, 295, 63, 283, 202, 260, 383), 44.0
(112, 320, 209, 106, 202, 292, 185, 249, 337), 52.0
(103, 261, 104, 117, 102, 224, 252, 366, 217), 45.0
(210, 374, 152, 189, 283, 159, 298, 316, 380), 63.0
(172, 336, 124, 136, 116, 314, 286, 217, 334), 48.0
(204, 287, 211, 227, 182, 218, 269, 168, 266), 48.0
(247, 315, 177, 168, 165, 336, 238, 212, 299), 50.0
(226, 317, 158, 315, 82, 256, 214, 150, 269), None
(163, 278, 208, 159, 133, 246, 168, 80, 300), None
(264, 319, 134, 245, 165, 158, 223, 144, 334), 38.0
(144, 167, 147, 327, 198, 233, 337, 123, 293), None
(146, 325, 203, 164, 126, 307, 215, 205, 389), 40.0
(158, 306, 156, 291, 80, 353, 383, 159, 328), None
(195, 366, 167, 214, 144, 241, 291, 183, 294), 46.0
(207, 277, 141, 148, 7, 318, 315, 174, 328), None
(164, 354, 114, 248, 55, 229, 324, 212, 290), None
(340, 266, 277, 253, 6, 285, 316, 215, 283), None
(218, 208, 168, 201, 117, 279, 196, 156, 335), 54.0
(244, 356, 229, 287, 85, 311, 280, 176, 351), None
(163, 346, 163, 303, 55, 230, 344, 191, 345), None
(182, 387, 144, 277, 203, 225, 305, 214, 331), 40.0
(232, 249, 203, 246, 184, 267, 251, 396, 351), None
(148, 292, 213, 117, 124, 245, 230, 215, 325), 40.0
(170, 222, 206, 186, 83, 269, 206, 119, 390), None
(72, 252, 199, 237, 96, 200, 232, 133, 246), None
(241, 266, 144, 239, 206, 262, 265, 180, 296), 56.0
(159, 306, 108, 147, 133, 172, 282, 194, 296), 46.0
(274, 320, 224, 153, 80, 209, 169, 196, 344), None
(177, 390, 98, 125, 221, 160, 368, 185, 392), None
(179, 329, 240, 223, 200, 180, 281, 156, 302), 59.0
(138, 350, 76, 212, 307, 221, 147, 277, 386), 41.0
(254, 192, 259, 108, 159, 139, 241, 37, 327), 55.0
(183, 261, 205, 212, 281, 135, 251, 152, 277), 45.0
(260, 385, 242, 233, 155, 139, 302, 153, 261), None
(147, 317, 99, 232, 268, 164, 176, 179, 242), None
(164, 345, 182, 236, 227, 238, 271, 131, 371), 44.0
(214, 302, 189, 257, 130, 167, 196, 124, 299), 50.0
(151, 366, 96, 254, 230, 244, 211, 180, 344), None
(238, 320, 164, 193, 169, 270, 277, 254, 383), 44.0
(176, 287, 193, 126, 214, 155, 264, 196, 318), 52.0
(145, 330, 167, 301, 145, 308, 246, 127, 295), None
(214, 303, 94, 223, 124, 227, 186, 250, 368), 45.0
(240, 350, 165, 201, 136, 210, 275, 148, 323), 48.0
(176, 366, 146, 138, 173, 238, 233, 202, 359), None
(116, 319, 171, 139, 220, 157, 265, 181, 302), 52.0
(203, 178, 189, 290, 227, 266, 219, 64, 300), 49.0
(157, 320, 74, 269, 339, 237, 182, 278, 344), 40.0
(236, 323, 132, 252, 201, 189, 126, 124, 303), 43.0
(182, 256, 127, 197, 223, 346, 169, 108, 346), None
(130, 296, 180, 243, 224, 145, 199, 188, 396), 44.0
(83, 325, 192, 259, 301, 184, 177, 203, 392), 48.0
(267, 301, 109, 216, 199, 229, 222, 178, 356), 48.0
(230, 326, 261, 252, 136, 194, 252, 244, 245), None
(168, 310, 12, 173, 235, 213, 221, 264, 398), 42.0
(99, 347, 136, 239, 332, 240, 131, 268, 391), None
(275, 328, 93, 195, 275, 317, 346, 245, 318), None
(159, 373, 48, 158, 177, 140, 202, 278, 346), None
(174, 370, 145, 273, 293, 168, 49, 226, 308), None
(113, 163, 131, 264, 191, 213, 305, 148, 348), None
(135, 318, 161, 179, 239, 324, 265, 249, 370), 45.0
(208, 312, 66, 175, 236, 258, 332, 262, 297), 59.0
(183, 290, 41, 255, 258, 176, 132, 309, 322), None
(261, 247, 98, 243, 298, 94, 90, 311, 228), None
(248, 302, 102, 265, 327, 279, 152, 252, 318), 43.0
(177, 236, 57, 298, 378, 237, 107, 245, 377), None
(160, 199, 68, 164, 239, 261, 197, 347, 348), 45.0
(125, 380, 120, 226, 245, 246, 248, 274, 365), 48.0
(179, 299, 70, 200, 294, 201, 107, 345, 360), 38.0
(134, 299, 134, 306, 277, 236, 162, 232, 345), None
(158, 312, 54, 219, 252, 278, 212, 225, 349), 52.0
(123, 378, 99, 239, 259, 288, 223, 294, 286), None
(189, 297, 177, 288, 299, 290, 344, 160, 361), 49.0
(221, 353, 135, 233, 365, 176, 178, 299, 364), None
(169, 341, 99, 236, 306, 204, 282, 309, 378), None
(220, 307, 84, 201, 277, 288, 211, 119, 311), 46.0
(173, 202, 101, 248, 118, 199, 256, 220, 360), None
(148, 274, 106, 241, 282, 251, 238, 218, 381), 44.0
(185, 376, 48, 303, 323, 226, 183, 344, 393), None
(144, 323, 117, 91, 250, 309, 262, 157, 340), 50.0
(180, 275, 89, 155, 197, 146, 134, 270, 261), 48.0
(278, 256, 70, 142, 286, 212, 82, 222, 322), None
(201, 367, 19, 153, 296, 194, 64, 357, 315), 40.0
(143, 338, 36, 172, 291, 242, 163, 360, 349), 42.0
(200, 353, 195, 174, 129, 244, 193, 319, 337), 47.0
(135, 391, 52, 336, 313, 122, 234, 341, 371), 57.0
(258, 200, 62, 172, 331, 199, 206, 303, 351), 44.0
(155, 266, 129, 264, 355, 203, 121, 313, 287), 46.0
(70, 326, 103, 182, 299, 194, 160, 314, 355), 44.0
(236, 245, 71, 165, 377, 229, 254, 383, 349), 44.0
(201, 371, 66, 153, 307, 165, 70, 286, 388), 39.0
(217, 153, 89, 168, 315, 238, 196, 308, 339), 47.0
(103, 297, 66, 194, 335, 242, 142, 260, 386), 38.0
(211, 303, 29, 72, 298, 183, 110, 346, 363), None
(240, 280, 74, 231, 257, 257, 84, 284, 315), None
(200, 310, 19, 169, 263, 144, 164, 205, 309), 52.0
(159, 335, 211, 220, 206, 301, 153, 312, 325), 44.0
(216, 334, 54, 219, 268, 116, 24, 343, 310), 43.0
(212, 325, 15, 242, 163, 256, 115, 355, 388), None
(81, 199, 79, 205, 277, 225, 289, 342, 314), None
(235, 303, 45, 152, 363, 143, 160, 282, 339), None
(75, 354, 93, 221, 226, 238, 195, 344, 370), 38.0
(206, 246, 36, 133, 373, 197, 228, 310, 218), 59.0
(168, 315, 27, 148, 333, 229, 79, 359, 375), None
(191, 382, 73, 213, 234, 110, 10, 294, 334), None
(230, 253, 107, 225, 227, 240, 58, 218, 372), None
(205, 258, 133, 225, 180, 153, 72, 335, 306), 48.0
(259, 391, 179, 102, 319, 182, 6, 338, 366), None
(221, 346, 40, 164, 224, 176, 94, 250, 355), 34.0
(208, 352, 65, 233, 341, 232, 85, 360, 272), None
(235, 267, 0, 222, 295, 307, 123, 268, 279), 36.0
(112, 341, 9, 198, 382, 164, 197, 221, 382), None
(150, 371, 150, 124, 226, 228, 41, 315, 296), None
(196, 270, 57, 196, 373, 156, 94, 360, 369), None
(153, 360, 110, 177, 364, 181, 185, 394, 340), None
(133, 374, 120, 208, 288, 224, 51, 203, 393), 39.0
(217, 314, 16, 240, 210, 305, 102, 81, 296), 46.0
(173, 341, 48, 122, 253, 227, 158, 254, 346), None
(201, 316, 21, 188, 190, 258, 118, 179, 346), 40.0
(190, 346, 76, 213, 353, 235, 118, 319, 260), 47.0
(143, 356, 52, 233, 135, 217, 68, 230, 317), None
(170, 235, 100, 306, 234, 328, 279, 261, 397), 46.0
(188, 272, 56, 228, 209, 238, 127, 247, 372), None
(209, 213, 127, 237, 304, 202, 49, 150, 374), None
(208, 172, 6, 168, 309, 209, 77, 249, 359), None
(187, 256, 42, 136, 245, 200, 73, 304, 319), None
(231, 256, 80, 364, 223, 209, 250, 111, 280), None
(88, 275, 2, 247, 298, 286, 103, 236, 338), 40.0
(149, 336, 36, 223, 339, 255, 155, 276, 392), None
(183, 193, 6, 197, 245, 275, 167, 169, 365), None
(194, 304, 69, 213, 349, 235, 42, 261, 316), None
(195, 352, 27, 231, 242, 112, 98, 274, 392), None
(227, 339, 113, 163, 389, 215, 24, 239, 231), None
(147, 322, 58, 158, 205, 188, 183, 232, 319), None
(163, 338, 87, 99, 189, 267, 91, 283, 373), None
(232, 314, 12, 136, 261, 272, 175, 255, 248), None
(247, 266, 37, 153, 270, 241, 43, 212, 270), None
(168, 322, 30, 213, 256, 179, 240, 283, 375), None
(197, 320, 32, 52, 262, 191, 115, 339, 214), None
(186, 305, 133, 210, 278, 187, 126, 200, 360), 58.0
(261, 336, 12, 155, 322, 314, 79, 311, 294), None
(259, 281, 116, 226, 339, 195, 151, 168, 317), 52.0
(89, 392, 71, 128, 237, 240, 192, 268, 368), 44.0
(301, 313, 70, 218, 234, 219, 87, 260, 322), 58.0
(218, 359, 87, 226, 248, 358, 86, 304, 389), 46.0
(164, 362, 37, 155, 83, 298, 254, 67, 290), 51.0
(174, 352, 51, 210, 190, 294, 278, 216, 345), 48.0
(144, 367, 52, 290, 105, 301, 308, 52, 356), None
(150, 289, 14, 276, 256, 241, 164, 197, 377), None
(236, 248, 110, 194, 251, 291, 114, 227, 310), None
(115, 227, 28, 164, 225, 351, 106, 179, 336), None
(185, 363, 26, 213, 238, 277, 185, 182, 369), None
(165, 319, 136, 258, 196, 339, 168, 97, 232), None
(128, 333, 24, 229, 125, 332, 201, 291, 272), 42.0
(168, 370, 39, 144, 282, 164, 168, 190, 281), None
(82, 201, 67, 148, 288, 331, 138, 182, 300), 40.0
(159, 396, 61, 89, 181, 325, 70, 269, 339), 36.0
(164, 154, 10, 283, 182, 315, 45, 236, 304), None
(141, 288, 95, 161, 189, 271, 50, 254, 351), None
(99, 276, 16, 212, 354, 193, 213, 236, 369), None
(135, 362, 101, 154, 295, 233, 31, 202, 311), None
(145, 328, 95, 245, 238, 191, 202, 162, 369), 38.0
(163, 312, 88, 235, 259, 315, 117, 235, 376), None
(101, 371, 33, 216, 165, 287, 157, 203, 289), 46.0
(211, 303, 57, 210, 263, 331, 109, 219, 360), None
(159, 340, 2, 122, 126, 312, 237, 266, 331), 48.0
(232, 357, 45, 192, 142, 305, 55, 176, 274), None
(167, 321, 131, 191, 264, 132, 163, 332, 333), 38.0
(207, 390, 145, 139, 103, 317, 156, 215, 274), 48.0
(196, 339, 82, 218, 175, 249, 121, 206, 342), 49.0
(167, 364, 34, 102, 246, 168, 130, 305, 333), 43.0
(188, 378, 70, 165, 145, 295, 60, 237, 344), 36.0
(159, 327, 83, 130, 256, 287, 189, 262, 316), None
(147, 345, 25, 107, 235, 216, 72, 269, 253), 52.0
(215, 380, 104, 178, 227, 242, 140, 197, 234), 49.0
(207, 355, 71, 216, 212, 287, 162, 218, 266), 41.0
(172, 369, 99, 114, 209, 309, 149, 193, 285), None
(148, 308, 221, 224, 185, 189, 157, 267, 274), 47.0
(174, 385, 33, 201, 230, 141, 184, 284, 363), 42.0
(152, 396, 83, 172, 244, 288, 35, 273, 300), 42.0
(197, 337, 80, 164, 214, 284, 94, 225, 358), None
(145, 263, 181, 108, 186, 249, 135, 262, 279), 51.0
(156, 390, 39, 222, 131, 341, 111, 220, 246), None
(195, 298, 65, 112, 233, 215, 34, 189, 368), None
(235, 355, 86, 143, 151, 338, 107, 199, 335), 50.0
(187, 357, 0, 195, 290, 196, 93, 306, 313), 42.0
(198, 367, 87, 178, 111, 282, 158, 288, 378), None
(141, 297, 5, 160, 248, 263, 104, 257, 309), None
(185, 392, 21, 159, 263, 232, 88, 305, 367), None
(110, 365, 66, 164, 182, 329, 130, 279, 356), None
(263, 398, 65, 260, 145, 290, 143, 216, 275), 40.0
(154, 324, 138, 214, 195, 321, 207, 255, 319), None
(188, 316, 95, 217, 213, 277, 137, 160, 349), 44.0
(156, 325, 93, 220, 154, 380, 120, 148, 304), 46.0
(160, 342, 59, 244, 155, 295, 24, 100, 263), None
(237, 302, 97, 208, 233, 274, 68, 278, 280), None
(240, 347, 59, 250, 201, 267, 119, 272, 245), None
(158, 367, 65, 265, 178, 282, 162, 364, 278), 44.0
(242, 363, 51, 198, 268, 195, 130, 298, 316), 42.0
(167, 387, 31, 189, 254, 300, 135, 262, 293), 49.0
(175, 382, 102, 210, 139, 248, 138, 254, 228), 54.0
(202, 318, 89, 227, 83, 267, 86, 211, 216), 44.0
(262, 338, 100, 207, 129, 230, 74, 223, 232), None
(224, 396, 2, 247, 286, 239, 108, 252, 328), 42.0
(190, 293, 90, 241, 204, 253, 134, 247, 297), 52.0
(172, 270, 11, 246, 256, 292, 114, 233, 290), None
(310, 342, 106, 220, 155, 241, 127, 238, 259), 49.0
(255, 379, 56, 245, 197, 197, 189, 218, 264), None
(262, 366, 152, 178, 147, 224, 143, 223, 309), 55.0
(256, 392, 135, 222, 152, 242, 115, 178, 363), None
(215, 372, 75, 245, 249, 221, 158, 238, 344), 53.0
(237, 393, 158, 176, 72, 203, 163, 254, 193), 47.0
(209, 342, 144, 238, 247, 218, 171, 270, 322), 48.0
(254, 398, 85, 195, 204, 243, 126, 217, 329), 50.0
(226, 360, 136, 238, 210, 282, 54, 217, 306), 46.0
(251, 350, 116, 252, 143, 235, 132, 188, 272), 46.0
(182, 367, 62, 231, 307, 263, 121, 304, 316), 45.0
(128, 320, 70, 244, 225, 342, 158, 197, 258), 52.0
(223, 362, 85, 196, 192, 200, 131, 236, 272), 42.0
(210, 310, 111, 300, 231, 215, 182, 203, 278), None
(228, 352, 80, 264, 318, 239, 118, 236, 362), None
(244, 349, 137, 249, 145, 250, 123, 237, 299), 44.0
(269, 308, 77, 252, 236, 338, 55, 230, 317), None
(270, 381, 16, 205, 258, 213, 229, 325, 394), 42.0
(197, 354, 14, 176, 248, 181, 156, 292, 259), 51.0
(217, 326, 97, 235, 234, 296, 70, 215, 263), None
(224, 389, 101, 152, 192, 224, 102, 292, 355), None
(232, 369, 92, 256, 175, 246, 109, 333, 279), None
(178, 345, 50, 264, 127, 195, 114, 222, 342), None
(238, 252, 35, 305, 323, 283, 151, 274, 289), 48.0
(199, 344, 100, 267, 237, 339, 29, 198, 320), 48.0
(259, 379, 15, 286, 212, 215, 217, 161, 314), 46.0
(243, 391, 56, 324, 244, 249, 146, 261, 282), None
(245, 380, 119, 259, 246, 221, 151, 271, 283), 40.0
(246, 366, 70, 287, 237, 179, 229, 243, 342), 46.0
(195, 359, 88, 272, 241, 212, 184, 230, 288), 45.0
(231, 313, 20, 207, 264, 160, 161, 256, 355), None
(236, 381, 76, 235, 201, 230, 257, 284, 397), 49.0
(242, 367, 102, 182, 244, 190, 120, 290, 281), 56.0
(209, 329, 158, 321, 217, 313, 205, 223, 274), 48.0
(213, 326, 86, 284, 332, 261, 133, 329, 299), 38.0
(222, 380, 81, 142, 90, 233, 136, 267, 295), None
(246, 390, 98, 252, 201, 186, 195, 273, 291), None
(246, 347, 114, 203, 297, 190, 161, 342, 263), None
(253, 365, 101, 199, 284, 226, 163, 233, 244), None
(249, 327, 120, 271, 202, 227, 209, 311, 274), 52.0
(256, 370, 146, 200, 158, 201, 80, 225, 288), None
(296, 393, 100, 206, 159, 212, 133, 328, 290), 48.0
(259, 356, 88, 291, 261, 250, 152, 310, 231), 56.0
(189, 369, 76, 282, 211, 273, 175, 227, 317), 50.0
(276, 374, 124, 266, 252, 239, 131, 313, 256), None
(197, 343, 124, 265, 248, 238, 202, 269, 331), 56.0
(195, 306, 58, 272, 242, 257, 222, 247, 307), None
(189, 290, 74, 372, 349, 195, 202, 250, 346), 49.0
(247, 377, 31, 361, 323, 230, 174, 256, 318), None
(202, 394, 98, 259, 237, 278, 130, 277, 266), None
(216, 388, 68, 218, 328, 233, 64, 376, 302), None
(259, 397, 36, 315, 322, 232, 170, 269, 288), None
(257, 398, 35, 260, 209, 263, 134, 305, 258), 36.0
(238, 320, 177, 263, 264, 191, 133, 334, 287), 38.0
(156, 370, 43, 363, 375, 262, 177, 244, 324), None
(276, 398, 133, 223, 244, 239, 120, 266, 294), 43.0
(228, 325, 83, 311, 320, 233, 150, 322, 243), None
(197, 297, 122, 258, 285, 289, 123, 301, 291), 54.0
(201, 366, 29, 212, 323, 247, 190, 326, 351), 44.0
(204, 308, 147, 292, 287, 249, 135, 319, 333), 56.0
(205, 341, 95, 286, 303, 237, 193, 283, 305), 44.0
(269, 366, 96, 289, 238, 141, 239, 306, 323), None
(200, 345, 103, 176, 263, 226, 135, 271, 288), 54.0
(241, 337, 89, 239, 226, 253, 157, 273, 355), 43.0
(338, 328, 154, 253, 178, 197, 146, 301, 226), None
(204, 368, 66, 195, 189, 216, 154, 317, 310), 52.0
(316, 372, 93, 250, 190, 231, 143, 357, 238), 51.0
(308, 383, 53, 280, 190, 219, 126, 257, 241), 44.0
(253, 328, 75, 246, 223, 196, 162, 283, 313), 51.0
(287, 360, 120, 272, 214, 225, 132, 320, 288), 52.0
(229, 322, 72, 302, 263, 250, 143, 376, 278), 44.0
(125, 379, 117, 189, 236, 284, 100, 301, 314), 42.0
(251, 390, 98, 303, 276, 247, 102, 329, 266), None
(266, 369, 126, 262, 256, 207, 229, 340, 335), None
(257, 332, 78, 192, 187, 251, 100, 318, 249), None
(235, 347, 50, 299, 251, 206, 207, 230, 314), None
(300, 379, 125, 249, 234, 225, 106, 254, 282), 50.0
(308, 360, 123, 235, 232, 188, 132, 323, 187), None
(185, 370, 112, 310, 214, 302, 165, 307, 262), 50.0
(182, 375, 143, 206, 200, 229, 90, 275, 335), 38.0
(252, 358, 97, 273, 225, 247, 161, 281, 260), None
(159, 349, 154, 249, 216, 254, 202, 310, 316), 63.0
(178, 374, 113, 221, 224, 235, 120, 277, 341), None
(202, 394, 90, 224, 268, 241, 71, 254, 325), 42.0
(267, 305, 68, 180, 207, 234, 35, 273, 278), 36.0
(192, 348, 59, 246, 229, 218, 121, 257, 350), None
(160, 371, 65, 231, 258, 281, 130, 265, 329), 46.0
(183, 391, 105, 218, 135, 217, 136, 237, 319), 54.0
(190, 379, 136, 258, 173, 274, 144, 278, 288), 48.0
(170, 363, 97, 264, 290, 243, 178, 286, 294), None
(159, 342, 48, 219, 268, 316, 94, 352, 337), None
(250, 287, 150, 269, 220, 257, 118, 275, 283), 50.0
(194, 338, 163, 207, 184, 188, 88, 264, 261), 50.0
(160, 355, 139, 206, 159, 226, 146, 286, 326), 58.0
(219, 293, 90, 159, 217, 187, 39, 220, 248), 42.0
(220, 323, 138, 166, 225, 168, 112, 317, 299), 45.0
(204, 323, 55, 139, 231, 281, 70, 307, 329), None
(208, 323, 148, 204, 267, 241, 7, 264, 296), None
(249, 369, 106, 178, 191, 233, 75, 234, 312), None
(135, 312, 55, 174, 300, 230, 87, 281, 345), None
(255, 270, 112, 231, 221, 242, 43, 282, 322), None
(227, 325, 81, 204, 261, 184, 46, 293, 326), None
(241, 364, 102, 157, 276, 230, 88, 306, 349), 43.0
(218, 284, 65, 188, 209, 239, 78, 248, 312), None
(222, 329, 69, 237, 204, 165, 54, 278, 303), 44.0
(155, 275, 88, 220, 225, 255, 115, 235, 379), None
(208, 265, 80, 225, 134, 239, 43, 203, 274), None
(220, 339, 129, 208, 149, 272, 47, 175, 284), None
(268, 358, 110, 200, 216, 222, 75, 300, 336), None
(216, 358, 64, 169, 302, 227, 66, 320, 299), 46.0
(217, 328, 51, 241, 260, 268, 141, 285, 344), 50.0
(248, 394, 117, 180, 230, 208, 80, 261, 333), None
(235, 372, 110, 147, 211, 224, 102, 278, 356), None
(184, 368, 105, 201, 206, 235, 64, 274, 313), 52.0
(231, 363, 78, 166, 179, 261, 78, 297, 316), None
(246, 382, 69, 198, 240, 224, 44, 328, 284), None
(195, 342, 107, 226, 284, 228, 36, 329, 317), 44.0
(190, 330, 88, 247, 264, 267, 54, 275, 317), 44.0
(169, 361, 88, 212, 154, 179, 59, 248, 350), None
(212, 351, 157, 221, 251, 221, 23, 304, 338), None
(235, 382, 116, 275, 163, 246, 87, 287, 323), 50.0
(323, 363, 98, 180, 214, 181, 98, 294, 262), None
(228, 354, 171, 193, 244, 184, 73, 262, 258), 44.0
(242, 326, 75, 209, 208, 175, 74, 210, 282), 44.0
(292, 332, 129, 169, 218, 219, 28, 285, 276), 38.0
(236, 326, 37, 173, 261, 197, 48, 326, 353), None
