Sampler:BoTorchSampler
(54, 250, 132, 120, 397, 145), 49.333333333333336
(384, 48, 179, 327, 360, 7), 50.833333333333336
(155, 33, 44, 168, 342, 298), 47.666666666666664
(336, 200, 135, 124, 1, 37), 46.666666666666664
(160, 130, 37, 33, 154, 34), 48.666666666666664
(319, 325, 176, 42, 326, 278), 44.5
(378, 93, 395, 86, 280, 233), 46.5
(147, 169, 208, 146, 237, 81), 49.333333333333336
(287, 188, 142, 23, 270, 200), 39.666666666666664
(79, 175, 111, 338, 327, 375), 50.5
(318, 177, 143, 0, 261, 218), 44.5
(268, 230, 122, 35, 320, 178), 48.666666666666664
(300, 203, 200, 37, 196, 269), 48.666666666666664
(60, 294, 7, 358, 218, 120), 55.166666666666664
(319, 81, 191, 0, 316, 224), 51.666666666666664
(389, 265, 79, 0, 209, 161), 44.5
(370, 184, 17, 221, 230, 173), 50.0
(383, 277, 201, 224, 82, 148), 49.166666666666664
(339, 226, 153, 375, 249, 29), 56.166666666666664
(295, 252, 44, 0, 242, 266), 52.166666666666664
(293, 126, 320, 345, 217, 50), 49.333333333333336
(22, 118, 169, 202, 205, 144), 51.0
(376, 58, 169, 363, 166, 21), 45.0
(8, 389, 15, 367, 161, 119), 47.833333333333336
(204, 39, 46, 192, 173, 226), 43.833333333333336
(331, 1, 179, 311, 62, 261), 45.5
(149, 107, 276, 283, 273, 24), 51.833333333333336
(34, 18, 213, 153, 19, 56), 55.333333333333336
(233, 9, 271, 215, 145, 84), 52.0
(356, 146, 117, 224, 134, 160), 38.0
(346, 119, 115, 164, 135, 181), 41.666666666666664
(361, 99, 113, 264, 101, 166), 55.0
(196, 70, 354, 297, 305, 202), 51.0
(26, 353, 184, 312, 46, 237), 42.333333333333336
(88, 221, 197, 11, 342, 9), 46.833333333333336
(2, 395, 396, 34, 162, 333), 44.333333333333336
(154, 27, 65, 18, 167, 382), 50.0
(4, 261, 280, 270, 201, 17), 46.166666666666664
(274, 25, 6, 86, 201, 349), 52.666666666666664
(287, 211, 98, 272, 32, 289), 49.833333333333336
(163, 83, 286, 100, 50, 220), 53.5
(313, 226, 390, 285, 69, 183), 53.333333333333336
(359, 342, 394, 13, 206, 258), 48.0
(218, 239, 386, 17, 381, 308), 51.666666666666664
(364, 19, 99, 252, 129, 284), 48.0
(373, 17, 265, 375, 120, 9), 40.0
(98, 22, 391, 307, 3, 219), 48.5
(249, 297, 5, 352, 354, 53), 50.666666666666664
(351, 226, 193, 395, 37, 22), 41.666666666666664
(34, 76, 256, 344, 266, 237), 47.0
Sampler:TPESampler
(200, 230, 17, 124, 215, 233), 43.333333333333336
(308, 67, 306, 129, 58, 371), 46.5
(40, 201, 252, 26, 153, 133), 48.333333333333336
(56, 149, 198, 337, 309, 203), 44.666666666666664
(22, 157, 21, 226, 388, 3), 55.166666666666664
(198, 40, 399, 367, 145, 351), 44.5
(264, 124, 239, 234, 70, 190), 42.0
(341, 118, 391, 228, 23, 0), 45.0
(366, 197, 174, 39, 290, 274), 51.166666666666664
(251, 346, 48, 383, 70, 199), 49.166666666666664
(140, 301, 114, 294, 115, 123), 43.666666666666664
(196, 267, 128, 144, 230, 266), 45.666666666666664
(272, 254, 279, 131, 222, 141), 36.833333333333336
(270, 359, 290, 179, 0, 107), 44.166666666666664
(277, 87, 253, 264, 265, 81), 44.666666666666664
(399, 285, 337, 83, 174, 168), 47.833333333333336
(240, 396, 237, 175, 108, 54), 44.5
(124, 219, 155, 84, 348, 314), 47.833333333333336
(323, 13, 339, 295, 199, 159), 44.0
(140, 155, 239, 219, 257, 60), 51.666666666666664
(296, 101, 88, 1, 93, 233), 43.0
(296, 106, 90, 62, 83, 213), 47.833333333333336
(347, 127, 215, 260, 35, 256), 49.666666666666664
(236, 175, 280, 16, 110, 167), 52.833333333333336
(212, 250, 187, 3, 177, 305), 51.833333333333336
(381, 58, 93, 101, 123, 179), 48.333333333333336
(290, 7, 337, 174, 84, 236), 51.333333333333336
(316, 101, 155, 53, 42, 300), 44.833333333333336
(263, 315, 60, 265, 148, 140), 46.166666666666664
(219, 233, 224, 147, 201, 234), 32.333333333333336
(173, 244, 221, 142, 225, 105), 50.666666666666664
(223, 210, 274, 202, 209, 231), 41.833333333333336
(221, 217, 282, 189, 197, 230), 36.333333333333336
(221, 210, 310, 194, 197, 240), 35.666666666666664
(165, 236, 310, 115, 246, 334), 48.666666666666664
(75, 192, 317, 161, 183, 276), 50.666666666666664
(211, 276, 365, 133, 286, 218), 53.333333333333336
(179, 183, 267, 199, 196, 376), 50.5
(97, 254, 291, 199, 331, 251), 56.833333333333336
(231, 212, 371, 160, 161, 145), 54.666666666666664
(189, 230, 208, 105, 227, 193), 50.666666666666664
(222, 170, 266, 209, 208, 224), 55.5
(248, 209, 319, 192, 245, 235), 47.833333333333336
(151, 303, 260, 154, 138, 197), 47.0
(198, 227, 288, 234, 213, 397), 53.166666666666664
(5, 262, 234, 123, 285, 288), 52.333333333333336
(261, 198, 302, 246, 191, 250), 41.0
(258, 288, 300, 242, 167, 252), 42.5
(281, 198, 362, 312, 190, 324), 44.0
(245, 153, 322, 181, 134, 269), 51.333333333333336
Sampler:CmaEsSampler
(348, 303, 84, 226, 170, 79), 52.0
(190, 279, 150, 222, 124, 219), 36.0
(156, 195, 249, 195, 230, 268), None
(286, 296, 159, 151, 190, 229), 49.666666666666664
(205, 329, 293, 226, 171, 119), 50.5
(156, 85, 101, 173, 264, 324), 52.0
(165, 224, 250, 290, 188, 253), 47.833333333333336
(203, 174, 141, 143, 144, 178), 48.833333333333336
(238, 184, 191, 223, 188, 104), 54.5
(124, 297, 296, 207, 171, 184), 37.666666666666664
(116, 80, 194, 296, 255, 208), 51.166666666666664
(250, 263, 122, 180, 176, 185), 53.833333333333336
(158, 282, 184, 206, 88, 284), 48.166666666666664
(193, 326, 94, 245, 212, 176), 54.0
(39, 382, 146, 356, 132, 229), 49.5
(115, 279, 261, 184, 235, 220), 48.166666666666664
(230, 185, 300, 216, 284, 143), 56.0
(212, 281, 117, 188, 148, 182), 43.833333333333336
(173, 304, 145, 288, 147, 226), 40.333333333333336
(137, 232, 190, 334, 95, 239), 44.833333333333336
(295, 261, 108, 227, 166, 276), 44.0
(203, 284, 92, 246, 72, 131), 51.833333333333336
(244, 236, 248, 261, 205, 310), 53.166666666666664
(210, 220, 86, 297, 200, 189), 55.666666666666664
(91, 294, 168, 215, 127, 276), 49.833333333333336
(176, 315, 170, 363, 116, 248), 48.666666666666664
(236, 322, 189, 240, 115, 202), 47.5
(228, 210, 45, 141, 256, 281), 50.0
(84, 275, 49, 220, 267, 201), 49.0
(196, 264, 92, 326, 183, 233), 50.0
(264, 280, 86, 132, 130, 232), 49.666666666666664
(182, 242, 187, 196, 196, 220), None
(213, 322, 63, 238, 116, 308), 41.666666666666664
(180, 269, 144, 313, 68, 214), 43.0
(156, 375, 217, 212, 198, 276), 55.5
(261, 315, 127, 261, 125, 109), None
(398, 297, 66, 344, 171, 241), 45.5
(290, 349, 160, 186, 106, 247), 52.0
(312, 219, 52, 301, 114, 180), 47.0
(227, 272, 111, 197, 212, 214), 53.0
(321, 286, 152, 198, 103, 240), 49.0
(187, 173, 138, 232, 136, 229), 54.666666666666664
(148, 287, 171, 239, 183, 151), 42.666666666666664
(90, 287, 73, 238, 204, 247), 47.0
(192, 283, 188, 192, 129, 237), None
(248, 209, 80, 219, 58, 334), 45.166666666666664
(193, 355, 103, 223, 63, 312), 43.666666666666664
(255, 344, 38, 296, 190, 261), 47.5
(179, 223, 213, 318, 97, 219), 46.666666666666664
(220, 340, 67, 167, 83, 299), 41.833333333333336
