Sampler:TPESampler
(218, 64, 253), 48.0
(298, 234, 266), 70.0
(156, 252, 25), 48.0
(126, 56, 246), 40.0
(60, 242, 188), 70.0
(290, 284, 52), 38.0
(72, 20, 64), 78.0
(30, 216, 136), 66.0
(201, 292, 229), 48.0
(100, 166, 209), 70.0
(292, 135, 100), 48.0
(153, 97, 3), 60.0
(245, 17, 298), 42.0
(118, 166, 159), 48.0
(168, 94, 76), 62.0
(252, 54, 127), 48.0
(0, 293, 182), 44.0
(107, 190, 46), 62.0
(201, 130, 113), 62.0
(125, 2, 93), 66.0
(184, 81, 166), 69.0
(254, 32, 295), 63.0
(256, 37, 292), 64.0
(229, 116, 257), 76.0
(272, 1, 221), 44.0
(229, 55, 269), 58.0
(282, 198, 241), 65.0
(135, 274, 285), 72.0
(74, 73, 191), 46.0
(220, 29, 255), 44.0
(271, 106, 234), 64.0
(262, 2, 215), 40.0
(241, 18, 208), 56.0
(299, 44, 273), 46.0
(273, 66, 240), 50.0
(205, 12, 275), 44.0
(177, 45, 204), 36.0
(176, 262, 200), 60.0
(143, 221, 174), 46.0
(53, 51, 145), 64.0
(164, 155, 220), 70.0
(185, 18, 247), 50.0
(286, 30, 29), 48.0
(91, 78, 218), 74.0
(242, 3, 190), 58.0
(265, 62, 261), 62.0
(198, 44, 2), 67.0
(213, 236, 203), 60.0
(243, 87, 156), 42.0
(286, 96, 152), 70.0
(153, 124, 119), 65.0
(232, 85, 63), 55.0
(260, 26, 172), 48.0
(239, 44, 136), 46.0
(113, 11, 99), 58.0
(132, 183, 225), 48.0
(94, 69, 160), 68.0
(252, 59, 281), 44.0
(278, 138, 81), 40.0
(293, 148, 78), 48.0
(277, 211, 19), 58.0
(251, 115, 46), 46.0
(266, 138, 299), 70.0
(299, 89, 59), 46.0
(224, 102, 77), 40.0
(224, 171, 55), 58.0
(285, 111, 81), 46.0
(189, 126, 46), 60.0
(211, 41, 34), 48.0
(162, 11, 234), 40.0
(166, 8, 72), 58.0
(149, 24, 232), 74.0
(122, 19, 89), 40.0
(121, 35, 92), 66.0
(129, 52, 89), 60.0
(175, 102, 110), 62.0
(102, 17, 212), 46.0
(73, 0, 251), 40.0
(28, 2, 247), 54.0
(145, 281, 70), 58.0
(85, 151, 264), 50.0
(57, 22, 239), 44.0
(140, 11, 83), 70.0
(70, 32, 249), 44.0
(113, 250, 197), 54.0
(37, 2, 215), 52.0
(190, 10, 14), 48.0
(161, 18, 102), 46.0
(177, 138, 229), 63.0
(277, 35, 52), 72.0
(265, 75, 258), 56.0
(234, 47, 180), 46.0
(246, 88, 239), 42.0
(0, 8, 241), 73.0
(259, 61, 235), 54.0
(292, 28, 206), 47.0
(276, 106, 222), 52.0
(269, 15, 287), 46.0
(137, 70, 116), 70.0
(222, 38, 123), 38.0
(195, 21, 126), 72.0
(158, 39, 133), 68.0
(224, 51, 39), 48.0
(209, 121, 251), 72.0
(250, 298, 107), 50.0
(282, 81, 146), 64.0
(216, 28, 66), 76.0
(260, 1, 84), 68.0
(238, 56, 121), 38.0
(173, 55, 98), 70.0
(203, 162, 122), 58.0
(124, 38, 278), 44.0
(221, 25, 196), 42.0
(232, 47, 137), 44.0
(236, 8, 187), 40.0
(14, 9, 167), 66.0
(292, 6, 268), 46.0
(236, 14, 227), 44.0
(226, 176, 188), 52.0
(116, 192, 88), 42.0
(150, 32, 211), 46.0
(115, 195, 74), 63.0
(106, 231, 89), 44.0
(249, 65, 254), 52.0
(241, 95, 245), 48.0
(254, 58, 142), 38.0
(255, 55, 133), 52.0
(263, 20, 143), 47.0
(48, 205, 159), 44.0
(79, 41, 108), 54.0
(245, 1, 123), 50.0
(269, 71, 235), 46.0
(220, 24, 199), 40.0
(220, 25, 201), 60.0
(229, 15, 215), 44.0
(208, 60, 192), 62.0
(236, 145, 177), 48.0
(215, 47, 206), 38.0
(216, 44, 205), 36.0
(217, 49, 207), 38.0
(212, 47, 184), 46.0
(180, 34, 205), 50.0
(217, 50, 218), 65.0
(197, 41, 210), 50.0
(205, 56, 152), 58.0
(228, 64, 197), 44.0
(169, 6, 225), 44.0
(130, 31, 206), 54.0
(192, 132, 65), 48.0
(282, 75, 101), 40.0
(237, 79, 192), 62.0
(278, 47, 98), 46.0
(219, 22, 219), None
(93, 37, 115), 70.0
(212, 55, 184), 42.0
(224, 40, 171), 48.0
(257, 13, 199), 73.0
(290, 69, 77), 38.0
(291, 29, 213), 56.0
(297, 0, 57), 44.0
(287, 64, 77), 40.0
(285, 66, 97), 38.0
(288, 58, 77), 57.0
(273, 68, 203), 46.0
(230, 46, 90), 42.0
(299, 63, 73), 40.0
(277, 51, 83), 44.0
(215, 78, 102), 44.0
(284, 71, 104), 40.0
(246, 8, 138), 36.0
(245, 267, 139), 62.0
(284, 84, 129), 50.0
(240, 74, 117), 56.0
(225, 58, 94), 58.0
(202, 69, 126), 74.0
(254, 19, 151), 62.0
(270, 5, 208), 52.0
(292, 66, 78), 46.0
(281, 43, 107), 76.0
(295, 61, 69), 46.0
(266, 54, 140), 44.0
(289, 44, 86), 74.0
(299, 65, 60), 50.0
(66, 11, 94), 70.0
(235, 12, 51), 68.0
(158, 34, 133), 64.0
(250, 25, 71), 40.0
(249, 24, 69), 44.0
(261, 90, 194), 48.0
(281, 111, 110), 71.0
(184, 8, 228), 50.0
(144, 18, 245), 44.0
(220, 100, 203), 71.0
(288, 73, 72), 44.0
(242, 51, 255), 44.0
(234, 1, 98), 52.0
(248, 37, 40), 50.0
(299, 53, 104), 48.0
(272, 29, 211), 66.0
(287, 70, 115), 42.0
(228, 47, 80), 56.0
(278, 61, 123), 52.0
(294, 60, 65), 48.0
(282, 61, 148), 56.0
(255, 51, 83), 42.0
(216, 79, 218), 70.0
(240, 15, 188), 60.0
(286, 66, 78), 38.0
(288, 64, 261), 82.0
(291, 72, 74), 46.0
(282, 66, 91), 52.0
(273, 56, 79), 86.0
(223, 162, 200), None
(287, 77, 97), 44.0
(208, 74, 87), 44.0
(283, 66, 78), 40.0
(284, 65, 76), 38.0
(275, 185, 85), 44.0
(232, 8, 204), 42.0
(294, 42, 61), 54.0
(299, 56, 68), 50.0
(288, 51, 76), 46.0
(264, 0, 51), 51.0
(281, 222, 70), 52.0
(260, 23, 212), 46.0
(285, 67, 77), 36.0
(278, 120, 81), 44.0
(285, 63, 103), 30.0
(278, 59, 94), 64.0
(284, 83, 75), 40.0
(168, 65, 129), 56.0
(293, 69, 84), 44.0
(217, 6, 198), 62.0
(285, 73, 104), 44.0
(245, 46, 63), 80.0
(268, 60, 93), 44.0
(270, 70, 118), 46.0
(295, 39, 103), 40.0
(227, 52, 111), 62.0
(286, 66, 75), 36.0
(293, 36, 90), 54.0
(120, 284, 100), 43.0
(283, 77, 77), None
(284, 83, 76), 40.0
(290, 62, 72), 42.0
(276, 89, 87), 58.0
(98, 55, 242), 48.0
(87, 48, 157), 74.0
(288, 66, 80), 56.0
(297, 41, 70), 46.0
(131, 85, 143), 60.0
(274, 73, 84), 38.0
(155, 68, 85), 72.0
(276, 76, 80), 34.0
(274, 251, 65), 52.0
(279, 78, 72), 68.0
(290, 60, 81), 55.0
(299, 65, 89), 57.0
(287, 73, 56), 50.0
(269, 77, 207), 54.0
(274, 82, 133), 42.0
(253, 61, 74), 36.0
(254, 57, 65), 46.0
(281, 72, 74), 59.0
(258, 62, 83), 76.0
(210, 54, 77), 42.0
(47, 0, 25), 75.0
(263, 49, 217), 48.0
(281, 66, 60), 68.0
(294, 32, 108), 44.0
(243, 69, 120), 74.0
(285, 93, 76), 50.0
(223, 82, 79), 36.0
(236, 59, 68), 63.0
(223, 56, 80), 48.0
(246, 50, 91), 52.0
(251, 44, 86), 66.0
(232, 145, 162), 60.0
(240, 126, 144), 78.0
(251, 71, 97), 50.0
(202, 55, 129), 62.0
(265, 83, 72), 46.0
(273, 69, 82), 42.0
(289, 63, 75), 40.0
(18, 64, 80), 60.0
(269, 42, 114), 48.0
(214, 88, 139), 50.0
(278, 77, 68), 48.0
(220, 95, 102), 42.0
(289, 48, 85), 54.0
(259, 40, 208), 58.0
(287, 81, 74), 46.0
(255, 16, 93), 68.0
(282, 75, 67), 40.0
(226, 57, 196), 42.0
(282, 80, 44), 78.0
(276, 76, 63), 52.0
(291, 66, 72), 40.0
(211, 102, 81), 54.0
(294, 241, 89), 48.0
(215, 36, 92), 68.0
(293, 73, 98), 62.0
(272, 86, 58), 42.0
(231, 70, 53), 46.0
(220, 173, 78), 62.0
(285, 61, 76), 42.0
(264, 51, 86), 50.0
(173, 262, 66), 48.0
(299, 62, 150), 56.0
(285, 85, 123), 86.0
(138, 47, 87), 70.0
(206, 83, 212), 68.0
(240, 56, 221), 56.0
(276, 209, 110), 42.0
(184, 39, 98), 57.0
(279, 30, 93), 62.0
(285, 72, 105), 44.0
(163, 60, 80), 85.0
(75, 11, 131), 56.0
(299, 66, 31), 52.0
(294, 53, 74), 58.0
(281, 92, 202), 44.0
(274, 68, 138), 48.0
(291, 79, 101), 50.0
(227, 113, 82), 46.0
(295, 43, 112), 46.0
(244, 35, 70), 52.0
(250, 27, 62), 46.0
(222, 60, 77), 39.0
(201, 46, 254), 48.0
(216, 64, 77), 46.0
(293, 56, 72), 62.0
(221, 51, 67), 72.0
(233, 59, 85), 52.0
(209, 52, 60), 46.0
(288, 74, 96), 53.0
(229, 69, 126), 54.0
(224, 42, 83), 72.0
(213, 136, 90), 48.0
(221, 75, 117), 52.0
(277, 62, 81), 54.0
(269, 59, 70), 38.0
(271, 199, 146), 56.0
(195, 61, 47), 54.0
(258, 56, 74), 64.0
(262, 66, 66), None
(280, 58, 192), 58.0
(271, 70, 68), 38.0
(269, 69, 135), 42.0
(267, 64, 55), 44.0
(267, 75, 71), 40.0
(276, 49, 62), 46.0
(218, 80, 75), 40.0
(237, 47, 178), 48.0
(252, 52, 68), 44.0
(271, 58, 271), None
(211, 69, 206), 44.0
(245, 46, 155), 46.0
(284, 62, 80), 62.0
(285, 39, 88), 40.0
(274, 86, 77), 44.0
(264, 53, 119), 48.0
(237, 64, 200), 48.0
(233, 57, 185), 48.0
(166, 71, 60), 52.0
(255, 33, 37), 80.0
(248, 45, 215), 42.0
(291, 64, 166), 52.0
(147, 71, 297), 52.0
(227, 76, 141), 50.0
(241, 54, 66), 50.0
(258, 59, 70), 72.0
(218, 68, 73), 72.0
(279, 39, 88), 47.0
(278, 74, 51), 62.0
(269, 67, 84), 54.0
(232, 60, 71), 34.0
(224, 55, 94), 64.0
(247, 220, 57), 48.0
(234, 50, 62), 42.0
(227, 156, 196), 66.0
(288, 62, 77), 48.0
(282, 83, 80), 78.0
(276, 78, 69), 58.0
(238, 59, 208), 48.0
(230, 65, 71), 44.0
(263, 51, 84), 46.0
(289, 68, 68), None
(157, 58, 224), 42.0
(271, 61, 79), 50.0
(204, 74, 73), 53.0
(294, 66, 64), 44.0
(277, 49, 127), 50.0
(214, 290, 135), 76.0
(284, 71, 106), 50.0
(289, 55, 56), 65.0
(229, 62, 46), 48.0
(222, 77, 76), 50.0
(282, 54, 84), 44.0
(261, 81, 77), 36.0
(259, 43, 89), 52.0
(254, 91, 78), 62.0
(262, 72, 152), 46.0
(256, 81, 66), 48.0
(270, 233, 86), 54.0
(263, 49, 73), 48.0
(251, 59, 147), 53.0
(265, 68, 79), 38.0
(267, 69, 91), 47.0
(267, 81, 82), 86.0
(259, 76, 61), 36.0
(256, 76, 59), 83.0
(243, 85, 62), 70.0
(261, 89, 56), 54.0
(265, 180, 65), 94.0
(249, 73, 49), 40.0
(259, 80, 82), 62.0
(272, 68, 68), None
(252, 67, 124), 46.0
(273, 76, 73), 62.0
(266, 72, 51), 49.0
(259, 65, 62), 52.0
(250, 55, 138), 70.0
(243, 97, 69), 46.0
(272, 42, 56), 44.0
(256, 46, 130), 76.0
(279, 61, 213), 58.0
(277, 77, 78), 77.0
(198, 87, 42), 56.0
(285, 68, 71), 48.0
(273, 79, 94), 70.0
(238, 53, 8), 66.0
(190, 59, 63), 52.0
(268, 71, 87), 44.0
(209, 48, 118), 38.0
(206, 37, 116), 42.0
(247, 63, 80), 78.0
(221, 48, 111), 52.0
(265, 66, 77), 36.0
(263, 57, 73), 48.0
(254, 63, 84), 78.0
(180, 267, 287), 64.0
(262, 53, 144), 50.0
(267, 71, 96), 40.0
(234, 105, 123), 44.0
(280, 81, 65), 66.0
(209, 47, 120), 38.0
(214, 44, 121), 46.0
(273, 73, 133), 20.0
(216, 31, 132), 50.0
(207, 38, 127), 48.0
(199, 46, 116), 54.0
(210, 43, 122), 54.0
(274, 75, 77), 68.0
(269, 83, 75), 44.0
(279, 94, 144), 44.0
(262, 50, 205), 72.0
(285, 72, 132), 50.0
(245, 56, 132), 66.0
(258, 68, 138), 46.0
(273, 75, 69), 50.0
(267, 86, 52), 44.0
(256, 66, 110), 64.0
(250, 79, 90), 38.0
(273, 78, 93), 64.0
(235, 53, 138), 82.0
(240, 64, 128), 58.0
(289, 87, 89), 43.0
(260, 78, 99), 45.0
(266, 60, 201), 76.0
(252, 91, 82), 40.0
(282, 82, 150), 54.0
(216, 34, 114), 46.0
(292, 71, 137), 50.0
(245, 66, 102), 68.0
(275, 76, 88), 48.0
(281, 88, 56), 48.0
(287, 63, 69), 54.0
(270, 71, 79), 46.0
(262, 59, 210), 56.0
(299, 54, 190), 61.0
(193, 80, 106), 60.0
(265, 73, 94), 46.0
(256, 58, 219), 59.0
(278, 274, 62), 48.0
(253, 46, 73), 40.0
(205, 40, 123), 77.0
(225, 52, 76), 48.0
(207, 47, 117), 38.0
(230, 63, 143), 48.0
(291, 65, 113), 42.0
(203, 36, 119), 48.0
(198, 28, 130), 60.0
(263, 69, 128), 52.0
(216, 42, 123), 42.0
(240, 81, 84), 74.0
(229, 57, 67), 40.0
(249, 76, 88), 36.0
(216, 75, 99), 83.0
(250, 89, 89), None
(210, 50, 133), 52.0
(247, 43, 122), 66.0
(224, 84, 82), 78.0
(212, 49, 135), 46.0
(258, 67, 86), 62.0
(250, 76, 92), 44.0
(210, 33, 215), 50.0
(269, 71, 79), 42.0
(242, 97, 201), 51.0
(241, 81, 110), 56.0
(247, 52, 209), 54.0
(252, 63, 100), 58.0
(233, 39, 125), 46.0
(255, 78, 103), 40.0
(246, 56, 172), 64.0
(237, 68, 108), 48.0
(234, 22, 91), 48.0
(245, 89, 147), 64.0
(254, 61, 156), 44.0
(250, 74, 93), 66.0
(278, 81, 83), 60.0
(261, 247, 88), 48.0
(267, 165, 61), 54.0
(274, 73, 97), 70.0
(285, 83, 106), 58.0
(223, 50, 141), 66.0
(238, 57, 127), 50.0
(205, 45, 120), 84.0
(188, 69, 72), 52.0
(219, 46, 113), 66.0
(276, 63, 68), 50.0
(219, 76, 86), 52.0
(211, 97, 95), 54.0
(225, 33, 196), 46.0
(198, 61, 116), 38.0
(198, 60, 203), 40.0
(264, 69, 82), 64.0
(281, 66, 74), 44.0
(270, 85, 78), 44.0
(262, 68, 71), 66.0
(258, 54, 65), 52.0
(206, 40, 122), 94.0
(215, 56, 226), 42.0
(227, 93, 74), 60.0
(297, 61, 115), 38.0
(201, 62, 211), 48.0
(253, 75, 113), 68.0
(171, 48, 93), 46.0
(297, 53, 117), 60.0
(240, 80, 127), 68.0
(294, 132, 108), 52.0
(185, 50, 49), 78.0
(232, 56, 37), 76.0
(258, 74, 80), 38.0
(282, 72, 82), 40.0
(181, 61, 116), 44.0
(275, 79, 89), 51.0
(269, 25, 120), 60.0
(262, 68, 74), 46.0
(244, 65, 137), 36.0
(242, 85, 140), 78.0
(230, 229, 131), 58.0
(194, 65, 102), 50.0
(248, 65, 137), 40.0
(249, 57, 132), 74.0
(256, 90, 148), 54.0
(244, 73, 163), 44.0
(271, 259, 62), 50.0
(208, 45, 135), 46.0
(239, 39, 140), 36.0
(237, 38, 138), 44.0
(244, 31, 154), 48.0
(297, 37, 127), 50.0
(287, 71, 83), 50.0
(197, 18, 145), 48.0
(236, 30, 145), 46.0
(230, 65, 134), 48.0
(188, 60, 63), 54.0
(253, 80, 79), 46.0
(236, 82, 87), 56.0
(244, 60, 75), 48.0
(220, 72, 217), 50.0
(259, 75, 141), 38.0
(246, 86, 96), 42.0
(227, 77, 84), 46.0
(214, 34, 151), 44.0
(236, 41, 126), 70.0
(238, 45, 119), 41.0
(276, 69, 69), None
(264, 67, 57), 40.0
(268, 54, 69), 38.0
(226, 52, 68), 50.0
(293, 48, 142), 46.0
(289, 60, 105), 58.0
(250, 58, 148), 50.0
(193, 42, 59), 54.0
(205, 25, 65), 58.0
(175, 54, 141), 44.0
(287, 203, 46), 74.0
(291, 92, 133), 60.0
(289, 60, 111), 38.0
(298, 63, 98), 36.0
(296, 65, 108), 66.0
(231, 51, 73), 57.0
(299, 62, 86), 52.0
(258, 71, 77), 76.0
(257, 119, 76), 72.0
(283, 66, 73), 42.0
(252, 78, 95), 74.0
(294, 74, 158), 80.0
(243, 64, 135), 44.0
(242, 56, 150), 62.0
(280, 70, 101), 58.0
(223, 86, 102), 72.0
(249, 76, 94), 68.0
(262, 71, 80), 52.0
(271, 68, 80), 40.0
(297, 58, 206), 48.0
(257, 63, 81), 48.0
(256, 52, 77), 80.0
(105, 100, 91), 70.0
(268, 82, 70), 38.0
(264, 82, 98), 38.0
(254, 92, 102), 38.0
(214, 47, 182), 42.0
(240, 93, 103), 44.0
(152, 82, 85), 64.0
(299, 67, 66), 53.0
(230, 57, 143), 50.0
(259, 75, 140), 36.0
(219, 43, 191), 58.0
(248, 54, 137), 54.0
(262, 72, 138), 50.0
(38, 45, 197), 70.0
(221, 37, 196), 38.0
(253, 77, 156), 60.0
(260, 72, 149), 64.0
(248, 46, 234), 38.0
(229, 62, 114), 50.0
(245, 75, 265), 52.0
(240, 63, 130), 54.0
(278, 66, 129), 72.0
(289, 109, 70), 40.0
(289, 75, 98), 70.0
(253, 97, 101), 46.0
(247, 85, 143), 76.0
(252, 78, 90), 50.0
(201, 37, 128), 54.0
(285, 53, 280), 46.0
(299, 71, 88), 62.0
(283, 75, 83), 36.0
(279, 86, 90), 60.0
(277, 77, 80), 36.0
(177, 19, 136), 54.0
(275, 80, 143), 52.0
(274, 88, 78), 50.0
(283, 78, 84), 38.0
(282, 81, 84), 64.0
(240, 74, 77), 52.0
(266, 73, 82), 42.0
(269, 67, 74), 40.0
(255, 87, 88), 66.0
(291, 188, 73), 52.0
(277, 81, 61), 44.0
(292, 59, 122), 46.0
(266, 75, 81), 46.0
(283, 142, 140), 82.0
(288, 79, 95), 67.0
(205, 53, 118), 48.0
(291, 67, 149), 58.0
(298, 59, 109), 53.0
(274, 153, 91), 62.0
(278, 28, 85), 60.0
(274, 85, 87), 48.0
(262, 7, 142), 40.0
(292, 63, 109), 50.0
(286, 71, 80), 50.0
(269, 72, 66), 40.0
(260, 74, 77), 50.0
(259, 86, 160), 48.0
(237, 69, 132), 68.0
(281, 100, 71), 46.0
(284, 79, 59), 48.0
(288, 67, 105), 54.0
(272, 58, 71), 54.0
(267, 51, 55), 38.0
(244, 63, 155), 44.0
(271, 89, 49), 42.0
(258, 82, 152), 60.0
(263, 74, 76), 48.0
(279, 91, 55), 64.0
(5, 80, 168), 52.0
(272, 77, 83), 44.0
(266, 88, 92), 44.0
(275, 68, 64), 54.0
(285, 68, 145), 50.0
(249, 63, 97), 50.0
(234, 106, 86), 48.0
(232, 91, 136), 44.0
(258, 75, 80), 38.0
(249, 83, 57), 48.0
(253, 94, 100), 36.0
(246, 78, 96), 80.0
(293, 85, 87), 44.0
(256, 127, 148), 76.0
(250, 96, 94), 48.0
(138, 76, 229), 70.0
(283, 73, 75), 50.0
(241, 29, 189), 40.0
(253, 82, 90), 40.0
(61, 50, 137), 42.0
(263, 68, 70), 62.0
(259, 71, 78), 80.0
(280, 92, 85), 52.0
(282, 79, 84), 40.0
(268, 96, 67), 38.0
(160, 92, 104), 58.0
(265, 84, 70), 50.0
(280, 18, 98), 48.0
(271, 57, 64), 44.0
(289, 65, 101), 62.0
(246, 79, 92), 48.0
(250, 87, 242), 44.0
(242, 104, 254), 70.0
(238, 61, 107), 58.0
(254, 98, 96), 102.0
(254, 93, 93), None
(258, 92, 195), 80.0
(253, 98, 99), 76.0
(246, 42, 248), 68.0
(234, 47, 261), 44.0
(111, 71, 112), 42.0
(253, 84, 146), 64.0
(262, 83, 133), 48.0
(266, 107, 82), 52.0
(278, 78, 77), 63.0
(257, 68, 159), 59.0
(287, 75, 226), 54.0
(285, 77, 164), 46.0
(265, 86, 73), 42.0
(271, 71, 72), 47.0
(265, 82, 89), 50.0
(260, 65, 52), 52.0
(243, 53, 46), 48.0
(241, 78, 85), 38.0
(282, 69, 81), 56.0
(241, 75, 79), 52.0
(166, 60, 19), 56.0
(293, 62, 106), 60.0
(277, 66, 77), 42.0
(224, 36, 202), 46.0
(272, 37, 56), 90.0
(250, 85, 143), 60.0
(237, 57, 235), 56.0
(246, 72, 142), 46.0
(252, 64, 149), 68.0
(188, 62, 211), 68.0
(246, 56, 140), 48.0
(251, 73, 138), 58.0
(260, 67, 137), 46.0
(276, 80, 83), 70.0
(126, 76, 173), 58.0
(255, 80, 89), 50.0
(229, 50, 74), 40.0
(263, 13, 128), 64.0
(236, 90, 68), 79.0
(227, 57, 130), 60.0
(244, 114, 181), 48.0
(234, 32, 125), 44.0
(220, 27, 132), 48.0
(144, 62, 156), 54.0
(234, 21, 92), 40.0
(258, 90, 101), 52.0
(248, 77, 88), 42.0
(297, 71, 97), 62.0
(279, 67, 74), 52.0
(269, 70, 60), 42.0
(260, 85, 90), 58.0
(289, 44, 204), 54.0
(267, 97, 69), 38.0
(240, 31, 269), 42.0
(251, 44, 176), 50.0
(273, 104, 67), 46.0
(273, 56, 64), 42.0
(267, 95, 291), 70.0
(287, 63, 94), 44.0
(277, 103, 101), 64.0
(256, 53, 219), 70.0
(261, 85, 65), 38.0
(248, 0, 84), 65.0
(299, 66, 112), 56.0
(272, 53, 63), 36.0
(173, 61, 60), 48.0
(274, 59, 63), 41.0
(272, 37, 77), 52.0
(235, 51, 72), 74.0
(283, 55, 63), 40.0
(243, 47, 249), 46.0
(262, 91, 97), 50.0
(276, 71, 80), 46.0
(270, 159, 45), 42.0
(264, 86, 60), 66.0
(280, 76, 71), 52.0
(256, 73, 79), 76.0
(283, 68, 76), 46.0
(270, 65, 56), 40.0
(274, 63, 67), 46.0
(267, 80, 151), 50.0
(278, 82, 70), 50.0
(241, 77, 86), 42.0
(265, 50, 72), 50.0
(269, 41, 73), 42.0
(295, 73, 80), 40.0
(291, 68, 65), 42.0
(284, 57, 105), 38.0
(27, 51, 212), 56.0
(232, 35, 230), 64.0
(248, 54, 236), 52.0
(251, 169, 242), 48.0
(276, 97, 60), 36.0
(237, 115, 65), 48.0
(275, 178, 63), 46.0
(263, 89, 50), 65.0
(277, 74, 60), 42.0
(285, 64, 76), 36.0
(281, 62, 61), 70.0
(289, 101, 55), 44.0
(283, 67, 55), 44.0
(277, 71, 75), 72.0
(287, 9, 69), 80.0
(284, 59, 51), 48.0
(292, 65, 81), 50.0
(280, 79, 77), 56.0
(272, 71, 68), 44.0
(278, 60, 83), 68.0
(286, 84, 60), 74.0
(273, 77, 74), 66.0
(292, 65, 40), 54.0
(281, 74, 86), 42.0
(277, 95, 76), 68.0
(270, 123, 69), 44.0
(286, 69, 54), 46.0
(260, 58, 81), 36.0
(262, 110, 83), 56.0
(255, 214, 89), 57.0
(267, 59, 77), 67.0
(293, 58, 88), 44.0
(276, 55, 83), 38.0
(267, 63, 66), 74.0
(261, 56, 80), 40.0
(286, 52, 73), 47.0
(271, 65, 75), 42.0
(256, 88, 89), 72.0
(265, 70, 81), 52.0
(280, 82, 62), 42.0
(258, 140, 75), 36.0
(262, 136, 69), 50.0
(247, 47, 93), 42.0
(255, 58, 57), 77.0
(258, 126, 77), 48.0
(292, 51, 68), 44.0
(252, 117, 85), 42.0
(259, 133, 72), 54.0
(275, 61, 79), 39.0
(247, 48, 91), 54.0
(151, 197, 68), 58.0
(82, 64, 58), 58.0
(255, 102, 65), 48.0
(269, 70, 63), 38.0
(241, 54, 86), 52.0
(258, 101, 146), 64.0
(262, 66, 73), 50.0
(256, 90, 73), 64.0
(243, 169, 80), 58.0
(251, 110, 75), 48.0
(249, 161, 85), 64.0
(272, 60, 64), 62.0
(284, 77, 153), 66.0
(288, 75, 51), 42.0
(267, 139, 2), 40.0
(279, 56, 81), 38.0
(119, 71, 139), 90.0
(253, 183, 88), 46.0
(264, 88, 93), 50.0
(293, 46, 71), 42.0
(272, 80, 80), None
(245, 193, 75), 52.0
(261, 41, 62), 58.0
(266, 150, 68), 46.0
(278, 93, 55), 78.0
(283, 62, 95), 38.0
(255, 225, 163), 74.0
(274, 298, 69), 47.0
(271, 85, 83), 48.0
(251, 5, 88), 60.0
(267, 81, 78), 48.0
(299, 75, 75), None
(100, 65, 135), 58.0
(230, 16, 146), 52.0
(259, 49, 63), 53.0
(132, 54, 71), 58.0
(263, 154, 85), 42.0
(260, 145, 97), 58.0
(283, 70, 81), 56.0
(252, 65, 43), 50.0
(268, 81, 76), 44.0
(278, 39, 80), 34.0
(92, 24, 90), 52.0
(290, 97, 83), 44.0
(276, 39, 142), 38.0
(278, 30, 89), 54.0
(286, 37, 60), 46.0
(244, 59, 70), 48.0
(239, 40, 66), 54.0
(264, 42, 91), 48.0
(293, 60, 54), 36.0
(295, 44, 54), 38.0
(299, 52, 34), 54.0
(299, 58, 48), 56.0
(294, 33, 41), 38.0
(233, 43, 94), 40.0
(275, 74, 275), None
(270, 119, 61), 48.0
(281, 51, 83), 48.0
(291, 47, 56), 42.0
(244, 44, 51), 68.0
(287, 24, 45), 76.0
(293, 36, 152), 52.0
(228, 28, 135), 46.0
(237, 51, 56), 72.0
(288, 62, 79), 46.0
(273, 40, 73), 40.0
(282, 131, 76), 60.0
(293, 84, 49), 42.0
(247, 68, 143), 54.0
(279, 68, 77), 48.0
(280, 13, 66), 54.0
(237, 88, 132), 68.0
(283, 57, 83), 36.0
(273, 54, 57), 68.0
(281, 47, 52), 54.0
(288, 49, 83), 48.0
(285, 41, 83), 68.0
(281, 96, 79), 67.0
(292, 59, 98), 53.0
(270, 78, 73), 52.0
(275, 75, 77), 72.0
(280, 33, 63), 44.0
(267, 90, 71), 54.0
(287, 56, 59), 71.0
(284, 68, 89), 50.0
(298, 51, 50), 67.0
(293, 55, 65), 42.0
(275, 81, 186), 58.0
(288, 61, 100), 48.0
(285, 71, 87), 50.0
(290, 64, 85), 80.0
(278, 45, 80), 48.0
(283, 54, 84), 42.0
(296, 63, 98), 40.0
(257, 72, 93), 60.0
(53, 69, 59), 74.0
(288, 62, 90), 44.0
(299, 50, 73), 60.0
(275, 42, 41), 58.0
(287, 32, 139), 48.0
(291, 173, 152), 56.0
(291, 106, 145), 58.0
(263, 207, 68), 54.0
(249, 60, 170), 50.0
(240, 23, 142), 44.0
(255, 58, 94), 62.0
(162, 65, 32), 78.0
(299, 54, 158), 64.0
(271, 239, 82), 52.0
(224, 75, 126), 46.0
(263, 57, 75), 58.0
(233, 78, 136), 74.0
(277, 86, 66), 52.0
(292, 70, 71), 46.0
(299, 60, 129), 49.0
(282, 36, 52), 50.0
(182, 65, 105), 42.0
(286, 145, 88), 58.0
(271, 71, 61), 38.0
(286, 62, 94), 46.0
(279, 78, 79), 44.0
(229, 43, 57), 48.0
(245, 74, 26), 42.0
(272, 79, 76), 79.0
(294, 58, 148), 46.0
(252, 114, 98), 56.0
(260, 66, 73), 48.0
(287, 52, 134), 54.0
(293, 47, 84), 48.0
(240, 53, 102), 44.0
(241, 17, 89), 58.0
(168, 47, 88), 56.0
(249, 51, 85), 44.0
(157, 56, 140), 46.0
(282, 65, 79), 36.0
(279, 68, 70), 62.0
(267, 61, 93), 48.0
(259, 75, 80), 40.0
(279, 75, 45), 46.0
(284, 93, 103), 42.0
(287, 63, 66), 72.0
(276, 84, 58), 42.0
(293, 275, 72), 66.0
(267, 41, 69), 52.0
(294, 68, 94), 40.0
(253, 28, 134), 46.0
(270, 54, 63), 44.0
(283, 59, 85), 40.0
(278, 47, 150), 64.0
(261, 90, 89), 71.0
(254, 87, 53), 46.0
(271, 70, 78), 46.0
(264, 81, 76), 42.0
(234, 39, 85), 50.0
(242, 49, 146), 62.0
(281, 71, 100), 48.0
(270, 78, 79), 68.0
(274, 7, 79), 49.0
(265, 33, 84), 44.0
(260, 100, 66), 68.0
(275, 83, 93), 36.0
(267, 92, 70), 43.0
(255, 101, 105), 54.0
(284, 65, 61), 52.0
(289, 57, 73), 50.0
(260, 85, 82), 60.0
(258, 93, 84), 40.0
(279, 71, 108), 56.0
(265, 79, 52), 44.0
(288, 70, 90), 38.0
(276, 58, 74), 62.0
(294, 66, 79), 45.0
(285, 46, 96), 38.0
(278, 56, 72), 68.0
(225, 82, 126), 70.0
(263, 81, 69), 68.0
(269, 76, 75), 65.0
(272, 109, 64), 48.0
(140, 97, 68), 48.0
(229, 51, 104), 40.0
(299, 66, 74), 48.0
(247, 39, 192), 62.0
(236, 87, 178), 52.0
(273, 87, 94), 42.0
(282, 74, 86), 44.0
(280, 70, 62), 60.0
(251, 19, 99), 55.0
(292, 60, 199), 56.0
(289, 61, 88), 48.0
(284, 66, 59), 40.0
(280, 126, 80), 72.0
(272, 56, 92), 58.0
(291, 25, 88), 52.0
(299, 13, 84), 48.0
(224, 72, 78), 52.0
(245, 45, 163), 58.0
(274, 75, 140), 36.0
(278, 165, 68), 48.0
(267, 84, 98), 42.0
(274, 51, 130), 38.0
(287, 64, 91), 48.0
(269, 61, 97), 52.0
(284, 74, 137), 52.0
(280, 56, 79), 54.0
(282, 52, 80), 40.0
(287, 63, 68), 46.0
(243, 66, 89), 64.0
(230, 2, 44), 70.0
(220, 88, 110), 66.0
(228, 91, 207), 49.0
(237, 83, 94), 42.0
(275, 67, 73), 48.0
(254, 78, 103), 42.0
(176, 43, 96), 56.0
(272, 73, 142), 36.0
(276, 68, 153), 54.0
(260, 75, 147), 66.0
(274, 77, 154), 54.0
(266, 72, 141), 44.0
(150, 41, 60), 67.0
(293, 83, 216), 54.0
(266, 72, 72), None
(275, 96, 139), 64.0
(234, 36, 159), 72.0
(237, 28, 85), 56.0
(258, 35, 123), 42.0
(250, 46, 146), 40.0
(278, 105, 80), 60.0
(248, 68, 134), 44.0
(243, 49, 56), 44.0
(255, 290, 49), 42.0
(283, 77, 98), 50.0
(294, 62, 85), 52.0
(277, 70, 83), 46.0
(266, 81, 111), 46.0
(268, 138, 65), 38.0
(222, 78, 102), 44.0
(289, 59, 11), 48.0
(287, 62, 89), 52.0
(271, 87, 50), 48.0
(276, 54, 75), 48.0
(269, 71, 148), 46.0
(283, 63, 82), 48.0
(240, 75, 131), 58.0
(183, 58, 122), 44.0
(261, 149, 67), 60.0
(250, 9, 137), 50.0
(256, 69, 91), 73.0
(263, 92, 74), 57.0
(289, 81, 143), 52.0
(274, 74, 223), 44.0
(264, 55, 38), 54.0
(13, 68, 75), 68.0
(273, 64, 78), 46.0
(286, 58, 72), 52.0
(268, 82, 150), 50.0
(258, 54, 138), 64.0
(235, 72, 132), 40.0
(283, 96, 66), 38.0
(71, 84, 93), 72.0
(277, 87, 158), 44.0
(271, 60, 57), 46.0
(295, 50, 298), 65.0
(229, 76, 141), 48.0
(277, 67, 135), 48.0
(263, 63, 203), 52.0
(257, 177, 60), 44.0
(270, 55, 68), 40.0
(271, 76, 148), 48.0
(278, 68, 166), 42.0
(285, 81, 93), 42.0
(296, 35, 108), 52.0
(232, 39, 155), 58.0
(274, 84, 146), 64.0
(277, 79, 145), 46.0
(281, 47, 132), 48.0
(248, 26, 127), 44.0
(271, 91, 76), 46.0
(113, 73, 136), 50.0
(294, 67, 83), 46.0
(283, 90, 62), 48.0
(271, 99, 70), 44.0
(269, 87, 113), 42.0
(267, 83, 117), 44.0
(266, 80, 210), 74.0
(288, 70, 99), 44.0
(218, 48, 144), 52.0
(125, 41, 77), 66.0
(281, 45, 45), None
(262, 0, 87), 61.0
(264, 31, 80), 54.0
(290, 52, 47), 42.0
(283, 21, 127), 74.0
(261, 219, 152), 58.0
(282, 74, 141), 44.0
(276, 72, 136), 60.0
(273, 39, 185), 48.0
(259, 120, 64), 50.0
(291, 188, 81), 70.0
(269, 76, 106), 42.0
(299, 46, 95), 44.0
(265, 62, 58), 40.0
(253, 53, 53), None
(259, 79, 75), 63.0
(281, 88, 67), 60.0
(278, 94, 70), 56.0
(276, 83, 61), 82.0
(277, 159, 140), 48.0
(255, 76, 86), 44.0
(290, 66, 122), 54.0
(281, 98, 80), 36.0
(244, 58, 142), 44.0
(284, 103, 139), 40.0
(288, 60, 82), 68.0
(265, 89, 89), None
(272, 57, 100), 42.0
(223, 75, 150), 66.0
(244, 110, 92), 73.0
(269, 76, 92), 46.0
(192, 65, 72), 48.0
(257, 96, 90), 60.0
(164, 47, 75), 72.0
(284, 66, 86), 34.0
(297, 69, 21), 50.0
(253, 71, 85), 38.0
(285, 63, 64), 70.0
(281, 66, 130), 50.0
(274, 79, 196), 46.0
(264, 72, 102), 50.0
(263, 72, 97), 50.0
(275, 81, 88), 50.0
(248, 78, 131), 56.0
(280, 67, 142), 70.0
(145, 103, 163), 50.0
(293, 57, 284), 54.0
(286, 53, 77), 44.0
(290, 66, 154), 46.0
(294, 71, 136), 62.0
(261, 83, 81), 64.0
(244, 30, 126), 52.0
(286, 71, 52), 54.0
(289, 94, 90), 40.0
(273, 62, 106), 56.0
(299, 54, 85), 46.0
(239, 68, 80), 50.0
(284, 75, 77), 56.0
(258, 66, 71), 58.0
(270, 63, 56), 44.0
(227, 34, 208), 70.0
(279, 38, 146), 46.0
(292, 72, 95), 58.0
(281, 81, 102), 56.0
(274, 76, 81), 36.0
(214, 78, 69), 52.0
(41, 65, 133), 66.0
(283, 62, 83), 74.0
(284, 62, 82), 34.0
(293, 58, 75), 60.0
(281, 64, 201), 58.0
(267, 89, 86), 48.0
(257, 69, 78), 58.0
(288, 84, 93), 40.0
(290, 60, 86), 46.0
(249, 45, 110), 46.0
(253, 43, 50), 38.0
(273, 12, 86), 48.0
(281, 50, 97), 50.0
(280, 103, 99), 38.0
(278, 59, 87), 46.0
(279, 69, 89), 54.0
(286, 54, 84), 42.0
(299, 54, 72), 74.0
(291, 106, 77), 46.0
(282, 64, 93), 44.0
(274, 99, 219), 82.0
(287, 249, 80), 80.0
(299, 61, 77), 38.0
(257, 80, 70), 50.0
(283, 111, 62), 48.0
(64, 98, 66), 36.0
(3, 94, 65), 78.0
(285, 67, 82), 62.0
(135, 63, 28), 68.0
(171, 89, 74), 48.0
(249, 92, 180), 44.0
(294, 59, 71), 57.0
(30, 85, 102), 78.0
(266, 74, 88), 44.0
(274, 101, 259), 56.0
(275, 73, 154), 46.0
(275, 109, 81), 54.0
(289, 85, 85), None
(281, 70, 139), 49.0
(296, 79, 94), 63.0
(292, 78, 92), 46.0
(268, 68, 76), 44.0
(275, 91, 99), 61.0
(286, 57, 57), None
(270, 39, 54), 66.0
(253, 118, 80), 50.0
(259, 135, 77), 58.0
(84, 50, 169), 46.0
(278, 24, 73), 44.0
(281, 57, 85), 42.0
(265, 126, 59), 40.0
(270, 72, 82), 38.0
(269, 97, 82), 52.0
(110, 45, 60), 78.0
(274, 33, 146), 48.0
(213, 82, 200), 54.0
(266, 76, 90), 44.0
(264, 65, 88), 62.0
(289, 49, 106), 50.0
(64, 62, 93), 70.0
(292, 53, 99), 74.0
(31, 73, 70), 68.0
(88, 73, 73), None
(240, 27, 141), 54.0
(93, 152, 116), 46.0
(287, 53, 66), 40.0
(299, 48, 68), 64.0
(188, 46, 85), 64.0
(178, 81, 188), 52.0
(262, 67, 75), 44.0
(279, 18, 148), 50.0
(54, 107, 212), 50.0
(269, 55, 64), 40.0
(262, 111, 78), 56.0
(103, 43, 68), 72.0
(121, 98, 78), 58.0
(278, 104, 71), 48.0
(271, 202, 82), 70.0
(279, 58, 74), 74.0
(218, 140, 67), 56.0
(223, 37, 79), 48.0
(284, 65, 72), 42.0
(274, 63, 90), 42.0
(265, 92, 80), 50.0
(252, 7, 85), 46.0
(284, 71, 88), 52.0
(58, 92, 62), 50.0
(280, 112, 77), 56.0
(98, 100, 81), 43.0
(269, 33, 65), 44.0
(78, 85, 66), 58.0
(285, 99, 93), 52.0
(234, 88, 126), 48.0
(15, 61, 64), 66.0
(140, 61, 56), 60.0
(193, 131, 137), 48.0
(262, 67, 69), 66.0
(20, 96, 97), 67.0
(230, 41, 71), 38.0
(287, 50, 155), 48.0
(276, 101, 86), 50.0
(74, 59, 74), None
(24, 69, 83), 68.0
(279, 87, 93), 56.0
(276, 77, 158), 54.0
(156, 98, 131), 78.0
(132, 98, 131), 78.0
(153, 80, 59), 65.0
(253, 86, 194), 44.0
(117, 78, 93), 68.0
(165, 77, 62), 56.0
(276, 73, 86), 46.0
(274, 72, 80), 38.0
(281, 95, 42), 38.0
(261, 54, 76), 54.0
(238, 166, 80), 66.0
(260, 93, 68), 56.0
(250, 19, 73), 44.0
(287, 113, 76), 62.0
(248, 57, 121), 48.0
(246, 78, 88), 38.0
(286, 60, 67), 68.0
(203, 106, 81), 62.0
(294, 120, 111), 46.0
(273, 102, 103), 60.0
(246, 66, 130), 42.0
(281, 74, 84), 44.0
(276, 74, 91), 64.0
(292, 67, 98), 42.0
(293, 61, 145), 60.0
(281, 122, 49), 46.0
(293, 183, 71), 42.0
(9, 84, 63), 60.0
(253, 51, 83), 40.0
(271, 93, 57), 58.0
(269, 107, 50), 48.0
(282, 108, 54), 58.0
(171, 30, 88), 52.0
(270, 37, 79), 59.0
(280, 51, 86), 54.0
(207, 50, 85), 52.0
(294, 55, 97), 70.0
(224, 66, 76), 44.0
(287, 55, 71), 42.0
(274, 88, 110), 65.0
(255, 115, 62), 38.0
(286, 60, 69), 50.0
(227, 44, 139), 40.0
(70, 86, 95), 56.0
(276, 76, 74), 66.0
(288, 62, 57), 46.0
(271, 70, 83), 38.0
(264, 58, 101), 42.0
(278, 102, 93), 42.0
(295, 96, 118), 70.0
(212, 79, 91), 42.0
(269, 108, 174), 44.0
(295, 69, 34), 48.0
(288, 63, 110), 44.0
(42, 80, 89), 74.0
(289, 85, 95), 46.0
(284, 80, 91), 48.0
(283, 71, 89), 65.0
(268, 73, 158), 54.0
(232, 31, 203), 38.0
(127, 73, 85), 53.0
(215, 0, 45), 47.0
(277, 65, 67), 63.0
(252, 89, 105), 42.0
(257, 77, 217), 54.0
(35, 72, 143), 52.0
(281, 49, 208), 40.0
(264, 54, 74), 51.0
(290, 62, 78), 44.0
(262, 116, 64), 40.0
(267, 145, 79), 42.0
(279, 88, 86), 52.0
(259, 40, 72), 45.0
(298, 57, 78), 34.0
(259, 64, 75), 46.0
(275, 83, 70), 44.0
(197, 47, 76), 72.0
(287, 96, 66), 38.0
(255, 55, 54), 61.0
(262, 91, 63), 46.0
(299, 70, 114), 50.0
(299, 68, 134), 52.0
(285, 58, 78), 48.0
(290, 59, 80), 50.0
(296, 63, 272), 52.0
(296, 57, 74), 48.0
(299, 50, 223), 48.0
(181, 59, 47), 54.0
(299, 67, 101), 52.0
(273, 57, 81), 42.0
(281, 284, 82), 84.0
(149, 42, 196), 54.0
(266, 62, 68), 52.0
(267, 84, 73), 42.0
(293, 70, 150), 46.0
(297, 67, 81), 50.0
(289, 91, 87), 40.0
(292, 74, 91), 54.0
(242, 13, 88), 60.0
(283, 102, 78), 40.0
(274, 84, 60), 56.0
(268, 80, 66), 58.0
(293, 61, 72), 36.0
(48, 50, 77), 60.0
(298, 59, 70), 68.0
(291, 69, 105), 46.0
(289, 50, 85), 48.0
(285, 64, 71), 48.0
(292, 54, 100), 36.0
(278, 50, 105), 50.0
(245, 55, 148), 64.0
(292, 65, 63), 50.0
(240, 210, 82), 62.0
(235, 43, 84), 54.0
(282, 74, 79), 48.0
(282, 78, 125), 48.0
(277, 89, 135), 48.0
(287, 69, 92), 40.0
(273, 56, 90), 56.0
(292, 55, 97), 72.0
(237, 49, 83), 52.0
(240, 46, 85), 58.0
(292, 58, 73), 74.0
(290, 66, 77), 40.0
(244, 80, 86), 68.0
(242, 101, 93), 46.0
(284, 76, 141), 44.0
(285, 75, 77), 50.0
(229, 38, 149), 46.0
(280, 24, 131), 52.0
(299, 61, 76), 38.0
(272, 63, 91), 38.0
(286, 260, 88), 58.0
(299, 83, 84), 56.0
(61, 76, 68), 44.0
(249, 192, 164), 66.0
(255, 46, 289), 44.0
(298, 55, 80), 40.0
(299, 65, 97), 42.0
(247, 64, 99), 40.0
(211, 44, 70), 44.0
(188, 43, 190), 66.0
(270, 72, 77), 48.0
(290, 69, 70), 41.0
(277, 63, 76), 38.0
(273, 155, 75), 30.0
(293, 151, 80), 56.0
(278, 158, 127), 50.0
(275, 171, 112), 62.0
(267, 138, 266), 48.0
(248, 158, 67), 36.0
(262, 157, 73), 50.0
(289, 163, 64), 60.0
(294, 51, 81), 40.0
(276, 163, 85), 46.0
(264, 143, 152), 48.0
(285, 158, 74), 50.0
(247, 155, 56), 46.0
(249, 143, 58), 56.0
(258, 146, 72), 46.0
(296, 165, 119), 44.0
(157, 135, 67), 74.0
(238, 142, 61), 44.0
(268, 54, 105), 46.0
(295, 154, 105), 44.0
(286, 70, 86), 40.0
(272, 37, 132), 70.0
(222, 147, 121), 66.0
(292, 66, 38), 40.0
(283, 153, 73), 45.0
(286, 59, 76), 68.0
(279, 44, 91), 54.0
(205, 51, 65), 66.0
(280, 149, 214), 52.0
(293, 171, 55), 52.0
Sampler:BoTorchSampler
(147, 213, 169), 73.0
(179, 193, 107), 54.0
(24, 84, 214), 44.0
(266, 5, 120), 84.0
(138, 176, 40), 62.0
(257, 18, 242), 38.0
(45, 38, 158), 72.0
(245, 12, 105), 50.0
(61, 109, 256), 54.0
(264, 232, 59), 50.0
(251, 16, 142), 46.0
(251, 16, 123), 46.0
(250, 17, 94), 78.0
(247, 16, 298), 50.0
(206, 77, 265), 76.0
(231, 228, 0), 64.0
(23, 0, 277), 55.0
(144, 0, 290), 56.0
(93, 147, 149), 74.0
(49, 12, 293), 48.0
(257, 0, 266), 44.0
(241, 0, 261), 48.0
(44, 0, 256), 47.0
(158, 0, 251), 54.0
(125, 0, 247), 71.0
(256, 0, 261), 38.0
(280, 0, 258), 35.0
(144, 0, 252), 50.0
(288, 0, 247), 56.0
(140, 0, 30), 69.0
(198, 0, 85), 75.0
(0, 95, 126), 65.0
(49, 0, 218), 52.0
(242, 0, 146), 59.0
(0, 106, 29), 65.0
(0, 94, 298), 40.0
(0, 155, 40), 71.0
(0, 151, 6), 60.0
(0, 156, 41), 73.0
(0, 157, 102), 79.0
(0, 143, 157), 55.0
(0, 156, 117), 74.0
(0, 156, 109), 53.0
(0, 155, 237), 46.0
(0, 165, 44), 79.0
(0, 162, 120), 64.0
(0, 170, 108), 56.0
(0, 176, 25), 50.0
(0, 176, 246), 44.0
(0, 184, 223), 53.0
(0, 154, 119), 61.0
(0, 152, 29), 56.0
(0, 157, 218), 39.0
(0, 154, 201), 48.0
(0, 152, 79), 58.0
(0, 155, 231), 50.0
(0, 153, 266), 50.0
(0, 296, 246), 44.0
(0, 280, 260), 47.0
(175, 0, 54), 54.0
(73, 119, 54), 76.0
(135, 131, 53), 54.0
(119, 0, 183), 51.0
(240, 0, 177), 36.0
(0, 221, 187), 58.0
(0, 216, 39), 49.0
(0, 217, 243), 40.0
(0, 219, 205), 36.0
(0, 228, 10), 47.0
(0, 224, 54), 51.0
(0, 225, 252), 52.0
(0, 220, 0), None
(53, 225, 226), 44.0
(62, 47, 192), 46.0
(68, 50, 80), 72.0
(67, 185, 226), 80.0
(0, 293, 0), None
(0, 175, 0), None
(0, 246, 0), None
(0, 10, 0), None
(0, 134, 0), None
(6, 117, 181), 54.0
(0, 258, 0), None
(0, 163, 0), None
(0, 44, 0), None
(0, 208, 0), None
(175, 0, 274), 46.0
(0, 145, 0), None
(0, 66, 0), None
(0, 273, 0), None
(0, 183, 0), None
(0, 53, 0), None
(0, 50, 0), None
(0, 158, 0), None
(0, 255, 0), None
(0, 205, 0), None
(0, 285, 0), None
(0, 177, 0), None
(0, 62, 0), None
(0, 190, 0), None
(0, 242, 0), None
(0, 170, 0), None
(0, 156, 0), None
(0, 268, 0), None
(0, 173, 0), None
(0, 147, 0), None
(0, 155, 0), None
(0, 233, 0), None
(0, 251, 0), None
(0, 279, 0), None
(0, 30, 0), None
(0, 204, 0), None
(0, 117, 0), None
(0, 225, 0), None
(0, 189, 0), None
(124, 206, 182), 66.0
(0, 2, 146), 65.0
(0, 260, 0), None
(0, 45, 0), None
(0, 27, 0), None
(0, 281, 0), None
(0, 84, 0), None
(0, 65, 0), None
(0, 89, 0), None
(0, 198, 0), None
(0, 40, 0), None
(0, 12, 0), None
(0, 240, 142), 35.0
(0, 204, 133), 48.0
(0, 16, 131), 60.0
(0, 100, 131), 65.0
(0, 278, 131), 60.0
(0, 211, 0), None
(0, 13, 0), None
(0, 192, 0), None
(0, 179, 0), None
(0, 186, 0), None
(0, 120, 0), None
(0, 105, 0), None
(0, 17, 0), None
(0, 284, 0), None
(0, 243, 0), None
(0, 76, 150), 46.0
(0, 74, 190), 48.0
(0, 224, 0), None
(0, 72, 167), 55.0
(0, 73, 294), 38.0
(0, 72, 99), 46.0
(0, 73, 252), 36.0
(0, 70, 207), 49.0
(0, 299, 0), None
(0, 72, 182), 77.0
(0, 83, 49), 54.0
(0, 81, 177), 69.0
(0, 82, 142), 65.0
(0, 82, 227), 69.0
(0, 194, 0), None
(0, 288, 0), None
(0, 265, 0), None
(0, 157, 0), None
(0, 154, 0), None
(36, 0, 243), 47.0
(0, 107, 0), None
(0, 108, 154), 58.0
(0, 200, 0), None
(0, 181, 0), None
(0, 28, 0), None
(0, 121, 0), None
(0, 61, 0), None
(0, 98, 0), None
(11, 35, 254), 78.0
(235, 0, 229), 50.0
(0, 236, 209), 57.0
(198, 0, 237), 44.0
(175, 0, 195), 41.0
(157, 41, 6), 54.0
(0, 169, 0), None
(0, 132, 152), 50.0
(281, 246, 219), 58.0
(0, 136, 0), None
(0, 119, 0), None
(222, 240, 253), 56.0
(0, 133, 70), 70.0
(0, 195, 0), None
(259, 288, 149), 55.0
(178, 147, 219), 52.0
(0, 49, 0), None
(271, 107, 129), 51.0
(21, 172, 162), 48.0
(292, 94, 186), 48.0
(137, 0, 266), 41.0
(70, 118, 138), 80.0
(115, 0, 205), 44.0
(0, 212, 0), None
(230, 0, 224), 60.0
(0, 100, 0), None
(0, 53, 190), 50.0
(0, 57, 0), None
(24, 259, 228), 40.0
(0, 76, 197), 48.0
(0, 10, 265), 73.0
(48, 283, 224), 58.0
(108, 55, 72), 84.0
(0, 133, 0), None
(273, 47, 33), 42.0
(273, 41, 107), 58.0
(0, 217, 0), None
(80, 0, 64), 69.0
(148, 0, 209), 67.0
(276, 0, 252), 52.0
(26, 190, 265), 46.0
(60, 122, 132), 63.0
(0, 225, 65), 65.0
(0, 223, 156), 44.0
(253, 231, 280), 36.0
(290, 140, 50), 42.0
(118, 144, 151), 56.0
(93, 144, 198), 50.0
(274, 147, 54), 52.0
(89, 195, 233), 42.0
(60, 104, 158), 86.0
(204, 150, 171), 52.0
(96, 155, 13), 78.0
(205, 140, 278), 60.0
(141, 175, 142), 66.0
(242, 248, 275), 42.0
(79, 149, 192), 68.0
(121, 295, 241), 74.0
(50, 152, 257), 70.0
(141, 148, 198), 44.0
(224, 146, 156), 56.0
(18, 146, 42), 60.0
(70, 143, 208), 38.0
(208, 60, 72), 44.0
(203, 148, 252), 52.0
(204, 157, 109), 52.0
(221, 148, 14), 68.0
(276, 149, 162), 48.0
(184, 147, 242), 84.0
(276, 146, 289), 63.0
(229, 229, 89), None
(180, 108, 176), 50.0
(57, 36, 261), 56.0
(179, 24, 276), 47.0
(173, 261, 160), 56.0
(25, 285, 188), 62.0
(151, 121, 229), 48.0
(179, 3, 164), 42.0
(295, 90, 239), 56.0
(248, 269, 28), 50.0
(253, 50, 31), 62.0
(94, 204, 299), 45.0
(241, 59, 249), 52.0
(280, 298, 251), 48.0
(0, 237, 234), 50.0
(100, 183, 201), 65.0
(108, 256, 82), 54.0
(86, 51, 39), 72.0
(127, 284, 1), 76.0
(133, 166, 142), 66.0
(40, 157, 80), 61.0
(0, 203, 33), 69.0
(203, 90, 140), 72.0
(134, 151, 33), 52.0
(15, 23, 235), 48.0
(141, 118, 273), 50.0
(31, 161, 254), 38.0
(171, 155, 141), 36.0
(192, 228, 131), 46.0
(149, 80, 54), 48.0
(188, 178, 75), 48.0
(290, 84, 266), 78.0
(224, 112, 171), 56.0
(23, 18, 277), 46.0
(255, 261, 170), 46.0
(9, 28, 293), 52.0
(269, 186, 175), 68.0
(130, 278, 57), 56.0
(128, 153, 178), 82.0
(52, 231, 156), 54.0
(281, 105, 227), 61.0
(290, 123, 186), 86.0
(109, 165, 4), 70.0
(131, 266, 222), 50.0
(163, 265, 284), 83.0
(291, 100, 297), 49.0
(277, 110, 229), 42.0
(103, 294, 181), 70.0
(142, 20, 217), 42.0
(63, 29, 264), 60.0
(161, 159, 118), 39.0
(275, 136, 151), 54.0
(282, 186, 49), 83.0
(0, 217, 83), 59.0
(0, 211, 269), 56.0
(0, 98, 149), 55.0
(22, 16, 149), 46.0
(36, 182, 67), 54.0
(114, 226, 98), 56.0
(299, 139, 45), 44.0
(213, 289, 42), 52.0
(261, 57, 265), 46.0
(142, 288, 269), 72.0
(254, 283, 11), 42.0
(209, 44, 134), 50.0
(107, 261, 94), 50.0
(70, 63, 176), 56.0
(86, 245, 279), 44.0
(25, 196, 190), 46.0
(108, 143, 148), 34.0
(69, 247, 269), 50.0
(69, 46, 271), 42.0
(73, 152, 121), 48.0
(286, 15, 118), 54.0
(168, 238, 225), 48.0
(214, 1, 294), 54.0
(4, 182, 88), 80.0
(185, 36, 144), 56.0
(2, 92, 31), 82.0
(147, 180, 7), 60.0
(44, 5, 221), 66.0
(71, 226, 159), 44.0
(66, 170, 215), 64.0
(221, 235, 47), 48.0
(252, 107, 152), 44.0
(104, 251, 20), 65.0
(61, 27, 247), 62.0
(180, 31, 164), 70.0
(195, 131, 281), 50.0
(258, 153, 279), 73.0
(88, 284, 281), 66.0
(17, 198, 119), 62.0
(237, 210, 65), 50.0
(284, 99, 70), 46.0
(157, 95, 167), 46.0
(72, 160, 248), 40.0
(49, 263, 289), 48.0
(137, 126, 212), 50.0
(55, 291, 244), 50.0
(240, 220, 187), 73.0
(52, 189, 50), 46.0
(140, 171, 191), 44.0
(145, 13, 106), 78.0
(44, 217, 202), 38.0
(282, 106, 142), 86.0
(52, 192, 296), 76.0
(29, 120, 150), 48.0
(109, 145, 106), 64.0
(278, 40, 31), 44.0
(100, 17, 180), 48.0
(292, 221, 26), 56.0
(132, 6, 274), 50.0
(55, 128, 85), 50.0
(291, 134, 259), 65.0
(286, 59, 16), 54.0
(4, 196, 242), 40.0
(231, 180, 18), 46.0
(111, 247, 211), 56.0
(108, 231, 134), 42.0
(264, 69, 24), 52.0
(197, 250, 29), 42.0
(134, 143, 85), 58.0
(250, 31, 1), 38.0
(125, 187, 81), 76.0
(283, 130, 5), 48.0
(8, 151, 124), 48.0
(140, 150, 184), 76.0
(215, 103, 199), 48.0
(66, 163, 28), 80.0
(231, 126, 122), 54.0
(97, 60, 154), 64.0
(83, 90, 123), 84.0
(34, 268, 65), 46.0
(122, 163, 16), 70.0
(197, 136, 200), 48.0
(28, 136, 125), 72.0
(72, 132, 237), 52.0
(143, 27, 292), 50.0
(112, 197, 298), 66.0
(287, 280, 118), 56.0
(190, 103, 130), 34.0
(109, 181, 295), 50.0
(165, 85, 52), 70.0
(297, 288, 288), None
(60, 219, 18), 46.0
(219, 204, 90), 52.0
(54, 216, 202), 38.0
(245, 187, 293), 60.0
(252, 10, 126), 54.0
(218, 258, 291), 66.0
(52, 4, 186), 50.0
(258, 216, 201), 80.0
(109, 177, 169), 34.0
(185, 148, 65), 48.0
(32, 66, 51), 69.0
(246, 250, 40), 62.0
(116, 269, 292), 70.0
(136, 4, 285), 44.0
(260, 122, 187), 66.0
(103, 30, 84), 76.0
(263, 259, 254), 59.0
(272, 191, 163), 60.0
(275, 197, 89), 54.0
(270, 157, 275), 72.0
(178, 4, 259), 46.0
(78, 62, 78), None
(84, 46, 4), 72.0
(242, 249, 106), 54.0
(83, 7, 58), 54.0
(183, 51, 131), 48.0
(6, 105, 27), 72.0
(49, 254, 7), 51.0
(272, 15, 11), 54.0
(157, 296, 212), 73.0
(206, 232, 27), 42.0
(253, 156, 176), 64.0
(16, 61, 228), 48.0
(89, 43, 45), 90.0
(280, 70, 182), 50.0
(187, 104, 167), 50.0
(219, 107, 82), 54.0
(4, 29, 108), 56.0
(19, 213, 168), 54.0
(81, 196, 155), 40.0
(191, 49, 76), 46.0
(24, 76, 160), 58.0
(165, 151, 39), 59.0
(29, 119, 46), 62.0
(275, 228, 5), 44.0
(35, 241, 167), 70.0
(264, 77, 28), 42.0
(52, 297, 91), 54.0
(13, 274, 99), 77.0
(78, 24, 58), 66.0
(114, 146, 192), 50.0
(184, 235, 43), 38.0
(261, 260, 142), None
(32, 121, 198), 50.0
(153, 40, 39), 61.0
(8, 121, 181), 70.0
(31, 170, 188), 44.0
(288, 282, 62), 78.0
(80, 283, 268), 82.0
(55, 266, 150), 72.0
(74, 146, 192), 44.0
(167, 150, 171), 48.0
(5, 248, 115), 42.0
(31, 287, 213), 47.0
(179, 212, 237), 74.0
(13, 146, 225), 50.0
(90, 222, 68), 62.0
(180, 128, 195), 52.0
(133, 170, 256), 62.0
(23, 158, 269), 46.0
(155, 59, 67), 67.0
(208, 193, 117), 72.0
(109, 111, 35), 60.0
(79, 59, 222), 43.0
(167, 250, 299), 70.0
(158, 131, 115), 78.0
(267, 35, 97), 56.0
(245, 203, 177), 64.0
(293, 185, 243), 66.0
(285, 285, 213), None
(282, 73, 209), 50.0
(147, 90, 58), 66.0
(46, 84, 115), 74.0
(272, 191, 99), 55.0
(7, 208, 177), 38.0
(246, 178, 241), 52.0
(219, 41, 88), 50.0
(236, 200, 230), 40.0
(160, 62, 242), 69.0
(81, 119, 54), 56.0
(201, 147, 226), 52.0
(220, 156, 84), 44.0
(102, 129, 206), 52.0
(212, 236, 59), 68.0
(93, 28, 41), 74.0
(125, 78, 86), 58.0
(298, 152, 188), 63.0
(248, 289, 11), 54.0
(182, 166, 16), 60.0
(108, 276, 188), 38.0
(86, 269, 117), 42.0
(47, 63, 144), 66.0
(224, 200, 42), 70.0
(253, 263, 47), 46.0
(181, 15, 134), 52.0
(37, 46, 14), 72.0
(55, 67, 246), 40.0
(37, 98, 231), 72.0
(245, 51, 61), 50.0
(185, 44, 128), 52.0
(166, 177, 208), 66.0
(26, 198, 175), 78.0
(140, 114, 247), 50.0
(46, 244, 21), 62.0
(135, 235, 166), 50.0
(74, 127, 14), 78.0
(142, 82, 281), 44.0
(211, 266, 151), 60.0
(169, 108, 220), 48.0
(75, 204, 290), 44.0
(12, 180, 254), 36.0
(96, 90, 282), 54.0
(149, 201, 169), 40.0
(164, 217, 102), 44.0
(40, 166, 92), 54.0
(181, 291, 239), 51.0
(243, 46, 187), 72.0
(60, 226, 87), 58.0
(103, 255, 145), 61.0
(166, 43, 177), 44.0
(153, 160, 233), 48.0
(126, 161, 290), 56.0
(79, 121, 172), 54.0
(11, 123, 149), 54.0
(39, 273, 127), 48.0
(109, 286, 95), 44.0
(144, 9, 96), 76.0
(185, 53, 136), 48.0
(20, 18, 223), 52.0
(249, 297, 50), 38.0
(1, 74, 45), 68.0
(149, 119, 108), 44.0
(260, 293, 77), 42.0
(132, 186, 253), 58.0
(156, 141, 75), 46.0
(114, 221, 189), 60.0
(110, 266, 22), 60.0
(58, 265, 254), 50.0
(142, 40, 233), 48.0
(243, 44, 239), 34.0
(204, 17, 212), 40.0
(246, 292, 247), 46.0
(44, 147, 22), 59.0
(119, 280, 115), 65.0
(159, 67, 101), 46.0
(178, 19, 187), 50.0
(220, 70, 257), 50.0
(161, 272, 141), 62.0
(37, 8, 133), 60.0
(277, 211, 115), 68.0
(56, 66, 163), 58.0
(169, 96, 239), 61.0
(271, 162, 149), 50.0
(201, 147, 33), 66.0
(107, 134, 99), 60.0
(217, 173, 100), 60.0
(67, 7, 5), 66.0
(65, 185, 169), 50.0
(5, 1, 56), 54.0
(152, 64, 211), 44.0
(48, 54, 120), 62.0
(60, 292, 103), 62.0
(2, 49, 276), 48.0
(111, 37, 151), 46.0
(252, 184, 109), 46.0
(77, 154, 192), 82.0
(282, 107, 184), 74.0
(7, 86, 77), 86.0
(120, 274, 265), 74.0
(43, 111, 286), 46.0
(273, 200, 15), 36.0
(14, 205, 168), 72.0
(241, 219, 205), 66.0
(114, 59, 202), 77.0
(0, 162, 74), 71.0
(138, 18, 6), 72.0
(147, 132, 97), 82.0
(99, 293, 247), 70.0
(70, 72, 79), 72.0
(8, 7, 210), 45.0
(207, 284, 267), 68.0
(253, 13, 27), 52.0
(135, 207, 277), 64.0
(174, 74, 6), 76.0
(161, 290, 59), 50.0
(244, 291, 157), 72.0
(56, 131, 142), 60.0
(269, 7, 87), 54.0
(16, 219, 55), 62.0
(141, 55, 236), 38.0
(226, 13, 282), 55.0
(140, 4, 153), 48.0
(232, 265, 1), 50.0
(35, 196, 131), 52.0
(154, 243, 67), 46.0
(252, 196, 255), 82.0
(80, 285, 61), 48.0
(294, 177, 103), 48.0
(210, 200, 166), 64.0
(159, 264, 138), 63.0
(107, 89, 157), 70.0
(138, 92, 181), 50.0
(10, 33, 142), 70.0
(165, 262, 250), 62.0
(106, 149, 98), 60.0
(11, 100, 265), 50.0
(206, 216, 232), 68.0
(6, 18, 297), 44.0
(232, 189, 275), 86.0
(243, 285, 245), 60.0
(103, 155, 280), 42.0
(133, 70, 266), 54.0
(213, 147, 4), 54.0
(97, 298, 111), 64.0
(261, 87, 103), 78.0
(111, 230, 188), 50.0
(92, 43, 233), 38.0
(108, 272, 107), 48.0
(132, 97, 59), 69.0
(279, 259, 181), 62.0
(238, 90, 210), 40.0
(84, 286, 90), 48.0
(66, 241, 7), 56.0
(130, 242, 7), 48.0
(25, 276, 171), 64.0
(205, 43, 163), 72.0
(52, 177, 12), 66.0
(35, 46, 93), 60.0
(216, 261, 155), 74.0
(80, 178, 171), 40.0
(263, 228, 133), 62.0
(289, 225, 220), 72.0
(235, 214, 3), 72.0
(259, 259, 173), None
(30, 90, 20), 68.0
(91, 173, 215), 66.0
(204, 279, 201), 66.0
(62, 272, 201), 68.0
(290, 154, 171), 54.0
(95, 250, 294), 76.0
(229, 127, 109), 48.0
(190, 25, 236), 52.0
(252, 22, 92), 36.0
(277, 198, 221), 70.0
(87, 32, 39), 80.0
(253, 33, 222), 38.0
(205, 38, 166), 56.0
(201, 39, 151), 59.0
(6, 151, 269), 40.0
(237, 185, 161), 64.0
(65, 42, 178), 56.0
(36, 95, 136), 74.0
(286, 52, 261), 44.0
(237, 182, 256), 62.0
(281, 228, 250), 70.0
(255, 122, 112), 42.0
(180, 154, 35), 50.0
(98, 71, 8), 56.0
(185, 168, 165), 60.0
(195, 37, 49), 76.0
(124, 26, 42), 86.0
(263, 241, 70), 58.0
(181, 232, 142), 66.0
(23, 52, 52), None
(0, 149, 83), 73.0
(66, 9, 28), 73.0
(45, 126, 273), 52.0
(62, 277, 121), 42.0
(172, 200, 118), 58.0
(128, 195, 217), 68.0
(111, 134, 199), 92.0
(195, 66, 20), 52.0
(254, 120, 167), 60.0
(54, 283, 215), 40.0
(6, 219, 195), 70.0
(284, 86, 61), 68.0
(105, 87, 261), 73.0
(221, 243, 14), 54.0
(215, 238, 1), 60.0
(287, 54, 122), 44.0
(84, 134, 237), 44.0
(98, 202, 143), 38.0
(57, 179, 21), 50.0
(183, 191, 288), 66.0
(255, 91, 285), 46.0
(210, 101, 103), 70.0
(251, 117, 240), 50.0
(186, 53, 239), 49.0
(200, 288, 138), 59.0
(259, 255, 40), 48.0
(189, 69, 290), 54.0
(183, 52, 240), 54.0
(41, 40, 149), 60.0
(2, 237, 102), 50.0
(82, 28, 51), 70.0
(143, 71, 257), 50.0
(90, 201, 166), 66.0
(38, 50, 48), 62.0
(10, 270, 281), 39.0
(78, 39, 150), 62.0
(173, 124, 244), 50.0
(138, 294, 50), 56.0
(8, 43, 240), 64.0
(130, 182, 22), 56.0
(187, 27, 293), 45.0
(203, 19, 156), 46.0
(212, 269, 141), 70.0
(126, 81, 204), 72.0
(190, 155, 21), 52.0
(259, 266, 51), 44.0
(57, 7, 62), 44.0
(56, 124, 288), 48.0
(284, 86, 63), 72.0
(25, 112, 97), 58.0
(72, 251, 112), 40.0
(60, 60, 84), None
(146, 92, 196), 52.0
(280, 101, 219), 43.0
(24, 284, 230), 54.0
(35, 67, 213), 52.0
(192, 230, 236), 58.0
(134, 71, 79), 70.0
(202, 294, 66), 50.0
(212, 229, 223), 78.0
(266, 169, 266), None
(8, 104, 260), 50.0
(30, 28, 20), 72.0
(59, 136, 144), 55.0
(269, 209, 140), 66.0
(21, 103, 95), 78.0
(10, 74, 68), 72.0
(75, 91, 39), 84.0
(256, 192, 168), 68.0
(269, 127, 95), 42.0
(26, 187, 295), 42.0
(275, 61, 272), 54.0
(92, 146, 246), 44.0
(61, 138, 34), 60.0
(176, 112, 160), 50.0
(107, 27, 132), 54.0
(110, 151, 201), 46.0
(296, 5, 20), 46.0
(21, 64, 169), 72.0
(223, 91, 82), 50.0
(173, 154, 39), 70.0
(34, 267, 26), 42.0
(267, 183, 101), 62.0
(261, 139, 146), 66.0
(251, 99, 207), 78.0
(222, 89, 90), 77.0
(106, 54, 214), 46.0
(1, 122, 50), 70.0
(155, 247, 1), 46.0
(298, 43, 107), 66.0
(200, 26, 39), 44.0
(280, 294, 193), 75.0
(111, 162, 209), 42.0
(25, 1, 73), 73.0
(299, 204, 100), 44.0
(287, 271, 260), 70.0
(222, 175, 242), 74.0
(106, 151, 130), 70.0
(232, 31, 117), 54.0
(16, 116, 234), 66.0
(134, 48, 40), 72.0
(267, 91, 282), 44.0
(183, 133, 116), 56.0
(73, 243, 110), 72.0
(152, 108, 231), 44.0
(89, 122, 171), 44.0
(229, 263, 156), 50.0
(85, 48, 15), 58.0
(164, 68, 254), 48.0
(272, 261, 213), 76.0
(268, 159, 251), 78.0
(163, 282, 167), 60.0
(62, 153, 97), 54.0
(58, 156, 129), 66.0
(31, 76, 206), 46.0
(7, 110, 213), 72.0
(129, 200, 137), 52.0
(158, 15, 14), None
(130, 147, 209), 38.0
(33, 24, 5), 72.0
(144, 253, 299), 58.0
(299, 21, 102), 46.0
(20, 173, 162), 46.0
(205, 0, 69), 59.0
(159, 273, 22), 48.0
(56, 70, 222), 54.0
(203, 130, 175), 54.0
(199, 166, 30), 42.0
(264, 85, 22), 60.0
(73, 255, 239), 83.0
(179, 105, 140), 54.0
(157, 34, 161), 54.0
(216, 260, 227), 58.0
(115, 247, 264), 58.0
(19, 145, 106), 56.0
(167, 227, 7), 20.0
(128, 41, 53), 58.0
(126, 219, 49), 50.0
(201, 285, 48), 60.0
(246, 290, 89), 47.0
(240, 57, 20), 38.0
(203, 288, 238), 51.0
(115, 165, 113), 64.0
(204, 191, 144), 66.0
(28, 218, 281), 46.0
(186, 260, 258), 74.0
(229, 103, 241), 80.0
(278, 100, 16), 36.0
(247, 158, 146), 52.0
(225, 23, 199), 38.0
(290, 19, 291), 65.0
(49, 180, 177), 58.0
(56, 271, 73), 48.0
(262, 231, 161), 72.0
(89, 171, 56), 46.0
(80, 82, 109), 86.0
(59, 42, 203), 46.0
(185, 277, 15), 48.0
(75, 245, 56), 78.0
(273, 0, 3), 55.0
(290, 75, 173), 58.0
(90, 178, 227), 42.0
(203, 25, 64), 72.0
(18, 63, 90), 47.0
(110, 70, 193), 42.0
(209, 86, 78), 46.0
(196, 48, 191), 46.0
(45, 147, 85), 70.0
(42, 113, 264), 46.0
(16, 152, 180), 62.0
(11, 100, 107), 62.0
(210, 168, 143), 56.0
(215, 133, 127), 52.0
(138, 107, 126), 56.0
(154, 80, 225), 46.0
(42, 186, 94), 52.0
(234, 267, 259), 65.0
(265, 15, 50), 46.0
(52, 74, 235), 73.0
(282, 148, 279), 55.0
(106, 199, 298), 48.0
(260, 284, 152), 56.0
(155, 12, 88), 66.0
(36, 109, 70), 72.0
(31, 254, 180), 40.0
(126, 138, 274), 46.0
(262, 27, 63), 58.0
(69, 63, 243), 66.0
(254, 164, 253), 56.0
(278, 133, 212), 58.0
(112, 276, 228), 48.0
(54, 262, 148), 68.0
(66, 200, 173), 50.0
(32, 51, 114), 76.0
(74, 292, 283), 46.0
(146, 217, 95), 50.0
(97, 77, 101), 56.0
(189, 218, 253), 86.0
(171, 16, 179), 58.0
(168, 158, 263), 60.0
(262, 84, 0), 55.0
(134, 40, 281), 46.0
(247, 214, 10), 44.0
(56, 52, 293), 72.0
(274, 196, 100), 58.0
(109, 5, 100), 78.0
(95, 19, 235), 52.0
(46, 103, 98), 56.0
(115, 126, 46), 70.0
(39, 68, 136), 56.0
(272, 53, 21), 36.0
(79, 30, 278), 67.0
(287, 65, 200), 80.0
(274, 17, 207), 46.0
(34, 263, 262), 54.0
(141, 52, 109), 62.0
(127, 104, 77), 44.0
(233, 196, 142), 58.0
(2, 267, 278), 40.0
(72, 293, 180), 36.0
(184, 299, 299), None
(243, 169, 158), 42.0
(1, 176, 115), 48.0
(280, 204, 271), 74.0
(217, 274, 40), 60.0
(132, 211, 279), 48.0
(99, 260, 1), 40.0
(140, 164, 185), 64.0
(140, 64, 107), 76.0
(163, 175, 203), 52.0
(170, 90, 179), 34.0
(75, 13, 137), 80.0
(251, 174, 169), 50.0
(211, 260, 197), 40.0
(36, 256, 27), 64.0
(16, 101, 139), 58.0
(269, 106, 279), 46.0
(4, 244, 47), 60.0
(119, 7, 223), 44.0
(291, 67, 195), 46.0
(64, 217, 278), 48.0
(77, 243, 251), 46.0
(175, 109, 157), 58.0
(126, 97, 193), 54.0
(297, 162, 292), 51.0
(74, 63, 272), 40.0
(148, 200, 21), 58.0
(264, 223, 243), 70.0
(255, 221, 63), 48.0
(243, 246, 2), 72.0
(112, 267, 122), 42.0
(203, 245, 22), 56.0
(74, 93, 126), 70.0
(251, 247, 105), 74.0
(67, 266, 15), 38.0
(192, 51, 223), 38.0
(182, 82, 230), 70.0
(240, 174, 233), 58.0
(266, 251, 22), 68.0
(144, 60, 43), 90.0
(46, 200, 109), 64.0
(118, 286, 83), 40.0
(159, 140, 235), 45.0
(291, 248, 222), 54.0
(23, 43, 225), 60.0
(12, 230, 48), 48.0
(133, 236, 122), 48.0
(131, 11, 191), 68.0
(27, 107, 210), 46.0
(278, 86, 277), 42.0
(54, 61, 6), 74.0
(187, 291, 69), 52.0
(256, 209, 43), 52.0
(129, 295, 168), 50.0
(242, 203, 161), 57.0
(185, 139, 15), 42.0
(34, 230, 25), 42.0
(222, 18, 5), 48.0
(75, 98, 199), 62.0
(127, 183, 169), 52.0
(224, 189, 75), 64.0
(53, 283, 13), 64.0
(297, 126, 0), 75.0
(130, 51, 26), 52.0
(76, 174, 195), 44.0
(159, 258, 263), 70.0
(65, 55, 216), 58.0
(180, 84, 190), 58.0
(49, 63, 284), 62.0
(171, 113, 200), 52.0
(172, 217, 45), 68.0
(89, 57, 139), 82.0
(201, 231, 123), 68.0
(185, 20, 27), 80.0
(12, 81, 4), 76.0
(202, 180, 157), 44.0
(39, 100, 154), 72.0
(198, 39, 161), 37.0
(80, 186, 133), 54.0
(31, 98, 111), 60.0
(215, 94, 295), 64.0
(222, 61, 77), 40.0
(256, 292, 30), 52.0
(17, 187, 101), 46.0
(172, 36, 236), 60.0
(66, 94, 139), 66.0
(42, 136, 217), 38.0
(108, 219, 238), 51.0
(3, 103, 235), 44.0
(123, 236, 198), 50.0
(208, 102, 77), 56.0
(204, 39, 290), 48.0
(138, 86, 94), 70.0
(152, 29, 42), 60.0
(169, 154, 169), None
(68, 259, 177), 52.0
(92, 46, 66), 68.0
(84, 146, 217), 50.0
(233, 179, 22), 48.0
(271, 233, 228), 72.0
(32, 57, 3), 46.0
(141, 269, 260), 69.0
(29, 36, 68), 70.0
(152, 73, 75), 54.0
(239, 57, 244), 47.0
(111, 1, 290), 44.0
(276, 54, 289), 72.0
(13, 131, 121), 60.0
(299, 237, 50), 54.0
(57, 27, 125), 62.0
(100, 179, 44), 50.0
(192, 260, 3), 46.0
(241, 28, 9), 68.0
(157, 52, 124), 60.0
(199, 143, 181), 62.0
(42, 145, 29), 64.0
(161, 98, 51), 52.0
(122, 10, 100), 72.0
(30, 135, 178), 64.0
(168, 206, 222), 72.0
(173, 239, 128), 68.0
(280, 50, 253), 42.0
(150, 69, 194), 44.0
(205, 221, 281), 60.0
(98, 229, 291), 82.0
(120, 215, 216), 54.0
(129, 79, 148), 62.0
(277, 183, 58), 40.0
(245, 149, 238), 48.0
(161, 81, 230), 68.0
(26, 126, 204), 44.0
(70, 170, 292), 50.0
(12, 140, 103), 62.0
(244, 154, 105), 42.0
(243, 5, 80), 83.0
(69, 159, 296), 49.0
(7, 42, 107), 58.0
(28, 5, 51), 62.0
(210, 282, 39), 58.0
(109, 116, 236), 56.0
(285, 56, 178), 43.0
(144, 70, 122), 66.0
(0, 148, 120), 64.0
(274, 83, 295), 49.0
(146, 26, 68), 64.0
(215, 278, 279), 62.0
(91, 157, 137), 62.0
(245, 13, 44), 50.0
(233, 222, 288), 76.0
(79, 197, 41), 54.0
(83, 7, 42), 68.0
(119, 286, 285), 46.0
(139, 178, 129), 74.0
(224, 114, 87), 44.0
(62, 232, 65), 48.0
(114, 139, 45), 65.0
(217, 226, 243), 50.0
(9, 130, 138), 60.0
(284, 21, 191), 54.0
(217, 298, 290), 92.0
(257, 30, 222), 44.0
(41, 74, 245), 50.0
(170, 181, 19), 56.0
(20, 262, 253), 50.0
(25, 193, 273), 48.0
(196, 209, 204), 36.0
(15, 133, 86), 66.0
(109, 28, 157), 66.0
(283, 212, 47), 47.0
(140, 287, 231), 78.0
(45, 176, 85), 54.0
(57, 253, 226), 52.0
(176, 91, 292), 54.0
(71, 235, 238), 70.0
(160, 228, 223), 80.0
(72, 214, 44), 48.0
(49, 199, 20), 48.0
(50, 208, 246), 48.0
(55, 272, 64), 42.0
(120, 127, 98), 52.0
(77, 56, 198), 64.0
(184, 47, 265), 62.0
(247, 51, 284), 41.0
(216, 77, 91), 72.0
(119, 66, 280), 38.0
(74, 212, 257), 68.0
(128, 211, 3), 68.0
(161, 250, 183), 66.0
(124, 245, 179), 44.0
(129, 258, 4), 66.0
(40, 282, 13), 46.0
(92, 101, 278), 46.0
(202, 215, 1), 38.0
(70, 221, 129), 56.0
(277, 246, 252), 70.0
(124, 6, 222), 44.0
(267, 234, 6), 42.0
(278, 196, 229), 68.0
(291, 68, 193), 52.0
(197, 282, 82), 52.0
(296, 213, 226), 66.0
(212, 87, 101), 46.0
(251, 277, 14), 66.0
(52, 12, 86), 82.0
(259, 114, 244), 58.0
(288, 252, 92), 60.0
(153, 216, 241), 56.0
(261, 36, 109), 60.0
(113, 131, 279), 60.0
(218, 19, 269), 48.0
(211, 193, 227), 73.0
(294, 32, 111), 58.0
(212, 139, 223), 58.0
(118, 259, 225), 74.0
(22, 233, 169), 74.0
(163, 213, 61), 44.0
(137, 128, 1), 60.0
(75, 183, 200), 82.0
(94, 112, 52), 54.0
(272, 206, 202), 70.0
(82, 51, 212), 40.0
(255, 85, 127), 73.0
(98, 88, 161), 50.0
(76, 293, 86), 44.0
(92, 138, 16), 76.0
(155, 249, 285), 60.0
(41, 254, 171), 62.0
(250, 33, 86), 48.0
(196, 268, 58), 50.0
(71, 77, 282), 53.0
(69, 241, 139), 50.0
(173, 216, 147), 72.0
(132, 177, 162), 46.0
(44, 267, 218), 40.0
(242, 284, 177), 63.0
(184, 247, 70), 46.0
(149, 161, 237), 40.0
(144, 284, 3), 36.0
(65, 54, 6), 80.0
(31, 153, 130), 52.0
(251, 293, 184), 64.0
(107, 155, 100), 54.0
(208, 166, 169), 46.0
(136, 142, 87), 56.0
(191, 297, 172), 67.0
(276, 53, 5), 46.0
(130, 178, 296), 54.0
(41, 286, 38), 44.0
(27, 24, 40), 72.0
(276, 97, 8), 46.0
(137, 132, 265), 58.0
(249, 261, 269), 64.0
(75, 242, 213), 42.0
(154, 158, 271), 58.0
(172, 193, 21), 70.0
(167, 265, 84), 48.0
(233, 11, 88), 58.0
(231, 2, 107), 68.0
(190, 266, 260), 78.0
(279, 68, 250), 38.0
(160, 42, 267), 78.0
(61, 253, 157), 50.0
(179, 95, 228), 68.0
(205, 263, 198), 88.0
(34, 87, 147), 62.0
(75, 191, 129), 50.0
(143, 128, 225), 48.0
(234, 288, 272), 78.0
(109, 88, 283), 52.0
(33, 131, 237), 46.0
(238, 257, 33), 66.0
(156, 19, 61), 72.0
(123, 258, 124), 60.0
(124, 160, 56), 70.0
(172, 246, 41), 50.0
(59, 160, 253), 42.0
(164, 294, 145), 50.0
(19, 245, 160), 48.0
(50, 115, 127), 68.0
(299, 276, 51), 77.0
(275, 259, 277), None
(34, 174, 121), 48.0
(190, 28, 285), 60.0
(53, 56, 187), 50.0
(74, 21, 265), 48.0
(196, 47, 145), 40.0
(285, 295, 285), None
(83, 245, 118), 38.0
(253, 265, 75), 52.0
(5, 94, 261), 46.0
(156, 93, 107), 74.0
(19, 131, 214), 72.0
(211, 250, 167), 57.0
(115, 27, 147), 64.0
(12, 11, 284), 50.0
(32, 247, 32), None
(104, 98, 219), 46.0
(255, 197, 118), 74.0
(211, 224, 293), 60.0
(264, 168, 63), 52.0
(186, 112, 67), 46.0
(164, 138, 154), 60.0
(96, 272, 155), 48.0
(43, 108, 276), 64.0
(266, 151, 294), 49.0
(196, 236, 245), 68.0
(210, 182, 292), 60.0
(126, 219, 64), 64.0
(274, 63, 152), 54.0
(243, 270, 112), 52.0
(19, 14, 226), 42.0
(140, 46, 294), 47.0
(53, 160, 186), 52.0
(86, 251, 133), 44.0
(201, 57, 273), 42.0
(47, 88, 295), 70.0
(230, 298, 146), 64.0
(289, 192, 68), 54.0
(65, 268, 111), 46.0
(273, 257, 104), 58.0
(266, 176, 225), 75.0
(148, 187, 137), 42.0
(26, 124, 217), 48.0
(149, 121, 80), 73.0
(22, 67, 283), 70.0
(204, 146, 3), 44.0
(234, 217, 277), 66.0
(3, 236, 158), 48.0
(3, 191, 261), 52.0
(282, 183, 17), 48.0
(243, 97, 286), 64.0
(163, 34, 130), 60.0
(81, 241, 258), 42.0
(102, 145, 20), 76.0
(232, 165, 254), 66.0
(22, 57, 174), 60.0
(186, 223, 69), 56.0
(35, 34, 58), 90.0
(98, 26, 269), 40.0
(189, 235, 119), 70.0
(117, 25, 297), 44.0
(261, 53, 202), 46.0
(271, 64, 92), 36.0
(20, 104, 162), 72.0
(299, 69, 107), 50.0
(158, 91, 99), 68.0
(250, 269, 148), 66.0
(159, 77, 34), 84.0
(0, 247, 261), 68.0
(260, 48, 91), 58.0
(209, 199, 268), 60.0
(294, 127, 113), 44.0
(131, 234, 137), 52.0
(269, 237, 199), 72.0
(152, 69, 122), 52.0
(259, 100, 23), 50.0
(278, 78, 9), 56.0
(253, 25, 137), 52.0
(275, 136, 278), 88.0
(273, 194, 141), 74.0
(12, 210, 85), 50.0
(23, 49, 276), 48.0
(25, 243, 251), 52.0
(284, 73, 134), 49.0
(205, 108, 19), 52.0
(79, 153, 56), 58.0
(135, 72, 72), None
(259, 298, 172), 71.0
(143, 93, 173), 36.0
(299, 295, 279), None
(221, 230, 151), 48.0
(281, 1, 209), 61.0
(46, 104, 18), 62.0
(131, 206, 178), 54.0
(58, 151, 134), 84.0
(134, 243, 96), 66.0
(192, 258, 232), 52.0
(7, 297, 127), 52.0
(10, 217, 8), 74.0
(224, 109, 63), 66.0
(251, 52, 82), 38.0
(152, 280, 286), 58.0
(50, 67, 72), 76.0
(202, 132, 21), 54.0
(14, 226, 291), 42.0
(41, 16, 264), 46.0
(244, 285, 141), 80.0
(14, 273, 234), 52.0
(191, 190, 278), 74.0
(248, 84, 3), 56.0
(91, 175, 6), 74.0
(5, 208, 265), 74.0
(292, 130, 124), 44.0
(299, 228, 211), 70.0
(101, 77, 97), 56.0
(108, 4, 249), 68.0
(29, 144, 192), 38.0
(176, 174, 130), 72.0
(133, 249, 101), 48.0
(83, 15, 50), 40.0
(53, 61, 111), 54.0
(267, 12, 220), 48.0
(92, 61, 63), 64.0
(50, 43, 271), 38.0
(56, 277, 172), 68.0
(217, 281, 232), 40.0
(290, 239, 61), 52.0
(153, 91, 285), 54.0
(171, 75, 25), 48.0
(81, 126, 24), 62.0
(79, 262, 39), 49.0
(282, 106, 172), 52.0
(106, 279, 66), 46.0
(211, 229, 83), 77.0
(95, 128, 138), 66.0
(74, 251, 237), 80.0
(236, 141, 53), 44.0
(141, 269, 53), 40.0
(210, 121, 284), 70.0
(69, 149, 84), 46.0
(201, 169, 172), 68.0
(104, 138, 41), 84.0
(281, 139, 244), 60.0
(55, 4, 17), 72.0
(202, 187, 277), 52.0
(212, 133, 152), 48.0
(72, 299, 36), 60.0
(75, 299, 201), 45.0
(9, 263, 144), 48.0
(24, 80, 29), 76.0
(160, 167, 63), 52.0
(239, 141, 163), 66.0
(252, 185, 155), 74.0
(57, 189, 26), 48.0
(180, 65, 176), 46.0
(193, 198, 190), 82.0
(295, 220, 49), 45.0
(63, 77, 217), 44.0
(209, 163, 32), 40.0
(2, 99, 228), 50.0
(112, 242, 9), 54.0
(119, 68, 285), 40.0
(178, 157, 90), 69.0
(41, 237, 171), 54.0
(246, 103, 147), 54.0
(210, 159, 95), 62.0
(76, 82, 184), 50.0
(150, 263, 18), 60.0
(53, 9, 145), 72.0
(176, 245, 249), 48.0
(261, 35, 259), 39.0
(88, 121, 221), 72.0
(223, 45, 297), 40.0
(96, 94, 241), 52.0
(251, 61, 96), 48.0
(177, 104, 76), 50.0
(259, 81, 126), 66.0
(202, 260, 191), 65.0
(123, 218, 216), 54.0
(42, 277, 71), 44.0
(94, 34, 110), 74.0
(265, 165, 207), 80.0
(34, 106, 204), 58.0
(131, 136, 251), 42.0
(281, 82, 260), 66.0
(238, 114, 112), 66.0
(51, 277, 86), 54.0
(219, 245, 96), 59.0
(154, 133, 297), 74.0
(51, 248, 286), 45.0
(140, 203, 80), 67.0
(50, 165, 136), 58.0
(11, 88, 292), 52.0
(30, 213, 62), 46.0
(168, 149, 283), 82.0
(6, 109, 78), 58.0
(64, 84, 202), 46.0
(111, 102, 176), 48.0
(174, 188, 26), 42.0
(50, 183, 19), 58.0
(267, 91, 126), 44.0
(134, 76, 58), 78.0
(100, 276, 288), 59.0
(34, 229, 96), 50.0
(151, 134, 147), 70.0
(279, 64, 97), 42.0
(34, 155, 107), 62.0
(32, 114, 9), 80.0
(163, 279, 47), 48.0
(165, 284, 17), 50.0
(182, 14, 130), 60.0
(204, 126, 11), 64.0
(165, 7, 240), 80.0
(267, 247, 70), 62.0
(237, 132, 162), 54.0
(22, 288, 103), 50.0
(113, 169, 295), 52.0
(185, 263, 275), 66.0
(39, 179, 3), 76.0
(236, 147, 222), 54.0
(263, 148, 65), 46.0
(110, 170, 174), 36.0
(84, 283, 190), 66.0
(0, 246, 83), 63.0
(266, 218, 207), 66.0
(124, 230, 178), 58.0
(72, 97, 119), 74.0
(187, 149, 243), 74.0
(88, 130, 265), 48.0
(154, 144, 192), 56.0
(77, 49, 175), 82.0
(159, 235, 124), 45.0
(27, 116, 290), 46.0
(245, 294, 16), 44.0
(82, 121, 206), 80.0
(191, 236, 40), 48.0
(46, 228, 284), 57.0
(195, 9, 258), 70.0
(190, 122, 141), 58.0
(14, 119, 269), 59.0
(59, 179, 28), 74.0
(193, 80, 173), 42.0
(280, 41, 73), 42.0
(206, 110, 266), 52.0
(54, 202, 287), 44.0
(21, 107, 49), 58.0
(215, 67, 35), 72.0
(285, 246, 63), 65.0
(137, 131, 105), 52.0
(119, 156, 208), 59.0
(110, 163, 279), 52.0
(71, 64, 234), 48.0
(159, 124, 292), 50.0
(20, 247, 11), 52.0
(122, 146, 115), 56.0
(143, 285, 219), 57.0
(211, 112, 273), 68.0
(239, 111, 51), 55.0
(112, 89, 253), 50.0
(17, 269, 214), 50.0
(179, 46, 185), 38.0
(255, 241, 109), 48.0
(235, 275, 61), 58.0
(82, 240, 88), 62.0
(165, 64, 154), 42.0
(299, 293, 239), 79.0
(297, 120, 169), 52.0
(64, 163, 114), 62.0
(29, 239, 228), 38.0
(100, 3, 258), 50.0
(76, 290, 128), 46.0
(283, 115, 130), 57.0
(2, 149, 203), 52.0
(242, 152, 116), 60.0
(234, 160, 131), 50.0
(184, 294, 294), None
(22, 268, 26), 62.0
(180, 268, 61), 77.0
(91, 68, 282), 52.0
(284, 216, 274), 72.0
(179, 246, 67), 36.0
(135, 87, 134), 69.0
(256, 30, 237), 60.0
(237, 251, 189), 78.0
(146, 291, 189), 66.0
(174, 134, 286), 66.0
(71, 11, 247), 66.0
(92, 250, 293), 50.0
(57, 14, 295), 66.0
(35, 181, 203), 60.0
(42, 235, 244), 46.0
(297, 214, 11), 73.0
(254, 77, 196), 62.0
(197, 96, 208), 62.0
(70, 285, 44), 48.0
(210, 123, 3), 44.0
(286, 280, 101), 69.0
(197, 188, 268), 66.0
(126, 241, 189), 58.0
(264, 289, 33), 38.0
(76, 255, 296), 59.0
(178, 197, 62), 58.0
(69, 75, 60), 36.0
(83, 154, 299), 50.0
(182, 23, 109), 80.0
(145, 245, 123), 64.0
(168, 23, 27), 50.0
(216, 251, 80), 54.0
(180, 184, 45), 56.0
(180, 39, 247), 50.0
(184, 164, 27), 56.0
(203, 147, 125), 52.0
(285, 55, 90), 48.0
(122, 264, 9), 56.0
(43, 44, 51), 76.0
(58, 85, 155), 68.0
(214, 64, 202), 48.0
(264, 189, 255), 48.0
(86, 40, 16), 66.0
(248, 80, 118), 54.0
(239, 107, 168), 46.0
(141, 233, 229), 60.0
(234, 243, 189), 44.0
(37, 129, 271), 56.0
(113, 26, 177), 74.0
(292, 249, 164), 70.0
(152, 67, 75), 50.0
(13, 126, 290), 48.0
(30, 251, 168), 46.0
Sampler:CmaEsSampler
(216, 130, 183), 52.0
(171, 212, 207), 50.0
(207, 237, 146), 52.0
(166, 108, 99), 50.0
(206, 139, 132), 58.0
(131, 141, 127), 80.0
(152, 78, 177), 60.0
(149, 74, 178), 60.0
(141, 119, 176), 47.0
(189, 212, 149), 48.0
(120, 207, 125), 56.0
(46, 130, 145), 56.0
(178, 231, 251), 66.0
(208, 151, 181), 58.0
(185, 174, 135), 51.0
(278, 247, 131), 46.0
(150, 183, 169), 66.0
(142, 159, 206), 52.0
(141, 169, 150), 56.0
(114, 109, 111), 66.0
(134, 180, 246), 52.0
(155, 187, 196), 64.0
(223, 193, 149), 56.0
(291, 284, 102), 70.0
(285, 216, 173), 60.0
(207, 120, 166), 66.0
(281, 190, 185), 96.0
(220, 264, 106), 84.0
(176, 147, 113), 54.0
(106, 134, 154), 56.0
(86, 86, 108), None
(295, 260, 150), 47.0
(117, 115, 197), 62.0
(207, 181, 198), 42.0
(113, 134, 120), 56.0
(197, 176, 123), 64.0
(226, 202, 152), 62.0
(175, 198, 147), 72.0
(211, 194, 131), 38.0
(202, 213, 207), 72.0
(182, 175, 225), 64.0
(211, 285, 181), 84.0
(225, 236, 195), 74.0
(226, 229, 148), 50.0
(224, 192, 177), 60.0
(224, 223, 126), 76.0
(164, 148, 178), 36.0
(208, 215, 167), 72.0
(210, 190, 179), 50.0
(164, 178, 88), 54.0
(238, 230, 175), 70.0
(204, 151, 154), 52.0
(179, 133, 182), 58.0
(153, 187, 216), 56.0
(221, 206, 177), 60.0
(160, 138, 220), 46.0
(162, 114, 195), 38.0
(207, 179, 166), 58.0
(175, 179, 198), 71.0
(89, 171, 177), 48.0
(248, 115, 173), 74.0
(230, 197, 147), 58.0
(153, 126, 174), 66.0
(155, 142, 173), 46.0
(224, 219, 202), 56.0
(140, 81, 158), 38.0
(131, 108, 123), 82.0
(104, 127, 196), 54.0
(166, 234, 147), 56.0
(164, 127, 175), 54.0
(205, 209, 179), 40.0
(161, 201, 139), 46.0
(261, 145, 90), 58.0
(144, 173, 131), 60.0
(202, 120, 214), 50.0
(166, 117, 152), 72.0
(110, 136, 156), 70.0
(131, 175, 170), 40.0
(87, 96, 232), 46.0
(125, 112, 172), 42.0
(112, 111, 187), 73.0
(131, 126, 161), 70.0
(205, 206, 105), 68.0
(144, 173, 243), 50.0
(126, 147, 193), 72.0
(85, 77, 187), 48.0
(134, 88, 189), 40.0
(160, 97, 163), 78.0
(127, 92, 214), 46.0
(69, 84, 210), 42.0
(183, 139, 176), 45.0
(132, 117, 179), 74.0
(165, 151, 208), 46.0
(135, 73, 181), 54.0
(141, 130, 186), 54.0
(124, 78, 204), 48.0
(124, 87, 159), 50.0
(70, 71, 251), 48.0
(95, 62, 230), 48.0
(123, 57, 210), 54.0
(66, 60, 224), 70.0
(99, 72, 231), 46.0
(120, 42, 224), 85.0
(93, 38, 208), 52.0
(166, 141, 215), 58.0
(160, 153, 165), 66.0
(155, 124, 219), 65.0
(97, 83, 226), 42.0
(59, 31, 231), 48.0
(75, 46, 259), 52.0
(41, 55, 227), 48.0
(109, 40, 259), 50.0
(64, 46, 256), 54.0
(81, 70, 211), 38.0
(40, 56, 215), 46.0
(92, 39, 238), 68.0
(73, 73, 214), None
(69, 81, 230), 40.0
(94, 94, 181), None
(100, 106, 181), 74.0
(138, 80, 204), 40.0
(112, 65, 245), 46.0
(52, 6, 255), 52.0
(71, 75, 231), 48.0
(97, 68, 192), 44.0
(147, 148, 218), 52.0
(98, 82, 234), 42.0
(70, 19, 211), 46.0
(45, 27, 198), 70.0
(60, 88, 195), 60.0
(99, 40, 210), 54.0
(71, 43, 246), 50.0
(101, 96, 201), 38.0
(85, 45, 222), 46.0
(108, 86, 211), 58.0
(133, 72, 188), 48.0
(91, 62, 216), 52.0
(106, 79, 207), 38.0
(87, 71, 228), 50.0
(80, 71, 227), 42.0
(83, 71, 222), 60.0
(115, 92, 213), 54.0
(129, 100, 169), 46.0
(78, 60, 183), 52.0
(81, 71, 256), 42.0
(80, 75, 216), 36.0
(103, 82, 204), 80.0
(98, 77, 203), 44.0
(103, 81, 185), 96.0
(100, 77, 187), 52.0
(95, 72, 215), 72.0
(57, 79, 240), 49.0
(59, 60, 235), 45.0
(63, 56, 235), 40.0
(79, 62, 242), 38.0
(108, 91, 230), 50.0
(88, 87, 212), 62.0
(90, 99, 226), 44.0
(81, 72, 230), 40.0
(112, 101, 217), 58.0
(77, 65, 216), 50.0
(97, 84, 204), 36.0
(71, 63, 242), 62.0
(73, 54, 262), 68.0
(63, 64, 239), 54.0
(90, 89, 195), 70.0
(75, 78, 218), 74.0
(77, 67, 213), 46.0
(99, 78, 217), 71.0
(92, 91, 190), 46.0
(102, 86, 206), 58.0
(93, 80, 226), 44.0
(83, 71, 220), 58.0
(87, 80, 213), 50.0
(115, 87, 201), 54.0
(82, 73, 217), 42.0
(85, 75, 210), 50.0
(93, 75, 222), 62.0
(78, 83, 209), 54.0
(85, 66, 197), 70.0
(69, 66, 230), 38.0
(78, 60, 212), 50.0
(78, 72, 221), 52.0
(67, 68, 237), 70.0
(93, 89, 214), 62.0
(90, 87, 219), 72.0
(69, 66, 243), 74.0
(73, 59, 228), 42.0
(63, 63, 227), None
(86, 65, 212), 72.0
(78, 59, 231), 59.0
(65, 54, 212), 46.0
(62, 54, 234), 36.0
(64, 65, 218), 50.0
(48, 36, 237), 68.0
(74, 68, 211), 46.0
(24, 18, 258), 44.0
(55, 54, 242), 49.0
(46, 31, 245), 58.0
(61, 65, 244), 64.0
(68, 58, 228), 38.0
(80, 81, 209), 62.0
(39, 31, 243), 46.0
(67, 41, 234), 48.0
(74, 52, 218), 75.0
(67, 56, 233), 44.0
(61, 47, 230), 42.0
(64, 65, 225), 80.0
(36, 25, 265), 42.0
(63, 51, 212), 42.0
(67, 56, 236), 58.0
(30, 20, 253), 36.0
(45, 43, 249), 60.0
(44, 29, 234), 44.0
(61, 48, 228), 46.0
(39, 26, 251), 44.0
(51, 50, 226), 61.0
(74, 61, 226), 50.0
(38, 32, 249), 46.0
(38, 30, 249), 40.0
(43, 41, 243), 62.0
(6, 6, 280), None
(38, 30, 272), 56.0
(61, 46, 235), 46.0
(66, 53, 233), 48.0
(58, 54, 256), 64.0
(27, 32, 247), 48.0
(39, 30, 250), 42.0
(21, 22, 255), 56.0
(22, 8, 259), 52.0
(24, 16, 270), 44.0
(59, 51, 236), 77.0
(52, 44, 243), 52.0
(70, 55, 221), 54.0
(57, 47, 231), 44.0
(31, 29, 254), 64.0
(64, 45, 221), 58.0
(77, 61, 227), 48.0
(38, 27, 261), 42.0
(79, 62, 222), 38.0
(48, 46, 252), 40.0
(41, 31, 255), 42.0
(22, 14, 264), 48.0
(27, 24, 270), 50.0
(84, 72, 222), 50.0
(98, 77, 220), 50.0
(63, 47, 233), 44.0
(84, 66, 231), 42.0
(60, 49, 245), 58.0
(79, 70, 224), 46.0
(55, 42, 243), 44.0
(98, 78, 214), 92.0
(88, 66, 222), 68.0
(83, 72, 232), 36.0
(59, 45, 245), 44.0
(92, 68, 222), 66.0
(69, 54, 229), 40.0
(73, 52, 236), 66.0
(64, 51, 241), 58.0
(97, 82, 207), 50.0
(51, 42, 248), 46.0
(85, 79, 227), 40.0
(104, 85, 218), 54.0
(55, 42, 246), 46.0
(61, 53, 246), 50.0
(69, 57, 244), 44.0
(69, 66, 229), 42.0
(66, 66, 228), None
(98, 82, 227), 48.0
(106, 96, 218), 52.0
(76, 67, 226), 38.0
(50, 38, 240), 50.0
(100, 98, 224), 48.0
(69, 65, 228), 42.0
(56, 44, 245), 42.0
(83, 71, 212), 38.0
(58, 56, 237), 76.0
(84, 66, 212), 40.0
(62, 58, 244), 36.0
(78, 74, 234), 78.0
(79, 73, 222), 48.0
(69, 62, 229), 40.0
(86, 76, 220), 44.0
(76, 70, 220), 52.0
(60, 52, 244), 52.0
(48, 44, 251), 40.0
(80, 66, 229), 44.0
(81, 66, 218), 54.0
(62, 62, 238), None
(75, 66, 226), 42.0
(73, 65, 225), 48.0
(65, 58, 235), 48.0
(72, 64, 228), 46.0
(62, 56, 226), 48.0
(71, 66, 229), 46.0
(73, 63, 229), 46.0
(71, 62, 227), 40.0
(76, 63, 224), 42.0
(68, 61, 226), 48.0
(84, 71, 227), 44.0
(74, 66, 229), 46.0
(60, 58, 235), 44.0
(54, 50, 241), 52.0
(77, 64, 222), 40.0
(72, 67, 233), 50.0
(79, 67, 220), 50.0
(99, 81, 215), 49.0
(85, 75, 217), 52.0
(55, 51, 241), 52.0
(90, 77, 217), 62.0
(79, 65, 226), 36.0
(86, 76, 216), 46.0
(78, 68, 226), 36.0
(94, 77, 214), 68.0
(69, 60, 231), 40.0
(90, 78, 215), 64.0
(92, 75, 221), 50.0
(88, 69, 214), 47.0
(72, 59, 238), 69.0
(74, 66, 228), 44.0
(79, 69, 223), 48.0
(73, 64, 230), 44.0
(79, 65, 224), 36.0
(77, 68, 226), 36.0
(86, 72, 220), 58.0
(73, 65, 229), 44.0
(76, 64, 227), 46.0
(87, 73, 220), 56.0
(75, 60, 228), 46.0
(74, 60, 229), 46.0
(73, 64, 228), 44.0
(75, 67, 228), 40.0
(74, 68, 229), 44.0
(68, 65, 229), 42.0
(71, 63, 228), 44.0
(72, 65, 232), 40.0
(70, 61, 231), 38.0
(68, 62, 232), 38.0
(82, 72, 223), 52.0
(68, 57, 231), 42.0
(67, 61, 235), 52.0
(82, 74, 220), 44.0
(69, 62, 232), 40.0
(78, 70, 225), 42.0
(69, 62, 231), 42.0
(81, 69, 223), 74.0
(65, 64, 231), 46.0
(77, 68, 224), 42.0
(74, 64, 227), 50.0
(74, 65, 229), 44.0
(70, 65, 231), 38.0
(78, 68, 223), 46.0
(80, 67, 225), 78.0
(73, 65, 227), 50.0
(81, 72, 219), 49.0
(72, 67, 230), 42.0
(84, 75, 221), 44.0
(70, 66, 229), 42.0
(68, 65, 233), 46.0
(71, 66, 231), 42.0
(72, 67, 228), 46.0
(66, 63, 232), 44.0
(70, 62, 229), 36.0
(69, 65, 230), 38.0
(68, 61, 233), 42.0
(73, 68, 228), 42.0
(65, 59, 233), 50.0
(69, 64, 232), 36.0
(68, 64, 231), 42.0
(75, 67, 224), 46.0
(76, 68, 226), 38.0
(64, 55, 233), 42.0
(69, 61, 231), 38.0
(68, 60, 231), 38.0
(67, 62, 232), 42.0
(68, 60, 230), 40.0
(71, 63, 227), 44.0
(66, 57, 231), 46.0
(67, 59, 234), 54.0
(69, 59, 230), 38.0
(74, 67, 227), 40.0
(64, 57, 233), 46.0
(67, 57, 231), 44.0
(71, 61, 227), 40.0
(68, 58, 229), 38.0
(73, 60, 225), 50.0
(70, 58, 229), 38.0
(63, 49, 232), 38.0
(64, 58, 231), 46.0
(63, 53, 232), 38.0
(69, 60, 232), 40.0
(69, 59, 231), 38.0
(63, 44, 230), 48.0
(60, 50, 234), 42.0
(61, 50, 235), 42.0
(63, 54, 232), 44.0
(72, 56, 225), 52.0
(62, 49, 233), 42.0
(55, 46, 238), 58.0
(59, 50, 235), 75.0
(57, 52, 236), 72.0
(46, 32, 242), 60.0
(60, 43, 236), 46.0
(55, 42, 239), 42.0
(63, 50, 233), 38.0
(61, 49, 237), 52.0
(58, 44, 235), 50.0
(61, 46, 234), 44.0
(62, 51, 236), 46.0
(64, 55, 235), 38.0
(62, 45, 235), 48.0
(67, 49, 229), 52.0
(67, 55, 232), 44.0
(64, 56, 235), 44.0
(64, 54, 232), 46.0
(61, 53, 234), 38.0
(60, 48, 237), 50.0
(57, 38, 239), 74.0
(71, 61, 231), 38.0
(65, 58, 233), 50.0
(67, 59, 232), 44.0
(66, 57, 230), 46.0
(61, 47, 234), 46.0
(65, 58, 234), 46.0
(61, 51, 234), 40.0
(58, 51, 236), 76.0
(62, 53, 235), 42.0
(66, 54, 231), 44.0
(66, 57, 233), 50.0
(65, 56, 232), 50.0
(67, 59, 231), 44.0
(57, 49, 237), 64.0
(63, 55, 234), 40.0
(63, 52, 234), 42.0
(65, 57, 234), 46.0
(66, 62, 233), 42.0
(61, 53, 235), 36.0
(64, 58, 234), 44.0
(63, 56, 234), 38.0
(58, 47, 236), 68.0
(65, 57, 233), 44.0
(61, 52, 234), 36.0
(64, 56, 233), 42.0
(62, 54, 235), 44.0
(60, 49, 236), 48.0
(62, 52, 234), 36.0
(57, 48, 237), 70.0
(63, 56, 232), 50.0
(60, 52, 234), 36.0
(62, 52, 233), 40.0
(61, 54, 235), 40.0
(62, 53, 234), 44.0
(61, 52, 235), 40.0
(61, 52, 232), 40.0
(63, 53, 233), 36.0
(62, 55, 235), 38.0
(63, 54, 233), 38.0
(62, 53, 233), 34.0
(64, 52, 232), 38.0
(63, 52, 232), 36.0
(64, 54, 233), 40.0
(63, 51, 232), 34.0
(65, 54, 232), 46.0
(65, 53, 231), 46.0
(62, 51, 233), 36.0
(63, 52, 231), 42.0
(60, 50, 235), 42.0
(61, 51, 233), 38.0
(64, 51, 231), 36.0
(60, 49, 233), 38.0
(62, 51, 234), 40.0
(61, 50, 233), 38.0
(62, 48, 232), 44.0
(66, 52, 229), 44.0
(63, 52, 233), 42.0
(63, 49, 231), 38.0
(63, 50, 232), 42.0
(62, 50, 232), 42.0
(62, 49, 232), 38.0
(62, 51, 232), 38.0
(64, 52, 230), 44.0
(62, 50, 233), 40.0
(60, 54, 236), 36.0
(61, 49, 233), 38.0
(64, 53, 233), 38.0
(63, 53, 234), 46.0
(62, 50, 234), 42.0
(59, 54, 236), 76.0
(59, 54, 237), 55.0
(59, 51, 235), 79.0
(60, 52, 235), 42.0
(65, 52, 230), 46.0
(59, 52, 237), 78.0
(63, 55, 233), 46.0
(60, 53, 234), 36.0
(61, 52, 233), 42.0
(61, 54, 234), 38.0
(60, 51, 235), 42.0
(62, 54, 233), 36.0
(62, 56, 234), 38.0
(62, 55, 234), 36.0
(65, 54, 230), 44.0
(65, 53, 230), 44.0
(61, 50, 234), 42.0
(64, 53, 232), 38.0
(61, 55, 233), 44.0
(62, 53, 232), 44.0
(62, 55, 232), 44.0
(61, 57, 236), 38.0
(61, 56, 235), 34.0
(61, 56, 234), 44.0
(61, 57, 235), 36.0
(62, 56, 235), 38.0
(61, 58, 236), 46.0
(62, 58, 235), 48.0
(61, 55, 235), 44.0
(62, 57, 235), 40.0
(61, 53, 233), 38.0
(61, 55, 234), 34.0
(62, 52, 232), 40.0
(60, 57, 235), 42.0
(60, 56, 235), 40.0
(61, 54, 233), 42.0
(60, 57, 236), 44.0
(60, 59, 237), 45.0
(60, 60, 237), None
(62, 55, 233), 46.0
(60, 58, 236), 44.0
