Sampler:TPESampler
(8, 67, 52), 24.0
(47, 35, 62), 30.0
(17, 38, 81), 27.0
(76, 10, 39), 26.0
(10, 12, 7), 30.0
(72, 4, 22), 34.0
(27, 9, 0), 28.0
(49, 36, 25), 40.0
(62, 73, 35), 24.0
(65, 29, 94), 32.0
(1, 97, 60), 26.0
(98, 74, 46), 30.0
(34, 67, 31), 28.0
(86, 69, 60), 28.0
(59, 87, 71), 34.0
(38, 55, 45), 26.0
(22, 56, 16), 26.0
(59, 82, 32), 26.0
(41, 61, 51), 30.0
(89, 47, 77), 38.0
(9, 81, 97), 23.0
(0, 80, 99), 24.0
(10, 97, 89), 29.0
(13, 87, 70), 24.0
(1, 80, 99), 24.0
(0, 90, 85), 32.0
(13, 89, 69), 27.0
(26, 78, 92), 26.0
(7, 63, 98), 28.0
(20, 49, 54), 26.0
(33, 74, 78), 22.0
(31, 84, 74), 33.0
(6, 71, 83), 30.0
(17, 62, 88), 24.0
(42, 77, 80), 30.0
(5, 93, 93), None
(18, 62, 87), 26.0
(25, 55, 64), 29.0
(13, 84, 68), 22.0
(16, 42, 80), 32.0
(11, 21, 95), 26.0
(32, 76, 86), 29.0
(16, 65, 88), 30.0
(23, 72, 64), 32.0
(30, 68, 55), 24.0
(7, 59, 42), 26.0
(51, 84, 75), 24.0
(29, 71, 52), 28.0
(53, 67, 58), 30.0
(52, 94, 67), 26.0
(44, 85, 76), 28.0
(4, 99, 72), 26.0
(14, 81, 90), 24.0
(37, 91, 55), 42.0
(10, 80, 97), 24.0
(66, 83, 79), 30.0
(60, 75, 34), 24.0
(10, 79, 95), 28.0
(73, 75, 46), 30.0
(3, 88, 91), 23.0
(58, 88, 14), 28.0
(13, 75, 92), 27.0
(3, 81, 83), 32.0
(20, 86, 99), 30.0
(8, 58, 84), 28.0
(2, 68, 38), 34.0
(0, 95, 91), 30.0
(66, 91, 33), 28.0
(80, 72, 96), 30.0
(35, 51, 49), 26.0
(5, 28, 68), 42.0
(14, 82, 28), 26.0
(1, 79, 93), 24.0
(11, 75, 23), 24.0
(9, 87, 89), 34.0
(18, 64, 20), 30.0
(23, 84, 76), 24.0
(12, 78, 2), 28.0
(8, 74, 13), 26.0
(3, 91, 99), 25.0
(26, 70, 62), 36.0
(47, 83, 96), 36.0
(15, 77, 23), 24.0
(19, 0, 57), 27.0
(6, 89, 90), 24.0
(29, 96, 70), 26.0
(0, 88, 66), 38.0
(23, 85, 74), 36.0
(57, 66, 78), 32.0
(15, 92, 81), 30.0
(51, 81, 86), 40.0
(48, 86, 82), 32.0
(44, 83, 73), 33.0
(21, 69, 60), 24.0
(20, 73, 65), 30.0
(61, 79, 42), 26.0
(4, 99, 62), 26.0
(55, 77, 50), 28.0
(6, 87, 94), 28.0
(39, 82, 97), 41.0
(62, 60, 48), 28.0
(10, 68, 93), 26.0
(12, 93, 99), 25.0
(9, 71, 91), 26.0
(2, 52, 71), 18.0
(2, 45, 94), 26.0
(7, 80, 86), 24.0
(33, 53, 75), 32.0
(7, 41, 78), 26.0
(12, 90, 21), 30.0
(17, 56, 88), 26.0
(1, 79, 70), 24.0
(5, 89, 19), 39.0
(97, 65, 97), None
(21, 69, 71), 26.0
(3, 76, 26), 30.0
(11, 64, 80), 32.0
(16, 62, 55), 30.0
(0, 80, 83), 38.0
(29, 85, 93), 31.0
(18, 48, 91), 28.0
(13, 51, 89), 26.0
(24, 75, 76), 24.0
(9, 72, 53), 34.0
(14, 74, 97), 24.0
(72, 58, 42), 26.0
(2, 84, 95), 30.0
(7, 77, 37), 24.0
(43, 66, 10), 32.0
(5, 78, 29), 44.0
(10, 81, 99), 24.0
(54, 77, 67), 28.0
(15, 69, 62), 24.0
(49, 32, 24), 26.0
(4, 14, 60), 36.0
(0, 80, 70), 22.0
(14, 74, 73), 26.0
(12, 88, 57), 30.0
(17, 86, 64), 30.0
(21, 67, 68), 33.0
(36, 62, 85), 22.0
(68, 82, 35), 28.0
(27, 60, 87), 22.0
(38, 81, 92), 26.0
(27, 84, 85), 31.0
(36, 73, 76), 28.0
(34, 54, 72), 26.0
(30, 80, 78), 24.0
(46, 75, 84), 41.0
(27, 60, 70), 24.0
(31, 83, 81), 40.0
(24, 70, 68), 26.0
(0, 77, 90), 26.0
(3, 79, 87), 31.0
(41, 56, 64), 27.0
(7, 63, 86), 26.0
(7, 61, 86), 26.0
(19, 58, 58), None
(1, 46, 96), 30.0
(4, 85, 94), 28.0
(10, 71, 99), 26.0
(25, 89, 71), 24.0
(27, 78, 18), 30.0
(8, 74, 75), 30.0
(5, 83, 92), 23.0
(30, 87, 36), 24.0
(11, 84, 80), 34.0
(5, 68, 51), 24.0
(56, 83, 91), 35.0
(34, 86, 93), 24.0
(6, 81, 89), 22.0
(32, 90, 30), 32.0
(2, 80, 90), 25.0
(17, 63, 88), 24.0
(6, 82, 23), 28.0
(15, 65, 95), 30.0
(22, 76, 83), 28.0
(9, 62, 89), 24.0
(3, 81, 92), 32.0
(25, 57, 61), 26.0
(19, 70, 70), None
(5, 78, 77), 34.0
(8, 64, 88), 30.0
(28, 88, 32), 24.0
(51, 83, 74), 31.0
(36, 86, 46), 30.0
(13, 79, 90), 24.0
(6, 80, 85), 24.0
(13, 76, 26), 28.0
(0, 93, 84), 26.0
(10, 74, 97), 32.0
(35, 87, 50), 26.0
(21, 72, 17), 30.0
(11, 76, 44), 38.0
(16, 77, 73), 22.0
(13, 80, 71), 27.0
(8, 61, 78), 24.0
(3, 78, 87), 31.0
(15, 74, 73), 24.0
(18, 72, 21), 28.0
(34, 68, 54), 24.0
(6, 82, 69), 24.0
(3, 67, 53), 28.0
(31, 86, 72), 32.0
(30, 81, 76), 32.0
(10, 81, 66), 26.0
(0, 77, 74), 24.0
(23, 75, 93), 29.0
(13, 84, 97), 24.0
(2, 75, 95), 30.0
(0, 78, 74), 24.0
(5, 84, 69), 26.0
(28, 80, 78), 24.0
(16, 79, 38), 36.0
(2, 77, 99), 29.0
(8, 72, 91), 31.0
(6, 79, 91), 26.0
(40, 59, 48), 27.0
(63, 66, 66), None
(25, 90, 88), 24.0
(15, 70, 60), 28.0
(33, 59, 89), 26.0
(29, 53, 72), 33.0
(25, 82, 97), 26.0
(15, 76, 14), 31.0
(9, 74, 25), 20.0
(9, 73, 94), 30.0
(6, 89, 79), 23.0
(7, 76, 82), 24.0
(11, 70, 80), 24.0
(4, 73, 27), 24.0
(11, 69, 86), 26.0
(30, 88, 76), 34.0
(5, 78, 78), None
(20, 84, 92), 42.0
(23, 89, 21), 28.0
(17, 82, 85), 24.0
(8, 50, 87), 24.0
(7, 81, 84), 26.0
(32, 92, 51), 44.0
(27, 85, 24), 26.0
(37, 87, 72), 24.0
(27, 91, 68), 24.0
(3, 64, 71), 28.0
(59, 85, 74), 29.0
(12, 89, 70), 24.0
(30, 60, 96), 40.0
(4, 43, 28), 30.0
(0, 79, 3), 28.0
(24, 57, 76), 26.0
(22, 83, 81), 32.0
(28, 80, 33), 26.0
(33, 87, 56), 30.0
(0, 96, 74), 32.0
(0, 77, 77), None
(26, 38, 80), 28.0
(22, 60, 23), 38.0
(5, 92, 41), 28.0
(46, 83, 73), 28.0
(68, 80, 74), 20.0
(37, 81, 68), 28.0
(78, 74, 71), 18.0
(87, 74, 71), 22.0
(81, 91, 69), 36.0
(88, 74, 78), 40.0
(83, 89, 76), 28.0
(86, 94, 73), 35.0
(71, 78, 31), 26.0
(78, 74, 75), 30.0
(76, 72, 87), 28.0
(93, 74, 70), 33.0
(39, 55, 66), 30.0
(90, 77, 68), 30.0
(65, 64, 89), 42.0
(10, 86, 93), 33.0
(18, 83, 85), 24.0
(31, 76, 71), 34.0
(75, 91, 97), 31.0
(7, 62, 82), 27.0
(2, 75, 73), 26.0
(69, 86, 90), 26.0
(94, 89, 70), 21.0
(96, 88, 64), 24.0
(28, 85, 71), 26.0
(90, 80, 90), None
(94, 83, 70), 34.0
(98, 82, 67), 36.0
(9, 80, 83), 28.0
(84, 79, 86), 40.0
(13, 50, 75), 24.0
(5, 87, 79), 35.0
(2, 68, 73), 24.0
(87, 86, 35), 26.0
(6, 63, 89), 28.0
(8, 60, 87), 26.0
(35, 71, 98), 28.0
(34, 90, 40), 28.0
(12, 93, 68), 24.0
(30, 87, 71), 32.0
(5, 89, 67), 32.0
(83, 85, 44), 26.0
(7, 79, 72), 22.0
(98, 50, 72), 32.0
(93, 72, 79), 28.0
(61, 78, 70), 36.0
(6, 81, 69), 24.0
(26, 84, 75), 35.0
(79, 75, 76), 38.0
(3, 77, 74), 24.0
(32, 16, 72), 28.0
(2, 76, 81), 24.0
(31, 66, 70), 24.0
(3, 58, 94), 28.0
(10, 64, 84), 24.0
(8, 62, 11), 28.0
(8, 72, 81), 34.0
(4, 68, 73), 24.0
(81, 88, 92), 33.0
(95, 74, 79), 30.0
(12, 70, 83), 38.0
(92, 70, 27), 24.0
(15, 79, 91), 26.0
(0, 77, 76), 25.0
(10, 79, 88), 28.0
(14, 53, 25), 30.0
(6, 82, 73), 28.0
(5, 59, 86), 31.0
(99, 81, 63), 32.0
(12, 83, 63), 20.0
(16, 78, 66), 30.0
(13, 84, 90), 32.0
(10, 6, 95), 24.0
(12, 82, 20), 40.0
(7, 27, 69), 32.0
(10, 56, 75), 26.0
(74, 85, 87), 42.0
(91, 83, 89), 29.0
(14, 94, 68), 26.0
(2, 74, 77), 24.0
(8, 80, 88), 24.0
(4, 47, 85), 32.0
(86, 89, 62), 30.0
(19, 80, 59), 23.0
(18, 79, 58), 26.0
(6, 77, 65), 28.0
(43, 81, 73), 32.0
(67, 76, 72), 40.0
(38, 86, 36), 26.0
(33, 87, 92), 24.0
(9, 82, 65), 34.0
(40, 51, 71), 35.0
(95, 91, 64), 30.0
(95, 76, 63), 22.0
(89, 97, 59), 42.0
(20, 82, 60), 31.0
(96, 43, 67), 24.0
(8, 80, 77), 26.0
(4, 79, 63), 24.0
(70, 79, 66), 30.0
(17, 76, 83), 24.0
(92, 72, 61), 37.0
(2, 50, 85), 26.0
(0, 77, 69), 28.0
(11, 74, 71), 34.0
(10, 26, 69), 30.0
(15, 73, 62), 30.0
(4, 68, 63), 24.0
(13, 60, 90), 26.0
(20, 71, 55), 24.0
(19, 75, 57), 30.0
(93, 89, 66), 28.0
(85, 74, 53), 46.0
(3, 53, 74), 24.0
(78, 83, 70), 26.0
(97, 66, 68), 28.0
(6, 81, 74), 28.0
(7, 78, 71), 24.0
(9, 76, 55), 28.0
(25, 84, 92), 23.0
(25, 84, 72), 24.0
(6, 82, 93), 26.0
(1, 78, 78), None
(23, 86, 76), 31.0
(64, 76, 61), 26.0
(88, 73, 65), 28.0
(11, 84, 91), 37.0
(16, 80, 59), 26.0
(7, 71, 81), 27.0
(1, 49, 94), 24.0
(4, 82, 67), 24.0
(3, 84, 97), 24.0
(35, 80, 69), 28.0
(73, 84, 87), 34.0
(25, 91, 5), 30.0
(27, 90, 0), 25.0
(99, 75, 72), 28.0
(19, 83, 63), 29.0
(25, 94, 79), 26.0
(23, 87, 71), 26.0
(22, 86, 88), 24.0
(28, 93, 75), 34.0
(82, 89, 73), 26.0
(28, 85, 78), 44.0
(30, 87, 93), 29.0
(29, 81, 91), 32.0
(77, 77, 80), None
(4, 76, 82), 20.0
(5, 85, 92), 24.0
(1, 78, 83), 24.0
(22, 90, 70), 36.0
(94, 80, 95), 30.0
(2, 75, 93), 27.0
(12, 78, 95), 24.0
(0, 79, 99), 27.0
(14, 83, 67), 26.0
(3, 73, 74), 26.0
(5, 70, 81), 32.0
(91, 81, 70), 41.0
(7, 78, 68), 22.0
(8, 39, 66), 34.0
(49, 76, 64), 36.0
(96, 79, 76), 33.0
(7, 81, 68), 26.0
(54, 96, 68), 28.0
(9, 77, 66), 32.0
(4, 78, 73), 24.0
(2, 45, 72), 28.0
(12, 34, 70), 30.0
(80, 83, 15), 28.0
(10, 75, 84), 34.0
(7, 80, 82), 26.0
(5, 74, 74), None
(7, 82, 85), 24.0
(18, 72, 72), None
(19, 84, 80), 28.0
(5, 77, 69), 38.0
(3, 69, 77), 32.0
(8, 88, 65), 32.0
(87, 86, 67), 34.0
(1, 77, 74), 24.0
(1, 79, 71), 24.0
(90, 81, 78), 26.0
(3, 79, 93), 24.0
(5, 53, 75), 30.0
(94, 92, 70), 44.0
(9, 88, 30), 22.0
(11, 88, 68), 26.0
(9, 85, 89), 31.0
(9, 82, 61), 28.0
(14, 75, 65), 22.0
(14, 74, 64), 26.0
(11, 76, 67), 28.0
(15, 73, 63), 24.0
(16, 75, 65), 22.0
(13, 72, 30), 34.0
(14, 75, 63), 28.0
(17, 75, 62), 26.0
(12, 73, 65), 27.0
(16, 77, 66), 28.0
(45, 76, 65), 30.0
(17, 78, 60), 24.0
(15, 72, 69), 24.0
(85, 75, 68), 28.0
(6, 73, 66), 28.0
(42, 55, 63), 29.0
(17, 78, 64), 28.0
(12, 80, 70), 26.0
(21, 71, 68), 26.0
(58, 76, 59), 30.0
(10, 74, 66), 28.0
(8, 77, 25), 34.0
(7, 88, 18), 34.0
(97, 90, 71), 38.0
(92, 79, 72), 32.0
(16, 0, 82), 25.0
(14, 75, 22), 24.0
(12, 71, 67), 24.0
(10, 78, 69), 26.0
(52, 85, 73), 45.0
(9, 80, 9), None
(18, 92, 61), 28.0
(13, 83, 64), 30.0
(11, 81, 76), 28.0
(94, 73, 71), 28.0
(16, 75, 68), 26.0
(4, 87, 28), 30.0
(20, 77, 79), 25.0
(89, 76, 86), 31.0
(83, 70, 65), 28.0
(6, 84, 87), 28.0
(4, 86, 83), 22.0
(8, 86, 86), None
(2, 85, 83), 26.0
(13, 45, 84), 26.0
(10, 81, 69), 26.0
(4, 82, 84), 24.0
(75, 79, 62), 26.0
(6, 87, 81), 26.0
Sampler:BoTorchSampler
(8, 56, 47), 36.0
(61, 16, 82), 30.0
(18, 94, 40), 24.0
(31, 68, 70), 25.0
(15, 68, 21), 32.0
(39, 88, 6), 33.0
(47, 85, 70), 28.0
(93, 11, 7), 22.0
(55, 51, 18), 28.0
(18, 50, 2), 32.0
(99, 25, 0), 28.0
(84, 0, 13), 29.0
(14, 69, 73), 24.0
(7, 97, 71), 23.0
(10, 88, 90), 26.0
(0, 80, 58), 26.0
(14, 66, 60), 26.0
(16, 87, 60), 24.0
(4, 5, 56), 33.0
(15, 47, 60), 28.0
(18, 84, 63), 28.0
(0, 1, 69), 25.0
(0, 51, 99), 28.0
(0, 56, 73), 28.0
(0, 60, 73), 32.0
(0, 60, 67), 24.0
(33, 83, 73), 38.0
(9, 39, 6), 48.0
(0, 14, 63), 27.0
(0, 61, 65), 30.0
(0, 11, 63), 31.0
(74, 25, 46), 31.0
(0, 17, 66), 24.0
(0, 0, 66), None
(0, 0, 22), None
(0, 0, 3), None
(0, 0, 60), None
(0, 69, 65), 28.0
(95, 0, 36), 24.0
(92, 30, 37), 22.0
(91, 35, 17), 33.0
(97, 17, 61), 24.0
(91, 6, 68), 26.0
(76, 0, 28), 26.0
(80, 0, 34), 31.0
(83, 0, 30), 26.0
(37, 40, 71), 26.0
(57, 0, 28), 28.0
(34, 0, 29), 31.0
(74, 6, 38), 28.0
(94, 7, 38), 30.0
(26, 50, 81), 24.0
(20, 15, 41), 42.0
(12, 45, 76), 32.0
(62, 40, 82), 28.0
(11, 41, 83), 22.0
(0, 1, 99), 27.0
(80, 50, 80), None
(58, 50, 79), 29.0
(18, 50, 79), 23.0
(24, 32, 43), 29.0
(24, 29, 3), 26.0
(20, 52, 47), 27.0
(19, 54, 25), 28.0
(19, 56, 49), 28.0
(99, 41, 83), 30.0
(19, 56, 77), 25.0
(19, 55, 39), 26.0
(19, 56, 0), 28.0
(19, 57, 78), 20.0
(19, 59, 45), 32.0
(19, 58, 73), 28.0
(19, 55, 12), 28.0
(34, 43, 0), 34.0
(18, 60, 97), 22.0
(21, 46, 80), 28.0
(17, 73, 63), 26.0
(17, 73, 38), 25.0
(17, 72, 35), 35.0
(17, 75, 54), 26.0
(17, 74, 85), 30.0
(0, 83, 91), 38.0
(28, 36, 50), 31.0
(18, 40, 59), 24.0
(19, 36, 24), 37.0
(20, 33, 88), 33.0
(8, 82, 43), 32.0
(79, 37, 36), 32.0
(23, 0, 68), 33.0
(68, 54, 79), 28.0
(36, 52, 18), 34.0
(4, 0, 24), 36.0
(43, 14, 25), 32.0
(15, 0, 45), 30.0
(85, 0, 92), 35.0
(16, 79, 27), 40.0
(57, 57, 88), None
(35, 52, 21), 31.0
(54, 48, 13), 28.0
(4, 86, 10), 22.0
(30, 34, 47), 22.0
(83, 23, 66), 24.0
(90, 52, 88), 32.0
(18, 37, 70), 29.0
(75, 81, 59), 26.0
(80, 10, 6), 30.0
(6, 73, 52), 30.0
(30, 44, 95), 34.0
(36, 37, 4), 30.0
(33, 86, 2), 33.0
(14, 69, 90), 24.0
(73, 60, 12), 32.0
(97, 60, 70), 41.0
(0, 64, 9), 31.0
(48, 17, 75), 30.0
(98, 0, 3), 26.0
(57, 70, 45), 24.0
(0, 73, 7), 22.0
(0, 97, 4), 26.0
(62, 90, 60), 32.0
(6, 65, 0), 28.0
(0, 39, 32), 31.0
(0, 68, 31), 24.0
(0, 65, 32), 31.0
(0, 81, 31), 25.0
(89, 5, 60), 24.0
(0, 15, 32), 29.0
(0, 0, 32), None
(77, 41, 60), 36.0
(0, 92, 32), 32.0
(16, 32, 88), 26.0
(34, 62, 87), 28.0
(16, 79, 86), 34.0
(58, 76, 58), None
(14, 54, 41), 28.0
(14, 54, 94), 34.0
(13, 65, 81), 26.0
(52, 39, 39), None
(2, 45, 89), 36.0
(42, 58, 9), 24.0
(78, 55, 65), 28.0
(97, 78, 41), 27.0
(86, 29, 89), 38.0
(30, 63, 40), 31.0
(38, 36, 69), 32.0
(46, 35, 56), 27.0
(90, 72, 13), 22.0
(63, 74, 49), 29.0
(38, 31, 43), 30.0
(3, 89, 35), 34.0
(91, 7, 42), 30.0
(7, 85, 75), 30.0
(53, 79, 81), 32.0
(14, 42, 55), 26.0
(81, 39, 91), 34.0
(66, 94, 51), 28.0
(56, 92, 81), 28.0
(97, 37, 78), 42.0
(92, 75, 52), 27.0
(91, 40, 80), 44.0
(96, 87, 13), 26.0
(59, 77, 14), 30.0
(50, 69, 24), 30.0
(40, 78, 78), None
(19, 73, 0), 24.0
(60, 72, 40), 41.0
(55, 63, 1), 28.0
(43, 65, 50), 30.0
(72, 73, 0), 36.0
(42, 77, 74), 36.0
(5, 23, 69), 32.0
(41, 0, 3), 43.0
(74, 63, 23), 34.0
(97, 87, 74), 42.0
(31, 84, 19), 26.0
(67, 76, 1), 28.0
(37, 22, 58), 36.0
(59, 84, 83), 30.0
(61, 39, 19), 21.0
(1, 42, 0), 36.0
(89, 59, 59), None
(40, 27, 7), 34.0
(26, 54, 46), 28.0
(88, 17, 46), 24.0
(1, 92, 21), 26.0
(96, 90, 12), 28.0
(20, 10, 13), 44.0
(26, 36, 3), 28.0
(95, 64, 0), 30.0
(97, 85, 46), 32.0
(88, 92, 78), 38.0
(10, 38, 0), 29.0
(68, 49, 45), 28.0
(34, 38, 65), 26.0
(2, 61, 0), 33.0
(58, 11, 44), 32.0
(60, 89, 81), 36.0
(18, 4, 90), 26.0
(62, 14, 96), 28.0
(24, 65, 59), 26.0
(51, 8, 84), 28.0
(90, 11, 16), 26.0
(44, 64, 86), 32.0
(24, 10, 50), 38.0
(70, 38, 30), 30.0
(56, 46, 57), 26.0
(63, 1, 52), 38.0
(75, 90, 69), 22.0
(0, 47, 0), None
(19, 0, 54), 26.0
(57, 1, 17), 30.0
(6, 90, 16), 30.0
(71, 61, 2), 22.0
(7, 25, 0), 31.0
(53, 93, 84), 31.0
(85, 62, 50), 43.0
(19, 2, 55), 28.0
(71, 2, 91), 26.0
(28, 63, 95), 28.0
(91, 68, 3), 24.0
(62, 67, 74), 34.0
(88, 20, 42), 35.0
(36, 2, 83), 28.0
(32, 80, 1), 26.0
(18, 40, 8), 38.0
(19, 34, 54), 24.0
(66, 46, 6), 26.0
(1, 90, 80), 25.0
(98, 44, 82), 32.0
(70, 49, 53), 32.0
(69, 57, 85), 31.0
(94, 56, 93), 26.0
(46, 79, 36), 26.0
(14, 75, 74), 22.0
(91, 80, 58), 33.0
(57, 1, 22), 22.0
(32, 91, 75), 27.0
(13, 53, 70), 34.0
(16, 15, 62), 27.0
(67, 3, 89), 34.0
(32, 91, 1), 28.0
(78, 63, 10), 26.0
(75, 75, 54), None
(39, 3, 65), 30.0
(7, 52, 69), 25.0
(25, 30, 98), 26.0
(32, 54, 14), 26.0
(97, 33, 71), 26.0
(61, 11, 47), 24.0
(10, 90, 60), 24.0
(94, 58, 85), 38.0
(36, 89, 17), 32.0
(99, 6, 82), 21.0
(16, 9, 5), 31.0
(6, 91, 22), 28.0
(79, 60, 13), 26.0
(43, 56, 92), 26.0
(86, 31, 61), 38.0
(7, 35, 97), 32.0
(48, 68, 28), 34.0
(15, 89, 12), 24.0
(31, 45, 88), 32.0
(44, 37, 55), 27.0
(69, 76, 26), 36.0
(55, 28, 51), 26.0
(86, 8, 45), 30.0
(10, 48, 21), 34.0
(35, 75, 57), 22.0
(95, 64, 84), 32.0
(58, 89, 90), 32.0
(4, 27, 85), 28.0
(75, 22, 80), 27.0
(7, 84, 8), 29.0
(77, 27, 64), 28.0
(15, 98, 53), 28.0
(38, 63, 61), 26.0
(61, 94, 63), 32.0
(86, 2, 67), 29.0
(97, 34, 49), 26.0
(80, 38, 95), 26.0
(77, 78, 85), 40.0
(64, 58, 63), 26.0
(85, 59, 56), 28.0
(10, 15, 83), 24.0
(44, 18, 7), 32.0
(58, 22, 67), 26.0
(20, 45, 16), 28.0
(60, 76, 21), 26.0
(6, 61, 20), 40.0
(62, 69, 61), 26.0
(47, 12, 75), 28.0
(24, 83, 20), 24.0
(71, 54, 84), 28.0
(14, 10, 65), 28.0
(14, 71, 71), None
(89, 2, 66), 28.0
(52, 96, 93), 36.0
(50, 4, 3), 46.0
(75, 59, 86), 35.0
(26, 54, 41), 28.0
(72, 67, 6), 22.0
(64, 83, 20), 34.0
(83, 1, 12), 38.0
(91, 70, 18), 26.0
(76, 26, 26), None
(68, 88, 1), 28.0
(74, 34, 34), None
(8, 55, 75), 28.0
(1, 93, 98), 23.0
(42, 98, 34), 26.0
(58, 98, 6), 20.0
(24, 14, 31), 28.0
(85, 14, 3), 26.0
(59, 74, 84), 30.0
(23, 73, 39), 22.0
(24, 44, 27), 28.0
(57, 78, 7), 18.0
(35, 33, 97), 24.0
(15, 81, 31), 30.0
(39, 11, 46), 28.0
(43, 36, 67), 24.0
(3, 58, 40), 28.0
(30, 39, 71), 24.0
(31, 47, 55), 30.0
(66, 66, 16), None
(3, 77, 90), 22.0
(13, 1, 18), 23.0
(8, 24, 6), 26.0
(94, 1, 29), 24.0
(46, 18, 59), 28.0
(67, 88, 2), 34.0
(9, 37, 74), 32.0
(67, 41, 30), 24.0
(54, 96, 10), 32.0
(6, 13, 43), 34.0
(82, 56, 1), 30.0
(88, 26, 18), 33.0
(88, 1, 41), 26.0
(18, 19, 86), 34.0
(64, 94, 17), 32.0
(78, 56, 26), 28.0
(33, 86, 68), 24.0
(16, 64, 12), 24.0
(89, 94, 19), 32.0
(81, 83, 90), None
(75, 39, 99), 34.0
(77, 96, 63), 28.0
(53, 87, 34), 30.0
(91, 40, 67), 28.0
(2, 50, 84), 32.0
(26, 89, 39), 38.0
(96, 38, 82), 29.0
(41, 2, 74), 32.0
(38, 99, 50), 26.0
(20, 96, 34), 28.0
(53, 19, 38), 28.0
(38, 72, 43), 26.0
(74, 1, 80), 36.0
(71, 4, 56), 26.0
(39, 56, 24), 29.0
(98, 52, 9), 24.0
(54, 28, 41), 24.0
(24, 48, 87), 28.0
(56, 73, 16), 32.0
(76, 60, 1), 26.0
(7, 25, 21), 31.0
(63, 83, 2), 18.0
(11, 62, 22), 31.0
(55, 55, 26), None
(97, 16, 92), 25.0
(92, 58, 36), 26.0
(49, 68, 62), 32.0
(19, 66, 86), 24.0
(66, 38, 76), 26.0
(68, 63, 32), 26.0
(77, 28, 65), 28.0
(76, 52, 69), 32.0
(77, 89, 84), 38.0
(78, 19, 75), 34.0
(11, 61, 25), 36.0
(65, 69, 6), 24.0
(31, 11, 49), 24.0
(64, 79, 15), 24.0
(85, 4, 75), 30.0
(6, 29, 45), 28.0
(76, 58, 6), 36.0
(90, 2, 19), 24.0
(18, 60, 74), 26.0
(57, 9, 82), 26.0
(21, 71, 62), 31.0
(20, 82, 84), 38.0
(95, 37, 66), 38.0
(78, 24, 68), 28.0
(6, 15, 22), 33.0
(36, 48, 47), 29.0
(32, 67, 64), 30.0
(36, 39, 70), 32.0
(47, 68, 36), 43.0
(2, 83, 26), 24.0
(34, 22, 71), 27.0
(55, 88, 42), 30.0
(87, 6, 13), 24.0
(44, 92, 32), 26.0
(42, 76, 69), 28.0
(68, 63, 17), 22.0
(24, 72, 83), 30.0
(9, 72, 95), 25.0
(28, 92, 12), 24.0
(53, 98, 71), 28.0
(67, 87, 69), 29.0
(65, 41, 99), 32.0
(49, 12, 39), 38.0
(14, 3, 60), 29.0
(34, 85, 32), 25.0
(59, 80, 74), 20.0
(84, 52, 92), 34.0
(25, 22, 78), 28.0
(13, 23, 36), 30.0
(8, 16, 23), 36.0
(58, 67, 44), 28.0
(29, 43, 21), 26.0
(98, 81, 15), 26.0
(16, 9, 16), None
(60, 28, 40), 24.0
(93, 39, 66), 42.0
(7, 90, 31), 26.0
(11, 10, 21), None
(70, 90, 32), 38.0
(77, 8, 31), 24.0
(55, 70, 83), 28.0
(76, 14, 40), 24.0
(40, 67, 30), 25.0
(88, 35, 14), 33.0
(40, 53, 29), 26.0
(34, 6, 60), 36.0
(7, 18, 36), 34.0
(23, 92, 97), 27.0
(12, 82, 70), 41.0
(96, 28, 67), 34.0
(74, 76, 94), 23.0
(39, 11, 39), None
(67, 48, 95), 47.0
(62, 84, 60), 34.0
(28, 63, 10), 28.0
(62, 18, 4), 28.0
(32, 52, 14), 44.0
(55, 62, 79), 28.0
(2, 29, 13), 31.0
(25, 97, 89), 31.0
(5, 28, 57), 40.0
(78, 11, 97), 26.0
(40, 51, 94), 37.0
(63, 95, 7), 30.0
(69, 40, 63), 34.0
(3, 27, 23), 35.0
(32, 39, 72), 26.0
(51, 93, 97), 37.0
(5, 28, 75), 26.0
(31, 8, 5), 22.0
(45, 54, 73), 37.0
(79, 6, 22), 26.0
(96, 8, 65), 28.0
(99, 31, 89), 28.0
(49, 78, 93), 46.0
(37, 39, 47), 27.0
(59, 62, 94), 32.0
(72, 42, 80), 38.0
(48, 47, 98), 30.0
(72, 47, 32), 26.0
(61, 93, 29), 26.0
(92, 26, 93), 21.0
(0, 55, 66), 42.0
(75, 30, 1), 28.0
(41, 60, 11), 20.0
(91, 3, 78), 23.0
(29, 82, 65), 36.0
(77, 74, 46), 28.0
(56, 27, 94), 32.0
(88, 48, 24), 28.0
(71, 21, 65), 30.0
(30, 3, 46), 26.0
(61, 98, 62), 30.0
(34, 97, 93), 26.0
(15, 20, 36), 30.0
(84, 49, 43), 24.0
(58, 54, 87), 26.0
(38, 96, 45), 28.0
(78, 46, 72), 30.0
(81, 41, 94), 40.0
(70, 84, 94), 28.0
(5, 82, 36), 27.0
(70, 41, 20), 19.0
(64, 98, 25), 24.0
(16, 68, 48), 34.0
(6, 29, 69), 44.0
(23, 14, 0), 35.0
(82, 98, 74), 20.0
(30, 48, 99), 26.0
(2, 14, 83), 28.0
(77, 83, 67), 34.0
Sampler:CmaEsSampler
(11, 1, 11), None
(8, 74, 22), 26.0
(68, 58, 64), 36.0
(41, 45, 39), 24.0
(43, 66, 69), 34.0
(70, 17, 74), 26.0
(56, 36, 40), 20.0
(33, 78, 62), 26.0
(40, 59, 54), 26.0
(46, 30, 60), 26.0
(38, 49, 29), 28.0
(57, 43, 32), 26.0
(33, 38, 16), 28.0
(50, 29, 27), 26.0
(32, 19, 49), 35.0
(87, 38, 69), 38.0
(44, 26, 65), 30.0
(33, 42, 54), 25.0
(36, 27, 58), 36.0
(53, 39, 31), 28.0
(46, 57, 23), 53.0
(26, 19, 40), 30.0
(65, 46, 38), 32.0
(52, 34, 48), 30.0
(36, 53, 53), None
(43, 35, 58), 28.0
(41, 42, 45), 42.0
(55, 29, 49), 28.0
(55, 38, 54), 34.0
(39, 42, 50), 28.0
(38, 58, 63), 26.0
(41, 50, 60), 32.0
(47, 39, 77), 26.0
(47, 50, 47), None
(54, 29, 54), None
(49, 23, 44), 26.0
(34, 45, 52), 28.0
(44, 39, 62), 32.0
(49, 41, 44), 20.0
(32, 38, 60), 24.0
(44, 51, 59), 20.0
(51, 46, 44), 28.0
(27, 58, 72), 26.0
(40, 37, 50), 30.0
(36, 33, 45), 30.0
(49, 45, 55), 20.0
(48, 46, 49), 42.0
(41, 46, 56), 22.0
(41, 47, 58), 28.0
(55, 40, 50), 29.0
(40, 57, 60), 24.0
(37, 42, 61), 30.0
(45, 41, 51), 28.0
(50, 46, 59), 28.0
(41, 55, 59), 22.0
(54, 47, 58), 28.0
(39, 45, 56), 28.0
(33, 48, 52), 28.0
(42, 37, 56), 28.0
(44, 54, 56), 24.0
(38, 53, 68), 22.0
(36, 58, 65), 24.0
(41, 52, 61), 28.0
(40, 57, 61), 27.0
(31, 47, 59), 24.0
(36, 57, 58), 25.0
(45, 50, 62), 25.0
(37, 67, 66), 36.0
(44, 46, 58), 32.0
(34, 58, 61), 28.0
(46, 44, 52), 32.0
(32, 52, 62), 28.0
(44, 54, 61), 26.0
(31, 50, 60), 28.0
(35, 60, 58), 30.0
(37, 49, 62), 27.0
(39, 56, 60), 28.0
(43, 55, 59), 30.0
(37, 54, 62), 37.0
(44, 56, 65), 26.0
(42, 58, 62), 20.0
(36, 59, 67), 22.0
(43, 58, 61), 26.0
(42, 66, 70), 26.0
(43, 68, 70), 32.0
(46, 60, 65), 24.0
(34, 60, 68), 30.0
(38, 62, 70), 34.0
(40, 59, 69), 24.0
(41, 56, 58), 22.0
(40, 56, 54), 30.0
(40, 62, 66), 34.0
(43, 57, 62), 28.0
(41, 58, 68), 24.0
(40, 70, 74), 40.0
(41, 58, 65), 26.0
(44, 60, 69), 24.0
(43, 56, 63), 24.0
(42, 57, 64), 32.0
(41, 58, 63), 30.0
(44, 64, 73), 33.0
(41, 57, 61), 26.0
(42, 55, 53), 32.0
(39, 57, 72), 32.0
(45, 59, 66), 26.0
(38, 52, 59), 26.0
(44, 57, 66), 28.0
(43, 59, 66), 28.0
(42, 59, 65), 30.0
(42, 57, 61), 26.0
(39, 54, 58), 30.0
(41, 53, 60), 28.0
(42, 57, 60), 28.0
(44, 57, 64), 20.0
(41, 56, 63), 28.0
(45, 57, 59), 36.0
(44, 59, 64), 20.0
(41, 53, 61), 30.0
(45, 55, 62), 25.0
(42, 53, 60), 30.0
(44, 56, 64), 23.0
(41, 57, 63), 30.0
(45, 56, 63), 28.0
(46, 58, 63), 30.0
(44, 56, 62), 30.0
(45, 53, 63), 28.0
(42, 59, 64), 30.0
(48, 59, 65), 28.0
(43, 58, 65), 26.0
(45, 58, 65), 22.0
(44, 58, 60), 24.0
(39, 58, 64), 30.0
(44, 60, 64), 20.0
(44, 59, 66), 28.0
(45, 58, 64), 24.0
(45, 58, 63), 32.0
(45, 61, 65), 24.0
(45, 61, 64), 29.0
(44, 60, 65), 28.0
(43, 59, 65), 26.0
(43, 56, 62), 30.0
(46, 61, 66), 22.0
(46, 60, 66), 22.0
(46, 59, 63), 34.0
(45, 61, 67), 28.0
(45, 59, 64), 26.0
(46, 57, 64), 27.0
(45, 57, 64), 26.0
(45, 57, 63), 30.0
(46, 62, 66), 22.0
(44, 58, 64), 20.0
(45, 60, 65), 22.0
(44, 59, 65), 26.0
(44, 58, 65), 24.0
(44, 57, 65), 24.0
(45, 59, 65), 20.0
(46, 60, 67), 26.0
(46, 58, 66), 32.0
(46, 59, 66), 30.0
