Sampler:TPESampler
(73, 74, 11, 91, 13, 70), 25.0
(31, 5, 97, 28, 78, 39), 25.0
(43, 47, 98, 72, 19, 24), 18.0
(16, 43, 33, 95, 59, 9), 23.0
(65, 69, 54, 30, 52, 82), 26.0
(4, 62, 18, 7, 9, 61), 22.0
(14, 11, 72, 48, 41, 12), 25.0
(8, 29, 13, 96, 28, 26), 26.0
(61, 32, 2, 70, 2, 20), None
(25, 1, 50, 43, 81, 75), 16.0
(86, 94, 56, 0, 88, 99), 25.0
(39, 26, 98, 67, 99, 50), 22.0
(45, 95, 73, 62, 72, 40), 25.0
(28, 52, 76, 46, 32, 83), 22.0
(51, 17, 36, 79, 69, 0), 25.0
(26, 1, 32, 30, 23, 59), 23.0
(98, 44, 84, 58, 44, 32), None
(52, 84, 44, 81, 98, 77), 20.0
(37, 53, 60, 43, 59, 91), 17.0
(19, 58, 62, 36, 62, 99), None
(34, 36, 45, 18, 82, 91), 28.0
(42, 20, 62, 40, 55, 69), 23.0
(23, 52, 86, 55, 38, 90), 18.0
(22, 59, 83, 53, 38, 90), 18.0
(0, 72, 84, 42, 64, 91), 23.0
(34, 38, 63, 55, 48, 74), 22.0
(10, 59, 48, 14, 89, 62), 22.0
(22, 82, 41, 20, 71, 84), 23.0
(58, 44, 92, 71, 24, 52), 20.0
(25, 52, 24, 62, 32, 67), 20.0
(36, 67, 66, 36, 81, 76), None
(47, 77, 90, 78, 18, 92), 23.0
(75, 11, 80, 88, 7, 40), 18.0
(30, 57, 54, 55, 39, 88), 24.0
(71, 8, 77, 86, 1, 42), 18.0
(74, 8, 69, 87, 1, 38), 20.0
(81, 21, 94, 90, 9, 19), 18.0
(73, 1, 80, 85, 14, 44), 25.0
(93, 24, 87, 25, 56, 80), 22.0
(56, 15, 95, 75, 9, 17), 20.0
(41, 65, 56, 49, 45, 97), 20.0
(15, 53, 99, 55, 35, 86), 20.0
(67, 47, 80, 99, 16, 28), 18.0
(66, 38, 68, 99, 17, 31), 20.0
(10, 13, 91, 63, 23, 55), 20.0
(20, 62, 83, 45, 52, 94), 24.0
(82, 7, 76, 90, 7, 45), None
(24, 32, 51, 51, 40, 72), None
(30, 55, 76, 36, 67, 80), 22.0
(73, 4, 59, 94, 5, 36), 22.0
(65, 48, 72, 96, 75, 25), 30.0
(38, 5, 79, 83, 3, 5), None
(81, 20, 96, 90, 10, 17), 18.0
(83, 21, 95, 90, 9, 10), 24.0
(44, 10, 88, 74, 28, 23), 24.0
(81, 18, 95, 93, 11, 14), 25.0
(17, 0, 86, 66, 87, 95), 27.0
(90, 12, 36, 42, 94, 46), 18.0
(77, 28, 72, 30, 5, 56), 22.0
(49, 42, 99, 59, 20, 7), 19.0
(33, 32, 43, 70, 28, 64), 20.0
(27, 70, 83, 52, 36, 88), 24.0
(63, 91, 78, 42, 61, 32), 24.0
(56, 49, 65, 86, 0, 27), 25.0
(22, 63, 92, 46, 13, 89), 22.0
(88, 4, 59, 39, 47, 84), 19.0
(90, 12, 34, 32, 99, 34), None
(94, 15, 28, 79, 94, 44), None
(37, 57, 2, 67, 57, 99), None
(68, 23, 51, 99, 15, 19), 21.0
(69, 8, 70, 83, 5, 39), 18.0
(69, 10, 68, 88, 5, 40), 22.0
(78, 44, 40, 43, 92, 14), 19.0
(97, 47, 10, 82, 79, 29), 22.0
(80, 60, 87, 96, 20, 22), 19.0
(84, 19, 47, 91, 86, 50), 22.0
(76, 53, 81, 53, 50, 94), None
(59, 37, 89, 58, 25, 78), 22.0
(11, 4, 85, 48, 84, 46), 23.0
(6, 40, 74, 39, 95, 48), 22.0
(40, 14, 94, 73, 12, 3), 23.0
(88, 8, 81, 93, 74, 36), 23.0
(85, 24, 97, 89, 8, 17), 17.0
(85, 26, 97, 98, 10, 19), 19.0
(91, 15, 93, 48, 43, 15), None
(86, 34, 38, 76, 17, 11), 22.0
(19, 2, 24, 37, 66, 42), 21.0
(28, 55, 55, 1, 32, 86), None
(70, 7, 70, 85, 4, 53), None
(53, 46, 99, 33, 8, 24), 20.0
(24, 51, 59, 45, 38, 81), 18.0
(31, 11, 60, 44, 37, 82), 25.0
(13, 50, 74, 25, 0, 90), 21.0
(24, 51, 90, 50, 42, 75), 22.0
(75, 22, 78, 89, 7, 27), 20.0
(72, 17, 96, 92, 2, 22), 16.0
(62, 17, 83, 92, 2, 29), 24.0
(71, 28, 97, 95, 14, 21), 21.0
(17, 9, 64, 82, 8, 42), 22.0
(79, 6, 70, 84, 2, 37), 20.0
(71, 16, 89, 41, 6, 34), 23.0
(44, 25, 92, 78, 11, 15), 21.0
(82, 65, 94, 88, 34, 17), 25.0
(67, 13, 75, 97, 15, 30), 20.0
(33, 55, 57, 57, 38, 87), None
(74, 20, 96, 87, 2, 42), 24.0
(77, 0, 91, 81, 52, 95), 24.0
(22, 60, 53, 46, 46, 92), None
(96, 19, 85, 91, 10, 58), 18.0
(99, 18, 45, 91, 89, 60), 24.0
(88, 3, 77, 80, 4, 39), 23.0
(65, 12, 80, 95, 6, 9), 18.0
(64, 30, 89, 95, 16, 17), 20.0
(73, 22, 82, 94, 12, 9), 18.0
(73, 22, 97, 93, 13, 7), 24.0
(60, 12, 85, 90, 9, 68), 20.0
(80, 6, 66, 38, 19, 47), 24.0
(94, 19, 87, 86, 0, 72), 19.0
(83, 58, 80, 99, 4, 97), 21.0
(26, 10, 50, 43, 29, 65), 22.0
(76, 75, 77, 88, 59, 25), 26.0
(96, 26, 82, 97, 6, 1), 19.0
(22, 24, 87, 94, 40, 9), 20.0
(92, 16, 95, 35, 77, 18), 21.0
(87, 20, 85, 91, 22, 12), 18.0
(86, 20, 61, 85, 22, 52), 26.0
(66, 15, 93, 41, 7, 22), 20.0
(72, 8, 79, 60, 12, 13), 20.0
(90, 17, 83, 54, 11, 85), 18.0
(28, 46, 85, 54, 49, 84), 25.0
(96, 23, 53, 46, 11, 81), 20.0
(68, 53, 48, 48, 70, 58), None
(69, 13, 73, 91, 3, 20), 20.0
(78, 30, 81, 95, 9, 16), 19.0
(89, 11, 84, 92, 97, 6), 17.0
(88, 16, 84, 92, 21, 78), 21.0
(81, 12, 32, 89, 96, 49), 24.0
(21, 55, 79, 49, 93, 5), 22.0
(19, 50, 91, 87, 34, 92), 23.0
(93, 11, 28, 94, 91, 7), 20.0
(25, 42, 82, 98, 83, 4), 20.0
(84, 2, 88, 83, 98, 44), 22.0
(75, 9, 71, 96, 6, 8), 22.0
(71, 48, 75, 93, 30, 89), 26.0
(90, 17, 86, 52, 25, 86), None
(89, 20, 99, 90, 18, 12), 18.0
(85, 5, 98, 84, 3, 23), 22.0
(30, 62, 57, 91, 41, 11), 20.0
(47, 14, 89, 89, 8, 13), None
(79, 21, 42, 44, 96, 20), 20.0
(65, 7, 15, 87, 0, 35), 26.0
(86, 10, 93, 56, 6, 43), 22.0
(95, 26, 82, 96, 14, 10), 19.0
(90, 21, 96, 51, 18, 12), 22.0
(16, 53, 97, 99, 54, 15), 20.0
(92, 13, 77, 92, 11, 84), None
(91, 17, 85, 60, 90, 40), 22.0
(74, 5, 68, 89, 17, 2), 25.0
(62, 14, 84, 13, 2, 39), 27.0
(87, 19, 91, 39, 85, 94), 23.0
(89, 18, 87, 65, 9, 46), 20.0
(83, 23, 80, 94, 12, 6), 23.0
(24, 57, 99, 45, 15, 87), 22.0
(81, 16, 95, 54, 36, 91), 24.0
(98, 98, 99, 86, 4, 55), None
(84, 8, 39, 47, 44, 18), 22.0
(78, 18, 83, 91, 80, 0), 19.0
(69, 11, 63, 42, 63, 32), None
(87, 55, 45, 50, 24, 82), 24.0
(36, 51, 78, 97, 39, 9), 17.0
(28, 49, 59, 88, 73, 26), 18.0
(35, 12, 79, 96, 10, 41), 21.0
(34, 45, 76, 97, 68, 27), 20.0
(22, 24, 86, 93, 39, 10), 18.0
(19, 27, 83, 93, 38, 8), 22.0
(41, 22, 81, 90, 32, 11), 18.0
(42, 52, 96, 89, 33, 13), 18.0
(38, 52, 95, 84, 42, 70), 24.0
(72, 68, 74, 99, 5, 3), 20.0
(26, 55, 80, 95, 27, 97), 22.0
(77, 3, 78, 86, 6, 9), 25.0
(32, 59, 72, 90, 8, 17), 18.0
(89, 50, 59, 92, 72, 24), 18.0
(33, 50, 55, 91, 87, 23), 23.0
(57, 48, 81, 97, 20, 15), 18.0
(66, 14, 77, 40, 13, 38), 24.0
(55, 48, 58, 93, 39, 14), 22.0
(23, 19, 36, 43, 99, 89), 22.0
(86, 64, 84, 87, 1, 18), 22.0
(68, 10, 82, 94, 7, 45), 20.0
(39, 52, 89, 95, 35, 13), 20.0
(73, 9, 79, 92, 9, 5), None
(30, 22, 93, 89, 31, 79), 26.0
(29, 24, 86, 94, 76, 9), 19.0
(42, 61, 67, 89, 66, 20), 27.0
(45, 81, 86, 90, 35, 11), 20.0
(95, 21, 82, 97, 16, 73), 22.0
(27, 54, 62, 45, 58, 50), 24.0
(32, 25, 96, 88, 32, 12), None
(20, 49, 59, 70, 61, 85), 24.0
(36, 23, 75, 90, 8, 21), 19.0
(40, 51, 71, 86, 74, 26), 23.0
(47, 57, 99, 92, 40, 16), 18.0
(70, 20, 84, 82, 12, 7), 17.0
(70, 16, 7, 82, 20, 16), None
(25, 18, 80, 85, 94, 29), 26.0
(22, 42, 78, 42, 46, 91), None
(64, 46, 97, 77, 14, 22), 25.0
(59, 44, 92, 81, 10, 19), 22.0
(50, 50, 72, 98, 12, 15), None
(49, 57, 99, 91, 42, 75), 25.0
(41, 20, 97, 88, 3, 14), 21.0
(37, 23, 81, 96, 12, 9), 21.0
(90, 20, 83, 95, 18, 7), 26.0
(89, 47, 61, 88, 73, 23), 20.0
(71, 48, 85, 99, 27, 10), 22.0
(93, 15, 52, 85, 97, 43), 27.0
(35, 51, 56, 90, 72, 25), 22.0
(74, 28, 88, 93, 15, 10), 22.0
(43, 59, 84, 57, 37, 6), 22.0
(67, 7, 65, 87, 5, 18), 22.0
(31, 46, 47, 73, 7, 4), 20.0
(38, 53, 69, 84, 34, 17), 24.0
(70, 17, 81, 92, 9, 7), 25.0
(52, 54, 59, 47, 78, 24), 24.0
(68, 57, 80, 97, 11, 16), 22.0
(82, 24, 77, 89, 2, 14), 22.0
(91, 25, 95, 90, 8, 12), 20.0
(84, 19, 84, 55, 13, 92), None
(72, 13, 83, 53, 5, 47), 18.0
(76, 0, 90, 52, 41, 49), 22.0
(87, 21, 61, 92, 22, 11), 17.0
(87, 21, 86, 93, 17, 8), 20.0
(46, 59, 28, 87, 40, 20), 20.0
(23, 22, 93, 92, 39, 62), 21.0
(88, 35, 63, 88, 37, 28), None
(92, 56, 98, 41, 11, 16), 24.0
(25, 50, 61, 95, 22, 37), 21.0
(89, 19, 58, 90, 23, 13), 22.0
(27, 47, 54, 79, 69, 21), 26.0
(57, 18, 63, 93, 17, 53), 20.0
(86, 21, 99, 94, 20, 11), 17.0
(85, 21, 98, 95, 19, 11), 18.0
(87, 20, 99, 44, 20, 11), None
(75, 13, 95, 53, 3, 47), 18.0
(80, 21, 83, 91, 14, 9), 20.0
(74, 15, 94, 94, 9, 8), None
(73, 12, 82, 97, 21, 14), 20.0
(85, 23, 97, 89, 20, 12), 23.0
(42, 58, 76, 92, 44, 15), 20.0
(83, 17, 96, 83, 5, 41), None
(72, 10, 84, 28, 82, 47), 22.0
(20, 6, 86, 93, 52, 66), 20.0
(40, 24, 79, 90, 24, 11), None
(66, 11, 79, 86, 26, 43), 20.0
(86, 22, 94, 95, 19, 11), 25.0
(69, 14, 82, 97, 6, 45), 20.0
(89, 20, 97, 91, 7, 6), 19.0
(91, 66, 75, 99, 10, 80), 17.0
(93, 17, 73, 98, 10, 82), 22.0
(85, 73, 74, 38, 23, 33), 20.0
(48, 61, 75, 99, 65, 17), 29.0
(80, 26, 96, 41, 4, 52), 20.0
(91, 87, 99, 96, 0, 77), 26.0
(76, 69, 23, 94, 14, 5), 24.0
(82, 15, 99, 99, 11, 8), None
(87, 13, 94, 50, 2, 56), 22.0
(43, 52, 49, 92, 29, 71), 22.0
(98, 39, 77, 91, 34, 79), 24.0
(89, 18, 98, 95, 16, 19), 20.0
(62, 49, 60, 88, 17, 13), 17.0
(54, 71, 81, 97, 22, 10), 20.0
(65, 49, 57, 87, 92, 17), 25.0
(71, 13, 78, 96, 5, 49), 20.0
(91, 75, 65, 46, 18, 80), 24.0
(64, 7, 95, 43, 2, 84), 17.0
(45, 49, 60, 44, 33, 15), 22.0
(62, 9, 95, 43, 3, 46), 24.0
(78, 66, 93, 35, 2, 48), 18.0
(61, 65, 92, 31, 17, 13), 22.0
(36, 53, 96, 18, 95, 19), 21.0
(70, 5, 72, 85, 49, 22), 22.0
(63, 3, 67, 40, 55, 44), 25.0
(64, 51, 62, 42, 3, 77), 25.0
(66, 26, 80, 89, 8, 13), 20.0
(68, 8, 55, 44, 1, 41), 24.0
(86, 8, 99, 84, 16, 85), 26.0
(79, 67, 93, 93, 14, 6), None
(94, 21, 90, 92, 12, 8), 21.0
(32, 51, 59, 88, 70, 82), 23.0
(68, 43, 57, 81, 6, 30), 22.0
(37, 49, 80, 94, 8, 10), 20.0
(39, 55, 97, 89, 99, 15), 24.0
(75, 11, 95, 86, 10, 3), 27.0
(58, 45, 62, 99, 19, 18), 25.0
(82, 6, 92, 38, 2, 38), None
(77, 78, 51, 36, 0, 81), 22.0
(84, 2, 95, 87, 4, 12), 22.0
(67, 32, 70, 89, 8, 16), 22.0
(74, 22, 88, 94, 7, 10), 20.0
(89, 63, 73, 82, 89, 24), None
(61, 4, 75, 90, 61, 13), None
(34, 53, 60, 88, 96, 27), 20.0
(81, 19, 78, 91, 25, 13), 18.0
(71, 10, 44, 47, 5, 48), 18.0
(8, 16, 84, 96, 12, 83), 24.0
(73, 14, 44, 48, 4, 52), 24.0
(95, 24, 64, 93, 15, 20), 26.0
(23, 8, 37, 26, 0, 83), 24.0
(78, 19, 91, 96, 10, 4), 22.0
(48, 12, 97, 68, 84, 58), 24.0
(41, 29, 76, 84, 75, 24), 23.0
(84, 69, 31, 40, 3, 7), 21.0
(69, 48, 70, 98, 21, 15), 21.0
(88, 17, 96, 53, 29, 88), None
(75, 23, 88, 92, 6, 10), 23.0
(1, 67, 41, 33, 0, 51), 29.0
(28, 47, 99, 91, 43, 26), 22.0
(63, 19, 81, 97, 23, 18), 22.0
(85, 0, 97, 94, 13, 41), 24.0
(30, 51, 54, 99, 81, 23), 20.0
(59, 15, 94, 6, 18, 17), 26.0
(71, 6, 79, 47, 11, 86), 18.0
(56, 65, 94, 35, 3, 74), 26.0
(77, 10, 77, 48, 5, 49), None
(72, 10, 46, 46, 9, 79), None
(72, 9, 86, 44, 7, 86), None
(80, 17, 90, 23, 9, 35), 22.0
(82, 12, 34, 94, 7, 21), 23.0
(92, 25, 85, 91, 26, 64), 18.0
(88, 27, 91, 90, 20, 12), 22.0
(64, 54, 58, 42, 47, 14), 22.0
(96, 22, 82, 96, 27, 70), None
(92, 19, 79, 86, 12, 8), 21.0
(69, 7, 99, 97, 16, 39), 21.0
(99, 21, 85, 93, 52, 9), 24.0
(86, 24, 87, 95, 87, 11), None
(70, 8, 75, 88, 5, 45), 20.0
(26, 40, 42, 46, 38, 12), 20.0
(35, 22, 83, 89, 79, 11), 23.0
(75, 13, 77, 45, 2, 47), 23.0
(66, 6, 56, 84, 10, 32), 18.0
(90, 16, 60, 63, 94, 6), 20.0
(66, 5, 52, 98, 71, 22), 20.0
(29, 48, 66, 87, 17, 80), 20.0
(38, 60, 96, 96, 31, 15), None
(91, 46, 38, 91, 22, 19), None
(71, 2, 40, 51, 11, 87), 18.0
(94, 20, 83, 40, 97, 84), 24.0
(31, 3, 31, 90, 63, 88), None
(41, 56, 94, 29, 14, 17), 22.0
(87, 17, 83, 37, 6, 1), 20.0
(45, 52, 97, 94, 35, 9), 20.0
(44, 57, 69, 99, 20, 14), 24.0
(82, 28, 99, 92, 27, 25), 22.0
(61, 65, 48, 92, 13, 64), 22.0
(68, 5, 79, 48, 15, 85), 20.0
(89, 50, 99, 95, 67, 28), 28.0
(96, 45, 71, 86, 57, 67), 24.0
(92, 67, 20, 43, 92, 82), None
(67, 5, 81, 97, 19, 5), None
(17, 52, 55, 92, 41, 13), 21.0
(51, 19, 49, 92, 25, 31), 20.0
(84, 14, 73, 95, 8, 16), 27.0
(92, 12, 86, 55, 10, 62), 22.0
(73, 15, 78, 90, 25, 50), 20.0
(63, 49, 96, 97, 59, 20), 23.0
(93, 25, 87, 93, 13, 7), None
(65, 21, 97, 82, 18, 33), 22.0
(70, 12, 78, 47, 5, 94), 18.0
(89, 17, 60, 41, 22, 77), 25.0
(81, 3, 92, 90, 25, 55), 18.0
(72, 7, 80, 49, 11, 86), 18.0
(78, 10, 64, 33, 5, 46), 20.0
(87, 20, 43, 45, 21, 91), 22.0
(86, 19, 97, 78, 17, 11), 18.0
(79, 18, 36, 76, 2, 49), 17.0
(76, 15, 35, 78, 16, 49), 22.0
(18, 32, 81, 47, 39, 75), 20.0
(80, 25, 92, 76, 2, 47), 22.0
(90, 22, 33, 95, 0, 8), 23.0
(28, 0, 40, 85, 2, 90), 25.0
(60, 54, 62, 43, 45, 5), 21.0
(83, 23, 84, 93, 6, 9), 23.0
(25, 93, 78, 99, 20, 81), 20.0
(71, 11, 39, 51, 5, 59), 20.0
(70, 13, 37, 49, 4, 93), 24.0
(68, 1, 82, 46, 13, 88), 28.0
(68, 3, 50, 85, 11, 95), 22.0
(79, 9, 95, 81, 24, 54), 26.0
(74, 7, 93, 80, 9, 34), 20.0
(39, 58, 73, 88, 7, 41), 22.0
(85, 18, 35, 78, 12, 2), 18.0
(64, 5, 35, 76, 9, 2), 26.0
(15, 9, 95, 41, 99, 94), 20.0
(83, 18, 99, 49, 96, 97), 28.0
(86, 2, 89, 42, 15, 90), 20.0
(23, 2, 57, 72, 39, 86), 23.0
(66, 82, 67, 75, 0, 43), 24.0
(82, 7, 73, 79, 4, 95), 18.0
(66, 86, 36, 82, 10, 97), 28.0
(55, 47, 53, 96, 90, 63), 20.0
(53, 56, 76, 88, 36, 15), 18.0
(69, 4, 55, 46, 10, 87), 24.0
(20, 23, 61, 88, 36, 61), None
(60, 50, 59, 94, 14, 69), 24.0
(90, 77, 31, 51, 13, 7), 22.0
(87, 20, 85, 91, 11, 84), 23.0
(70, 6, 58, 43, 8, 57), 22.0
(97, 18, 80, 91, 54, 11), 23.0
(77, 11, 38, 61, 3, 51), 20.0
(81, 43, 92, 67, 23, 48), 20.0
(92, 15, 77, 79, 17, 4), 21.0
(88, 0, 83, 57, 12, 88), None
(74, 56, 74, 39, 7, 98), None
(85, 19, 91, 53, 1, 10), 17.0
(33, 21, 89, 84, 8, 1), 21.0
(36, 25, 56, 52, 1, 8), 24.0
(84, 16, 41, 53, 18, 13), 19.0
(86, 17, 97, 74, 21, 93), 21.0
(51, 36, 14, 99, 93, 3), 19.0
(81, 7, 92, 48, 3, 94), 25.0
(35, 53, 64, 93, 86, 10), 27.0
(88, 19, 74, 80, 50, 15), 19.0
(73, 72, 91, 54, 3, 79), 19.0
(12, 14, 94, 59, 1, 6), 18.0
(71, 10, 46, 45, 0, 53), 26.0
(63, 13, 80, 52, 4, 84), 20.0
(46, 18, 99, 86, 29, 12), 18.0
(95, 26, 87, 86, 27, 60), 24.0
(85, 4, 76, 83, 29, 72), 23.0
(83, 20, 93, 78, 2, 5), 24.0
(37, 62, 97, 97, 19, 13), None
(85, 16, 95, 81, 0, 3), 22.0
(79, 21, 89, 95, 15, 8), 22.0
(76, 15, 27, 55, 6, 86), 22.0
(90, 2, 51, 50, 4, 90), None
(83, 64, 97, 32, 3, 27), 22.0
(75, 23, 95, 94, 17, 10), 20.0
(40, 69, 93, 89, 77, 21), 24.0
(90, 17, 34, 39, 83, 59), 22.0
(67, 2, 62, 44, 42, 83), 23.0
(85, 19, 32, 35, 2, 1), 18.0
(57, 51, 5, 37, 98, 18), 20.0
(42, 30, 85, 90, 31, 10), 22.0
(0, 14, 97, 64, 16, 86), 24.0
(14, 19, 99, 88, 23, 12), 19.0
(79, 12, 94, 58, 0, 51), 19.0
(43, 48, 0, 13, 29, 17), 19.0
(47, 18, 99, 77, 14, 12), 20.0
(45, 22, 90, 86, 32, 7), 21.0
(86, 17, 97, 71, 47, 92), 24.0
(88, 28, 87, 92, 26, 10), 18.0
(32, 56, 71, 79, 35, 15), 21.0
(83, 55, 97, 74, 34, 0), 25.0
(37, 53, 30, 99, 19, 14), 20.0
(21, 23, 95, 50, 9, 8), 20.0
(9, 24, 85, 90, 38, 10), 16.0
(6, 16, 17, 87, 44, 6), None
(5, 21, 83, 84, 36, 8), 21.0
(10, 4, 88, 50, 24, 89), 20.0
(58, 49, 61, 89, 21, 14), 18.0
(53, 62, 71, 88, 37, 16), 26.0
(9, 24, 85, 93, 42, 6), 25.0
(2, 20, 85, 59, 0, 6), 23.0
(23, 27, 82, 90, 39, 81), 18.0
(78, 0, 91, 44, 6, 50), 18.0
(3, 0, 55, 44, 9, 77), 29.0
(87, 25, 28, 90, 68, 10), 18.0
(87, 3, 53, 82, 11, 9), 20.0
(55, 41, 60, 97, 37, 31), 28.0
(87, 13, 96, 41, 38, 45), 18.0
(27, 30, 81, 88, 31, 11), 18.0
(84, 14, 32, 35, 41, 45), 24.0
(82, 38, 91, 94, 19, 99), 19.0
(80, 70, 77, 83, 13, 12), 22.0
(80, 10, 94, 83, 2, 96), 28.0
(89, 21, 88, 96, 22, 11), 23.0
(12, 8, 74, 86, 4, 8), None
(38, 50, 68, 92, 32, 13), 23.0
(62, 18, 87, 95, 5, 76), 22.0
(11, 19, 57, 62, 2, 4), 20.0
(81, 16, 79, 55, 7, 18), 22.0
(65, 6, 47, 47, 26, 56), None
(92, 23, 85, 80, 15, 9), 23.0
(59, 27, 34, 96, 94, 4), 20.0
(90, 21, 92, 42, 89, 84), 24.0
(41, 24, 83, 93, 64, 11), 20.0
(88, 23, 81, 94, 61, 9), 22.0
(85, 11, 36, 77, 4, 14), 22.0
(7, 14, 99, 39, 1, 7), None
(76, 27, 95, 88, 56, 48), 22.0
(9, 67, 44, 28, 1, 52), 21.0
(83, 33, 45, 40, 54, 79), 23.0
(93, 28, 65, 90, 69, 74), 25.0
(92, 31, 83, 90, 39, 80), 20.0
(53, 6, 75, 99, 12, 25), 24.0
(12, 16, 37, 55, 2, 2), None
(32, 45, 61, 91, 21, 15), 21.0
(77, 20, 94, 57, 0, 5), 23.0
Sampler:BoTorchSampler
(10, 70, 12, 97, 5, 47), 22.0
(46, 47, 27, 79, 13, 16), 27.0
(21, 25, 73, 54, 27, 56), 18.0
(0, 42, 97, 59, 79, 42), None
(73, 60, 16, 91, 32, 79), 23.0
(71, 72, 11, 91, 1, 85), 20.0
(92, 65, 56, 93, 55, 31), 20.0
(43, 7, 43, 44, 67, 77), None
(58, 51, 12, 60, 97, 12), None
(41, 95, 20, 32, 96, 44), 24.0
(86, 44, 96, 5, 31, 51), 24.0
(13, 57, 49, 75, 22, 34), 27.0
(83, 54, 16, 11, 12, 25), 27.0
(20, 15, 81, 51, 29, 64), 18.0
(32, 24, 81, 56, 36, 62), 20.0
(11, 16, 74, 47, 21, 59), 24.0
(25, 11, 89, 69, 37, 69), None
(25, 11, 89, 69, 37, 70), 21.0
(24, 22, 85, 40, 49, 61), 22.0
(40, 24, 79, 56, 19, 74), 22.0
(33, 11, 89, 61, 31, 42), 23.0
(21, 22, 62, 62, 42, 74), None
(21, 21, 62, 62, 42, 74), None
(21, 22, 63, 62, 42, 74), 20.0
(13, 37, 85, 61, 35, 74), 24.0
(33, 8, 58, 54, 39, 66), 21.0
(25, 2, 77, 45, 38, 86), 20.0
(24, 18, 75, 53, 26, 67), 20.0
(20, 11, 70, 51, 23, 58), 20.0
(25, 34, 65, 47, 28, 71), 20.0
(22, 15, 71, 54, 36, 52), 28.0
(24, 3, 50, 50, 16, 85), None
(24, 3, 53, 49, 17, 84), 23.0
(34, 0, 99, 32, 27, 75), 18.0
(34, 5, 95, 23, 30, 75), 23.0
(31, 0, 95, 55, 15, 74), 20.0
(47, 0, 27, 56, 41, 79), 20.0
(53, 0, 85, 57, 44, 80), 25.0
(32, 30, 33, 36, 47, 82), 24.0
(16, 0, 90, 43, 16, 75), None
(16, 0, 69, 42, 15, 75), 19.0
(15, 0, 54, 41, 12, 74), 21.0
(16, 0, 4, 41, 12, 74), 25.0
(17, 0, 99, 42, 13, 74), 25.0
(38, 0, 70, 36, 7, 66), 20.0
(32, 0, 67, 72, 4, 69), 19.0
(31, 19, 67, 65, 0, 67), None
(30, 17, 68, 62, 0, 67), 20.0
(27, 0, 67, 80, 17, 71), 23.0
(31, 22, 73, 38, 0, 67), 19.0
(34, 19, 85, 45, 0, 63), 24.0
(31, 0, 66, 28, 22, 71), 24.0
(74, 17, 25, 20, 45, 48), 22.0
(35, 16, 27, 91, 36, 27), None
(43, 32, 49, 67, 0, 73), 21.0
(73, 70, 95, 20, 40, 91), 25.0
(54, 0, 47, 63, 0, 66), None
(51, 0, 49, 62, 0, 67), None
(44, 43, 87, 67, 18, 3), 26.0
(18, 37, 55, 7, 12, 98), 24.0
(22, 80, 51, 32, 4, 91), 20.0
(39, 61, 87, 13, 20, 27), 20.0
(23, 78, 51, 56, 77, 44), 24.0
(61, 55, 97, 57, 39, 85), 24.0
(41, 38, 48, 6, 77, 36), 22.0
(29, 63, 46, 60, 35, 98), 20.0
(25, 55, 60, 61, 0, 83), 20.0
(98, 58, 34, 74, 15, 24), 20.0
(29, 61, 65, 46, 0, 75), 25.0
(33, 39, 85, 5, 57, 88), 20.0
(75, 77, 88, 9, 48, 13), 21.0
(87, 24, 56, 24, 83, 69), None
(8, 61, 38, 53, 13, 73), 20.0
(78, 92, 21, 54, 26, 86), 24.0
(24, 42, 23, 48, 60, 75), 23.0
(55, 48, 93, 79, 34, 80), 18.0
(37, 86, 31, 41, 64, 47), 24.0
(15, 43, 81, 55, 2, 8), 23.0
(34, 19, 88, 95, 76, 98), 24.0
(2, 7, 7, 19, 72, 61), None
(1, 51, 96, 78, 45, 36), 22.0
(8, 14, 2, 82, 0, 66), 24.0
(87, 25, 38, 75, 9, 99), 21.0
(43, 37, 16, 29, 75, 4), 22.0
(83, 29, 53, 2, 25, 78), 20.0
(68, 68, 74, 67, 78, 52), None
(56, 53, 59, 18, 68, 14), 20.0
(52, 23, 76, 54, 46, 89), 20.0
(50, 94, 43, 39, 1, 91), 20.0
(76, 92, 99, 66, 60, 47), 25.0
(60, 1, 91, 41, 36, 72), 19.0
(78, 83, 3, 87, 77, 13), 22.0
(0, 16, 41, 33, 41, 58), None
(33, 36, 63, 94, 73, 90), 22.0
(57, 1, 55, 79, 60, 28), 20.0
(10, 6, 52, 1, 97, 97), None
(48, 56, 59, 57, 30, 60), 18.0
(67, 84, 36, 39, 63, 95), 23.0
(74, 0, 6, 14, 52, 98), 26.0
(74, 77, 30, 22, 25, 84), 20.0
(75, 3, 74, 32, 23, 36), 25.0
(55, 35, 51, 82, 48, 70), 24.0
(90, 40, 22, 9, 61, 52), 19.0
(54, 97, 19, 99, 24, 45), 22.0
(82, 91, 74, 62, 81, 21), 24.0
(40, 92, 14, 77, 71, 2), 18.0
(93, 81, 75, 46, 5, 14), 18.0
(0, 72, 88, 11, 83, 1), 22.0
(29, 5, 89, 66, 74, 89), None
(81, 7, 36, 11, 81, 94), None
(40, 97, 76, 24, 71, 21), 18.0
(32, 47, 68, 10, 34, 38), 23.0
(33, 53, 66, 50, 92, 20), 23.0
(98, 90, 47, 1, 42, 71), 23.0
(92, 41, 83, 65, 75, 8), 20.0
(78, 20, 80, 80, 95, 35), None
(29, 96, 21, 26, 41, 65), 22.0
(73, 66, 25, 84, 42, 75), 20.0
(5, 90, 16, 37, 49, 35), 21.0
(35, 63, 55, 36, 4, 20), 24.0
(74, 92, 65, 8, 71, 8), None
(14, 81, 32, 31, 24, 40), 25.0
(57, 5, 91, 37, 31, 67), 22.0
(47, 1, 46, 51, 62, 13), 24.0
(58, 7, 25, 56, 75, 62), 20.0
(29, 39, 30, 62, 41, 68), 19.0
(94, 89, 60, 24, 72, 2), 24.0
(64, 20, 3, 90, 24, 97), 22.0
(40, 12, 62, 65, 67, 87), 20.0
(1, 90, 4, 75, 39, 82), 25.0
(32, 75, 43, 72, 73, 32), None
(42, 71, 36, 9, 22, 79), 20.0
(3, 4, 65, 39, 60, 45), 18.0
(27, 41, 45, 17, 28, 83), 19.0
(4, 11, 97, 49, 49, 53), None
(83, 99, 65, 1, 78, 35), 20.0
(11, 57, 26, 95, 18, 82), 22.0
(52, 78, 69, 62, 87, 13), 26.0
(95, 18, 61, 63, 92, 51), 24.0
(48, 69, 39, 27, 58, 50), 28.0
(27, 31, 45, 43, 17, 23), 20.0
(67, 28, 37, 54, 41, 3), 23.0
(97, 28, 67, 26, 42, 72), 18.0
(34, 85, 8, 68, 79, 53), 20.0
(60, 33, 46, 85, 89, 58), 22.0
(15, 37, 35, 94, 76, 90), 21.0
(71, 88, 61, 31, 67, 40), 18.0
(10, 55, 71, 93, 0, 96), 19.0
(13, 28, 81, 90, 51, 77), 27.0
(97, 65, 22, 48, 95, 22), None
(94, 10, 11, 56, 20, 63), 20.0
(67, 10, 54, 25, 94, 53), 26.0
(73, 44, 89, 24, 2, 63), 18.0
(81, 63, 15, 81, 62, 4), None
(51, 77, 75, 78, 97, 83), 21.0
(77, 27, 84, 19, 10, 88), 21.0
(70, 77, 12, 37, 53, 15), 20.0
(66, 58, 40, 96, 42, 75), 20.0
(59, 13, 51, 75, 12, 63), 25.0
(2, 62, 65, 45, 19, 37), 19.0
(59, 23, 29, 78, 78, 91), None
(93, 73, 99, 45, 76, 26), 26.0
(26, 92, 81, 55, 35, 92), None
(58, 21, 45, 44, 29, 60), 18.0
(45, 8, 2, 47, 54, 12), 22.0
(24, 70, 10, 23, 55, 52), 23.0
(19, 2, 69, 34, 70, 41), 24.0
(26, 99, 28, 18, 72, 47), 20.0
(47, 18, 55, 27, 36, 46), 20.0
(95, 35, 89, 17, 24, 44), 23.0
(96, 71, 68, 58, 72, 6), 26.0
(84, 80, 59, 68, 56, 87), 23.0
(43, 17, 48, 58, 76, 96), 22.0
(53, 7, 81, 9, 5, 78), 24.0
(95, 3, 52, 82, 80, 30), 27.0
(73, 52, 0, 56, 81, 29), 23.0
(4, 32, 15, 37, 96, 77), 21.0
(78, 0, 41, 3, 45, 46), 17.0
(34, 94, 26, 49, 55, 60), 24.0
(80, 75, 3, 8, 68, 43), 20.0
(52, 80, 95, 73, 79, 51), 30.0
(77, 76, 57, 90, 79, 52), 24.0
(13, 2, 80, 18, 50, 28), 20.0
(69, 64, 91, 10, 63, 72), 22.0
(17, 81, 79, 1, 85, 35), 23.0
(53, 87, 28, 75, 12, 53), None
(98, 42, 71, 19, 86, 56), 22.0
(42, 48, 70, 21, 90, 14), 20.0
(65, 45, 1, 40, 69, 96), 16.0
(36, 61, 74, 85, 42, 29), 24.0
(12, 2, 58, 23, 82, 72), 19.0
(90, 61, 39, 82, 25, 40), 20.0
(73, 81, 44, 57, 82, 31), 24.0
(78, 59, 41, 92, 27, 75), 21.0
(8, 43, 15, 77, 9, 83), 22.0
(60, 86, 3, 71, 62, 17), 20.0
(74, 27, 40, 85, 15, 6), 23.0
(59, 85, 8, 93, 44, 7), 21.0
(51, 50, 72, 12, 36, 77), 24.0
(20, 38, 32, 17, 48, 8), 22.0
(21, 13, 80, 94, 37, 42), 20.0
(89, 72, 58, 85, 18, 61), 20.0
(25, 98, 98, 59, 16, 47), None
(29, 88, 65, 22, 76, 56), 22.0
(97, 38, 65, 61, 6, 58), 24.0
(60, 68, 45, 8, 34, 32), 18.0
(14, 37, 5, 45, 47, 89), 26.0
(28, 86, 1, 94, 20, 19), 18.0
(4, 61, 77, 82, 14, 73), 20.0
(26, 93, 64, 28, 88, 92), 24.0
(92, 8, 30, 96, 96, 50), None
(73, 71, 77, 57, 4, 27), 18.0
(95, 74, 51, 65, 25, 16), 22.0
(48, 55, 27, 34, 79, 38), 22.0
(92, 35, 5, 64, 23, 60), 22.0
(50, 66, 13, 11, 48, 25), 22.0
(43, 0, 66, 85, 64, 52), 30.0
(59, 43, 36, 74, 35, 21), 24.0
(46, 17, 0, 67, 41, 23), 22.0
(56, 44, 46, 27, 68, 85), 22.0
(48, 27, 46, 11, 94, 97), 17.0
(69, 49, 63, 80, 16, 70), 23.0
(16, 15, 52, 33, 93, 99), 22.0
(43, 16, 60, 31, 11, 71), 22.0
(16, 31, 23, 74, 3, 29), 26.0
(87, 40, 64, 58, 76, 76), None
(5, 84, 95, 70, 79, 97), 18.0
(3, 53, 71, 12, 74, 60), 20.0
(77, 39, 51, 75, 73, 49), 28.0
(84, 43, 95, 57, 84, 20), None
(76, 27, 93, 4, 33, 14), 18.0
(39, 33, 10, 75, 19, 17), 20.0
(83, 83, 7, 33, 58, 10), None
(73, 27, 85, 11, 32, 69), 21.0
(45, 99, 30, 37, 64, 34), 24.0
(14, 60, 63, 12, 82, 33), 16.0
(13, 3, 36, 49, 17, 33), 19.0
(89, 56, 25, 14, 36, 55), 25.0
(87, 95, 73, 62, 80, 78), 23.0
(5, 85, 52, 99, 15, 88), 21.0
(26, 20, 81, 89, 20, 95), None
(41, 1, 74, 56, 51, 93), 24.0
(65, 20, 23, 43, 7, 42), 21.0
(43, 16, 69, 59, 68, 81), 24.0
(83, 56, 27, 31, 31, 19), None
(92, 38, 60, 78, 90, 68), 27.0
(36, 33, 75, 18, 30, 49), 22.0
(91, 45, 23, 93, 74, 19), 22.0
(62, 85, 53, 74, 67, 80), 27.0
(32, 83, 99, 64, 6, 78), 19.0
(79, 23, 63, 6, 0, 76), 20.0
(52, 87, 29, 14, 2, 80), 18.0
(49, 67, 45, 43, 31, 58), 20.0
(66, 2, 35, 57, 45, 33), 28.0
(42, 50, 25, 38, 75, 2), 25.0
(24, 74, 58, 62, 68, 51), 20.0
(83, 85, 4, 72, 65, 51), 24.0
(75, 26, 5, 12, 19, 39), 26.0
(38, 66, 11, 13, 2, 27), 22.0
(57, 36, 5, 45, 62, 52), 21.0
(68, 79, 34, 74, 12, 56), 28.0
(47, 12, 68, 92, 26, 5), 26.0
(0, 64, 43, 23, 93, 80), 18.0
(33, 26, 85, 7, 69, 87), 19.0
(91, 79, 20, 9, 69, 89), 26.0
(44, 64, 78, 19, 92, 85), 22.0
(0, 92, 40, 51, 15, 50), 18.0
(93, 52, 32, 41, 96, 57), 22.0
(96, 21, 67, 31, 21, 49), None
(50, 17, 20, 99, 68, 38), 18.0
(39, 40, 24, 79, 37, 47), 27.0
(97, 45, 69, 73, 35, 3), 18.0
(48, 83, 64, 63, 10, 7), 20.0
(5, 42, 44, 59, 33, 59), None
(64, 46, 58, 47, 84, 94), 25.0
(4, 47, 54, 15, 91, 42), 24.0
(25, 84, 59, 3, 49, 41), 21.0
(95, 94, 60, 23, 12, 23), None
(50, 98, 35, 89, 6, 54), 22.0
(35, 11, 68, 36, 95, 80), 20.0
(4, 88, 4, 37, 46, 80), None
(53, 0, 7, 64, 8, 87), 26.0
(73, 98, 45, 31, 63, 22), 24.0
(51, 24, 74, 47, 65, 88), 24.0
(14, 89, 15, 8, 62, 60), 20.0
(31, 0, 15, 1, 27, 82), 25.0
(45, 7, 71, 1, 59, 85), 22.0
(0, 82, 50, 25, 89, 84), 20.0
(31, 93, 30, 0, 23, 61), 22.0
(15, 39, 46, 45, 13, 61), 16.0
(32, 42, 97, 2, 1, 81), 18.0
(77, 53, 96, 59, 2, 23), 23.0
(11, 25, 73, 46, 21, 39), 20.0
(87, 10, 70, 78, 28, 73), 18.0
(34, 78, 14, 22, 24, 28), 26.0
(29, 36, 20, 70, 46, 8), 20.0
(46, 57, 60, 83, 78, 78), None
(0, 65, 1, 20, 89, 92), 19.0
(95, 56, 67, 57, 9, 42), 25.0
(14, 57, 97, 87, 23, 83), 23.0
(0, 83, 25, 89, 4, 77), 21.0
(18, 58, 66, 1, 4, 60), 18.0
(4, 1, 37, 41, 48, 36), 23.0
(74, 40, 10, 10, 84, 5), None
(26, 62, 38, 32, 49, 8), 28.0
(86, 66, 90, 94, 78, 47), 24.0
(67, 25, 6, 32, 52, 88), 22.0
(56, 70, 23, 31, 80, 42), 25.0
(41, 78, 32, 59, 59, 9), None
(31, 30, 71, 6, 7, 12), 27.0
(76, 76, 89, 78, 73, 68), None
(68, 60, 30, 82, 41, 7), 22.0
(55, 62, 99, 52, 27, 21), 22.0
(12, 16, 95, 81, 74, 33), 20.0
(69, 87, 62, 39, 63, 32), 22.0
(65, 91, 56, 66, 84, 5), 25.0
(19, 41, 65, 23, 59, 53), 20.0
(31, 9, 8, 89, 95, 80), 16.0
(61, 64, 48, 77, 38, 43), 24.0
(80, 70, 4, 20, 12, 84), 22.0
(1, 31, 14, 46, 0, 99), 19.0
(58, 92, 34, 88, 15, 95), 23.0
(8, 66, 4, 75, 81, 5), 25.0
(21, 74, 95, 98, 45, 22), 21.0
(40, 12, 55, 39, 54, 5), 18.0
(73, 12, 26, 26, 8, 57), None
(3, 93, 83, 12, 62, 19), 20.0
(57, 2, 36, 30, 10, 49), 22.0
(21, 67, 45, 51, 14, 47), 20.0
(75, 91, 77, 39, 8, 89), 24.0
(75, 49, 29, 44, 71, 6), 22.0
(15, 15, 93, 29, 8, 36), None
(64, 6, 59, 2, 70, 76), 20.0
(35, 11, 5, 93, 91, 70), 20.0
(93, 13, 66, 70, 69, 15), 19.0
(94, 63, 87, 64, 63, 20), None
(80, 8, 11, 70, 24, 89), 18.0
(68, 89, 5, 21, 79, 88), 20.0
(29, 46, 91, 75, 29, 65), None
(44, 72, 28, 42, 16, 17), 18.0
(0, 52, 39, 46, 5, 47), 19.0
(24, 37, 44, 12, 86, 93), 18.0
(14, 46, 34, 16, 89, 94), 21.0
(91, 41, 91, 38, 55, 21), None
(33, 16, 59, 9, 89, 90), 22.0
(6, 68, 11, 72, 11, 78), None
(0, 2, 37, 60, 51, 32), 23.0
(9, 29, 12, 4, 60, 20), 24.0
(99, 12, 42, 93, 55, 14), 23.0
(84, 12, 32, 9, 65, 82), 24.0
(98, 49, 66, 95, 16, 9), 17.0
(41, 3, 25, 56, 76, 68), 19.0
(81, 65, 75, 69, 19, 33), 24.0
(76, 20, 53, 2, 51, 30), 18.0
(84, 9, 38, 2, 63, 29), 18.0
(72, 45, 42, 3, 54, 35), 25.0
(15, 1, 79, 80, 85, 52), 20.0
(3, 65, 2, 25, 72, 24), 23.0
(29, 43, 87, 61, 25, 65), 24.0
(86, 50, 94, 39, 96, 87), 24.0
(69, 52, 47, 30, 63, 52), None
(79, 29, 79, 8, 92, 61), None
(95, 76, 17, 1, 92, 22), 18.0
(59, 39, 43, 86, 74, 34), 22.0
(65, 68, 45, 65, 54, 89), None
(98, 70, 27, 32, 32, 27), None
(64, 75, 18, 89, 39, 82), 23.0
(34, 82, 49, 95, 92, 57), 22.0
(46, 86, 23, 24, 61, 1), 25.0
(56, 86, 81, 92, 24, 53), 23.0
(13, 16, 14, 47, 7, 46), 27.0
(69, 70, 10, 92, 66, 46), 21.0
(82, 54, 59, 22, 3, 60), 22.0
(46, 5, 90, 25, 59, 85), 20.0
(16, 74, 72, 43, 80, 67), 20.0
(29, 12, 50, 43, 51, 93), 18.0
(59, 38, 69, 40, 14, 72), 22.0
(54, 37, 89, 75, 66, 86), 26.0
(76, 27, 49, 3, 0, 44), 24.0
(95, 77, 65, 74, 67, 88), 26.0
(27, 50, 39, 91, 81, 85), 24.0
(28, 17, 44, 33, 13, 18), 21.0
(91, 19, 21, 61, 84, 42), 18.0
(91, 92, 58, 67, 54, 84), 23.0
(47, 21, 80, 63, 90, 57), 18.0
(0, 49, 39, 94, 64, 23), 18.0
(10, 23, 53, 38, 0, 78), 23.0
(42, 83, 67, 61, 98, 82), 24.0
(31, 44, 22, 57, 73, 17), 27.0
(43, 5, 11, 93, 23, 57), 22.0
(18, 92, 79, 32, 90, 20), 23.0
(20, 59, 65, 59, 90, 43), None
(47, 43, 95, 59, 9, 99), 20.0
(95, 90, 12, 63, 8, 75), 22.0
(75, 68, 76, 75, 78, 86), None
(98, 5, 78, 73, 44, 23), 18.0
(19, 70, 26, 24, 62, 88), 25.0
(3, 10, 35, 60, 27, 9), 18.0
(46, 83, 34, 92, 1, 50), 22.0
(37, 2, 2, 3, 72, 6), None
(88, 13, 6, 7, 35, 37), 30.0
(2, 56, 86, 85, 35, 33), 22.0
(2, 14, 89, 44, 30, 63), 21.0
(47, 4, 14, 80, 89, 81), 22.0
(3, 61, 48, 41, 24, 75), 21.0
(84, 3, 96, 89, 27, 53), 18.0
(88, 0, 53, 11, 44, 49), 19.0
(57, 26, 28, 75, 82, 78), 26.0
(34, 30, 84, 78, 74, 97), 24.0
(24, 53, 4, 4, 96, 85), None
(57, 5, 80, 89, 29, 37), 16.0
(93, 0, 82, 89, 29, 43), 20.0
(51, 14, 96, 29, 61, 71), 16.0
(60, 71, 88, 4, 49, 64), 20.0
(6, 80, 13, 90, 86, 4), 26.0
(77, 85, 49, 66, 16, 20), 18.0
(36, 90, 79, 18, 96, 38), 22.0
(15, 98, 27, 1, 45, 47), 23.0
(67, 0, 86, 95, 23, 65), 21.0
(39, 1, 98, 17, 62, 52), 22.0
(44, 45, 61, 67, 44, 24), None
(85, 28, 53, 80, 81, 16), 22.0
(87, 80, 58, 65, 97, 61), 17.0
(74, 0, 61, 10, 54, 29), 20.0
(70, 62, 46, 15, 31, 76), 23.0
(73, 25, 93, 59, 54, 21), 22.0
(68, 0, 49, 0, 48, 30), None
(94, 18, 16, 67, 43, 73), 24.0
(46, 64, 12, 31, 37, 41), 25.0
(23, 35, 41, 43, 77, 52), 22.0
(42, 32, 43, 28, 24, 37), 19.0
(58, 55, 44, 88, 69, 50), 23.0
(45, 9, 86, 65, 12, 52), 24.0
(37, 14, 58, 71, 20, 48), 25.0
(93, 65, 69, 71, 5, 0), 20.0
(31, 36, 56, 73, 48, 1), 24.0
(62, 70, 68, 37, 27, 90), 22.0
(36, 54, 72, 10, 66, 25), 22.0
(38, 39, 34, 89, 27, 40), 27.0
(12, 77, 57, 92, 73, 34), 23.0
(21, 7, 13, 33, 19, 89), 22.0
(14, 95, 77, 37, 1, 48), 25.0
(98, 0, 48, 0, 48, 31), None
(51, 27, 64, 83, 50, 93), 24.0
(30, 45, 53, 30, 57, 99), None
(34, 42, 43, 42, 19, 64), None
(24, 26, 76, 87, 34, 20), 25.0
(42, 96, 25, 38, 98, 31), 23.0
(34, 0, 49, 0, 48, 28), None
(71, 89, 10, 96, 15, 78), 21.0
(65, 90, 79, 87, 13, 91), 20.0
(99, 69, 35, 19, 51, 63), 22.0
(57, 60, 19, 77, 60, 31), None
(97, 59, 5, 24, 0, 73), 19.0
(97, 43, 22, 40, 78, 16), 21.0
(46, 65, 87, 64, 3, 31), 22.0
(77, 83, 6, 27, 50, 95), 20.0
(34, 64, 62, 16, 66, 95), 24.0
(35, 92, 90, 91, 82, 6), 20.0
(50, 55, 46, 92, 18, 3), 25.0
(85, 30, 75, 89, 32, 19), 22.0
(60, 99, 42, 7, 49, 60), None
(13, 93, 26, 46, 94, 61), 21.0
(80, 57, 98, 41, 75, 40), 24.0
(61, 52, 17, 83, 63, 20), 18.0
(83, 29, 31, 36, 69, 98), 20.0
(63, 27, 0, 56, 19, 13), 20.0
(69, 0, 92, 88, 34, 43), 23.0
(10, 23, 78, 45, 25, 62), 18.0
(69, 41, 0, 42, 77, 67), 16.0
(81, 28, 12, 52, 7, 41), 20.0
(60, 59, 0, 44, 27, 98), 20.0
(71, 38, 0, 42, 78, 89), 22.0
(9, 69, 89, 79, 87, 70), 28.0
(33, 55, 93, 25, 86, 92), 22.0
(73, 10, 72, 42, 14, 97), 25.0
(6, 16, 73, 83, 64, 41), 20.0
(79, 20, 48, 72, 25, 55), 16.0
(95, 67, 20, 62, 12, 92), 24.0
(59, 91, 22, 20, 84, 77), 18.0
(61, 62, 35, 70, 2, 93), 20.0
(57, 7, 60, 78, 30, 52), 21.0
(84, 39, 97, 22, 50, 10), 18.0
(51, 2, 32, 15, 59, 37), 26.0
(80, 1, 36, 20, 61, 34), 23.0
(93, 0, 58, 0, 43, 30), None
(62, 17, 30, 15, 42, 96), 19.0
(65, 47, 93, 8, 26, 30), 25.0
(30, 35, 54, 80, 44, 73), 20.0
(36, 88, 78, 3, 90, 45), 21.0
(32, 2, 88, 93, 91, 26), 20.0
(55, 22, 20, 66, 56, 34), 25.0
(89, 18, 36, 38, 31, 39), 27.0
(75, 45, 90, 77, 97, 27), 21.0
(31, 21, 7, 27, 19, 90), 20.0
(35, 41, 80, 75, 97, 17), 22.0
(7, 65, 94, 74, 40, 52), 25.0
(42, 30, 69, 15, 38, 37), 23.0
(94, 78, 42, 18, 36, 12), 20.0
(40, 93, 39, 10, 58, 58), None
Sampler:CmaEsSampler
(50, 33, 24, 15, 4, 52), 27.0
(45, 38, 48, 60, 38, 37), None
(43, 67, 48, 57, 64, 46), 23.0
(50, 45, 32, 44, 37, 41), 26.0
(39, 37, 62, 58, 24, 83), 24.0
(49, 55, 32, 55, 37, 44), None
(67, 47, 15, 38, 25, 46), 24.0
(76, 51, 66, 77, 61, 64), 22.0
(54, 58, 68, 49, 51, 62), 23.0
(58, 45, 67, 34, 15, 27), 33.0
(33, 51, 45, 38, 54, 56), 22.0
(57, 23, 67, 46, 19, 47), 22.0
(73, 34, 45, 68, 50, 75), 24.0
(76, 63, 62, 38, 68, 43), 22.0
(67, 12, 66, 47, 55, 59), 20.0
(62, 48, 55, 59, 31, 76), 22.0
(72, 42, 31, 48, 73, 55), 27.0
(64, 29, 45, 51, 38, 55), 22.0
(61, 69, 25, 59, 67, 45), 22.0
(70, 75, 59, 72, 47, 58), 17.0
(80, 53, 72, 60, 40, 42), 20.0
(62, 41, 68, 47, 41, 69), None
(73, 65, 65, 51, 43, 46), None
(80, 43, 62, 60, 70, 63), 25.0
(80, 20, 84, 71, 52, 48), 26.0
(94, 67, 80, 57, 40, 48), 24.0
(77, 50, 95, 60, 59, 35), 25.0
(89, 44, 75, 78, 57, 44), None
(72, 49, 66, 70, 35, 45), 24.0
(61, 46, 71, 79, 52, 48), 22.0
(86, 30, 64, 83, 27, 62), 24.0
(69, 62, 57, 33, 29, 47), 24.0
(57, 32, 56, 67, 62, 39), 22.0
(54, 62, 70, 54, 49, 37), None
(65, 43, 70, 76, 61, 52), 29.0
(67, 23, 48, 86, 77, 38), 20.0
(73, 30, 72, 71, 29, 47), 26.0
(47, 33, 90, 37, 54, 62), 21.0
(58, 29, 64, 66, 56, 39), 25.0
(82, 39, 68, 57, 45, 32), 28.0
(75, 39, 70, 53, 51, 60), 26.0
(88, 55, 78, 95, 51, 36), 22.0
(75, 23, 79, 75, 53, 53), None
(59, 48, 54, 54, 78, 50), None
(57, 45, 70, 81, 56, 30), 23.0
(40, 10, 53, 86, 76, 9), 20.0
(68, 13, 78, 69, 69, 46), None
(53, 28, 66, 75, 47, 61), 27.0
(46, 35, 71, 82, 71, 37), None
(70, 15, 71, 85, 61, 54), 22.0
(44, 25, 48, 73, 48, 10), None
(92, 23, 79, 66, 62, 51), 20.0
(66, 39, 63, 92, 64, 30), 22.0
(64, 42, 68, 61, 69, 22), 24.0
(80, 31, 73, 94, 74, 57), 20.0
(59, 28, 65, 60, 43, 67), 20.0
(47, 27, 53, 74, 63, 34), 20.0
(73, 13, 64, 57, 62, 44), 26.0
(50, 37, 52, 78, 59, 51), 26.0
(57, 19, 66, 77, 64, 27), 18.0
(64, 27, 52, 92, 82, 32), 22.0
(65, 35, 64, 59, 60, 45), 22.0
(65, 29, 53, 89, 71, 34), 24.0
(54, 0, 66, 84, 78, 41), 22.0
(60, 23, 68, 70, 47, 55), 20.0
(72, 46, 71, 77, 48, 41), 18.0
(84, 26, 62, 92, 69, 44), 23.0
(70, 21, 75, 73, 57, 33), 22.0
(41, 38, 64, 83, 62, 45), 18.0
(64, 24, 73, 62, 60, 20), 22.0
(59, 9, 69, 73, 54, 35), 21.0
(60, 14, 49, 93, 56, 39), 23.0
(67, 28, 54, 92, 55, 30), 18.0
(65, 33, 85, 66, 43, 41), 24.0
(26, 20, 74, 39, 66, 45), 22.0
(42, 24, 82, 86, 66, 52), 19.0
(55, 31, 72, 80, 48, 57), 22.0
(37, 37, 67, 94, 71, 14), None
(57, 27, 55, 80, 62, 34), 20.0
(38, 17, 56, 89, 59, 46), 23.0
(59, 35, 75, 85, 55, 52), 20.0
(60, 27, 56, 82, 54, 48), 18.0
(54, 11, 53, 70, 66, 54), None
(46, 4, 68, 79, 80, 20), 24.0
(56, 36, 61, 91, 62, 22), 22.0
(53, 29, 57, 98, 67, 31), 22.0
(43, 36, 64, 83, 67, 60), 24.0
(39, 27, 54, 89, 75, 32), 24.0
(49, 34, 68, 84, 33, 52), 20.0
(62, 8, 74, 82, 58, 64), 18.0
(47, 46, 58, 75, 56, 49), 20.0
(40, 32, 64, 75, 60, 48), 24.0
(46, 35, 67, 84, 65, 43), 23.0
(40, 44, 57, 72, 72, 66), None
(58, 35, 69, 86, 59, 44), 22.0
(80, 53, 67, 72, 48, 61), 22.0
(61, 3, 62, 86, 46, 51), 22.0
(56, 23, 52, 68, 48, 60), 20.0
(65, 33, 74, 79, 39, 53), 18.0
(60, 46, 69, 80, 34, 63), 24.0
(76, 44, 85, 91, 48, 41), 23.0
(54, 25, 70, 63, 70, 41), None
(53, 25, 72, 87, 56, 57), 23.0
(71, 16, 67, 79, 71, 57), None
(75, 34, 70, 78, 52, 60), 25.0
(56, 16, 53, 97, 56, 45), None
(45, 16, 61, 70, 47, 54), 26.0
(61, 27, 68, 91, 51, 63), 22.0
(65, 34, 73, 85, 44, 46), 21.0
(68, 26, 67, 75, 37, 67), None
(55, 27, 46, 53, 27, 61), None
(75, 22, 56, 61, 43, 66), 25.0
(59, 20, 75, 96, 50, 42), 24.0
(63, 26, 78, 57, 61, 61), None
(59, 11, 80, 96, 49, 57), 23.0
(72, 27, 70, 70, 35, 66), None
(57, 17, 53, 88, 45, 47), 24.0
(71, 34, 68, 88, 34, 53), None
(51, 35, 62, 84, 49, 58), 24.0
(40, 32, 58, 87, 56, 39), 18.0
(51, 48, 58, 79, 39, 54), 24.0
(45, 24, 52, 65, 48, 50), 24.0
(41, 39, 69, 90, 63, 28), 19.0
(59, 24, 77, 93, 48, 48), None
(54, 36, 63, 86, 66, 53), 22.0
(37, 17, 63, 86, 62, 35), 24.0
(69, 32, 64, 83, 46, 36), 24.0
(55, 21, 65, 88, 60, 39), 20.0
(38, 26, 60, 82, 58, 41), 18.0
(47, 30, 53, 87, 48, 39), 22.0
(49, 25, 59, 96, 66, 35), 18.0
(42, 25, 78, 88, 55, 48), 24.0
(28, 38, 66, 79, 66, 42), None
(43, 38, 55, 95, 71, 36), 22.0
(42, 31, 70, 81, 56, 44), 25.0
(43, 25, 71, 91, 69, 32), 21.0
(47, 37, 65, 86, 56, 57), 20.0
(46, 43, 58, 89, 51, 51), None
(44, 30, 55, 88, 58, 39), 24.0
(61, 31, 75, 86, 54, 49), 24.0
(41, 20, 57, 84, 57, 26), None
(32, 41, 54, 72, 57, 45), 26.0
(38, 33, 52, 87, 58, 35), 18.0
(49, 27, 64, 92, 65, 40), 20.0
(40, 29, 54, 99, 59, 32), 18.0
(37, 31, 61, 89, 53, 33), 21.0
(49, 28, 63, 86, 52, 45), 28.0
(49, 37, 58, 90, 67, 30), 20.0
(64, 32, 54, 80, 54, 36), None
(57, 26, 69, 84, 62, 46), 25.0
(45, 30, 59, 74, 63, 58), 24.0
(47, 30, 68, 85, 67, 43), 19.0
(45, 36, 45, 69, 69, 46), None
(56, 27, 65, 86, 61, 33), 24.0
(47, 36, 63, 93, 65, 54), 28.0
(44, 41, 55, 80, 54, 45), 22.0
(54, 21, 55, 90, 72, 27), 21.0
(48, 24, 57, 97, 65, 43), 24.0
(36, 28, 63, 91, 72, 47), 26.0
(43, 27, 64, 92, 67, 42), 22.0
(25, 15, 47, 86, 84, 26), 24.0
(38, 31, 55, 92, 61, 26), 24.0
(37, 16, 65, 90, 62, 23), 22.0
(45, 24, 72, 92, 63, 45), None
(58, 35, 59, 95, 66, 31), 20.0
(51, 48, 50, 86, 82, 22), 22.0
(69, 31, 65, 87, 74, 37), 26.0
(55, 26, 60, 99, 69, 24), 18.0
(51, 22, 77, 87, 65, 22), None
(48, 29, 54, 84, 60, 42), 16.0
(57, 18, 54, 99, 63, 34), 23.0
(55, 28, 60, 94, 81, 25), 22.0
(58, 24, 64, 92, 60, 56), 26.0
(61, 29, 68, 96, 60, 37), 19.0
(43, 46, 50, 93, 59, 39), 18.0
(48, 35, 67, 91, 65, 35), None
(52, 29, 56, 99, 61, 31), 20.0
(59, 31, 51, 94, 59, 35), None
(58, 35, 60, 87, 63, 39), 24.0
(56, 29, 57, 97, 59, 37), 13.0
(47, 30, 54, 97, 60, 37), 17.0
(56, 42, 55, 90, 64, 38), 23.0
(53, 35, 58, 83, 65, 40), 24.0
(47, 22, 55, 95, 62, 28), 18.0
(51, 28, 63, 98, 57, 38), 24.0
(47, 43, 59, 87, 53, 45), 22.0
(51, 21, 59, 93, 61, 34), 22.0
(58, 16, 60, 89, 60, 36), None
(39, 28, 47, 92, 66, 37), 19.0
(54, 24, 55, 95, 48, 41), 20.0
(45, 38, 54, 92, 60, 32), 22.0
(57, 29, 61, 95, 60, 42), 24.0
(36, 29, 50, 82, 52, 49), 22.0
(49, 27, 56, 94, 62, 31), 18.0
(50, 33, 64, 96, 54, 41), 28.0
(49, 20, 56, 98, 65, 29), 25.0
(52, 26, 59, 81, 62, 35), 26.0
(44, 22, 59, 98, 67, 28), 24.0
(41, 17, 55, 76, 60, 42), 24.0
(45, 23, 49, 99, 56, 35), 23.0
(44, 14, 51, 86, 58, 41), 18.0
(53, 28, 52, 95, 65, 27), 24.0
(46, 31, 59, 97, 65, 37), 22.0
(58, 33, 56, 98, 63, 28), 22.0
(58, 32, 52, 96, 67, 27), 21.0
(47, 20, 50, 98, 60, 30), 19.0
(51, 30, 59, 95, 56, 42), 24.0
(49, 18, 54, 99, 71, 29), 22.0
(48, 21, 48, 97, 71, 30), None
(47, 33, 53, 91, 58, 41), 20.0
(52, 29, 56, 91, 52, 40), None
(44, 18, 49, 93, 66, 35), 21.0
(56, 28, 55, 91, 56, 48), None
(48, 20, 50, 87, 58, 39), 20.0
(49, 21, 58, 93, 66, 33), 25.0
(47, 17, 48, 85, 68, 33), 28.0
(54, 23, 48, 90, 58, 38), 22.0
(42, 23, 51, 90, 59, 39), 27.0
(45, 22, 50, 94, 56, 34), 25.0
(46, 33, 49, 96, 62, 41), 22.0
(45, 24, 49, 85, 60, 34), 26.0
(50, 18, 49, 95, 60, 36), 22.0
(50, 26, 57, 93, 55, 40), 20.0
(46, 24, 48, 95, 60, 31), 18.0
(43, 19, 49, 95, 56, 38), 20.0
(48, 34, 55, 88, 63, 34), None
(44, 22, 51, 90, 60, 40), 23.0
(51, 25, 53, 92, 60, 35), 20.0
(44, 28, 53, 97, 53, 35), None
(49, 25, 51, 98, 56, 37), 20.0
(51, 19, 53, 93, 57, 39), 20.0
(49, 26, 54, 94, 56, 35), 20.0
(47, 9, 51, 98, 64, 32), 24.0
(41, 30, 52, 96, 56, 34), 23.0
(48, 28, 53, 95, 60, 29), 22.0
(45, 20, 46, 95, 57, 40), 17.0
(46, 24, 54, 97, 58, 37), 26.0
(50, 18, 47, 91, 59, 43), 18.0
(52, 18, 54, 91, 61, 41), 24.0
(52, 19, 51, 94, 47, 46), 16.0
(46, 23, 46, 94, 64, 37), None
(47, 24, 47, 98, 60, 39), None
(53, 22, 52, 89, 57, 40), 22.0
(50, 26, 51, 90, 55, 38), 22.0
(46, 17, 51, 93, 57, 36), 21.0
(48, 33, 53, 95, 66, 36), 21.0
(47, 15, 50, 93, 58, 37), 20.0
(51, 17, 48, 93, 62, 34), 24.0
(51, 20, 45, 92, 50, 45), None
(50, 22, 48, 84, 49, 53), 18.0
(51, 16, 55, 94, 53, 43), 20.0
(44, 19, 53, 89, 49, 42), 22.0
(49, 25, 56, 92, 58, 41), 18.0
(48, 17, 51, 93, 49, 43), 16.0
(50, 19, 50, 87, 53, 42), None
(50, 25, 53, 91, 55, 44), 23.0
(44, 26, 46, 93, 61, 38), 26.0
(42, 13, 48, 96, 55, 37), 22.0
(53, 21, 53, 89, 55, 43), None
(48, 15, 51, 93, 54, 48), None
(46, 19, 50, 97, 58, 35), 29.0
(48, 12, 53, 92, 42, 45), 24.0
(45, 21, 47, 95, 52, 39), 20.0
(53, 19, 51, 83, 51, 55), None
(48, 23, 59, 88, 53, 40), 20.0
(55, 21, 54, 95, 54, 42), None
(48, 23, 53, 97, 53, 34), None
(46, 18, 49, 94, 52, 42), 18.0
(48, 26, 55, 90, 50, 44), 21.0
(51, 27, 47, 91, 56, 40), 25.0
(50, 18, 55, 93, 49, 39), 18.0
(44, 13, 51, 91, 49, 46), 18.0
(54, 28, 57, 90, 52, 42), 18.0
(44, 16, 51, 95, 49, 38), 21.0
(52, 13, 51, 95, 50, 40), 19.0
(55, 17, 54, 89, 46, 39), 25.0
(47, 16, 55, 98, 56, 37), 24.0
(40, 14, 51, 87, 48, 46), 22.0
(47, 15, 54, 92, 54, 42), None
(53, 23, 54, 92, 47, 38), 20.0
(45, 20, 50, 85, 50, 44), None
(41, 11, 49, 93, 52, 38), 21.0
(42, 25, 50, 92, 47, 45), 18.0
(41, 11, 50, 93, 51, 48), 20.0
(45, 23, 53, 90, 43, 49), 20.0
(45, 22, 51, 93, 53, 38), 22.0
(44, 20, 46, 92, 43, 49), 22.0
(53, 25, 48, 92, 39, 52), 20.0
(48, 22, 53, 90, 50, 44), 23.0
(43, 22, 51, 92, 49, 45), 23.0
(50, 22, 49, 94, 52, 39), 18.0
(48, 19, 52, 89, 50, 43), 20.0
(42, 19, 51, 92, 52, 43), 19.0
(49, 17, 48, 97, 51, 39), 26.0
(43, 10, 50, 94, 58, 35), 24.0
(45, 20, 49, 89, 52, 46), 20.0
(45, 20, 52, 98, 52, 35), None
(46, 16, 51, 88, 46, 49), None
(50, 14, 50, 94, 46, 46), None
(51, 29, 51, 93, 48, 40), None
(41, 19, 49, 86, 54, 43), 29.0
(44, 18, 47, 96, 55, 39), 24.0
(48, 16, 47, 95, 49, 41), 20.0
(47, 21, 50, 89, 51, 48), 18.0
(46, 22, 49, 94, 54, 41), 20.0
(47, 18, 50, 98, 58, 38), 18.0
(47, 19, 47, 92, 57, 38), None
(49, 20, 48, 92, 52, 46), 22.0
(48, 20, 50, 91, 59, 43), 22.0
(44, 23, 49, 88, 52, 46), 18.0
(44, 21, 51, 91, 51, 44), None
(47, 18, 50, 96, 51, 43), 23.0
(49, 17, 52, 93, 57, 41), 22.0
(45, 21, 54, 95, 56, 41), 22.0
(43, 21, 48, 96, 55, 45), 20.0
(48, 25, 50, 91, 54, 45), 26.0
(47, 23, 52, 95, 51, 47), None
(43, 22, 50, 91, 46, 45), 25.0
(41, 22, 46, 92, 51, 47), 24.0
(47, 22, 51, 90, 52, 44), 28.0
(45, 23, 46, 89, 56, 45), None
(41, 24, 49, 94, 52, 43), 22.0
(45, 24, 49, 89, 53, 45), None
(39, 14, 48, 93, 56, 42), 24.0
(45, 25, 52, 90, 48, 42), 22.0
(49, 20, 47, 91, 50, 42), 18.0
(46, 20, 46, 89, 49, 49), None
(40, 23, 49, 88, 53, 43), 20.0
(44, 17, 48, 92, 53, 46), 24.0
(47, 26, 49, 91, 56, 47), None
(46, 21, 50, 92, 54, 43), 30.0
(47, 18, 48, 91, 54, 38), 23.0
(43, 22, 48, 91, 55, 43), None
(46, 22, 50, 92, 50, 41), None
(43, 23, 47, 97, 56, 38), 25.0
(46, 24, 51, 87, 49, 47), 20.0
(50, 22, 50, 92, 52, 43), None
(41, 22, 48, 88, 50, 43), 24.0
(38, 21, 49, 90, 47, 43), 20.0
(47, 18, 48, 90, 49, 44), 23.0
(46, 23, 46, 93, 54, 42), None
(44, 24, 47, 92, 53, 44), None
(47, 24, 49, 87, 52, 45), 20.0
(44, 21, 50, 94, 52, 38), 20.0
(47, 22, 51, 89, 51, 49), None
(45, 24, 51, 88, 52, 47), 18.0
(45, 23, 50, 87, 55, 45), None
(45, 27, 55, 93, 53, 44), 24.0
(48, 23, 52, 88, 51, 51), None
(44, 24, 50, 85, 49, 48), 16.0
(47, 23, 52, 90, 60, 40), 21.0
(45, 22, 50, 94, 50, 46), None
(45, 21, 54, 86, 46, 52), 20.0
(45, 22, 52, 87, 51, 46), 24.0
(45, 19, 48, 92, 53, 45), None
(46, 22, 50, 94, 51, 44), 26.0
(44, 21, 49, 92, 49, 44), None
(42, 24, 49, 90, 44, 46), 16.0
(44, 23, 51, 88, 48, 46), 18.0
(45, 22, 52, 87, 51, 53), 24.0
(48, 20, 47, 86, 49, 50), 18.0
(44, 24, 50, 86, 54, 44), None
(46, 29, 52, 89, 47, 47), None
(44, 24, 51, 90, 50, 42), 19.0
(42, 25, 51, 88, 52, 47), 18.0
(42, 28, 51, 89, 46, 44), 18.0
(41, 27, 54, 83, 43, 52), 18.0
(48, 25, 51, 87, 54, 49), 26.0
(44, 22, 51, 88, 50, 40), 23.0
(43, 21, 50, 85, 45, 48), 18.0
(43, 23, 52, 86, 47, 47), None
(42, 24, 50, 90, 50, 47), None
(39, 24, 52, 87, 50, 46), 20.0
(46, 21, 48, 87, 44, 50), 20.0
(44, 22, 48, 86, 46, 52), 20.0
(50, 23, 48, 90, 52, 48), None
(45, 19, 45, 89, 51, 49), None
(48, 26, 49, 88, 46, 46), None
(44, 18, 51, 86, 47, 53), 24.0
(46, 22, 50, 91, 49, 46), None
(48, 25, 49, 88, 53, 49), None
(49, 24, 49, 79, 46, 58), None
(48, 24, 47, 82, 48, 56), None
(42, 25, 49, 84, 45, 51), 18.0
(45, 23, 50, 86, 54, 47), 20.0
(46, 26, 49, 90, 52, 43), 24.0
(47, 20, 48, 87, 48, 54), None
(43, 22, 49, 88, 48, 49), None
(45, 21, 51, 87, 47, 54), 22.0
(43, 21, 51, 84, 47, 47), None
(44, 26, 48, 86, 47, 43), 22.0
(48, 19, 47, 91, 51, 43), 14.0
(45, 28, 49, 81, 42, 53), 29.0
(46, 19, 48, 89, 46, 50), None
(41, 21, 48, 89, 48, 46), None
(49, 21, 46, 93, 48, 45), 20.0
(42, 27, 49, 90, 50, 46), 20.0
(47, 19, 46, 88, 47, 48), None
(46, 24, 45, 95, 51, 40), 23.0
(45, 23, 48, 90, 47, 46), 22.0
(42, 22, 46, 87, 44, 49), 18.0
(40, 18, 45, 90, 50, 44), 24.0
(49, 19, 49, 91, 45, 46), None
(47, 20, 50, 88, 43, 48), 16.0
(46, 24, 48, 86, 44, 51), 24.0
(44, 23, 48, 89, 43, 48), None
(44, 18, 48, 87, 41, 52), 17.0
(44, 19, 48, 92, 41, 45), 18.0
(46, 23, 52, 91, 43, 42), 23.0
(45, 19, 47, 89, 44, 49), 22.0
(45, 21, 44, 91, 46, 47), 22.0
(46, 20, 46, 88, 48, 48), None
(48, 21, 49, 87, 40, 51), 18.0
(42, 23, 52, 93, 44, 38), 24.0
(45, 24, 47, 91, 46, 48), 19.0
(48, 20, 48, 90, 45, 47), None
(48, 23, 46, 85, 44, 54), 24.0
(48, 16, 45, 87, 41, 50), 24.0
(46, 21, 51, 87, 43, 49), 18.0
(44, 20, 49, 91, 40, 47), 20.0
(42, 20, 48, 94, 43, 48), None
(42, 19, 46, 88, 42, 49), None
(46, 18, 50, 89, 45, 50), None
(44, 16, 47, 88, 40, 50), 18.0
(43, 19, 48, 89, 37, 50), 22.0
(46, 21, 47, 93, 39, 48), 20.0
(44, 16, 49, 87, 38, 52), 22.0
(46, 22, 50, 90, 46, 48), None
(44, 21, 48, 88, 42, 47), 18.0
(44, 18, 49, 87, 37, 53), 23.0
(44, 21, 52, 87, 39, 50), 20.0
(45, 20, 51, 86, 47, 48), 18.0
(45, 20, 53, 88, 41, 48), 18.0
(43, 20, 54, 88, 38, 50), 25.0
(42, 22, 50, 85, 39, 51), 20.0
(47, 20, 51, 89, 42, 48), 17.0
(44, 20, 48, 90, 40, 48), None
(52, 20, 50, 86, 45, 50), None
(44, 21, 49, 85, 43, 47), 20.0
(42, 20, 49, 87, 44, 50), 20.0
(46, 23, 50, 85, 45, 48), 18.0
(41, 21, 51, 87, 44, 50), 23.0
(43, 19, 51, 90, 35, 51), None
(48, 25, 53, 86, 44, 47), 26.0
(47, 20, 54, 83, 41, 53), 27.0
(49, 20, 52, 94, 41, 44), 22.0
(47, 19, 53, 86, 44, 47), None
(44, 20, 50, 90, 44, 46), None
(43, 23, 55, 87, 43, 46), None
(49, 19, 53, 89, 45, 47), 24.0
(44, 20, 48, 88, 45, 45), None
(50, 21, 52, 89, 53, 48), 20.0
(47, 23, 51, 90, 41, 46), 24.0
(44, 21, 51, 89, 47, 44), None
(44, 22, 50, 91, 37, 49), 20.0
(46, 21, 53, 87, 42, 47), 21.0
(47, 22, 52, 90, 46, 46), None
(47, 22, 54, 87, 45, 49), 19.0
(46, 20, 50, 89, 45, 47), 20.0
(47, 24, 51, 91, 47, 45), None
(50, 20, 50, 92, 45, 51), None
(49, 15, 51, 91, 35, 53), 20.0
(49, 25, 54, 88, 50, 48), 20.0
(50, 17, 48, 93, 40, 48), None
(49, 22, 51, 86, 45, 53), 20.0
(43, 24, 50, 90, 44, 48), 22.0
(49, 23, 54, 89, 44, 51), 24.0
(46, 26, 55, 93, 43, 45), 26.0
(52, 19, 50, 90, 48, 48), None
(47, 23, 53, 87, 47, 49), None
(48, 24, 55, 92, 46, 48), None
(47, 22, 54, 89, 43, 50), 29.0
(47, 20, 53, 88, 46, 48), 22.0
(45, 20, 56, 88, 41, 47), 23.0
(48, 25, 52, 84, 54, 46), 24.0
(46, 20, 54, 92, 45, 47), 26.0
(44, 19, 48, 90, 43, 47), 20.0
(48, 19, 54, 90, 39, 50), 24.0
(46, 19, 51, 92, 41, 49), 18.0
(46, 18, 53, 87, 42, 50), 22.0
(48, 16, 53, 92, 39, 49), 23.0
(42, 17, 49, 87, 43, 50), 19.0
(47, 17, 49, 90, 37, 51), 18.0
(44, 17, 49, 91, 41, 47), 18.0
(42, 16, 50, 91, 34, 49), 22.0
(46, 20, 49, 91, 42, 47), 24.0
(44, 19, 48, 92, 39, 49), 23.0
(47, 20, 52, 90, 45, 48), 20.0
(47, 17, 52, 90, 49, 49), None
(46, 14, 48, 93, 39, 49), 24.0
(46, 17, 52, 92, 37, 49), 22.0
(46, 19, 50, 88, 44, 51), 20.0
(44, 15, 47, 92, 37, 51), 18.0
(47, 19, 49, 93, 46, 45), 20.0
(43, 21, 50, 87, 41, 48), 24.0
(43, 18, 50, 89, 36, 50), None
(48, 19, 49, 88, 47, 48), None
(48, 18, 50, 89, 47, 50), None
(47, 17, 51, 91, 40, 49), 21.0
(43, 19, 49, 89, 44, 47), 22.0
