Sampler:TPESampler
(47, 228, 297), 58.0
(150, 29, 196), 64.0
(175, 293, 171), 72.0
(97, 2, 197), 84.0
(301, 320, 21), 78.0
(209, 124, 372), 74.0
(384, 68, 324), 72.0
(325, 8, 40), 96.0
(331, 307, 311), 82.0
(79, 105, 398), 55.0
(8, 146, 105), 96.0
(11, 235, 397), 50.0
(80, 216, 390), 54.0
(0, 224, 263), 46.0
(13, 366, 236), 58.0
(130, 257, 251), 54.0
(229, 175, 146), 58.0
(0, 388, 262), 58.0
(52, 180, 361), 56.0
(115, 256, 112), 104.0
(252, 259, 279), 91.0
(54, 219, 349), 79.0
(140, 271, 236), 60.0
(46, 339, 243), 54.0
(132, 182, 322), 56.0
(72, 216, 386), 66.0
(29, 154, 345), 60.0
(25, 344, 229), 60.0
(38, 327, 294), 62.0
(59, 394, 278), 60.0
(1, 280, 158), 56.0
(109, 239, 261), 62.0
(166, 245, 228), 64.0
(39, 299, 190), 59.0
(91, 352, 214), 66.0
(175, 199, 257), 100.0
(116, 284, 178), 62.0
(27, 234, 136), 102.0
(204, 318, 71), 58.0
(68, 263, 205), 62.0
(156, 102, 295), 52.0
(183, 57, 299), 50.0
(263, 65, 305), 92.0
(165, 77, 336), 52.0
(155, 53, 339), 56.0
(194, 99, 371), 71.0
(185, 37, 328), 60.0
(227, 85, 291), 76.0
(377, 141, 324), 62.0
(227, 13, 366), 56.0
(289, 124, 309), 72.0
(21, 83, 282), 86.0
(160, 27, 273), 50.0
(148, 31, 270), 68.0
(162, 49, 297), 56.0
(179, 17, 398), 37.0
(217, 10, 393), 66.0
(253, 28, 356), 76.0
(183, 58, 381), 56.0
(124, 21, 398), 60.0
(198, 1, 337), 52.0
(147, 86, 316), 70.0
(201, 0, 339), 54.0
(213, 37, 376), 56.0
(190, 49, 354), 46.0
(176, 166, 363), 56.0
(96, 193, 355), 50.0
(99, 200, 351), 54.0
(13, 204, 383), 56.0
(239, 121, 371), 58.0
(136, 219, 249), 73.0
(88, 47, 399), 88.0
(188, 79, 353), 57.0
(106, 102, 280), 108.0
(173, 247, 298), 68.0
(124, 64, 314), 58.0
(198, 20, 332), 58.0
(215, 41, 384), 54.0
(158, 183, 261), 52.0
(38, 188, 259), 58.0
(0, 0, 348), None
(169, 23, 336), 86.0
(194, 225, 320), 74.0
(148, 13, 365), 68.0
(62, 69, 290), 50.0
(64, 71, 271), 48.0
(68, 70, 272), 68.0
(58, 62, 219), 90.0
(79, 119, 13), 101.0
(19, 91, 241), 64.0
(43, 208, 287), 46.0
(43, 233, 285), 54.0
(32, 168, 306), 66.0
(48, 269, 273), 44.0
(48, 276, 268), 50.0
(52, 268, 267), 50.0
(52, 278, 271), 68.0
(9, 246, 250), 48.0
(65, 301, 231), 60.0
(10, 268, 246), 58.0
(79, 290, 266), 64.0
(47, 251, 253), 50.0
(32, 248, 286), 68.0
(8, 264, 302), 86.0
(17, 208, 224), 66.0
(92, 238, 278), 80.0
(29, 226, 201), 72.0
(61, 275, 291), 62.0
(48, 213, 235), 78.0
(23, 289, 392), 82.0
(7, 256, 376), 60.0
(39, 244, 255), 46.0
(37, 251, 252), 69.0
(71, 315, 276), 84.0
(16, 241, 243), 82.0
(42, 230, 212), 66.0
(53, 258, 265), 44.0
(3, 213, 287), 52.0
(179, 54, 188), 60.0
(26, 44, 256), 60.0
(60, 285, 262), 96.0
(187, 27, 309), 46.0
(208, 260, 316), 56.0
(37, 225, 357), 54.0
(276, 34, 252), 80.0
(327, 237, 45), 48.0
(348, 240, 60), 70.0
(191, 24, 119), 58.0
(298, 198, 308), 88.0
(317, 190, 325), 54.0
(82, 77, 295), 54.0
(56, 13, 30), 71.0
(69, 69, 93), None
(238, 52, 279), 60.0
(47, 274, 269), 50.0
(106, 29, 159), 94.0
(393, 270, 265), 80.0
(15, 221, 387), 62.0
(25, 231, 344), 52.0
(344, 243, 275), 86.0
(141, 257, 244), 52.0
(55, 253, 255), 78.0
(166, 40, 292), 94.0
(41, 248, 236), 58.0
(1, 262, 267), 82.0
(32, 299, 260), 50.0
(51, 268, 283), 56.0
(78, 284, 301), 68.0
(182, 8, 250), 56.0
(369, 209, 272), 68.0
(222, 231, 286), 62.0
(46, 273, 268), 54.0
(50, 274, 260), 46.0
(25, 299, 258), 62.0
(64, 372, 247), 70.0
(47, 262, 240), 96.0
(74, 252, 279), 86.0
(54, 280, 227), 82.0
(36, 248, 260), 70.0
(203, 242, 275), 88.0
(88, 143, 257), 66.0
(64, 216, 300), 50.0
(52, 237, 290), 70.0
(47, 279, 265), 48.0
(32, 308, 250), 58.0
(18, 288, 264), 58.0
(60, 91, 285), 72.0
(174, 18, 296), 70.0
(156, 57, 278), 62.0
(188, 47, 267), 56.0
(42, 277, 310), 58.0
(198, 35, 277), 74.0
(8, 217, 394), 64.0
(36, 299, 260), 48.0
(28, 295, 363), 48.0
(37, 308, 304), 54.0
(20, 328, 393), 58.0
(11, 298, 378), 54.0
(29, 291, 271), 46.0
(23, 293, 368), 54.0
(31, 195, 362), 58.0
(30, 329, 347), 56.0
(41, 312, 289), 64.0
(47, 295, 261), 46.0
(60, 292, 259), 62.0
(28, 284, 240), 96.0
(51, 265, 273), 52.0
(9, 294, 384), 50.0
(36, 321, 253), 56.0
(15, 302, 399), 47.0
(17, 302, 267), 70.0
(0, 206, 319), 64.0
(42, 306, 330), 82.0
(45, 279, 249), 58.0
(22, 295, 261), 52.0
(9, 284, 386), 58.0
(31, 259, 254), 76.0
(37, 319, 268), 57.0
(71, 277, 275), 98.0
(56, 269, 281), 62.0
(315, 286, 264), 72.0
(181, 299, 55), 50.0
(42, 27, 398), 56.0
(50, 303, 261), 98.0
(15, 19, 270), 81.0
(257, 67, 244), 48.0
(242, 10, 371), 60.0
(50, 271, 240), 50.0
(282, 253, 355), 94.0
(262, 292, 388), 78.0
(195, 67, 284), 50.0
(360, 270, 246), 106.0
(211, 280, 271), 62.0
(6, 312, 39), 56.0
(26, 222, 397), 56.0
(194, 273, 233), 60.0
(64, 130, 256), 72.0
(10, 297, 53), 90.0
(183, 63, 41), 90.0
(0, 293, 4), 51.0
(19, 309, 376), 82.0
(206, 60, 245), 56.0
(45, 236, 255), 65.0
(171, 74, 261), 68.0
(53, 244, 251), 50.0
(32, 259, 263), 50.0
(55, 245, 248), 54.0
(175, 51, 291), 90.0
(37, 301, 49), 52.0
(334, 214, 382), 82.0
(48, 228, 139), 56.0
(63, 287, 274), 58.0
(25, 237, 281), 52.0
(58, 265, 268), 62.0
(34, 244, 235), 50.0
(70, 259, 270), 46.0
(69, 81, 297), 58.0
(99, 259, 213), 80.0
(187, 41, 276), 82.0
(186, 282, 66), 56.0
(73, 291, 366), 56.0
(83, 30, 79), 58.0
(43, 278, 269), 54.0
(46, 252, 263), 56.0
(61, 253, 284), 58.0
(41, 267, 256), 52.0
(15, 293, 389), 58.0
(11, 232, 391), 48.0
(11, 234, 392), 48.0
(15, 230, 375), 58.0
(8, 226, 383), 62.0
(21, 159, 390), 48.0
(0, 239, 398), 56.0
(18, 72, 391), 80.0
(31, 245, 396), 56.0
(23, 221, 399), 54.0
(183, 235, 23), 48.0
(9, 231, 384), 54.0
(26, 232, 238), 70.0
(21, 111, 0), 97.0
(36, 236, 19), 99.0
(15, 261, 183), 64.0
(269, 258, 28), 54.0
(294, 170, 388), 59.0
(26, 225, 168), 70.0
(191, 64, 280), 54.0
(37, 88, 399), 82.0
(53, 245, 254), 50.0
(6, 209, 392), 54.0
(13, 203, 376), 52.0
(204, 301, 33), 62.0
(247, 97, 114), 60.0
(119, 275, 263), 54.0
(179, 320, 380), 88.0
(8, 286, 386), 68.0
(321, 234, 271), 68.0
(396, 222, 259), 91.0
(302, 57, 285), 66.0
(172, 154, 341), 76.0
(28, 175, 348), 62.0
(47, 247, 270), 54.0
(199, 48, 310), 54.0
(229, 21, 248), 57.0
(32, 257, 263), 46.0
(21, 254, 263), 52.0
(37, 238, 8), 96.0
(0, 254, 362), 50.0
(26, 6, 255), 76.0
(31, 266, 17), 46.0
(32, 258, 23), 64.0
(43, 269, 266), 72.0
(13, 261, 246), 72.0
(22, 267, 276), 48.0
(17, 265, 275), 52.0
(22, 253, 276), 70.0
(32, 281, 255), 46.0
(42, 277, 16), 64.0
(33, 286, 14), 52.0
(27, 272, 399), 91.0
(34, 307, 260), 58.0
(57, 291, 252), 68.0
(21, 265, 25), 82.0
(376, 248, 275), 78.0
(48, 279, 389), 54.0
(5, 240, 36), 64.0
(12, 267, 10), 60.0
(29, 213, 390), 52.0
(39, 35, 226), 56.0
(18, 249, 265), 58.0
(26, 272, 372), 64.0
(52, 282, 271), 52.0
(37, 228, 284), 82.0
(256, 186, 257), 78.0
(42, 285, 247), 60.0
(5, 240, 255), 46.0
(1, 13, 245), 90.0
(307, 261, 375), 60.0
(330, 238, 279), 86.0
(355, 294, 257), 80.0
(192, 219, 266), 68.0
(14, 274, 240), 50.0
(10, 246, 252), 52.0
(166, 300, 329), 70.0
(8, 232, 295), 72.0
(64, 256, 91), 64.0
(51, 314, 270), 74.0
(32, 264, 232), 52.0
(39, 286, 260), 58.0
(220, 250, 242), 87.0
(18, 238, 392), 54.0
(23, 199, 22), 58.0
(32, 227, 380), 86.0
(0, 275, 289), 52.0
(56, 236, 275), 66.0
(69, 224, 282), 70.0
(46, 1, 261), 94.0
(23, 265, 357), 54.0
(279, 280, 369), 54.0
(32, 136, 255), 96.0
(16, 212, 204), 64.0
(130, 242, 266), 50.0
(26, 23, 192), 66.0
(40, 303, 270), 70.0
(54, 256, 280), 52.0
(61, 251, 266), 60.0
(8, 220, 128), 84.0
(37, 292, 254), 70.0
(5, 247, 250), 58.0
(12, 259, 398), 53.0
(46, 307, 241), 98.0
(181, 43, 335), 56.0
(19, 243, 385), 58.0
(187, 337, 274), 100.0
(32, 299, 259), 51.0
(234, 264, 48), 48.0
(43, 278, 73), 60.0
(199, 230, 152), 56.0
(237, 271, 52), 72.0
(25, 264, 288), 70.0
(255, 256, 250), 84.0
(230, 285, 264), 66.0
(270, 268, 231), 76.0
(214, 253, 222), 64.0
(289, 30, 245), 54.0
(178, 16, 60), 78.0
(8, 239, 323), 52.0
(29, 271, 260), 50.0
(47, 313, 19), 66.0
(60, 290, 275), 62.0
(163, 233, 48), 46.0
(149, 282, 304), 80.0
(175, 230, 392), 68.0
(37, 295, 1), 58.0
(188, 262, 33), 84.0
(208, 272, 349), 62.0
(77, 217, 390), 58.0
(165, 205, 382), 74.0
(195, 233, 268), 92.0
(158, 242, 13), 58.0
(186, 75, 27), 80.0
(169, 161, 8), 70.0
(51, 277, 259), 93.0
(139, 289, 281), 54.0
(6, 249, 287), 52.0
(23, 308, 365), 100.0
(13, 225, 47), 82.0
(18, 360, 239), 54.0
(15, 257, 273), 80.0
(1, 241, 254), 50.0
(40, 37, 314), 50.0
(36, 193, 399), 57.0
(263, 262, 39), 70.0
(12, 115, 296), 96.0
(113, 251, 86), 54.0
(45, 297, 264), 48.0
(180, 233, 391), 58.0
(72, 303, 264), 66.0
(66, 216, 382), 52.0
(18, 93, 250), 76.0
(51, 317, 268), 54.0
(26, 380, 279), 52.0
(3, 221, 375), 54.0
(31, 324, 384), 56.0
(237, 26, 63), 74.0
(32, 264, 342), 68.0
(204, 246, 47), 90.0
(222, 246, 245), 80.0
(44, 270, 43), 62.0
(60, 8, 173), 90.0
(85, 260, 290), 68.0
(56, 280, 33), 62.0
(195, 17, 256), 60.0
(19, 238, 251), 72.0
(47, 283, 269), 68.0
(51, 294, 273), 80.0
(35, 269, 281), 62.0
(179, 254, 259), 82.0
(173, 49, 264), 54.0
(341, 230, 72), 58.0
(309, 279, 354), 100.0
(42, 209, 270), 74.0
(25, 259, 283), 48.0
(56, 289, 299), 83.0
(190, 222, 370), 58.0
(37, 275, 291), 70.0
(8, 247, 399), 55.0
(43, 307, 263), 78.0
(47, 295, 256), 80.0
(20, 239, 40), 77.0
(388, 251, 53), 70.0
(0, 242, 26), 87.0
(69, 230, 35), 60.0
(190, 235, 29), 66.0
(29, 267, 280), 68.0
(360, 262, 308), 96.0
(10, 105, 391), 56.0
(16, 56, 393), 62.0
(202, 254, 232), 50.0
(8, 201, 19), 56.0
(59, 257, 276), 84.0
(28, 285, 286), 68.0
(50, 302, 263), 68.0
(66, 291, 249), 74.0
(55, 276, 271), 74.0
(269, 64, 260), 84.0
(286, 266, 246), 90.0
(158, 272, 240), 56.0
(80, 212, 280), 56.0
(25, 258, 275), 66.0
(98, 33, 269), 52.0
(26, 246, 253), 50.0
(37, 301, 320), 66.0
(36, 281, 295), 50.0
(0, 223, 286), 72.0
(14, 228, 383), 79.0
(14, 236, 293), 80.0
(214, 262, 65), 50.0
(167, 310, 242), 58.0
(7, 126, 105), 78.0
(23, 274, 336), 74.0
(42, 220, 379), 50.0
(43, 250, 390), 60.0
(62, 47, 255), 60.0
(33, 296, 263), 44.0
(33, 287, 269), 60.0
(32, 316, 253), 78.0
(38, 293, 262), 48.0
(184, 26, 273), 54.0
(52, 286, 264), 56.0
(41, 299, 262), 50.0
(378, 20, 217), 54.0
(21, 270, 255), 58.0
(47, 296, 275), 75.0
(175, 213, 399), 62.0
(27, 281, 278), 50.0
(71, 261, 55), 58.0
(127, 227, 388), 82.0
(38, 285, 267), 71.0
(54, 307, 259), 67.0
(30, 188, 78), 74.0
(20, 9, 274), 58.0
(18, 266, 304), 86.0
(187, 255, 287), 58.0
(163, 243, 16), 62.0
(196, 332, 57), 50.0
(203, 238, 11), 54.0
(49, 303, 250), 54.0
(64, 178, 267), 50.0
(47, 273, 260), 50.0
(32, 315, 237), 68.0
(260, 59, 284), 60.0
(323, 15, 245), 68.0
(153, 43, 5), 76.0
(55, 252, 278), 98.0
(181, 206, 298), 80.0
(108, 271, 270), 52.0
(249, 234, 138), 82.0
(74, 277, 99), 84.0
(43, 0, 327), 97.0
(26, 253, 288), 50.0
(35, 258, 280), 46.0
(90, 265, 279), 50.0
(36, 259, 286), 55.0
(1, 264, 270), 60.0
(41, 298, 257), 58.0
(35, 292, 251), 52.0
(56, 88, 282), 62.0
(42, 398, 267), 60.0
(31, 283, 42), 94.0
(15, 241, 367), 60.0
(20, 195, 359), 56.0
(47, 257, 262), 50.0
(67, 245, 274), 48.0
(38, 290, 262), 54.0
(239, 64, 195), 85.0
(31, 271, 311), 40.0
(30, 276, 312), 80.0
(14, 270, 299), 70.0
(195, 39, 330), 66.0
(9, 156, 314), 70.0
(28, 52, 229), 60.0
(51, 255, 290), 60.0
(59, 260, 283), 62.0
(295, 306, 344), 84.0
(335, 250, 296), 64.0
(27, 279, 310), 50.0
(42, 27, 323), 96.0
(36, 297, 258), 60.0
(46, 284, 304), 54.0
(171, 244, 243), 67.0
(39, 274, 160), 51.0
(32, 265, 250), 54.0
(24, 251, 279), 70.0
(60, 249, 274), 62.0
(21, 311, 349), 72.0
(0, 269, 254), 54.0
(179, 229, 122), 50.0
(203, 262, 26), 52.0
(35, 278, 270), 66.0
(26, 289, 266), 60.0
(187, 292, 17), 58.0
(51, 294, 291), 66.0
(52, 239, 257), 77.0
(35, 284, 272), 50.0
(43, 300, 282), 74.0
(45, 304, 264), 48.0
(21, 260, 247), 88.0
(61, 54, 260), 100.0
(31, 217, 5), 68.0
(44, 310, 251), 54.0
(218, 223, 239), 78.0
(144, 247, 292), 100.0
(11, 207, 394), 50.0
(315, 20, 212), 72.0
(38, 278, 54), 92.0
(249, 270, 235), 67.0
(282, 11, 242), 78.0
(17, 270, 319), 76.0
(350, 263, 304), 95.0
(77, 253, 280), 52.0
(34, 327, 339), 62.0
(47, 299, 335), 68.0
(0, 257, 265), 48.0
(14, 236, 399), 58.0
(56, 277, 276), 71.0
(7, 227, 183), 72.0
(67, 79, 260), 54.0
(182, 256, 285), 66.0
(38, 139, 265), 44.0
(25, 128, 251), 94.0
(26, 244, 274), 48.0
(30, 316, 358), 74.0
(24, 245, 268), 72.0
(41, 289, 262), 80.0
(49, 285, 258), 50.0
(6, 259, 267), 50.0
(399, 267, 48), 51.0
(173, 176, 378), 88.0
(29, 141, 270), 52.0
(53, 38, 273), 88.0
(193, 104, 296), 72.0
(37, 217, 34), 90.0
(17, 213, 318), 68.0
(61, 31, 261), 98.0
(38, 279, 251), 87.0
(47, 287, 351), 58.0
(45, 298, 265), 50.0
(13, 232, 388), 52.0
(33, 307, 326), 82.0
(23, 118, 284), 52.0
(39, 241, 23), 60.0
(166, 8, 256), 56.0
(120, 226, 398), 70.0
(19, 272, 380), 60.0
(32, 197, 247), 52.0
(31, 268, 64), 56.0
(58, 26, 80), 50.0
(51, 147, 305), 70.0
(232, 263, 290), 82.0
(43, 274, 275), 63.0
(134, 281, 279), 48.0
(12, 231, 385), 64.0
(51, 256, 224), 48.0
(8, 203, 273), 48.0
(5, 220, 388), 70.0
(17, 247, 235), 58.0
(60, 244, 255), 48.0
(30, 294, 292), 54.0
(39, 238, 254), 74.0
(24, 252, 277), 70.0
(15, 235, 383), 53.0
(43, 274, 266), 54.0
(67, 267, 266), 78.0
(85, 251, 284), 52.0
(23, 348, 254), 58.0
(77, 152, 364), 90.0
(72, 16, 272), 80.0
(37, 318, 331), 86.0
(54, 303, 245), 70.0
(47, 256, 229), 60.0
(143, 306, 148), 76.0
(40, 294, 263), 56.0
(184, 244, 271), 94.0
(1, 250, 276), 62.0
(0, 42, 393), 89.0
(66, 258, 247), 50.0
(67, 167, 260), 64.0
(32, 32, 280), None
(198, 282, 261), 63.0
(12, 224, 395), 58.0
(22, 212, 361), 58.0
(28, 263, 286), 90.0
(34, 108, 369), 52.0
(50, 274, 267), 48.0
(39, 187, 239), 60.0
(23, 243, 300), 77.0
(59, 251, 253), 78.0
(56, 290, 249), 54.0
(361, 62, 256), 50.0
(1, 260, 266), 86.0
(182, 284, 306), 92.0
(41, 3, 273), 50.0
(47, 314, 263), 48.0
(191, 269, 16), 78.0
(30, 242, 335), 50.0
(27, 269, 281), 64.0
(56, 202, 254), 52.0
(8, 234, 248), 50.0
(47, 290, 267), 52.0
(13, 236, 243), 48.0
(101, 299, 313), 62.0
(22, 119, 391), 50.0
(0, 25, 271), 57.0
(174, 276, 278), 98.0
(212, 83, 256), 76.0
(35, 17, 258), 97.0
(41, 284, 262), 86.0
(54, 52, 293), 82.0
(64, 318, 205), 56.0
(25, 265, 277), 48.0
(30, 302, 288), 60.0
(35, 247, 279), 52.0
(164, 282, 299), 52.0
(17, 256, 286), 52.0
(246, 266, 240), 78.0
(50, 279, 213), 80.0
(255, 258, 220), 76.0
(77, 325, 296), 62.0
(131, 226, 271), 50.0
(291, 40, 219), 58.0
(0, 251, 269), 64.0
(8, 263, 256), 44.0
(44, 273, 249), 56.0
(205, 33, 260), 92.0
(7, 202, 321), 48.0
(10, 262, 265), 78.0
(153, 235, 25), 88.0
(20, 265, 277), 54.0
(11, 290, 259), 60.0
(34, 271, 283), 50.0
(15, 192, 232), 82.0
(6, 183, 241), 58.0
(23, 266, 269), 68.0
(210, 278, 250), 54.0
(197, 227, 22), 56.0
(29, 215, 256), 72.0
(22, 136, 276), 68.0
(50, 272, 268), 40.0
(51, 275, 267), 50.0
(39, 253, 272), 78.0
(49, 257, 247), 48.0
(11, 195, 260), 52.0
(58, 274, 266), 60.0
(3, 261, 255), 50.0
(15, 281, 399), 49.0
(35, 266, 286), 58.0
(46, 255, 239), 70.0
(61, 10, 271), 52.0
(43, 274, 312), 58.0
(29, 287, 342), 76.0
(126, 282, 293), 52.0
(20, 269, 280), 80.0
(41, 293, 256), 62.0
(37, 285, 357), 54.0
(30, 291, 327), 52.0
(18, 268, 275), 60.0
(54, 257, 189), 58.0
(29, 299, 317), 77.0
(48, 337, 264), 48.0
(48, 258, 245), 46.0
(54, 260, 243), 106.0
(42, 263, 167), 66.0
(46, 248, 249), 58.0
(39, 276, 253), 84.0
(60, 251, 262), 64.0
(50, 270, 249), 58.0
(35, 263, 232), 56.0
(56, 251, 131), 82.0
(44, 273, 262), 52.0
(35, 260, 257), 44.0
(41, 260, 244), 92.0
(52, 253, 255), 82.0
(34, 265, 256), 48.0
(48, 243, 236), 50.0
(39, 259, 248), 59.0
(63, 270, 262), 70.0
(54, 249, 270), 64.0
(44, 268, 256), 50.0
(35, 0, 267), 56.0
(63, 260, 245), 86.0
(176, 277, 259), 112.0
(189, 19, 268), 80.0
(32, 98, 252), 74.0
(47, 254, 261), 46.0
(49, 257, 239), 73.0
(69, 247, 247), None
(57, 254, 261), 50.0
(44, 264, 277), 48.0
(37, 237, 254), 74.0
(51, 277, 269), 50.0
(28, 242, 284), 96.0
(44, 268, 273), 54.0
(57, 272, 263), 48.0
(73, 249, 273), 54.0
(37, 254, 247), 56.0
(29, 282, 103), 94.0
(48, 265, 264), 76.0
(161, 242, 303), 62.0
(92, 258, 259), 86.0
(40, 259, 228), 66.0
(189, 278, 290), 58.0
(56, 269, 278), 58.0
(115, 242, 253), 50.0
(62, 252, 258), 64.0
(43, 249, 267), 58.0
(26, 8, 245), 84.0
(34, 240, 284), 58.0
(53, 209, 238), 66.0
(45, 264, 273), 52.0
(68, 259, 0), 62.0
(51, 222, 253), 48.0
(38, 273, 266), 58.0
(35, 264, 259), 50.0
(47, 282, 283), 94.0
(179, 20, 251), 54.0
(60, 247, 237), 54.0
(198, 250, 244), 48.0
(21, 283, 259), 44.0
(172, 257, 262), 58.0
(21, 278, 272), 66.0
(27, 285, 259), 48.0
(26, 273, 253), 58.0
(30, 287, 248), 50.0
(18, 278, 262), 46.0
(19, 285, 307), 61.0
(11, 291, 235), 68.0
(17, 279, 199), 53.0
(26, 170, 296), 86.0
(32, 287, 267), 48.0
(9, 276, 260), 48.0
(19, 294, 257), 86.0
(40, 269, 278), 62.0
(49, 262, 270), 50.0
(7, 28, 266), 84.0
(69, 272, 278), 58.0
(23, 254, 251), 58.0
(24, 229, 351), 58.0
(34, 281, 118), 60.0
(41, 279, 241), 48.0
(16, 287, 268), 79.0
(29, 268, 262), 62.0
(186, 389, 247), 76.0
(52, 265, 253), 46.0
(57, 255, 292), 70.0
(41, 272, 225), 62.0
(193, 278, 231), 88.0
(63, 270, 345), 62.0
(23, 263, 276), 46.0
(31, 263, 286), 64.0
(24, 249, 270), 78.0
(168, 206, 257), 60.0
(51, 268, 242), 56.0
(39, 262, 297), 48.0
(44, 285, 251), 52.0
(33, 16, 179), 94.0
(6, 294, 263), 46.0
(20, 295, 258), 58.0
(1, 361, 266), 82.0
(16, 295, 252), 70.0
(78, 276, 262), 50.0
(11, 279, 273), 80.0
(23, 259, 277), 97.0
(8, 290, 327), 62.0
(15, 304, 263), 66.0
(31, 265, 279), 48.0
(33, 273, 310), 60.0
(15, 289, 244), 58.0
(201, 252, 92), 46.0
(24, 255, 300), 52.0
(15, 299, 288), 57.0
(214, 133, 138), 84.0
(207, 267, 337), 74.0
(202, 261, 98), 56.0
(33, 281, 271), 54.0
(38, 272, 284), 50.0
(198, 253, 107), 58.0
(47, 274, 241), 48.0
(59, 257, 251), 84.0
(24, 265, 280), 82.0
(205, 268, 319), 60.0
(1, 306, 253), 58.0
(51, 287, 257), 50.0
(195, 277, 273), 76.0
(219, 148, 277), 71.0
(44, 245, 234), 50.0
(38, 283, 290), 54.0
(16, 284, 259), 46.0
(180, 286, 247), 64.0
(25, 296, 268), 50.0
(19, 295, 272), 88.0
(19, 259, 264), 50.0
(28, 289, 288), 54.0
(3, 24, 249), 86.0
(9, 269, 241), 54.0
(54, 280, 281), 68.0
(223, 239, 323), 80.0
(200, 249, 298), 42.0
(18, 161, 258), 58.0
(214, 249, 281), 70.0
(201, 304, 307), 98.0
(208, 247, 313), 60.0
(70, 291, 287), 54.0
(224, 260, 266), 104.0
(205, 257, 286), 62.0
(11, 298, 164), 54.0
(194, 8, 316), 64.0
(212, 248, 59), 78.0
(29, 185, 309), 72.0
(150, 377, 296), 76.0
(28, 266, 308), 60.0
(38, 277, 272), 80.0
(5, 237, 301), 52.0
(43, 258, 299), 58.0
(56, 269, 90), 50.0
(24, 309, 73), 52.0
(65, 177, 290), 56.0
(10, 265, 299), 48.0
(185, 241, 126), 68.0
(33, 271, 271), None
(44, 283, 260), 86.0
(189, 232, 39), 60.0
(206, 23, 303), 50.0
(51, 288, 252), 56.0
(197, 276, 67), 94.0
(56, 295, 279), 82.0
(9, 255, 258), 78.0
(1, 262, 173), 56.0
(193, 246, 153), 56.0
(48, 254, 292), 66.0
(201, 13, 294), 44.0
(201, 28, 295), 48.0
(218, 273, 293), 66.0
(209, 7, 308), 36.0
(225, 12, 317), 54.0
(216, 4, 300), 50.0
(209, 289, 292), 56.0
(216, 16, 284), 48.0
(212, 22, 306), 58.0
(207, 30, 313), 58.0
(195, 11, 307), 58.0
(202, 1, 279), 46.0
(204, 6, 316), 52.0
(200, 1, 304), 76.0
(190, 4, 301), 54.0
(208, 7, 295), 62.0
(229, 251, 229), None
(199, 0, 291), 60.0
(188, 30, 311), 54.0
(220, 9, 328), 62.0
(16, 268, 243), 58.0
(199, 12, 323), 52.0
(207, 16, 303), 74.0
(210, 10, 314), 52.0
(103, 85, 78), 56.0
(34, 261, 284), 66.0
(219, 311, 274), 88.0
(20, 300, 203), 55.0
(226, 16, 295), 54.0
(65, 256, 283), 50.0
(13, 264, 285), 70.0
(211, 2, 252), 82.0
(200, 8, 370), 64.0
(24, 1, 275), 48.0
(184, 20, 304), 55.0
(86, 70, 271), 54.0
(197, 21, 324), 52.0
(34, 263, 265), 60.0
(61, 272, 209), 90.0
(210, 13, 294), 50.0
(10, 248, 266), 60.0
(203, 2, 280), 57.0
(192, 35, 310), 58.0
(215, 293, 253), 62.0
(182, 24, 298), 48.0
(190, 1, 287), 58.0
(42, 280, 264), 74.0
(179, 255, 87), 70.0
(165, 17, 328), 58.0
(174, 33, 346), 60.0
(192, 9, 290), 68.0
(203, 12, 195), 46.0
(185, 15, 317), 54.0
(220, 12, 363), 62.0
(201, 0, 275), 44.0
(37, 113, 270), 86.0
(197, 0, 282), 44.0
(195, 2, 279), 66.0
(213, 7, 281), 56.0
(207, 5, 274), 60.0
(200, 1, 299), 48.0
(187, 0, 287), 75.0
(204, 6, 285), 58.0
(225, 9, 290), 60.0
(175, 0, 300), 48.0
(186, 0, 268), 90.0
(200, 14, 311), 50.0
(231, 1, 278), 64.0
(192, 22, 275), 84.0
(211, 12, 286), 62.0
(197, 11, 289), 56.0
(217, 8, 275), 100.0
(12, 308, 260), 56.0
(207, 4, 292), 62.0
(182, 22, 335), 54.0
(191, 17, 292), 70.0
(80, 15, 192), 76.0
(197, 19, 188), 58.0
(205, 7, 279), 56.0
(198, 3, 268), 54.0
(222, 9, 281), 54.0
(213, 14, 280), 56.0
(178, 0, 299), 50.0
(210, 6, 258), 68.0
(222, 16, 184), 76.0
(197, 25, 306), 50.0
(192, 241, 8), 58.0
(235, 299, 267), 104.0
(70, 302, 273), 48.0
(204, 9, 274), 48.0
(214, 170, 290), 48.0
(6, 207, 266), 48.0
(202, 12, 261), 62.0
(194, 33, 306), 54.0
(206, 0, 290), 70.0
(183, 263, 301), 88.0
(215, 0, 354), 56.0
(42, 1, 277), 88.0
(53, 98, 237), 84.0
(202, 42, 257), 44.0
(202, 40, 249), 64.0
(189, 39, 257), 60.0
(209, 54, 267), 88.0
(31, 27, 283), 98.0
(216, 9, 280), 50.0
(205, 41, 219), 58.0
(205, 25, 267), 70.0
(157, 35, 322), 52.0
(221, 25, 8), 102.0
(196, 287, 263), 64.0
(193, 47, 250), 60.0
(215, 14, 243), 46.0
(175, 64, 255), 74.0
(216, 20, 111), 60.0
(190, 28, 329), 48.0
(52, 6, 244), 90.0
(39, 283, 268), 62.0
(201, 14, 31), 58.0
(229, 15, 209), 82.0
(209, 8, 217), 60.0
(201, 57, 160), 92.0
(202, 25, 115), 90.0
(194, 15, 255), 60.0
(209, 75, 148), 64.0
(194, 47, 84), 94.0
(201, 27, 340), 56.0
(169, 38, 321), 74.0
(21, 295, 274), 92.0
(227, 303, 264), 84.0
(212, 317, 174), 58.0
(221, 10, 282), 80.0
(183, 18, 282), 56.0
(189, 21, 294), 88.0
(206, 31, 141), 66.0
(197, 22, 374), 56.0
(188, 273, 239), 66.0
(109, 90, 296), 68.0
(209, 294, 270), 64.0
(0, 279, 252), 60.0
(276, 307, 273), 72.0
(209, 138, 263), 64.0
(177, 1, 249), 58.0
(203, 0, 279), 46.0
(192, 0, 286), 58.0
(207, 10, 297), 58.0
(182, 22, 305), 64.0
(183, 17, 259), 52.0
(25, 10, 274), 66.0
(198, 279, 313), 90.0
(225, 2, 288), 62.0
(49, 124, 254), 48.0
(39, 189, 273), 60.0
(138, 12, 361), 54.0
(60, 159, 259), 59.0
(214, 10, 263), 50.0
(242, 30, 307), 60.0
(29, 275, 249), 54.0
(6, 281, 281), None
(70, 267, 271), 56.0
(221, 195, 295), 58.0
(197, 253, 93), 98.0
(216, 0, 267), 54.0
(21, 72, 273), 52.0
(42, 259, 262), 48.0
(164, 245, 308), 98.0
(14, 272, 230), 56.0
(33, 180, 232), 56.0
(24, 266, 256), 48.0
(218, 27, 270), 54.0
(192, 8, 259), 80.0
(227, 21, 284), 60.0
(217, 15, 230), 70.0
(93, 19, 301), 64.0
(231, 15, 294), 54.0
(239, 291, 198), 99.0
(16, 237, 241), 44.0
(23, 266, 246), 34.0
(17, 55, 240), 63.0
(12, 273, 245), 48.0
(19, 37, 317), 103.0
(178, 21, 235), 72.0
(21, 285, 236), 54.0
(193, 49, 186), 44.0
(203, 37, 240), 66.0
(191, 34, 232), 66.0
(213, 8, 124), 52.0
(197, 39, 238), 56.0
(186, 47, 244), 60.0
(225, 18, 221), 68.0
(188, 40, 169), 86.0
(202, 230, 247), 94.0
(181, 55, 201), 78.0
(18, 249, 191), 86.0
(16, 270, 222), 58.0
(170, 230, 252), 56.0
(382, 242, 313), 82.0
(189, 42, 205), 64.0
(215, 9, 225), 44.0
(228, 14, 231), 56.0
(26, 266, 218), 46.0
(211, 0, 214), 61.0
(205, 0, 192), 58.0
(203, 7, 181), 90.0
(209, 203, 178), 54.0
(7, 1, 186), 79.0
(197, 59, 216), 96.0
(213, 26, 223), 52.0
(217, 9, 205), 50.0
(236, 69, 226), 46.0
(9, 261, 236), 50.0
(198, 25, 193), 66.0
(221, 107, 227), 80.0
(203, 4, 243), 56.0
(191, 62, 340), 54.0
(180, 37, 240), 62.0
(233, 21, 179), 68.0
(210, 15, 247), 74.0
(48, 45, 232), 58.0
(172, 33, 226), 58.0
(121, 50, 240), 90.0
(302, 19, 205), 66.0
(29, 238, 242), 50.0
(33, 261, 254), 48.0
(209, 0, 273), 79.0
(12, 276, 260), 46.0
(18, 271, 251), 46.0
(15, 283, 259), 46.0
(372, 8, 247), 56.0
(190, 32, 301), 66.0
(1, 9, 249), 58.0
(26, 0, 253), 52.0
(218, 80, 258), 48.0
(14, 284, 257), 46.0
(38, 0, 236), 74.0
(224, 15, 233), 44.0
(224, 49, 225), 86.0
(187, 43, 222), 60.0
(224, 236, 68), 56.0
(200, 8, 230), 60.0
(228, 20, 232), 58.0
(240, 15, 234), 52.0
(217, 26, 216), 79.0
(236, 65, 196), 88.0
(215, 13, 188), 56.0
(241, 17, 240), 72.0
(245, 142, 225), 58.0
(24, 275, 245), 48.0
(232, 52, 236), 80.0
(207, 58, 249), 62.0
(224, 11, 243), 78.0
(219, 29, 264), 50.0
(230, 46, 226), 52.0
(223, 23, 236), 46.0
(210, 95, 131), 70.0
(240, 74, 224), 100.0
(7, 278, 244), 46.0
(0, 252, 243), 58.0
(9, 218, 225), 46.0
(200, 10, 235), 50.0
(207, 7, 195), 50.0
(219, 20, 240), 50.0
(29, 263, 284), 94.0
(29, 291, 222), 52.0
(215, 34, 209), 58.0
(194, 0, 231), 54.0
(210, 11, 248), 62.0
(194, 60, 355), 56.0
(22, 120, 254), 48.0
(203, 7, 264), 82.0
(0, 29, 215), 60.0
(235, 23, 229), 54.0
(183, 53, 206), 68.0
(178, 218, 347), 80.0
(145, 264, 226), 70.0
(234, 20, 236), 60.0
(219, 25, 171), 66.0
(259, 15, 178), 66.0
(199, 33, 196), 86.0
(210, 0, 291), 79.0
(35, 16, 225), 56.0
(197, 28, 208), 52.0
(10, 263, 247), 72.0
(169, 42, 237), 68.0
(13, 278, 254), 90.0
(10, 273, 212), 58.0
(24, 8, 261), 100.0
(18, 287, 251), 70.0
(227, 16, 247), 68.0
(220, 17, 248), 62.0
(231, 44, 375), 68.0
(232, 27, 241), 50.0
(16, 10, 254), 91.0
(21, 274, 267), 54.0
(233, 88, 213), 94.0
(194, 14, 200), 56.0
(25, 6, 276), 70.0
(196, 26, 263), 48.0
(215, 17, 258), 78.0
(30, 267, 248), 62.0
(27, 252, 214), 58.0
(17, 280, 217), 48.0
(186, 37, 320), 70.0
(16, 272, 257), 86.0
(250, 9, 267), 50.0
(214, 255, 241), 66.0
(4, 282, 257), 48.0
(204, 0, 293), 56.0
(34, 267, 219), 56.0
(241, 65, 218), 52.0
(202, 151, 145), 98.0
(10, 247, 254), 48.0
(212, 8, 277), 76.0
(187, 8, 370), 46.0
(223, 14, 294), 50.0
(202, 244, 234), 66.0
(214, 19, 205), 52.0
(8, 60, 229), 60.0
(224, 23, 231), 52.0
(224, 32, 287), 62.0
(191, 28, 305), 58.0
(26, 6, 278), 74.0
(233, 79, 239), 96.0
(222, 129, 184), 84.0
(20, 23, 238), 60.0
(242, 70, 209), 58.0
(176, 213, 366), 94.0
(0, 270, 247), 72.0
(206, 259, 244), 58.0
(59, 253, 250), 76.0
(206, 251, 246), 64.0
(210, 20, 307), 50.0
(17, 274, 261), 50.0
(328, 268, 232), 60.0
(222, 18, 235), 48.0
(183, 232, 269), 60.0
(22, 277, 220), 50.0
(37, 110, 227), 68.0
(264, 51, 238), 50.0
(1, 205, 299), 56.0
(249, 11, 229), 60.0
(196, 0, 285), 50.0
(198, 252, 243), 62.0
(45, 259, 160), 62.0
(7, 284, 266), 84.0
(12, 292, 260), 48.0
(36, 164, 227), 56.0
(9, 216, 251), 58.0
(201, 5, 317), 48.0
(311, 0, 281), 64.0
(41, 38, 305), 52.0
(203, 50, 333), 52.0
(193, 45, 181), 58.0
(212, 241, 272), 56.0
(0, 218, 256), 72.0
(222, 8, 291), 48.0
(28, 238, 288), 46.0
(15, 244, 270), 52.0
(166, 230, 296), 78.0
(31, 276, 253), 86.0
(49, 260, 262), 100.0
(33, 256, 261), 46.0
(23, 22, 315), 54.0
(155, 14, 218), 74.0
(24, 251, 272), 88.0
(342, 13, 182), 64.0
(10, 11, 192), 91.0
(21, 268, 252), 64.0
(39, 311, 265), 58.0
(230, 255, 267), 60.0
(9, 283, 248), 74.0
(183, 8, 380), 58.0
(48, 247, 243), 68.0
(17, 268, 219), 58.0
(189, 266, 352), 60.0
(34, 261, 250), 58.0
(45, 259, 280), 50.0
(9, 8, 236), 69.0
(244, 39, 222), 62.0
(238, 33, 199), 82.0
(29, 288, 279), 50.0
(180, 26, 313), 50.0
(240, 33, 297), 48.0
(18, 277, 260), 48.0
(6, 284, 212), 54.0
(188, 258, 367), 60.0
(114, 190, 276), 52.0
(16, 287, 257), 52.0
(29, 266, 245), 86.0
(195, 0, 222), 48.0
(204, 11, 136), 66.0
(58, 269, 238), 66.0
(24, 281, 256), 52.0
(45, 18, 270), 50.0
(210, 250, 266), 52.0
(165, 234, 323), 56.0
(234, 21, 235), 64.0
(216, 245, 264), 80.0
(196, 1, 280), 48.0
(229, 34, 211), 70.0
(40, 258, 233), 66.0
(3, 11, 191), 72.0
(212, 16, 253), 60.0
(5, 274, 285), 54.0
(216, 254, 245), 78.0
(81, 274, 312), 64.0
(8, 297, 307), 48.0
(176, 224, 333), 54.0
(6, 223, 230), 54.0
(205, 260, 184), 72.0
(38, 6, 275), 94.0
(38, 291, 269), 65.0
(46, 102, 268), 66.0
(189, 55, 278), 52.0
(200, 0, 295), 50.0
(245, 70, 219), 48.0
(55, 292, 261), 52.0
(211, 16, 359), 67.0
(159, 267, 272), 90.0
(229, 30, 240), 62.0
(99, 22, 240), 64.0
(225, 23, 286), 54.0
(203, 27, 112), 70.0
(205, 281, 172), 68.0
(189, 8, 205), 62.0
(206, 13, 198), 52.0
(254, 272, 227), 97.0
(194, 33, 255), 58.0
(206, 3, 184), 90.0
(27, 235, 289), 52.0
(62, 242, 288), 86.0
(13, 303, 265), 90.0
(189, 9, 257), 66.0
(31, 243, 299), 50.0
(49, 239, 287), 50.0
(273, 258, 370), 82.0
(33, 286, 306), 60.0
(14, 272, 245), 48.0
(26, 18, 203), 66.0
(25, 321, 266), 94.0
(53, 264, 261), 78.0
(36, 281, 307), 58.0
(31, 30, 298), 82.0
(135, 294, 273), 74.0
(199, 252, 98), 84.0
(57, 248, 384), 85.0
(74, 248, 378), 66.0
(65, 247, 253), 50.0
(186, 35, 324), 62.0
(28, 298, 273), 72.0
(32, 263, 275), 52.0
(31, 240, 283), 96.0
(49, 64, 231), 54.0
(208, 173, 282), 90.0
(177, 267, 316), 78.0
(40, 228, 302), 62.0
(18, 276, 255), 68.0
(21, 272, 257), 62.0
(232, 46, 339), 86.0
(215, 14, 154), 80.0
(197, 255, 264), 68.0
(92, 5, 277), 68.0
(170, 0, 278), 66.0
(222, 16, 290), 56.0
(37, 13, 399), 76.0
(16, 282, 242), 58.0
(37, 254, 253), 69.0
(17, 1, 243), 87.0
(212, 7, 286), 54.0
(11, 297, 267), 48.0
(185, 45, 368), 40.0
(197, 304, 269), 64.0
(178, 49, 374), 68.0
(187, 50, 121), 66.0
(85, 47, 275), 58.0
(218, 9, 248), 50.0
(211, 22, 263), 54.0
(197, 41, 385), 50.0
(24, 344, 295), 50.0
(29, 259, 293), 72.0
(46, 261, 261), None
(63, 267, 250), 58.0
(56, 264, 271), 48.0
(174, 27, 329), 66.0
(194, 55, 365), 60.0
(223, 43, 249), 72.0
(223, 34, 259), 50.0
(55, 145, 249), 60.0
(184, 8, 350), 66.0
(216, 40, 235), 62.0
(224, 27, 239), 46.0
(32, 243, 286), 58.0
(216, 38, 335), 40.0
(210, 34, 351), 44.0
(211, 41, 366), 48.0
(391, 37, 345), 59.0
(216, 45, 352), 60.0
(210, 49, 328), 40.0
(218, 49, 338), 70.0
(208, 51, 342), 68.0
(207, 60, 336), 74.0
(215, 44, 334), 56.0
(207, 50, 317), 58.0
(219, 56, 329), 69.0
(204, 41, 359), 56.0
(211, 42, 331), 62.0
(201, 39, 324), 58.0
(218, 55, 345), 60.0
(212, 47, 335), 66.0
(198, 34, 351), 74.0
(203, 62, 327), 58.0
(227, 45, 337), 58.0
(194, 39, 345), 68.0
(218, 37, 344), 54.0
(208, 56, 353), 54.0
(200, 47, 357), 52.0
(213, 48, 340), 58.0
(226, 62, 331), 70.0
(194, 34, 321), 60.0
(209, 29, 326), 46.0
(220, 55, 322), 64.0
(204, 33, 340), 68.0
(190, 36, 350), 60.0
(200, 32, 349), 56.0
(217, 49, 360), 56.0
(183, 29, 334), 56.0
(204, 39, 329), 58.0
(227, 51, 341), 86.0
(194, 46, 325), 58.0
(212, 40, 315), 72.0
(129, 28, 358), 76.0
(219, 27, 343), 48.0
(208, 60, 358), 76.0
(190, 41, 332), 74.0
(199, 54, 348), 71.0
(185, 33, 374), 62.0
(209, 68, 312), 60.0
(229, 25, 333), 64.0
(356, 42, 320), 54.0
(199, 21, 321), 46.0
(218, 30, 364), 52.0
(206, 51, 351), 68.0
(193, 22, 308), 60.0
(213, 43, 315), 64.0
(185, 31, 341), 62.0
(200, 20, 375), 54.0
(228, 59, 326), 70.0
(211, 36, 310), 52.0
(192, 37, 335), 62.0
(219, 44, 368), 48.0
(365, 21, 320), 80.0
(203, 25, 348), 58.0
(178, 66, 357), 58.0
(222, 58, 302), 52.0
(198, 21, 316), 54.0
(211, 31, 323), 62.0
(183, 48, 386), 62.0
(204, 156, 342), 50.0
(195, 83, 361), 50.0
(214, 41, 304), 54.0
(226, 130, 379), 60.0
(190, 20, 336), 74.0
(205, 55, 328), 62.0
(107, 15, 312), 52.0
(215, 26, 317), 62.0
(199, 32, 308), 62.0
(237, 16, 301), 50.0
(292, 47, 348), 56.0
(207, 37, 339), 54.0
(186, 18, 332), 58.0
(230, 365, 374), 60.0
(221, 77, 298), 44.0
(229, 69, 298), 50.0
(230, 64, 300), 58.0
(221, 54, 311), 50.0
(219, 89, 354), 79.0
(208, 79, 303), 72.0
(224, 124, 301), 70.0
(232, 105, 295), 94.0
(200, 32, 365), 66.0
(193, 44, 330), 60.0
(237, 76, 312), 84.0
(217, 112, 310), 58.0
(301, 27, 390), 64.0
(219, 59, 320), 51.0
(250, 55, 310), 48.0
(224, 49, 323), 52.0
(238, 69, 318), 56.0
(212, 338, 302), 74.0
(192, 14, 347), 62.0
(227, 96, 172), 86.0
(202, 51, 304), 78.0
(212, 141, 308), 58.0
(217, 44, 294), 60.0
(222, 38, 292), 54.0
(208, 38, 301), 80.0
(221, 114, 316), 46.0
(209, 27, 292), 66.0
(211, 84, 289), 64.0
(170, 60, 284), 66.0
(232, 75, 325), 64.0
(202, 24, 299), 48.0
(180, 6, 355), 54.0
(226, 45, 327), 40.0
(234, 69, 330), 70.0
(250, 48, 332), 54.0
(229, 12, 322), 72.0
(187, 49, 332), 60.0
(228, 58, 328), 58.0
(236, 37, 345), 52.0
(244, 44, 341), 78.0
(238, 18, 325), 54.0
(199, 35, 335), 73.0
(226, 59, 320), 92.0
(221, 51, 312), 46.0
(232, 43, 327), 58.0
(216, 66, 314), 68.0
(238, 59, 311), 78.0
(317, 182, 320), 86.0
(221, 26, 333), 58.0
(217, 39, 340), 56.0
(225, 52, 326), 60.0
Sampler:BoTorchSampler
(103, 166, 254), 82.0
(106, 279, 40), 66.0
(369, 269, 67), 72.0
(3, 296, 112), 64.0
(396, 182, 283), 86.0
(303, 3, 374), 54.0
(109, 200, 397), 56.0
(195, 121, 366), 54.0
(36, 69, 162), 58.0
(110, 142, 146), 72.0
(181, 63, 216), 54.0
(142, 73, 390), 50.0
(117, 8, 274), 92.0
(84, 0, 194), 81.0
(156, 166, 57), 72.0
(156, 161, 203), 76.0
(222, 25, 254), 44.0
(226, 0, 203), 74.0
(235, 22, 326), 52.0
(234, 136, 297), 70.0
(216, 0, 205), 44.0
(212, 0, 17), 68.0
(212, 0, 198), 58.0
(208, 0, 161), 68.0
(209, 0, 364), 57.0
(172, 234, 389), 72.0
(250, 0, 342), 64.0
(183, 32, 252), 52.0
(199, 0, 297), 61.0
(233, 60, 346), 52.0
(260, 52, 252), 52.0
(211, 66, 127), 70.0
(210, 67, 64), 64.0
(211, 66, 193), 62.0
(210, 66, 0), 67.0
(209, 66, 388), 44.0
(208, 65, 196), 54.0
(205, 66, 329), 60.0
(271, 56, 295), 74.0
(187, 65, 109), 82.0
(191, 40, 396), 64.0
(249, 87, 352), 68.0
(0, 62, 56), 71.0
(26, 267, 22), 88.0
(92, 51, 265), 64.0
(262, 383, 255), 88.0
(297, 289, 163), 66.0
(293, 104, 145), 69.0
(156, 101, 125), 80.0
(102, 364, 89), 64.0
(383, 101, 162), 40.0
(90, 38, 148), 96.0
(394, 35, 122), 48.0
(381, 0, 170), 63.0
(382, 96, 88), 48.0
(57, 70, 49), 50.0
(69, 106, 122), 80.0
(23, 110, 125), 90.0
(140, 114, 126), 70.0
(12, 109, 121), 76.0
(331, 111, 126), 48.0
(115, 116, 129), 85.0
(49, 118, 131), 66.0
(57, 116, 128), 96.0
(187, 119, 131), 70.0
(217, 121, 131), 60.0
(357, 116, 127), 54.0
(246, 23, 59), 52.0
(388, 18, 54), 90.0
(93, 136, 148), 92.0
(7, 138, 147), 66.0
(388, 137, 145), 48.0
(303, 129, 142), 88.0
(150, 120, 139), 42.0
(130, 137, 144), 50.0
(325, 124, 142), 86.0
(89, 124, 142), 88.0
(14, 123, 138), 100.0
(180, 118, 144), 74.0
(334, 118, 144), 54.0
(193, 116, 148), 78.0
(219, 117, 145), 70.0
(39, 120, 143), 94.0
(209, 108, 146), 58.0
(340, 105, 154), 58.0
(385, 105, 148), 60.0
(364, 7, 284), 54.0
(4, 338, 160), 50.0
(324, 64, 214), 58.0
(9, 63, 222), 96.0
(120, 315, 50), 50.0
(0, 376, 258), 58.0
(128, 0, 118), 79.0
(0, 342, 292), 60.0
(198, 0, 263), 46.0
(371, 0, 211), 63.0
(259, 310, 134), 96.0
(246, 192, 299), 72.0
(166, 0, 41), 95.0
(73, 6, 285), 76.0
(114, 71, 223), 90.0
(56, 312, 231), 48.0
(71, 121, 266), 64.0
(67, 338, 248), 52.0
(54, 113, 204), 64.0
(51, 252, 207), 52.0
(48, 291, 200), 50.0
(46, 392, 196), 56.0
(51, 297, 325), 48.0
(68, 357, 359), 87.0
(24, 281, 256), 52.0
(30, 326, 213), 58.0
(30, 231, 336), 74.0
(199, 149, 80), 58.0
(72, 75, 198), 92.0
(313, 0, 296), 58.0
(204, 76, 196), 48.0
(93, 321, 192), 58.0
(324, 76, 195), 60.0
(380, 0, 41), 55.0
(180, 144, 49), 86.0
(6, 241, 4), 91.0
(220, 146, 52), 86.0
(44, 90, 364), 80.0
(5, 124, 254), 54.0
(257, 0, 151), 70.0
(288, 146, 71), 68.0
(397, 0, 329), 54.0
(366, 0, 205), 57.0
(368, 0, 317), 56.0
(223, 148, 46), 70.0
(6, 6, 345), None
(60, 153, 0), 95.0
(265, 365, 211), 58.0
(387, 135, 18), 68.0
(370, 8, 196), 66.0
(302, 0, 61), 79.0
(397, 0, 275), 62.0
(0, 157, 144), 89.0
(310, 288, 182), 102.0
(122, 19, 358), 56.0
(0, 70, 123), 76.0
(0, 368, 130), 77.0
(195, 45, 338), 62.0
(264, 177, 246), 68.0
(141, 44, 351), 66.0
(123, 131, 130), 64.0
(77, 212, 6), 68.0
(150, 352, 156), 66.0
(131, 56, 164), 68.0
(108, 270, 63), 54.0
(379, 381, 197), 88.0
(159, 227, 80), 60.0
(307, 150, 48), 62.0
(339, 363, 328), 54.0
(369, 0, 356), 52.0
(312, 112, 52), 76.0
(217, 92, 61), 58.0
(27, 389, 309), 85.0
(77, 48, 135), 76.0
(251, 245, 103), 62.0
(204, 65, 143), 88.0
(120, 390, 22), 64.0
(212, 138, 263), 74.0
(157, 263, 318), 66.0
(233, 6, 47), 90.0
(295, 122, 282), 66.0
(212, 319, 115), 65.0
(65, 332, 374), 56.0
(277, 217, 246), 88.0
(158, 178, 225), 48.0
(146, 307, 160), 76.0
(345, 50, 61), 86.0
(86, 90, 55), 50.0
(97, 0, 178), 74.0
(274, 34, 360), 48.0
(115, 51, 52), 103.0
(395, 291, 191), 93.0
(157, 191, 111), 58.0
(18, 45, 130), 61.0
(377, 350, 156), 86.0
(21, 75, 397), 50.0
(337, 51, 149), 58.0
(125, 47, 93), 84.0
(259, 46, 398), 60.0
(227, 372, 192), 52.0
(154, 152, 103), 60.0
(77, 133, 266), 94.0
(276, 50, 115), 96.0
(100, 272, 110), 52.0
(157, 318, 273), 84.0
(153, 389, 154), 70.0
(204, 388, 256), 72.0
(348, 0, 194), 58.0
(79, 100, 212), 64.0
(253, 49, 356), 80.0
(64, 75, 186), 78.0
(268, 277, 1), 54.0
(392, 286, 316), 96.0
(298, 138, 52), 94.0
(353, 252, 2), 64.0
(366, 79, 209), 70.0
(56, 232, 357), 70.0
(109, 360, 9), 86.0
(56, 0, 207), 63.0
(347, 104, 282), 96.0
(389, 392, 326), 78.0
(64, 0, 189), 109.0
(81, 363, 357), 56.0
(275, 231, 113), 62.0
(178, 41, 20), 88.0
(224, 110, 168), 90.0
(233, 145, 299), 91.0
(132, 75, 204), 86.0
(294, 298, 127), 54.0
(91, 11, 8), 94.0
(216, 187, 71), 50.0
(41, 61, 73), 96.0
(132, 57, 332), 86.0
(97, 259, 306), 65.0
(120, 45, 37), 72.0
(48, 313, 281), 44.0
(129, 31, 326), 80.0
(199, 220, 58), 56.0
(112, 106, 203), 96.0
(300, 150, 397), 60.0
(265, 49, 157), 50.0
(261, 170, 239), 50.0
(181, 145, 258), 58.0
(377, 161, 380), 92.0
(238, 209, 327), 64.0
(255, 83, 0), 61.0
(299, 19, 104), 62.0
(200, 286, 185), 70.0
(298, 111, 148), 62.0
(127, 157, 374), 56.0
(302, 251, 164), 66.0
(172, 128, 165), 76.0
(114, 32, 108), 94.0
(10, 308, 47), 58.0
(165, 96, 263), 64.0
(261, 391, 286), 74.0
(217, 145, 68), 56.0
(83, 110, 170), 62.0
(56, 143, 69), 58.0
(235, 219, 258), 82.0
(42, 11, 85), 84.0
(334, 141, 350), 78.0
(249, 135, 396), 64.0
(75, 397, 165), 54.0
(280, 388, 5), 70.0
(208, 90, 90), None
(271, 39, 53), 66.0
(165, 49, 302), 68.0
(61, 136, 256), 60.0
(341, 64, 331), 88.0
(348, 255, 109), 54.0
(0, 283, 236), 50.0
(162, 316, 75), 46.0
(337, 87, 387), 51.0
(78, 22, 234), 76.0
(378, 167, 275), 60.0
(333, 78, 109), 60.0
(173, 161, 228), 66.0
(355, 0, 158), 54.0
(197, 135, 143), 64.0
(26, 338, 37), 86.0
(25, 237, 230), 60.0
(50, 35, 319), 96.0
(318, 41, 236), 56.0
(365, 174, 227), 60.0
(190, 25, 253), 88.0
(248, 172, 251), 52.0
(166, 248, 79), 56.0
(0, 236, 249), 61.0
(318, 68, 126), 58.0
(362, 44, 31), 66.0
(24, 14, 21), 74.0
(244, 268, 317), 44.0
(358, 122, 290), 66.0
(243, 216, 261), 90.0
(130, 352, 191), 62.0
(241, 271, 121), 86.0
(338, 215, 241), 66.0
(144, 170, 305), 52.0
(338, 288, 271), 70.0
(152, 156, 144), 56.0
(144, 271, 233), 58.0
(76, 87, 25), 84.0
(124, 215, 63), 60.0
(323, 391, 175), 79.0
(108, 297, 399), 52.0
(14, 246, 6), 74.0
(232, 359, 251), 93.0
(311, 355, 275), 82.0
(75, 201, 16), 96.0
(345, 308, 0), 92.0
(278, 273, 315), 90.0
(200, 374, 226), 80.0
(332, 273, 250), 56.0
(207, 57, 194), 56.0
(267, 106, 94), 52.0
(317, 330, 165), 58.0
(116, 21, 32), 70.0
(347, 137, 233), 84.0
(207, 200, 316), 62.0
(307, 85, 101), 78.0
(284, 34, 61), 94.0
(43, 211, 115), 52.0
(341, 294, 278), 58.0
(394, 100, 28), 54.0
(132, 158, 214), 88.0
(361, 29, 363), 80.0
(340, 385, 189), 66.0
(279, 15, 142), 64.0
(145, 313, 177), 48.0
(102, 389, 381), 97.0
(311, 182, 396), 74.0
(236, 174, 166), 70.0
(96, 218, 285), 60.0
(151, 160, 288), 52.0
(41, 28, 142), 94.0
(0, 96, 233), 68.0
(294, 313, 226), 77.0
(93, 231, 217), 78.0
(267, 344, 79), 90.0
(252, 393, 395), 98.0
(123, 370, 20), 68.0
(213, 206, 221), 82.0
(132, 345, 245), 58.0
(335, 23, 383), 53.0
(42, 14, 134), 104.0
(251, 210, 119), 79.0
(186, 43, 381), 58.0
(342, 375, 86), 56.0
(23, 359, 272), 76.0
(3, 42, 122), 100.0
(328, 332, 310), 48.0
(397, 306, 54), 57.0
(280, 218, 283), 66.0
(12, 186, 186), None
(27, 85, 78), 84.0
(14, 90, 203), 70.0
(233, 64, 369), 56.0
(53, 11, 198), 95.0
(315, 302, 181), 96.0
(352, 338, 183), 64.0
(228, 179, 18), 56.0
(153, 327, 107), 50.0
(388, 23, 280), 72.0
(2, 155, 157), 80.0
(140, 127, 215), 66.0
(75, 32, 33), 111.0
(204, 3, 94), 84.0
(64, 109, 360), 80.0
(264, 7, 131), 58.0
(28, 251, 278), 62.0
(129, 297, 376), 66.0
(202, 274, 36), 46.0
(301, 9, 376), 44.0
(190, 171, 315), 59.0
(392, 229, 121), 74.0
(146, 28, 96), 96.0
(364, 10, 159), 50.0
(387, 211, 114), 74.0
(105, 290, 144), 82.0
(330, 370, 205), 90.0
(322, 328, 324), 84.0
(148, 193, 92), 58.0
(340, 30, 170), 60.0
(383, 245, 191), 60.0
(238, 21, 118), 68.0
(3, 204, 279), 52.0
(309, 318, 357), 96.0
(45, 27, 327), 82.0
(109, 379, 289), 52.0
(397, 169, 319), 62.0
(237, 221, 301), 66.0
(205, 69, 391), 68.0
(41, 327, 352), 66.0
(353, 392, 197), 85.0
(60, 332, 23), 68.0
(52, 14, 210), 66.0
(384, 67, 324), 76.0
(303, 20, 164), 73.0
(143, 68, 167), 66.0
(279, 397, 327), 93.0
(334, 27, 366), 52.0
(28, 191, 115), 60.0
(297, 397, 373), 78.0
(292, 5, 299), 56.0
(104, 204, 42), 88.0
(58, 18, 59), 70.0
(235, 359, 117), 70.0
(141, 44, 158), 76.0
(178, 244, 5), 54.0
(73, 23, 275), 62.0
(349, 30, 143), 66.0
(300, 37, 311), 50.0
(198, 274, 316), 96.0
(124, 19, 60), 88.0
(200, 41, 28), 94.0
(157, 376, 392), 96.0
(63, 156, 201), 62.0
(253, 44, 72), 60.0
(121, 13, 324), 64.0
(24, 178, 140), 70.0
(165, 249, 178), 60.0
(273, 370, 333), 78.0
(368, 297, 82), 56.0
(63, 356, 221), 54.0
(27, 235, 302), 54.0
(314, 379, 196), 82.0
(203, 13, 111), 86.0
(379, 314, 226), 85.0
(49, 320, 309), 54.0
(375, 288, 24), 60.0
(69, 143, 253), 50.0
(321, 84, 15), 64.0
(94, 301, 317), 50.0
(41, 117, 368), 46.0
(399, 362, 60), 56.0
(44, 296, 244), 48.0
(251, 90, 165), 48.0
(248, 285, 339), 50.0
(325, 197, 50), 50.0
(133, 236, 224), 56.0
(8, 56, 61), 63.0
(390, 67, 89), 60.0
(249, 34, 236), 60.0
(150, 199, 2), 64.0
(109, 368, 279), 52.0
(370, 362, 119), 56.0
(347, 114, 364), 54.0
(362, 128, 132), 54.0
(392, 383, 352), 94.0
(132, 364, 27), 60.0
(269, 244, 186), 68.0
(64, 63, 286), 100.0
(319, 94, 95), 83.0
(216, 102, 337), 52.0
(204, 203, 370), 76.0
(113, 273, 164), 46.0
(44, 160, 84), 76.0
(388, 338, 397), 92.0
(212, 97, 84), 64.0
(243, 77, 169), 76.0
(180, 19, 331), 54.0
(281, 376, 117), 60.0
(243, 304, 214), 56.0
(118, 136, 265), 102.0
(390, 20, 190), 62.0
(278, 397, 63), 54.0
(15, 208, 390), 54.0
(287, 358, 38), 60.0
(146, 276, 154), 62.0
(264, 9, 219), 48.0
(143, 243, 356), 68.0
(64, 235, 308), 52.0
(105, 103, 340), 88.0
(363, 92, 68), 64.0
(392, 141, 148), 64.0
(351, 384, 161), 90.0
(187, 184, 193), 84.0
(51, 319, 286), 48.0
(102, 370, 79), 52.0
(343, 282, 245), 90.0
(58, 298, 265), 54.0
(135, 6, 17), 107.0
(86, 327, 176), 46.0
(205, 387, 28), 48.0
(285, 60, 323), 86.0
(309, 7, 149), 78.0
(91, 184, 340), 64.0
(370, 267, 66), 70.0
(98, 370, 152), 86.0
(156, 265, 92), 54.0
(233, 322, 6), 56.0
(190, 1, 94), 54.0
(1, 32, 76), 52.0
(64, 377, 213), 68.0
(132, 114, 66), 60.0
(205, 393, 83), 62.0
(137, 254, 215), 84.0
(101, 50, 140), 94.0
(379, 353, 160), 62.0
(79, 29, 145), 84.0
(200, 167, 392), 64.0
(46, 32, 274), 84.0
(228, 316, 197), 60.0
(12, 117, 355), 78.0
(377, 270, 238), 82.0
(69, 12, 395), 72.0
(375, 117, 293), 90.0
(271, 103, 285), 72.0
(332, 67, 204), 64.0
(50, 120, 267), 58.0
(391, 258, 58), 58.0
(155, 305, 223), 48.0
(341, 166, 302), 91.0
(271, 60, 388), 64.0
(140, 300, 26), 72.0
(190, 118, 2), 56.0
(193, 3, 210), 70.0
(337, 269, 149), 54.0
(32, 165, 339), 54.0
(388, 146, 108), 62.0
(342, 350, 357), 48.0
(259, 109, 374), 60.0
(346, 49, 349), 58.0
(102, 121, 97), 72.0
(80, 96, 143), 84.0
(150, 30, 399), 60.0
(243, 327, 160), 88.0
(3, 330, 292), 54.0
(9, 106, 330), 62.0
(344, 239, 65), 44.0
(204, 144, 0), 90.0
(159, 190, 178), 67.0
(214, 322, 366), 80.0
(123, 103, 374), 56.0
(95, 253, 110), 68.0
(75, 374, 248), 62.0
(255, 156, 276), 76.0
(368, 393, 289), 82.0
(239, 92, 215), 80.0
(342, 23, 16), 56.0
(25, 339, 284), 48.0
(392, 210, 347), 56.0
(133, 21, 138), 66.0
(72, 345, 94), 54.0
(42, 7, 239), 68.0
(289, 370, 187), 90.0
(321, 96, 348), 54.0
(361, 246, 78), 98.0
(79, 41, 61), 85.0
(322, 115, 374), 54.0
(386, 299, 200), 67.0
(202, 381, 278), 91.0
(314, 31, 235), 46.0
(327, 130, 317), 54.0
(247, 150, 59), 72.0
(78, 29, 309), 52.0
(270, 104, 133), 50.0
(159, 265, 56), 52.0
(0, 385, 173), 56.0
(153, 356, 185), 54.0
(327, 24, 32), 64.0
(116, 377, 314), 76.0
(65, 352, 6), 54.0
(356, 330, 236), 100.0
(12, 92, 237), 92.0
(399, 46, 259), 60.0
(79, 199, 206), 52.0
(171, 281, 323), 56.0
(196, 24, 357), 54.0
(238, 295, 152), 94.0
(185, 72, 49), 86.0
(275, 322, 399), 83.0
(73, 235, 248), 54.0
(138, 333, 25), 64.0
(367, 210, 135), 74.0
(28, 365, 128), 74.0
(199, 386, 232), 70.0
(95, 151, 264), 80.0
(187, 241, 167), 76.0
(391, 294, 31), 58.0
(93, 364, 276), 64.0
(315, 198, 299), 94.0
(386, 139, 137), 99.0
(232, 38, 54), 84.0
(117, 208, 341), 84.0
(121, 296, 26), 52.0
(398, 141, 387), 57.0
(63, 371, 345), 66.0
(358, 379, 192), 87.0
(307, 379, 26), 50.0
(118, 19, 276), 86.0
(24, 8, 215), 70.0
(390, 71, 15), 74.0
(263, 383, 189), 64.0
(73, 145, 127), 85.0
(399, 44, 123), 58.0
(169, 266, 292), 54.0
(309, 149, 261), 52.0
(21, 304, 104), 90.0
(275, 241, 309), 66.0
(284, 290, 114), 62.0
(227, 377, 285), 72.0
(154, 246, 327), 52.0
(239, 191, 175), 68.0
(261, 373, 302), 100.0
(285, 327, 379), 78.0
(290, 362, 83), 74.0
(85, 353, 136), 52.0
(76, 68, 108), 82.0
(141, 239, 270), 54.0
(106, 92, 130), 56.0
(258, 270, 175), 80.0
(14, 231, 52), 71.0
(229, 39, 209), 79.0
(80, 122, 229), 87.0
(135, 53, 123), 96.0
(297, 32, 230), 68.0
(194, 377, 193), 59.0
(321, 51, 24), 90.0
(174, 376, 61), 56.0
(327, 373, 14), 58.0
(24, 263, 387), 58.0
(293, 196, 85), 56.0
(146, 324, 94), 58.0
(154, 373, 311), 86.0
(338, 74, 269), 70.0
(383, 38, 239), 53.0
(372, 232, 304), 82.0
(143, 331, 330), 78.0
(128, 29, 387), 66.0
(282, 195, 381), 70.0
(255, 135, 379), 80.0
(165, 359, 399), 67.0
(14, 91, 104), 75.0
(12, 192, 325), 60.0
(215, 97, 201), 52.0
(394, 310, 230), 70.0
(336, 247, 395), 104.0
(18, 281, 6), 52.0
(276, 148, 207), 54.0
(125, 243, 254), 54.0
(86, 153, 51), 92.0
(305, 107, 265), 78.0
(56, 325, 205), 54.0
(194, 202, 239), 74.0
(67, 140, 353), 54.0
(107, 264, 207), 58.0
(63, 388, 194), 56.0
(112, 349, 345), 52.0
(257, 40, 188), 80.0
(177, 67, 119), 89.0
(327, 378, 92), 52.0
(267, 87, 272), 52.0
(283, 392, 387), 100.0
(122, 79, 8), 64.0
(153, 13, 307), 64.0
(244, 4, 279), 50.0
(379, 356, 72), 100.0
(209, 384, 163), 62.0
(279, 174, 50), 72.0
(59, 228, 127), 58.0
(124, 57, 345), 50.0
(181, 158, 158), None
(373, 23, 132), 50.0
(188, 335, 287), 60.0
(199, 29, 81), 68.0
(253, 285, 322), 88.0
(252, 236, 149), 48.0
(395, 388, 189), 56.0
(78, 397, 306), 84.0
(117, 338, 51), 80.0
(170, 137, 130), 54.0
(197, 355, 64), 54.0
(320, 137, 384), 64.0
(337, 111, 135), 80.0
(270, 371, 179), 76.0
(277, 158, 55), 78.0
(291, 126, 381), 71.0
(171, 93, 75), 79.0
(132, 372, 103), 48.0
(389, 107, 190), 56.0
(343, 185, 196), 50.0
(64, 372, 113), 48.0
(157, 105, 139), 75.0
(178, 36, 236), 84.0
(56, 113, 273), 98.0
(8, 361, 36), 52.0
(226, 327, 170), 58.0
(88, 298, 341), 56.0
(235, 157, 58), 84.0
(42, 314, 190), 80.0
(111, 72, 185), 86.0
(244, 211, 116), 66.0
(302, 229, 208), 66.0
(56, 295, 391), 64.0
(144, 370, 294), 54.0
(340, 94, 227), 92.0
(12, 335, 29), 82.0
(96, 340, 244), 58.0
(22, 387, 219), 48.0
(268, 180, 200), 91.0
(63, 35, 269), 52.0
(325, 13, 236), 54.0
(389, 38, 94), 72.0
(2, 300, 173), 54.0
(131, 80, 182), 93.0
(24, 209, 283), 54.0
(291, 362, 174), 62.0
(186, 262, 73), 82.0
(365, 73, 266), 70.0
(237, 49, 39), 92.0
(96, 322, 220), 56.0
(225, 163, 106), 86.0
(82, 313, 270), 82.0
(385, 310, 346), 96.0
(197, 138, 156), 84.0
(17, 235, 260), 52.0
(327, 172, 233), 64.0
(221, 260, 53), 60.0
(228, 340, 91), 86.0
(300, 123, 99), 52.0
(380, 373, 324), 76.0
(139, 312, 182), 58.0
(176, 33, 141), 76.0
(99, 288, 185), 56.0
(286, 212, 385), 84.0
(328, 219, 63), 52.0
(365, 248, 219), 80.0
(126, 84, 207), 88.0
(150, 236, 210), 48.0
(225, 122, 153), 64.0
(345, 11, 247), 66.0
(282, 29, 319), 50.0
(339, 371, 52), 91.0
(320, 311, 152), 58.0
(371, 375, 256), 102.0
(132, 8, 271), 66.0
(332, 29, 361), 54.0
(82, 337, 78), 52.0
(213, 346, 352), 92.0
(141, 359, 254), 85.0
(158, 57, 366), 60.0
(297, 34, 91), 96.0
(342, 280, 277), 86.0
(42, 241, 338), 50.0
(138, 187, 205), 60.0
(50, 28, 257), 69.0
(355, 28, 174), 60.0
(144, 245, 358), 60.0
(336, 37, 85), 64.0
(390, 320, 265), 90.0
(171, 162, 158), 54.0
(101, 182, 324), 50.0
(244, 78, 190), 76.0
(11, 387, 342), 64.0
(134, 265, 362), 66.0
(192, 262, 308), 62.0
(224, 39, 248), 58.0
(67, 338, 371), 48.0
(396, 214, 267), 72.0
(345, 206, 229), 60.0
(176, 43, 48), 64.0
(235, 264, 263), 66.0
(302, 393, 373), 64.0
(392, 375, 4), 54.0
(269, 16, 64), 52.0
(61, 61, 372), None
(293, 88, 131), 76.0
(115, 256, 136), 101.0
(269, 254, 105), 58.0
(283, 229, 161), 62.0
(262, 310, 23), 66.0
(93, 157, 141), 66.0
(113, 56, 342), 98.0
(380, 317, 312), 44.0
(158, 12, 58), 88.0
(326, 43, 362), 86.0
(292, 335, 37), 98.0
(211, 297, 387), 56.0
(339, 205, 378), 74.0
(308, 332, 374), 84.0
(34, 35, 383), 56.0
(141, 97, 366), 48.0
(345, 87, 125), 70.0
(358, 131, 255), 86.0
(174, 164, 154), 62.0
(209, 154, 128), 54.0
(68, 11, 180), 74.0
(237, 116, 112), 110.0
(299, 114, 248), 65.0
(213, 383, 253), 84.0
(105, 287, 342), 82.0
(40, 62, 365), 80.0
(231, 132, 91), 104.0
(159, 218, 367), 68.0
(37, 111, 85), 68.0
(25, 95, 42), 84.0
(216, 311, 61), 58.0
(93, 75, 65), 66.0
(207, 176, 17), 50.0
(219, 375, 165), 48.0
(314, 58, 305), 50.0
(124, 106, 319), 68.0
(60, 122, 269), 72.0
(180, 264, 76), 64.0
(68, 258, 108), 64.0
(20, 299, 8), 58.0
(234, 368, 69), 66.0
(287, 323, 13), 68.0
(337, 146, 81), 92.0
(101, 108, 326), 82.0
(203, 128, 56), 72.0
(87, 51, 54), 70.0
(186, 5, 331), 62.0
(277, 249, 345), 60.0
(173, 48, 198), 78.0
(90, 232, 277), 80.0
(271, 106, 162), 48.0
(203, 340, 39), 60.0
(212, 199, 280), 70.0
(106, 78, 255), 80.0
(176, 90, 182), 76.0
(173, 380, 258), 66.0
(247, 135, 281), 70.0
(69, 20, 360), 89.0
(383, 153, 287), 104.0
(255, 270, 223), 50.0
(265, 77, 284), 88.0
(285, 389, 25), 61.0
(180, 347, 170), 58.0
(12, 363, 302), 70.0
(320, 308, 66), 78.0
(123, 101, 117), 92.0
(61, 322, 187), 62.0
(364, 116, 348), 58.0
(94, 297, 173), 46.0
(263, 385, 75), 54.0
(174, 263, 217), 64.0
(69, 223, 88), 97.0
(210, 223, 71), 60.0
(5, 363, 122), 52.0
(93, 299, 369), 82.0
(303, 0, 74), 73.0
(300, 395, 376), 49.0
(374, 259, 382), 68.0
(76, 103, 8), 91.0
(54, 229, 88), 52.0
(251, 106, 243), 54.0
(348, 235, 145), 50.0
(153, 59, 144), 89.0
(351, 19, 307), 70.0
(225, 196, 150), 66.0
(63, 190, 154), 54.0
(209, 69, 23), 60.0
(200, 317, 336), 70.0
(145, 346, 33), 56.0
(387, 71, 331), 54.0
(125, 305, 186), 46.0
(381, 151, 41), 60.0
(290, 202, 153), 50.0
(116, 63, 7), 85.0
(215, 343, 185), 52.0
(139, 142, 238), 57.0
(185, 249, 75), 62.0
(347, 239, 302), 56.0
(362, 245, 4), 76.0
(218, 276, 266), 90.0
(313, 327, 35), 54.0
(122, 22, 52), 90.0
(125, 39, 55), 85.0
(271, 325, 126), 66.0
(2, 159, 348), 54.0
(298, 182, 150), 54.0
(316, 19, 33), 93.0
(253, 341, 289), 92.0
(36, 373, 289), 74.0
(115, 370, 301), 56.0
(238, 364, 282), 82.0
(194, 251, 200), 60.0
(141, 201, 256), 56.0
(94, 37, 179), 84.0
(367, 178, 224), 58.0
(84, 344, 201), 74.0
(22, 280, 232), 56.0
(167, 298, 275), 76.0
(152, 297, 213), 78.0
(322, 202, 58), 52.0
(322, 293, 234), 78.0
(227, 93, 147), 62.0
(180, 281, 236), 64.0
(255, 83, 350), 52.0
(360, 392, 386), 78.0
(386, 322, 341), 92.0
(162, 151, 254), 56.0
(239, 186, 235), 79.0
(243, 111, 212), 52.0
(60, 314, 5), 48.0
(159, 206, 94), 56.0
(393, 182, 192), 52.0
(361, 324, 231), 92.0
(352, 1, 355), 54.0
(156, 14, 285), 52.0
(192, 145, 147), 86.0
(63, 21, 242), 82.0
(231, 257, 106), 64.0
(301, 57, 12), 62.0
(364, 169, 331), 58.0
(210, 191, 186), 55.0
(399, 233, 43), 69.0
(305, 147, 21), 86.0
(165, 19, 38), 78.0
(11, 55, 177), 96.0
(314, 347, 258), 100.0
(332, 394, 31), 79.0
(117, 108, 230), 54.0
(161, 174, 266), 54.0
(289, 107, 85), 62.0
(238, 378, 188), 56.0
(226, 35, 381), 72.0
(315, 199, 362), 68.0
(344, 321, 365), 84.0
(332, 393, 370), 80.0
(393, 82, 80), 100.0
(219, 218, 261), 68.0
(245, 306, 378), 74.0
(181, 371, 330), 86.0
(87, 69, 160), 96.0
(359, 189, 193), 64.0
(273, 197, 329), 104.0
(119, 189, 45), 54.0
(40, 74, 239), 58.0
(63, 34, 154), 100.0
(260, 9, 109), 90.0
(350, 101, 0), 62.0
(358, 40, 13), 52.0
(321, 17, 359), 46.0
(264, 332, 373), 86.0
(49, 135, 260), 64.0
(301, 91, 390), 50.0
(34, 191, 346), 64.0
(278, 240, 236), 78.0
(312, 187, 205), 62.0
(389, 348, 62), 66.0
(108, 66, 232), 86.0
(185, 88, 159), 64.0
(355, 358, 82), 54.0
(152, 70, 202), 64.0
(145, 207, 110), 62.0
(63, 136, 251), 58.0
(303, 141, 254), 56.0
(234, 97, 10), 94.0
(250, 280, 9), 54.0
(93, 197, 154), 66.0
(177, 209, 228), 68.0
(302, 81, 245), 80.0
(245, 351, 276), 92.0
(159, 192, 313), 75.0
(127, 375, 24), 86.0
(344, 294, 263), 86.0
(65, 2, 303), 72.0
(246, 336, 252), 80.0
(47, 371, 191), 50.0
(25, 256, 307), 46.0
(142, 200, 263), 89.0
(75, 158, 45), 98.0
(236, 19, 72), 82.0
(96, 307, 350), 68.0
(188, 104, 50), 60.0
(215, 374, 92), 58.0
(174, 60, 106), 80.0
(109, 137, 11), 72.0
(121, 208, 345), 58.0
(347, 40, 195), 54.0
(228, 300, 367), 76.0
(340, 64, 169), 56.0
(116, 222, 233), 52.0
(283, 285, 36), 58.0
(147, 115, 333), 54.0
(366, 124, 213), 54.0
(333, 299, 2), 58.0
(1, 209, 57), 56.0
(277, 138, 63), 62.0
(184, 95, 116), 72.0
(171, 211, 49), 90.0
(32, 378, 2), 54.0
(99, 320, 130), 58.0
(37, 149, 343), 68.0
(379, 1, 45), 62.0
(72, 186, 82), 74.0
(62, 256, 171), 76.0
(138, 251, 95), 90.0
(128, 28, 381), 70.0
(396, 124, 302), 68.0
(45, 76, 239), 98.0
(348, 14, 198), 66.0
(181, 278, 203), 78.0
(244, 315, 183), 90.0
(262, 224, 285), 100.0
(358, 99, 139), 49.0
(9, 233, 367), 60.0
(242, 96, 20), 88.0
(261, 140, 124), 101.0
(198, 198, 58), None
(62, 71, 323), 90.0
(293, 231, 216), 62.0
(86, 338, 237), 58.0
(228, 108, 308), 70.0
(347, 62, 180), 84.0
(334, 52, 53), 81.0
(26, 174, 83), 94.0
(211, 36, 212), 65.0
(25, 343, 328), 92.0
(334, 253, 183), 52.0
(215, 130, 233), 59.0
(74, 73, 309), 66.0
(303, 226, 344), 90.0
(80, 20, 180), 85.0
(151, 182, 378), 58.0
(180, 183, 326), 86.0
(22, 110, 356), 62.0
(380, 66, 61), 94.0
(59, 328, 390), 84.0
(15, 369, 72), 68.0
(115, 211, 61), 50.0
(334, 195, 236), 92.0
(20, 259, 333), 58.0
(267, 80, 28), 70.0
(188, 205, 242), 96.0
(376, 247, 233), 86.0
(51, 349, 397), 57.0
(100, 61, 319), 56.0
(229, 138, 10), 58.0
(58, 376, 249), 66.0
(95, 321, 10), 64.0
(250, 56, 373), 64.0
(292, 117, 50), 68.0
(263, 124, 332), 94.0
(346, 71, 146), 56.0
(215, 173, 198), 94.0
(307, 270, 119), 88.0
(54, 26, 52), 60.0
(44, 229, 84), 80.0
(177, 27, 376), 56.0
(182, 337, 394), 81.0
(358, 207, 354), 68.0
(127, 149, 226), 57.0
(231, 289, 321), 80.0
(83, 196, 176), 72.0
(133, 185, 103), 78.0
(367, 289, 87), 78.0
(68, 345, 393), 54.0
(388, 111, 226), 64.0
(157, 130, 267), 52.0
(381, 319, 170), 56.0
(77, 2, 37), 92.0
(360, 234, 190), 60.0
(125, 123, 259), 52.0
(189, 38, 91), 74.0
(170, 109, 138), 64.0
(383, 274, 232), 60.0
(48, 322, 51), 76.0
(62, 55, 384), 50.0
(322, 119, 9), 56.0
(189, 251, 22), 82.0
(118, 163, 221), 56.0
(220, 56, 346), 52.0
(277, 223, 307), 70.0
(248, 349, 169), 98.0
(84, 171, 213), 88.0
(365, 244, 365), None
(3, 131, 145), 82.0
(360, 108, 248), 80.0
(242, 95, 199), 50.0
(219, 70, 168), 64.0
(387, 2, 262), 58.0
(4, 58, 305), 56.0
(313, 385, 152), 66.0
(328, 233, 70), 62.0
(165, 262, 20), 79.0
(10, 116, 68), 94.0
(158, 150, 268), 50.0
(205, 270, 130), 44.0
(178, 119, 194), 82.0
(1, 211, 32), 60.0
(72, 61, 59), 60.0
(307, 159, 253), 88.0
(297, 316, 193), 110.0
(6, 183, 188), 68.0
(310, 346, 140), 98.0
(274, 35, 171), 68.0
(143, 109, 273), 52.0
(245, 113, 289), 52.0
(212, 372, 365), 78.0
(284, 162, 284), None
(306, 379, 105), 52.0
(11, 318, 119), 87.0
(128, 238, 155), 86.0
(190, 215, 158), 66.0
(71, 5, 159), 62.0
(45, 91, 214), 76.0
(126, 262, 194), 56.0
(397, 346, 354), 86.0
(187, 310, 167), 98.0
(202, 24, 358), 54.0
(148, 236, 269), 40.0
(293, 41, 189), 80.0
(34, 73, 114), 94.0
(316, 341, 292), 52.0
(199, 330, 352), 97.0
(129, 188, 19), 70.0
(12, 83, 360), 62.0
(209, 82, 374), 78.0
(239, 41, 317), 55.0
(296, 57, 253), 78.0
(87, 226, 215), 48.0
(343, 180, 12), 58.0
(140, 350, 235), 58.0
(304, 389, 106), 80.0
(320, 210, 25), 58.0
(221, 113, 258), 54.0
(270, 180, 59), 56.0
(376, 89, 394), 60.0
(203, 355, 112), 50.0
(395, 42, 379), 56.0
(247, 340, 121), 90.0
(142, 336, 399), 77.0
(190, 222, 281), 62.0
(359, 328, 282), 42.0
(238, 193, 207), 74.0
(192, 336, 38), 60.0
(232, 236, 79), 80.0
(378, 37, 300), 50.0
(194, 196, 344), 70.0
(124, 397, 279), 48.0
(371, 267, 321), 76.0
(292, 335, 217), 92.0
(104, 303, 3), 82.0
(256, 194, 279), 104.0
(274, 275, 19), 65.0
(38, 168, 11), 82.0
(299, 326, 367), 104.0
(86, 91, 242), 96.0
(36, 264, 230), 66.0
(269, 387, 76), 79.0
(243, 257, 102), 50.0
(359, 208, 82), 68.0
(383, 358, 319), 78.0
(327, 248, 221), 62.0
(230, 367, 246), 56.0
(269, 46, 161), 64.0
(163, 58, 160), 86.0
(105, 341, 312), 74.0
(242, 303, 170), 70.0
(203, 1, 45), 84.0
(229, 45, 343), 56.0
(343, 89, 132), 56.0
(236, 315, 398), 95.0
(141, 67, 348), 86.0
(348, 198, 274), 104.0
(190, 74, 312), 48.0
(125, 93, 379), 54.0
(373, 67, 293), 68.0
(18, 218, 332), 64.0
(393, 93, 250), 70.0
(361, 81, 61), 62.0
(320, 384, 163), 98.0
(58, 323, 77), 86.0
(360, 171, 383), 60.0
(267, 238, 87), 46.0
(89, 36, 236), 120.0
(353, 24, 386), 60.0
(10, 380, 51), 76.0
(308, 232, 358), 82.0
(136, 308, 57), 68.0
(46, 365, 5), 76.0
(184, 148, 8), 64.0
(81, 326, 139), 50.0
(7, 183, 265), 94.0
(303, 289, 13), 54.0
(152, 300, 146), 66.0
(60, 19, 275), 58.0
(391, 65, 27), 60.0
(279, 342, 334), 68.0
(81, 8, 46), 76.0
(150, 288, 157), 54.0
(41, 259, 259), None
(145, 44, 92), 82.0
(130, 215, 343), 62.0
(327, 300, 321), 96.0
(398, 207, 261), 68.0
(315, 395, 397), 86.0
(182, 134, 303), 56.0
(284, 7, 95), 62.0
(8, 259, 198), 68.0
(80, 52, 241), 95.0
(323, 123, 132), 56.0
(142, 189, 223), 56.0
(229, 375, 115), 62.0
(398, 167, 359), 58.0
(390, 128, 361), 60.0
(197, 271, 279), 84.0
(170, 385, 93), 72.0
(243, 196, 46), 52.0
(238, 170, 347), 60.0
(339, 219, 76), 72.0
(249, 299, 390), 86.0
(12, 147, 156), 58.0
(36, 313, 8), 74.0
(92, 231, 66), 58.0
(320, 382, 148), 88.0
(8, 109, 160), 92.0
(331, 295, 77), 76.0
(226, 120, 346), 60.0
(86, 350, 360), 84.0
(239, 283, 149), 58.0
(112, 284, 384), 58.0
(338, 9, 243), 50.0
(267, 231, 197), 80.0
(369, 147, 26), 60.0
(233, 164, 194), 55.0
(49, 238, 164), 58.0
(206, 61, 392), 68.0
(129, 159, 133), 86.0
(321, 231, 189), 60.0
(197, 229, 250), 63.0
(118, 64, 236), 90.0
(278, 239, 111), 81.0
(287, 266, 212), 61.0
(40, 233, 51), 56.0
(347, 187, 152), 52.0
(208, 75, 316), 52.0
(46, 224, 216), 48.0
(63, 116, 212), 62.0
(194, 11, 189), 56.0
(292, 176, 319), 90.0
(145, 270, 84), 74.0
(229, 335, 81), 84.0
(341, 108, 148), 56.0
(276, 335, 279), 80.0
(166, 161, 387), 90.0
(354, 291, 357), 104.0
(392, 40, 223), 60.0
(218, 352, 269), 74.0
(65, 55, 93), 86.0
(178, 398, 150), 70.0
(90, 127, 106), 67.0
(386, 128, 226), 86.0
(286, 328, 278), 92.0
(162, 275, 133), 52.0
(183, 374, 239), 60.0
(115, 368, 356), 92.0
(80, 263, 194), 50.0
(320, 336, 39), 48.0
(116, 319, 365), 92.0
(302, 17, 368), 58.0
(240, 185, 217), 76.0
(222, 286, 4), 86.0
(42, 47, 344), 96.0
(247, 172, 7), 56.0
(186, 315, 29), 54.0
(46, 187, 323), 46.0
(276, 179, 163), 55.0
(86, 19, 1), 79.0
(62, 157, 223), 58.0
(194, 56, 292), 72.0
(182, 83, 12), 96.0
(286, 289, 224), 88.0
(357, 313, 77), 88.0
(120, 167, 342), 80.0
(337, 132, 47), 74.0
(103, 290, 70), 50.0
(282, 273, 277), 54.0
(210, 396, 311), 68.0
(214, 343, 336), 88.0
(121, 371, 101), 56.0
(136, 168, 242), 64.0
(111, 392, 347), 55.0
(140, 309, 320), 92.0
(97, 258, 342), 48.0
(132, 211, 142), 52.0
(16, 86, 272), 54.0
(232, 343, 333), 74.0
(95, 93, 24), 48.0
(7, 222, 308), 76.0
(70, 396, 70), None
(295, 258, 300), 62.0
(211, 195, 285), 66.0
(384, 153, 12), 56.0
(363, 251, 190), 66.0
(266, 51, 297), 50.0
(156, 88, 330), 48.0
(214, 265, 96), 56.0
(269, 113, 240), 52.0
(159, 123, 107), 44.0
(174, 238, 60), 62.0
(177, 159, 115), 89.0
(237, 281, 377), 92.0
(135, 376, 302), 56.0
(390, 161, 127), 64.0
(247, 373, 32), 56.0
(368, 204, 53), 62.0
(361, 343, 50), 90.0
(265, 326, 256), 98.0
(111, 59, 82), 60.0
(389, 372, 81), 98.0
(170, 326, 96), 74.0
(132, 192, 376), 58.0
(394, 272, 95), 85.0
(312, 240, 273), 88.0
(230, 110, 298), 60.0
(347, 305, 390), 88.0
(179, 367, 363), 56.0
(155, 335, 215), 70.0
(115, 78, 271), 72.0
(374, 66, 143), 66.0
(243, 69, 0), 93.0
(167, 340, 302), 78.0
(351, 198, 370), 88.0
(192, 60, 211), 58.0
(218, 48, 317), 62.0
(24, 286, 178), 52.0
(297, 275, 206), 90.0
(317, 173, 7), 70.0
(350, 34, 95), 62.0
(167, 91, 116), 88.0
(2, 270, 148), 86.0
(128, 168, 333), 60.0
(390, 22, 329), 89.0
(340, 61, 215), 50.0
(219, 170, 37), 64.0
(215, 25, 308), 54.0
(165, 50, 132), 60.0
(167, 166, 90), 54.0
(132, 12, 278), 74.0
(251, 148, 220), 56.0
(60, 100, 161), 83.0
(362, 178, 11), 54.0
(268, 167, 57), 56.0
(51, 59, 163), 68.0
(186, 176, 294), 52.0
(370, 203, 159), 58.0
(367, 306, 284), 71.0
(352, 362, 128), 54.0
(56, 354, 236), 42.0
(207, 365, 215), 60.0
(41, 361, 336), 54.0
(253, 35, 364), 56.0
(293, 305, 23), 54.0
(378, 161, 387), 57.0
(284, 15, 105), 64.0
(203, 29, 364), 58.0
(386, 387, 32), 47.0
(78, 237, 149), 68.0
(393, 132, 195), 84.0
(312, 129, 78), 70.0
(17, 136, 21), 88.0
(117, 172, 324), 80.0
(196, 36, 60), 76.0
(292, 286, 84), 62.0
(278, 245, 111), 56.0
(328, 175, 104), 52.0
(55, 216, 128), 68.0
(208, 122, 309), 70.0
(172, 252, 398), 87.0
(372, 285, 276), 98.0
(374, 237, 131), 82.0
(204, 244, 389), 90.0
(7, 396, 304), 50.0
(2, 187, 12), 89.0
(271, 279, 210), 60.0
(109, 116, 236), 96.0
(52, 93, 200), 98.0
(33, 348, 177), 70.0
(310, 209, 360), 64.0
(192, 261, 0), 58.0
(323, 182, 78), 52.0
(5, 225, 345), 36.0
(176, 325, 212), 86.0
(381, 247, 135), 92.0
(127, 330, 159), 50.0
(338, 99, 50), 88.0
(218, 190, 196), 84.0
(388, 158, 399), 95.0
(111, 306, 196), 54.0
(396, 196, 250), 72.0
(137, 41, 94), 64.0
(204, 309, 38), 62.0
(112, 259, 15), 96.0
(5, 132, 92), 92.0
(7, 248, 251), 52.0
(165, 148, 60), 104.0
(110, 94, 33), 64.0
(258, 341, 252), 54.0
(19, 211, 372), 64.0
(311, 298, 66), 48.0
(164, 277, 159), 51.0
(322, 40, 274), 56.0
(31, 196, 339), 54.0
(68, 331, 25), 56.0
(381, 327, 254), 76.0
(188, 69, 312), 60.0
(122, 47, 117), 72.0
(271, 123, 85), 56.0
(126, 395, 128), 50.0
(17, 293, 327), 62.0
(217, 18, 235), 80.0
(354, 139, 275), 66.0
(221, 93, 36), 92.0
(252, 80, 64), 54.0
(284, 160, 262), 88.0
(30, 385, 327), 73.0
(353, 309, 103), 70.0
(162, 233, 224), 66.0
(210, 238, 364), 56.0
(248, 231, 76), 76.0
(87, 21, 235), 68.0
(10, 84, 388), 58.0
(391, 301, 267), 66.0
(285, 62, 28), 96.0
(75, 366, 66), 46.0
(87, 346, 133), 54.0
(39, 192, 258), 62.0
(45, 181, 329), 78.0
(73, 275, 315), 58.0
(68, 208, 336), 62.0
(373, 44, 330), 58.0
(397, 294, 23), 86.0
(143, 209, 340), 60.0
(324, 228, 256), 66.0
(329, 131, 2), 56.0
(281, 386, 317), 81.0
(4, 243, 273), 54.0
(180, 64, 367), 82.0
(56, 21, 117), 84.0
(305, 387, 317), 94.0
(360, 366, 223), 92.0
(196, 73, 58), 72.0
(54, 56, 367), 66.0
(152, 174, 24), 78.0
(302, 115, 308), 54.0
(310, 55, 362), 56.0
(44, 262, 295), 52.0
(319, 398, 31), 59.0
(1, 384, 141), 46.0
(339, 24, 287), 54.0
(211, 391, 52), 40.0
(286, 324, 335), 90.0
(395, 21, 122), 58.0
(335, 37, 248), 58.0
(203, 75, 392), 52.0
(384, 176, 97), 58.0
(43, 246, 47), 88.0
(95, 141, 8), 98.0
(170, 111, 24), 62.0
(48, 110, 377), 70.0
(251, 191, 69), 90.0
(162, 211, 289), 52.0
(303, 284, 30), 90.0
(193, 163, 333), 50.0
(287, 331, 88), 62.0
(334, 124, 221), 68.0
(281, 373, 179), 66.0
(282, 374, 38), 52.0
(192, 139, 42), 72.0
(67, 237, 13), 86.0
(5, 23, 356), 60.0
(382, 59, 236), 54.0
(219, 154, 239), 105.0
(344, 271, 161), 78.0
(127, 388, 263), 78.0
(381, 397, 73), 49.0
(329, 285, 105), 96.0
(126, 50, 166), 98.0
(305, 198, 395), 92.0
(295, 19, 304), 52.0
(332, 277, 71), 86.0
(281, 64, 40), 93.0
(86, 67, 104), 68.0
(379, 109, 387), 54.0
(52, 8, 330), 48.0
(377, 348, 57), 86.0
(188, 313, 214), 54.0
(27, 20, 330), 64.0
(188, 231, 261), 64.0
(4, 45, 31), 92.0
(278, 194, 87), 74.0
(368, 126, 332), 88.0
(116, 295, 282), 50.0
(372, 124, 141), 74.0
(86, 192, 124), 52.0
(346, 209, 75), 68.0
(7, 160, 203), 86.0
(86, 139, 184), 60.0
(89, 132, 231), 66.0
(141, 91, 38), 58.0
(32, 38, 270), 58.0
(219, 47, 397), 59.0
(245, 160, 266), 92.0
(259, 96, 367), 93.0
(390, 206, 168), 68.0
(303, 149, 12), 82.0
(289, 44, 365), 80.0
(353, 150, 369), 56.0
(26, 195, 153), 98.0
(2, 149, 94), 68.0
(80, 329, 26), 80.0
(337, 326, 256), 90.0
(8, 304, 226), 56.0
(101, 355, 269), 74.0
(155, 23, 344), 50.0
(302, 361, 233), 98.0
(343, 128, 26), 70.0
(265, 77, 149), 72.0
Sampler:CmaEsSampler
(90, 74, 41), 40.0
(181, 154, 362), 44.0
(193, 187, 138), 82.0
(206, 262, 188), 99.0
(282, 210, 173), 80.0
(203, 191, 121), 58.0
(275, 161, 341), 80.0
(189, 193, 284), 66.0
(170, 265, 267), 56.0
(151, 249, 242), 54.0
(201, 157, 284), 50.0
(236, 135, 323), 62.0
(184, 76, 250), 62.0
(136, 99, 393), 92.0
(180, 122, 226), 105.0
(201, 254, 263), 70.0
(148, 70, 194), 54.0
(218, 218, 264), None
(197, 214, 316), 66.0
(257, 225, 250), 58.0
(182, 211, 304), 58.0
(103, 233, 287), 52.0
(189, 158, 261), 50.0
(238, 224, 295), 70.0
(188, 150, 223), 80.0
(135, 149, 242), 64.0
(38, 235, 327), 60.0
(203, 142, 249), 88.0
(189, 156, 181), 44.0
(147, 104, 308), 78.0
(159, 163, 354), 50.0
(107, 197, 214), 68.0
(106, 190, 193), 66.0
(51, 155, 207), 52.0
(141, 218, 218), None
(134, 209, 201), 60.0
(113, 252, 177), 70.0
(164, 161, 191), 92.0
(114, 153, 347), 69.0
(51, 135, 373), 58.0
(160, 149, 373), 62.0
(218, 207, 201), 62.0
(169, 182, 331), 56.0
(132, 168, 233), 54.0
(93, 160, 190), 58.0
(98, 175, 292), 88.0
(152, 163, 314), 50.0
(80, 183, 250), 66.0
(141, 159, 267), 58.0
(79, 182, 293), 52.0
(151, 160, 227), 62.0
(123, 152, 289), 50.0
(92, 140, 296), 54.0
(158, 170, 269), 54.0
(134, 119, 324), 70.0
(142, 177, 364), 48.0
(166, 179, 352), 50.0
(106, 153, 316), 66.0
(150, 135, 309), 54.0
(165, 169, 360), 70.0
(116, 171, 347), 68.0
(180, 123, 338), 58.0
(171, 184, 355), 54.0
(120, 155, 290), 56.0
(125, 225, 360), 77.0
(136, 193, 357), 54.0
(158, 199, 321), 65.0
(136, 186, 272), 58.0
(195, 213, 382), 76.0
(141, 191, 359), 72.0
(80, 181, 366), 46.0
(189, 187, 394), 59.0
(162, 198, 309), 62.0
(145, 159, 369), 46.0
(61, 138, 363), 48.0
(123, 182, 395), 68.0
(64, 166, 246), 74.0
(87, 169, 366), 44.0
(63, 169, 396), 72.0
(78, 181, 315), 46.0
(95, 133, 248), 88.0
(119, 187, 315), 60.0
(99, 180, 350), 58.0
(124, 146, 284), 76.0
(112, 161, 361), 56.0
(104, 164, 343), 32.0
(49, 176, 283), 52.0
(61, 182, 310), 64.0
(23, 200, 304), 78.0
(22, 208, 352), 70.0
(125, 152, 325), 48.0
(78, 184, 381), 56.0
(92, 179, 303), 54.0
(116, 175, 344), 62.0
(87, 176, 317), 64.0
(93, 161, 287), 50.0
(85, 170, 312), 64.0
(127, 147, 346), 40.0
(93, 177, 341), 58.0
(138, 183, 305), 52.0
(100, 184, 285), 64.0
(111, 157, 269), 46.0
(90, 140, 307), 58.0
(102, 161, 342), 52.0
(128, 149, 341), 58.0
(115, 155, 303), 52.0
(120, 153, 303), 56.0
(79, 123, 330), 54.0
(120, 169, 292), 64.0
(85, 143, 321), 62.0
(84, 156, 292), 52.0
(87, 163, 366), 74.0
(72, 158, 304), 52.0
(108, 168, 270), 68.0
(149, 161, 314), 58.0
(121, 148, 299), 60.0
(103, 169, 280), 68.0
(99, 144, 312), 52.0
(81, 171, 298), 66.0
(100, 158, 251), 56.0
(41, 150, 296), 72.0
(92, 141, 293), 46.0
(111, 148, 270), 60.0
(118, 138, 298), 52.0
(116, 139, 286), 64.0
(108, 144, 324), 88.0
(110, 123, 324), 78.0
(91, 137, 308), 46.0
(89, 144, 271), 48.0
(99, 130, 278), 82.0
(66, 150, 295), 90.0
(66, 144, 287), 86.0
(105, 139, 298), 65.0
(97, 146, 301), 58.0
(84, 133, 272), 54.0
(70, 119, 262), 58.0
(61, 124, 299), 82.0
(116, 112, 289), 52.0
(110, 143, 274), 56.0
(91, 152, 284), 60.0
(59, 134, 278), 86.0
(89, 133, 250), 52.0
(62, 130, 278), 64.0
(100, 136, 316), 46.0
(130, 111, 309), 64.0
(83, 124, 313), 67.0
(136, 139, 298), 94.0
(107, 117, 295), 78.0
(152, 103, 329), 50.0
(148, 126, 287), 65.0
(168, 142, 312), 66.0
(134, 110, 288), 50.0
(111, 95, 284), 60.0
(113, 135, 224), 70.0
(125, 130, 363), 60.0
(136, 124, 318), 54.0
(108, 150, 307), 68.0
(85, 111, 234), 80.0
(85, 93, 297), 64.0
(92, 107, 251), 52.0
(54, 112, 300), 90.0
(149, 101, 343), 72.0
(106, 112, 320), 72.0
(145, 108, 340), 74.0
(80, 120, 247), 98.0
(89, 63, 264), 86.0
(89, 111, 282), 72.0
(102, 85, 228), 70.0
(102, 170, 284), 60.0
(123, 84, 259), 64.0
(71, 48, 259), 84.0
(98, 121, 313), 52.0
(82, 111, 219), 56.0
(99, 141, 250), 52.0
(101, 175, 271), 58.0
(109, 141, 310), 48.0
(120, 149, 262), 73.0
(77, 111, 264), 68.0
(92, 153, 280), 56.0
(107, 144, 384), 84.0
(168, 156, 314), 60.0
(83, 111, 296), 54.0
(129, 160, 327), 52.0
(123, 102, 304), 80.0
(102, 96, 310), 52.0
(84, 131, 270), 54.0
(125, 143, 303), 88.0
(71, 128, 333), 60.0
(124, 131, 276), 60.0
(104, 127, 299), 66.0
(135, 163, 319), 54.0
(76, 118, 331), 96.0
(103, 132, 323), 54.0
(104, 127, 304), 84.0
(94, 134, 279), 50.0
(87, 127, 276), 62.0
(111, 130, 282), 102.0
(158, 115, 315), 90.0
(103, 143, 283), 64.0
(103, 158, 353), 46.0
(82, 113, 283), 70.0
(115, 153, 309), 86.0
(98, 142, 292), 56.0
(84, 126, 282), 90.0
(84, 132, 310), 54.0
(94, 139, 279), 100.0
(99, 163, 369), 52.0
(98, 167, 390), 54.0
(83, 145, 295), 68.0
(83, 134, 313), 54.0
(91, 141, 363), 60.0
(102, 163, 314), 60.0
(108, 139, 312), 52.0
(91, 147, 298), 58.0
(93, 169, 363), 82.0
(99, 162, 374), 51.0
(91, 147, 349), 60.0
(95, 142, 313), 48.0
(106, 158, 353), 54.0
(110, 180, 377), 58.0
(87, 129, 323), 62.0
(98, 141, 339), 46.0
(77, 138, 322), 58.0
(88, 122, 231), 54.0
(98, 153, 320), 90.0
(122, 152, 342), 54.0
(95, 138, 316), 98.0
(90, 137, 282), 60.0
(90, 129, 306), 82.0
(88, 131, 306), 52.0
(114, 137, 338), 88.0
(92, 145, 321), 68.0
(104, 153, 326), 54.0
(84, 140, 294), 52.0
(95, 151, 347), 78.0
(96, 135, 314), 68.0
(100, 139, 316), 47.0
(92, 129, 283), 86.0
(83, 130, 296), 62.0
(102, 123, 293), 63.0
(91, 138, 311), 56.0
(95, 156, 343), 58.0
(93, 127, 288), 54.0
(90, 143, 321), 66.0
(95, 134, 320), 64.0
(85, 133, 296), 66.0
(102, 140, 322), 91.0
(95, 138, 308), 78.0
(91, 131, 299), 57.0
(93, 137, 315), 98.0
(98, 139, 317), 69.0
(95, 136, 302), 56.0
(105, 142, 329), 88.0
(93, 133, 300), 62.0
(94, 131, 298), 78.0
(88, 138, 310), 50.0
(92, 133, 295), 87.0
(96, 125, 281), 56.0
(97, 131, 285), 68.0
(91, 127, 288), 62.0
(85, 118, 273), 54.0
(101, 147, 323), 92.0
(92, 135, 300), 68.0
(80, 110, 247), 56.0
(90, 139, 314), 88.0
(83, 115, 271), 56.0
(88, 143, 320), 64.0
(93, 128, 299), 72.0
(86, 137, 317), 60.0
(93, 125, 285), 64.0
(74, 109, 261), 70.0
(93, 140, 288), 50.0
(102, 138, 332), 52.0
(75, 116, 245), 52.0
(90, 125, 287), 62.0
(84, 120, 271), 52.0
(89, 123, 293), 48.0
(95, 115, 273), 86.0
(90, 145, 324), 68.0
(92, 146, 303), 70.0
(100, 162, 323), 55.0
(96, 141, 289), 54.0
(96, 126, 280), 56.0
(97, 142, 311), 54.0
(95, 136, 293), 91.0
(105, 156, 340), 54.0
(100, 159, 336), 50.0
(95, 137, 308), 72.0
(87, 140, 291), 54.0
(94, 131, 287), 66.0
(102, 170, 357), 66.0
(100, 130, 286), 66.0
(98, 156, 334), 68.0
(98, 150, 311), 76.0
(100, 155, 330), 50.0
(95, 158, 325), 66.0
(103, 165, 352), 72.0
(106, 180, 392), 70.0
(90, 146, 322), 72.0
(93, 152, 313), 52.0
(120, 180, 372), 68.0
(97, 145, 309), 52.0
(114, 193, 392), 42.0
(101, 135, 290), 56.0
(96, 145, 293), 54.0
(106, 176, 358), 56.0
(98, 170, 359), 70.0
(106, 179, 363), 46.0
(103, 154, 319), 52.0
(100, 152, 330), 52.0
(90, 111, 256), 102.0
(97, 169, 345), 68.0
(105, 155, 337), 54.0
(103, 165, 348), 60.0
(107, 169, 349), 56.0
(95, 155, 326), 56.0
(111, 164, 341), 60.0
(96, 153, 309), 86.0
(99, 156, 335), 84.0
(103, 160, 337), 60.0
(117, 167, 358), 56.0
(104, 150, 331), 50.0
(99, 148, 333), 65.0
(106, 167, 358), 66.0
(110, 170, 350), 44.0
(124, 200, 398), 68.0
(102, 153, 322), 48.0
(111, 154, 334), 78.0
(107, 158, 338), 62.0
(105, 151, 332), 54.0
(113, 158, 343), 52.0
(106, 157, 338), 60.0
(105, 148, 321), 62.0
(101, 140, 306), 94.0
(98, 136, 307), 66.0
(106, 149, 326), 58.0
(111, 181, 374), 50.0
(113, 160, 338), 52.0
(103, 149, 322), 70.0
(110, 160, 343), 78.0
(114, 168, 361), 70.0
(115, 165, 350), 52.0
(112, 172, 366), 52.0
(111, 180, 362), 60.0
(109, 175, 360), 62.0
(117, 174, 364), 78.0
(107, 157, 336), 64.0
(112, 161, 337), 52.0
(112, 156, 342), 58.0
(116, 165, 352), 54.0
(117, 181, 377), 44.0
(118, 166, 364), 54.0
(106, 154, 320), 58.0
(108, 166, 349), 72.0
(112, 167, 351), 56.0
(118, 182, 370), 50.0
(114, 167, 351), 54.0
(110, 161, 343), 70.0
(120, 177, 377), 46.0
(123, 166, 356), 84.0
(113, 161, 343), 54.0
(114, 182, 379), 48.0
(124, 182, 382), 82.0
(120, 172, 367), 56.0
(120, 188, 385), 70.0
(116, 180, 371), 48.0
(117, 166, 362), 56.0
(114, 174, 363), 62.0
(116, 176, 368), 58.0
(118, 191, 397), 56.0
(119, 186, 381), 62.0
(103, 146, 311), 86.0
(119, 186, 385), 56.0
(115, 181, 377), 46.0
(115, 168, 360), 68.0
(121, 186, 391), 80.0
(115, 188, 391), 58.0
(110, 183, 377), 60.0
(117, 185, 385), 52.0
(110, 163, 349), 48.0
(116, 179, 380), 63.0
(122, 187, 392), 76.0
(113, 176, 368), 68.0
(113, 178, 376), 92.0
(108, 169, 354), 66.0
(110, 161, 345), 80.0
(117, 190, 392), 62.0
(117, 182, 374), 48.0
(115, 188, 384), 66.0
(114, 180, 372), 50.0
(122, 198, 399), 46.0
(114, 184, 374), 50.0
(113, 178, 360), 58.0
(109, 174, 357), 62.0
(120, 190, 393), 68.0
(118, 179, 374), 68.0
(118, 199, 398), 52.0
(117, 183, 376), 50.0
(120, 185, 382), 78.0
(120, 190, 385), 62.0
(122, 185, 379), 70.0
(119, 202, 397), 47.0
(113, 193, 377), 52.0
(119, 192, 388), 81.0
(120, 198, 393), 50.0
(118, 186, 380), 60.0
(122, 205, 398), 68.0
(115, 203, 394), 50.0
(110, 184, 360), 66.0
(118, 208, 397), 62.0
(111, 191, 386), 50.0
(118, 211, 393), 60.0
(114, 198, 390), 98.0
(120, 202, 395), 62.0
(105, 177, 347), 48.0
(114, 190, 378), 52.0
(109, 178, 359), 70.0
(104, 186, 348), 48.0
(105, 173, 345), 60.0
(104, 192, 372), 54.0
(104, 170, 349), 58.0
(99, 151, 327), 60.0
(107, 185, 360), 76.0
(115, 205, 395), 52.0
(73, 115, 230), 58.0
(95, 161, 314), 44.0
(107, 218, 390), 46.0
(112, 185, 352), 56.0
(99, 165, 320), 60.0
(102, 195, 366), 52.0
(102, 176, 332), 50.0
(107, 178, 352), 54.0
(105, 177, 334), 54.0
(99, 194, 336), 65.0
(107, 209, 383), 62.0
(67, 139, 256), 88.0
(63, 133, 237), 72.0
(111, 179, 340), 62.0
(114, 206, 396), 54.0
(105, 177, 351), 44.0
(86, 146, 284), 56.0
(107, 187, 359), 56.0
(104, 191, 366), 58.0
(110, 207, 376), 66.0
(102, 172, 339), 60.0
(99, 181, 343), 54.0
(98, 151, 329), 78.0
(102, 159, 309), 56.0
(111, 191, 369), 42.0
(104, 202, 373), 80.0
(107, 192, 367), 58.0
(104, 182, 341), 64.0
(104, 181, 355), 68.0
(105, 204, 372), 76.0
(116, 182, 369), 48.0
(95, 155, 315), 46.0
(101, 184, 353), 70.0
(113, 191, 374), 50.0
(102, 167, 345), 72.0
(103, 170, 341), 56.0
(105, 174, 354), 50.0
(109, 180, 361), 76.0
(112, 180, 361), 56.0
(113, 200, 383), 56.0
(97, 143, 306), 52.0
(111, 175, 360), 62.0
(106, 181, 354), 56.0
(110, 171, 352), 50.0
(101, 150, 325), 64.0
(97, 135, 306), 90.0
(102, 146, 310), 86.0
(106, 161, 346), 100.0
(105, 163, 335), 60.0
(115, 177, 365), 68.0
(117, 183, 378), 48.0
(123, 199, 395), 46.0
(101, 159, 329), 58.0
(107, 160, 340), 94.0
(118, 182, 384), 48.0
(116, 199, 379), 74.0
(118, 185, 376), 54.0
(115, 181, 366), 48.0
(114, 166, 361), 60.0
(119, 188, 380), 80.0
(122, 196, 390), 48.0
(102, 168, 340), 70.0
(114, 179, 376), 94.0
(120, 181, 377), 54.0
(120, 197, 387), 50.0
(110, 168, 349), 56.0
(125, 191, 383), 54.0
(112, 168, 352), 58.0
(126, 188, 396), 86.0
(121, 194, 390), 50.0
(111, 165, 350), 52.0
(122, 194, 385), 54.0
(113, 169, 349), 60.0
(125, 191, 391), 60.0
(126, 200, 398), 58.0
(121, 205, 394), 74.0
(118, 176, 365), 68.0
(122, 194, 395), 54.0
(113, 169, 357), 56.0
(119, 186, 375), 52.0
(107, 173, 358), 70.0
(106, 168, 350), 56.0
(100, 160, 326), 69.0
(123, 195, 393), 48.0
(122, 191, 388), 58.0
(117, 190, 375), 54.0
(117, 185, 376), 52.0
(116, 178, 368), 96.0
(126, 194, 395), 54.0
(116, 182, 374), 48.0
(120, 184, 377), 66.0
(121, 195, 383), 50.0
(114, 182, 370), 50.0
(123, 194, 391), 48.0
(115, 182, 369), 48.0
(122, 193, 392), 52.0
(118, 184, 381), 54.0
(123, 200, 395), 88.0
(124, 200, 392), 90.0
(122, 193, 386), 54.0
(116, 188, 370), 58.0
(112, 179, 364), 56.0
(120, 191, 384), 58.0
(115, 179, 362), 58.0
(118, 186, 376), 52.0
(124, 199, 394), 48.0
(119, 187, 377), 58.0
(124, 194, 391), 48.0
(126, 197, 392), 44.0
(116, 184, 370), 52.0
(120, 190, 376), 68.0
(117, 177, 367), 58.0
(125, 201, 397), 62.0
(122, 195, 386), 52.0
(127, 200, 398), 56.0
(119, 185, 370), 54.0
(120, 181, 368), 58.0
(126, 197, 394), 48.0
(123, 194, 388), 52.0
(119, 190, 376), 63.0
(125, 196, 393), 48.0
(116, 186, 372), 52.0
(125, 194, 393), 52.0
(115, 185, 373), 54.0
(127, 197, 398), 50.0
(125, 198, 398), 52.0
(120, 195, 385), 54.0
(121, 189, 383), 60.0
(121, 184, 376), 66.0
(125, 194, 387), 52.0
(124, 194, 389), 52.0
(127, 198, 395), 56.0
(124, 196, 395), 48.0
(125, 196, 395), 50.0
(122, 189, 382), 56.0
(125, 195, 392), 48.0
(124, 194, 387), 52.0
(124, 194, 393), 52.0
(125, 196, 399), 50.0
(123, 195, 398), 50.0
(123, 193, 387), 52.0
(124, 197, 395), 50.0
(122, 192, 388), 58.0
(125, 197, 395), 52.0
(127, 195, 398), 52.0
(123, 192, 391), 54.0
(121, 186, 380), 70.0
(123, 195, 395), 48.0
(125, 197, 394), 52.0
(123, 195, 389), 48.0
(121, 193, 389), 54.0
(121, 192, 387), 58.0
(117, 188, 381), 64.0
(124, 197, 396), 52.0
(122, 192, 390), 56.0
(121, 191, 387), 58.0
(124, 195, 394), 48.0
(123, 196, 391), 48.0
(125, 198, 395), 52.0
(124, 198, 395), 50.0
(126, 198, 395), 50.0
(125, 196, 394), 50.0
(124, 196, 394), 48.0
(126, 199, 399), 52.0
(127, 199, 399), 55.0
(121, 192, 388), 58.0
(122, 192, 385), 56.0
(125, 198, 397), 52.0
(123, 196, 394), 48.0
(123, 195, 392), 48.0
(123, 197, 395), 50.0
(122, 194, 391), 50.0
(122, 194, 387), 54.0
(123, 197, 394), 48.0
(122, 194, 392), 50.0
(125, 198, 399), 52.0
(123, 195, 391), 50.0
(122, 196, 392), 48.0
(122, 195, 390), 50.0
(124, 198, 397), 44.0
(125, 199, 399), 52.0
(122, 194, 390), 50.0
(124, 198, 396), 44.0
(124, 198, 398), 44.0
(124, 197, 393), 48.0
(124, 198, 399), 44.0
(124, 197, 397), 52.0
(124, 199, 397), 44.0
(123, 198, 394), 48.0
(121, 196, 394), 48.0
(123, 197, 397), 46.0
(123, 197, 396), 46.0
(123, 196, 393), 48.0
(122, 195, 392), 48.0
(124, 197, 398), 52.0
(124, 197, 399), 52.0
(124, 196, 396), 48.0
(123, 196, 395), 48.0
(124, 199, 399), 44.0
