Sampler:BoTorchSampler
(98, 179, 192, 187, 164, 184, 75, 155, 154), 35.77777777777778
(204, 283, 127, 135, 254, 55, 154, 199, 133), 32.666666666666664
(200, 41, 173, 229, 285, 174, 244, 61, 64), 31.77777777777778
(197, 1, 133, 144, 99, 201, 38, 165, 61), 31.22222222222222
(202, 172, 276, 52, 123, 263, 236, 59, 217), 29.88888888888889
(193, 201, 186, 152, 10, 275, 195, 299, 292), 33.666666666666664
(7, 95, 106, 298, 234, 2, 26, 262, 196), 33.44444444444444
(76, 251, 272, 249, 48, 23, 274, 279, 220), 28.333333333333332
(76, 67, 207, 190, 14, 295, 175, 54, 299), 32.333333333333336
(124, 133, 130, 199, 20, 51, 228, 186, 39), 34.111111111111114
(78, 182, 164, 206, 168, 153, 69, 172, 150), 34.44444444444444
(106, 197, 215, 185, 163, 220, 58, 159, 162), 35.111111111111114
(103, 177, 210, 175, 151, 183, 91, 128, 130), 29.333333333333332
(95, 193, 180, 203, 183, 206, 42, 196, 193), None
(95, 193, 180, 203, 183, 206, 42, 197, 194), 33.22222222222222
(79, 243, 185, 232, 162, 197, 19, 188, 134), 32.111111111111114
(80, 128, 164, 197, 200, 140, 75, 187, 206), 32.22222222222222
(126, 203, 164, 172, 120, 241, 92, 205, 193), 33.77777777777778
(102, 222, 146, 139, 206, 245, 65, 166, 186), 32.888888888888886
(99, 166, 237, 214, 117, 263, 48, 177, 210), 30.11111111111111
(137, 208, 122, 179, 163, 157, 95, 225, 146), 31.77777777777778
(106, 239, 210, 175, 236, 137, 42, 155, 191), 35.888888888888886
(106, 231, 226, 172, 263, 142, 40, 166, 176), 33.77777777777778
(86, 169, 191, 197, 159, 165, 75, 144, 161), 28.88888888888889
(125, 280, 197, 162, 232, 141, 27, 165, 227), 32.0
(36, 269, 183, 71, 20, 189, 7, 89, 186), 33.888888888888886
(196, 46, 253, 111, 47, 204, 86, 80, 26), 34.55555555555556
(37, 232, 184, 178, 19, 117, 16, 168, 158), 33.22222222222222
(29, 233, 189, 173, 298, 101, 6, 169, 157), 30.88888888888889
(140, 164, 265, 131, 141, 264, 253, 197, 181), 34.888888888888886
(201, 56, 299, 241, 288, 28, 56, 222, 245), None
(28, 115, 262, 124, 145, 262, 283, 43, 293), None
(282, 187, 210, 69, 272, 244, 87, 99, 153), 34.55555555555556
(95, 30, 64, 44, 127, 72, 216, 193, 40), 31.11111111111111
(35, 191, 288, 186, 176, 158, 34, 145, 86), 32.333333333333336
(202, 72, 106, 187, 133, 8, 80, 218, 95), 32.111111111111114
(70, 22, 263, 74, 38, 170, 199, 269, 76), 32.666666666666664
(286, 62, 289, 215, 198, 77, 198, 97, 14), None
(150, 98, 78, 293, 241, 63, 291, 104, 146), 30.77777777777778
(137, 170, 58, 6, 71, 52, 257, 101, 68), 37.0
(30, 46, 221, 274, 179, 108, 299, 111, 121), 32.666666666666664
(226, 108, 221, 105, 103, 223, 165, 221, 77), None
(250, 136, 123, 21, 217, 189, 132, 265, 273), 31.444444444444443
(0, 267, 137, 140, 46, 65, 189, 24, 131), 33.55555555555556
(8, 125, 139, 55, 91, 108, 234, 8, 48), None
(146, 193, 85, 187, 51, 274, 273, 152, 283), 36.888888888888886
(187, 266, 194, 256, 25, 265, 127, 94, 239), 33.77777777777778
(60, 249, 62, 200, 260, 233, 192, 177, 217), 29.77777777777778
Sampler:TPESampler
(299, 110, 116, 195, 133, 234, 37, 69, 222), 29.88888888888889
(23, 34, 18, 291, 121, 180, 187, 58, 289), 30.77777777777778
(62, 198, 182, 5, 182, 241, 6, 113, 41), None
(293, 57, 276, 141, 210, 179, 262, 246, 274), 32.888888888888886
(169, 70, 22, 26, 162, 88, 96, 282, 111), 32.44444444444444
(137, 27, 278, 22, 203, 220, 156, 64, 182), 29.666666666666668
(283, 57, 230, 260, 276, 121, 151, 71, 144), 31.22222222222222
(92, 96, 45, 295, 20, 201, 257, 151, 260), 29.333333333333332
(38, 245, 52, 50, 88, 269, 244, 272, 122), 33.0
(166, 149, 164, 156, 299, 40, 267, 127, 121), 33.22222222222222
(201, 166, 135, 124, 285, 1, 294, 190, 9), 29.666666666666668
(122, 297, 86, 90, 48, 289, 216, 202, 90), None
(209, 256, 183, 203, 82, 14, 229, 133, 80), 28.22222222222222
(12, 213, 73, 89, 89, 59, 299, 14, 170), None
(70, 153, 174, 191, 242, 290, 205, 285, 132), 36.22222222222222
(91, 156, 180, 192, 257, 130, 200, 216, 201), 32.77777777777778
(181, 122, 220, 225, 231, 49, 106, 174, 63), 29.666666666666668
(226, 181, 231, 165, 245, 102, 182, 231, 144), None
(243, 134, 142, 245, 299, 145, 112, 111, 218), 29.0
(104, 226, 110, 117, 260, 40, 275, 298, 114), 26.666666666666668
(66, 88, 165, 163, 224, 296, 226, 169, 27), 27.666666666666668
(49, 257, 205, 73, 100, 265, 241, 259, 118), 29.333333333333332
(42, 144, 74, 51, 51, 269, 256, 265, 139), None
(156, 243, 0, 168, 297, 262, 213, 296, 166), 30.88888888888889
(5, 299, 153, 128, 151, 178, 178, 243, 84), None
(120, 188, 118, 215, 190, 209, 282, 221, 119), 32.888888888888886
(36, 169, 245, 181, 269, 77, 239, 101, 61), 29.22222222222222
(75, 211, 200, 104, 71, 247, 129, 272, 194), 33.0
(77, 214, 207, 144, 20, 298, 124, 154, 243), 32.888888888888886
(142, 125, 120, 107, 135, 160, 73, 2, 198), 35.44444444444444
(143, 109, 106, 231, 167, 105, 72, 8, 235), 32.0
(181, 129, 166, 103, 132, 241, 59, 32, 195), 32.55555555555556
(119, 153, 129, 101, 110, 231, 137, 76, 210), 35.22222222222222
(118, 148, 124, 64, 123, 162, 7, 87, 163), 35.77777777777778
(121, 109, 127, 70, 121, 162, 10, 44, 216), None
(103, 11, 97, 52, 112, 192, 40, 96, 163), 30.555555555555557
(135, 173, 144, 30, 142, 229, 79, 87, 291), 37.0
(138, 182, 148, 26, 141, 152, 79, 87, 284), 32.22222222222222
(154, 74, 259, 9, 169, 173, 28, 53, 298), 32.22222222222222
(93, 118, 188, 41, 194, 219, 6, 21, 176), 31.444444444444443
(178, 93, 90, 71, 150, 195, 43, 133, 247), 33.666666666666664
(127, 166, 124, 82, 119, 224, 94, 76, 262), 35.44444444444444
(137, 171, 118, 38, 132, 147, 83, 37, 280), 36.55555555555556
(131, 170, 152, 8, 123, 279, 166, 75, 267), 30.11111111111111
(105, 203, 135, 37, 176, 131, 92, 44, 284), 32.55555555555556
(162, 137, 61, 21, 139, 164, 63, 4, 231), 36.77777777777778
(164, 146, 42, 21, 153, 139, 23, 29, 274), 36.22222222222222
(208, 193, 40, 19, 161, 118, 50, 30, 278), 30.88888888888889
(159, 137, 30, 3, 216, 87, 24, 56, 252), 35.77777777777778
(168, 176, 61, 32, 187, 139, 61, 24, 234), None
Sampler:CmaEsSampler
(135, 60, 227, 13, 56, 30, 142, 152, 9), 29.11111111111111
(135, 104, 94, 121, 62, 168, 141, 218, 148), 34.77777777777778
(123, 152, 60, 122, 105, 230, 222, 188, 172), 33.666666666666664
(134, 155, 120, 176, 35, 118, 173, 119, 91), 33.0
(134, 163, 177, 150, 181, 180, 173, 170, 105), 31.666666666666668
(174, 140, 102, 126, 87, 108, 117, 139, 177), 28.666666666666668
(116, 167, 189, 51, 82, 118, 115, 200, 110), 27.444444444444443
(183, 214, 172, 189, 124, 134, 185, 195, 96), 32.333333333333336
(226, 124, 121, 133, 207, 167, 88, 128, 207), None
(212, 114, 175, 125, 221, 177, 53, 141, 181), 30.666666666666668
(167, 125, 135, 168, 100, 107, 100, 230, 120), None
(174, 123, 124, 194, 103, 148, 212, 172, 138), 25.333333333333332
(162, 85, 238, 134, 154, 122, 65, 155, 119), 33.44444444444444
(186, 205, 160, 163, 96, 142, 140, 213, 120), 34.77777777777778
(130, 213, 155, 79, 96, 157, 192, 147, 182), 35.666666666666664
(64, 163, 88, 97, 98, 202, 151, 180, 205), 31.333333333333332
(138, 135, 208, 104, 110, 160, 129, 219, 134), 32.0
(146, 171, 155, 140, 149, 129, 162, 256, 160), 36.0
(201, 141, 63, 49, 112, 189, 209, 170, 243), 28.88888888888889
(117, 158, 126, 210, 26, 201, 163, 142, 161), 30.333333333333332
(212, 76, 141, 144, 70, 96, 104, 138, 173), 32.55555555555556
(112, 104, 200, 215, 92, 66, 162, 127, 252), 32.22222222222222
(200, 47, 107, 113, 164, 156, 139, 163, 163), None
(175, 134, 168, 135, 154, 179, 175, 169, 231), None
(129, 206, 143, 190, 138, 148, 164, 134, 132), 31.444444444444443
(146, 102, 145, 119, 106, 106, 139, 209, 145), None
(50, 123, 165, 121, 80, 237, 145, 166, 177), 34.111111111111114
(175, 128, 91, 155, 66, 110, 158, 231, 84), 34.22222222222222
(131, 229, 140, 153, 61, 112, 225, 81, 86), 32.22222222222222
(137, 130, 147, 89, 44, 191, 179, 245, 129), 33.333333333333336
(192, 113, 128, 84, 32, 147, 77, 139, 91), 35.77777777777778
(214, 245, 168, 155, 83, 115, 119, 122, 140), 33.22222222222222
(185, 121, 220, 131, 162, 95, 158, 195, 129), 29.11111111111111
(225, 186, 220, 115, 188, 127, 119, 190, 90), 28.444444444444443
(177, 197, 170, 151, 111, 130, 216, 193, 234), 33.0
(157, 145, 233, 156, 165, 131, 161, 223, 121), 33.666666666666664
(136, 69, 66, 138, 132, 181, 33, 121, 177), 33.111111111111114
(75, 118, 187, 133, 40, 172, 161, 193, 120), 33.0
(165, 135, 148, 116, 97, 114, 112, 168, 84), 32.77777777777778
(169, 107, 89, 70, 83, 126, 90, 186, 94), 40.0
(143, 144, 160, 97, 95, 103, 127, 172, 38), 33.333333333333336
(114, 122, 222, 127, 78, 111, 152, 241, 55), 33.22222222222222
(117, 12, 101, 206, 18, 138, 211, 237, 64), 32.333333333333336
(119, 49, 167, 84, 95, 189, 173, 141, 68), 30.444444444444443
(118, 114, 184, 108, 96, 148, 97, 211, 85), 33.77777777777778
(190, 21, 118, 67, 41, 183, 54, 270, 149), 34.22222222222222
(137, 120, 243, 86, 20, 218, 113, 198, 93), 30.0
(170, 47, 89, 78, 69, 166, 122, 193, 109), 34.333333333333336
(157, 135, 77, 146, 102, 154, 157, 256, 105), None
(161, 36, 87, 89, 89, 155, 119, 233, 91), None
