Sampler:TPESampler
(285, 120, 370), 72.0
(14, 102, 167), 88.0
(270, 306, 56), None
(159, 291, 184), 91.0
(83, 87, 176), 80.0
(158, 307, 158), None
(72, 112, 396), 80.0
(328, 277, 305), 89.0
(117, 115, 278), None
(117, 374, 244), 68.0
(387, 3, 9), None
(267, 246, 294), 94.0
(215, 208, 109), 64.0
(197, 222, 328), 88.0
(239, 396, 238), 96.0
(255, 396, 238), None
(328, 349, 238), 101.0
(352, 345, 233), None
(320, 357, 217), 70.0
(390, 171, 102), 76.0
(223, 331, 338), 82.0
(305, 247, 282), 86.0
(267, 395, 267), None
(238, 168, 322), 72.0
(349, 253, 210), 72.0
(202, 326, 132), 81.0
(288, 356, 266), 101.0
(300, 367, 267), 92.0
(350, 374, 200), 72.0
(286, 332, 366), 88.0
(243, 396, 246), 90.0
(285, 261, 295), 90.0
(186, 317, 345), 68.0
(327, 353, 259), 94.0
(0, 288, 307), 67.0
(369, 354, 258), 96.0
(384, 304, 152), 72.0
(369, 348, 187), 83.0
(303, 379, 227), 78.0
(368, 27, 193), 74.0
(168, 298, 160), 84.0
(329, 347, 256), None
(272, 148, 285), 68.0
(330, 364, 251), 79.0
(319, 278, 264), 87.0
(365, 81, 223), 70.0
(342, 382, 308), 94.0
(346, 387, 311), 114.0
(297, 320, 177), 64.0
(64, 397, 320), 61.0
(396, 378, 351), None
(343, 382, 397), 88.0
(315, 343, 276), 76.0
(375, 362, 306), 92.0
(282, 383, 296), 94.0
(236, 335, 236), None
(255, 313, 212), None
(339, 358, 319), None
(361, 399, 279), 77.0
(220, 386, 293), 76.0
(280, 364, 362), 82.0
(315, 351, 266), 92.0
(256, 384, 303), None
(290, 337, 248), 102.0
(293, 335, 247), 94.0
(309, 369, 258), 92.0
(335, 233, 208), None
(347, 323, 1), 64.0
(382, 339, 33), 70.0
(358, 292, 235), 98.0
(245, 283, 234), 80.0
(268, 304, 333), 86.0
(279, 264, 222), 70.0
(357, 372, 241), 88.0
(340, 354, 277), 82.0
(298, 328, 246), 88.0
(294, 338, 225), 84.0
(323, 295, 198), 76.0
(355, 389, 290), 82.0
(399, 208, 275), 90.0
(373, 309, 252), 86.0
(230, 238, 234), 97.0
(199, 356, 262), 69.0
(210, 272, 205), 78.0
(178, 327, 233), None
(225, 235, 214), 88.0
(150, 181, 255), None
(325, 372, 269), 82.0
(309, 352, 380), 88.0
(380, 316, 182), 77.0
(258, 293, 246), 94.0
(243, 220, 314), 92.0
(332, 342, 230), 72.0
(272, 261, 240), 75.0
(289, 241, 287), 110.0
(351, 249, 285), 78.0
(229, 191, 298), 74.0
(261, 274, 219), 93.0
(281, 390, 269), 80.0
(314, 364, 258), 84.0
(291, 240, 329), 82.0
(305, 376, 288), 84.0
(289, 152, 246), 64.0
(248, 222, 299), 90.0
(234, 215, 273), 97.0
(208, 201, 252), 102.0
(210, 203, 271), 68.0
(233, 194, 280), None
(193, 170, 92), 84.0
(218, 217, 240), 75.0
(390, 210, 227), 80.0
(360, 183, 307), 76.0
(251, 238, 249), 96.0
(248, 228, 262), 70.0
(211, 243, 258), 78.0
(238, 254, 251), 105.0
(239, 252, 252), None
(184, 266, 234), 60.0
(227, 229, 285), 72.0
(251, 215, 270), 99.0
(265, 214, 273), 76.0
(236, 204, 218), 92.0
(275, 236, 265), 84.0
(249, 253, 250), 105.0
(222, 260, 240), 90.0
(255, 253, 227), None
(261, 228, 278), 88.0
(46, 197, 197), None
(366, 215, 256), None
(249, 281, 251), 92.0
(203, 73, 206), 84.0
(235, 224, 237), 88.0
(268, 240, 266), 92.0
(218, 187, 313), 90.0
(252, 246, 245), 94.0
(243, 270, 294), 90.0
(229, 256, 271), None
(205, 289, 251), 84.0
(276, 392, 231), 92.0
(345, 360, 283), 78.0
(378, 239, 263), 76.0
(241, 346, 242), 92.0
(262, 203, 254), 66.0
(192, 371, 216), 90.0
(335, 230, 248), 86.0
(227, 398, 275), 86.0
(284, 219, 262), 90.0
(299, 335, 227), 91.0
(216, 305, 290), 82.0
(254, 383, 237), 94.0
(370, 248, 260), 86.0
(283, 379, 323), 90.0
(254, 387, 237), 91.0
(268, 297, 246), 100.0
(272, 351, 246), 86.0
(237, 319, 220), 78.0
(264, 257, 253), 84.0
(353, 328, 268), 78.0
(289, 284, 275), 86.0
(244, 365, 232), None
(230, 297, 257), 81.0
(316, 342, 246), 82.0
(257, 300, 243), 88.0
(247, 274, 250), 98.0
(250, 263, 264), 98.0
(248, 268, 280), 76.0
(274, 272, 264), 92.0
(234, 277, 257), 93.0
(117, 263, 271), 82.0
(242, 247, 223), 84.0
(265, 236, 252), 86.0
(249, 290, 238), 90.0
(225, 256, 249), None
(260, 244, 261), 89.0
(363, 277, 230), 76.0
(242, 213, 282), 80.0
(269, 223, 267), 112.0
(268, 228, 271), 68.0
(307, 197, 289), 86.0
(294, 206, 265), 68.0
(275, 223, 301), 76.0
(251, 236, 254), 86.0
(234, 252, 341), 85.0
(258, 311, 243), 92.0
(218, 260, 249), 88.0
(286, 219, 259), 85.0
(248, 356, 236), 80.0
(266, 241, 267), 88.0
(240, 232, 276), None
(342, 268, 242), 80.0
(357, 209, 255), None
(251, 248, 245), 94.0
(255, 379, 238), None
(230, 391, 229), 80.0
(325, 374, 304), 96.0
(320, 364, 294), 90.0
(328, 371, 315), 114.0
(330, 373, 316), 90.0
(339, 345, 326), 78.0
(302, 359, 306), 88.0
(330, 369, 312), 93.0
(347, 397, 284), 96.0
(350, 390, 276), 88.0
(373, 383, 285), 82.0
(325, 372, 262), 98.0
(310, 357, 265), 96.0
(320, 375, 258), 78.0
(311, 354, 267), 102.0
(307, 353, 268), 78.0
(301, 263, 248), 82.0
(335, 336, 333), 110.0
(333, 367, 331), 89.0
(324, 336, 337), 95.0
(336, 328, 255), None
(315, 359, 298), 98.0
(316, 347, 353), 96.0
(296, 348, 295), 89.0
(315, 338, 274), 98.0
(313, 339, 276), 90.0
(324, 359, 272), 86.0
(312, 317, 289), 98.0
(319, 324, 287), 88.0
(306, 312, 299), 92.0
(311, 335, 322), 80.0
(333, 345, 279), 89.0
(327, 1, 294), 64.0
(294, 319, 348), 98.0
(291, 318, 317), 96.0
(292, 324, 72), 62.0
(282, 304, 357), 84.0
(300, 288, 371), 90.0
(308, 296, 345), 94.0
(316, 331, 267), 102.0
(313, 333, 347), 92.0
(319, 326, 264), 94.0
(298, 318, 271), 106.0
(300, 313, 269), 94.0
(287, 321, 335), 94.0
(279, 339, 261), 76.0
(341, 332, 281), 100.0
(342, 316, 284), 80.0
(324, 331, 281), 102.0
(328, 328, 287), None
(137, 332, 279), 100.0
(295, 333, 278), 94.0
(145, 340, 303), 76.0
(115, 331, 271), None
(348, 352, 260), 90.0
(128, 322, 281), 80.0
(86, 344, 293), 66.0
(323, 336, 273), 76.0
(165, 341, 266), 86.0
(335, 309, 279), 102.0
(336, 349, 279), 96.0
(337, 309, 290), 89.0
(305, 302, 306), 90.0
(330, 329, 273), 95.0
(349, 321, 285), 92.0
(325, 330, 265), 98.0
(327, 366, 262), 88.0
(309, 316, 297), 104.0
(341, 309, 279), 87.0
(279, 313, 254), 87.0
(302, 332, 311), 82.0
(313, 304, 288), 86.0
(292, 318, 138), 100.0
(291, 319, 299), 86.0
(290, 308, 140), 79.0
(272, 298, 149), 84.0
(178, 318, 100), 74.0
(318, 353, 298), 114.0
(296, 348, 322), 84.0
(317, 27, 18), 98.0
(305, 329, 293), 98.0
(39, 41, 35), None
(316, 127, 310), 66.0
(268, 254, 160), 78.0
(332, 357, 270), 88.0
(289, 322, 340), 94.0
(306, 330, 298), 88.0
(320, 342, 303), 82.0
(282, 361, 281), 80.0
(342, 354, 313), 90.0
(355, 349, 295), 96.0
(334, 339, 274), 91.0
(357, 282, 251), 80.0
(323, 330, 284), 100.0
(298, 325, 127), 64.0
(317, 43, 281), None
(307, 312, 295), 96.0
(339, 333, 284), 91.0
(278, 343, 171), 68.0
(329, 337, 254), 83.0
(346, 324, 268), 86.0
(322, 348, 247), 84.0
(303, 194, 290), 76.0
(294, 316, 186), 92.0
(327, 202, 267), 76.0
(100, 179, 304), 91.0
(309, 357, 318), 92.0
(285, 323, 359), 98.0
(332, 366, 276), 86.0
(344, 290, 124), 70.0
(261, 307, 258), 90.0
(319, 340, 277), 82.0
(272, 224, 327), 88.0
(334, 333, 285), 107.0
(339, 329, 289), 80.0
(337, 336, 281), 93.0
(325, 346, 70), 64.0
(348, 211, 286), 78.0
(331, 334, 302), 86.0
(154, 352, 271), 76.0
(311, 327, 285), 92.0
(285, 342, 257), 104.0
(285, 337, 259), 92.0
(280, 160, 242), 80.0
(301, 347, 310), 116.0
(304, 353, 313), 88.0
(297, 343, 301), 90.0
(191, 346, 309), 76.0
(288, 358, 329), 82.0
(298, 366, 253), 86.0
(276, 313, 320), 86.0
(318, 341, 292), 86.0
(300, 351, 262), 96.0
(286, 325, 307), 92.0
(322, 336, 295), 88.0
(290, 348, 243), 78.0
(207, 321, 266), 96.0
(313, 333, 279), 89.0
(339, 302, 258), 78.0
(311, 312, 318), 88.0
(301, 361, 249), 80.0
(331, 345, 270), 78.0
(135, 327, 308), 80.0
(324, 332, 285), 100.0
(177, 378, 299), 87.0
(279, 356, 255), None
(336, 338, 277), 93.0
(352, 372, 289), 102.0
(360, 376, 289), 84.0
(346, 371, 282), 100.0
(269, 366, 296), 80.0
(354, 388, 273), 88.0
(312, 362, 264), 82.0
(348, 352, 235), 88.0
(4, 380, 291), None
(364, 369, 246), 104.0
(364, 386, 299), 87.0
(371, 369, 311), 86.0
(354, 379, 330), 95.0
(294, 361, 249), 86.0
(366, 364, 258), 90.0
(347, 373, 286), 88.0
(326, 356, 305), 96.0
(303, 347, 242), 100.0
(306, 347, 232), None
(356, 369, 239), 96.0
(322, 247, 249), 88.0
(385, 373, 265), 96.0
(332, 340, 272), 84.0
(275, 235, 257), 88.0
(266, 354, 246), 81.0
(286, 399, 225), 90.0
(316, 176, 322), 64.0
(343, 371, 291), 86.0
(336, 388, 255), None
(283, 359, 266), 92.0
(348, 381, 280), 108.0
(361, 378, 276), 96.0
(352, 389, 275), 80.0
(293, 381, 299), 87.0
(340, 363, 242), 122.0
(340, 365, 240), 89.0
(352, 382, 316), 90.0
(332, 361, 260), 92.0
(361, 372, 252), 84.0
(341, 354, 270), 78.0
(330, 366, 233), None
(198, 385, 304), 82.0
(374, 349, 264), 96.0
(348, 393, 337), 94.0
(311, 242, 290), 90.0
(319, 374, 212), 95.0
(338, 192, 249), 80.0
(298, 353, 313), 90.0
(328, 229, 243), 78.0
(306, 343, 260), 80.0
(368, 360, 324), 92.0
(344, 140, 270), 72.0
(323, 366, 281), 100.0
(334, 256, 296), None
(358, 342, 255), None
(315, 381, 307), 92.0
(351, 350, 274), 94.0
(307, 359, 235), 84.0
(299, 340, 264), 84.0
(333, 375, 290), 104.0
(341, 393, 291), 82.0
(332, 382, 303), 88.0
(325, 375, 287), 84.0
(289, 369, 281), 78.0
(344, 187, 297), 66.0
(336, 385, 314), 92.0
(316, 371, 283), 98.0
(214, 221, 292), 74.0
(328, 363, 227), 76.0
(352, 376, 300), 88.0
(320, 323, 248), 96.0
(363, 395, 385), 96.0
(379, 356, 267), 105.0
(397, 202, 274), 90.0
(380, 251, 268), 98.0
(368, 353, 280), 94.0
(389, 379, 309), 86.0
(369, 363, 294), 88.0
(374, 336, 332), 96.0
(377, 234, 287), 84.0
(355, 370, 260), 96.0
(343, 389, 274), 90.0
(309, 347, 268), 76.0
(381, 265, 320), 84.0
(360, 164, 280), 74.0
(388, 355, 256), None
(336, 245, 303), 86.0
(349, 325, 289), 80.0
(324, 343, 263), 87.0
(302, 375, 276), 78.0
(312, 316, 252), 82.0
(332, 215, 298), 104.0
(335, 206, 310), 76.0
(319, 197, 300), 66.0
(328, 219, 296), 88.0
(342, 212, 315), 70.0
(333, 214, 287), 76.0
(350, 226, 327), 90.0
(345, 202, 306), 82.0
(296, 365, 301), 90.0
(320, 334, 293), 88.0
(327, 227, 279), 88.0
(358, 220, 288), 94.0
(337, 387, 272), 76.0
(277, 359, 244), 80.0
(347, 240, 317), 78.0
(305, 380, 259), 98.0
(260, 355, 296), 80.0
(337, 215, 308), 88.0
(286, 206, 285), 96.0
(225, 368, 249), 80.0
(313, 340, 262), 96.0
(320, 328, 272), 94.0
(298, 348, 325), 90.0
(186, 397, 281), 72.0
(306, 373, 242), 96.0
(327, 307, 266), 91.0
(318, 321, 254), 83.0
(364, 332, 293), 96.0
(331, 76, 281), 68.0
(354, 360, 335), 83.0
(205, 343, 268), 84.0
(169, 186, 300), 84.0
(340, 380, 311), 103.0
(336, 383, 320), 88.0
(339, 258, 343), 91.0
(340, 377, 308), 92.0
(347, 385, 307), 100.0
(357, 391, 314), 92.0
(347, 370, 299), 90.0
(330, 91, 290), 64.0
(310, 347, 322), 120.0
(312, 352, 330), 88.0
(366, 380, 326), 90.0
(292, 398, 316), 94.0
(279, 367, 338), 96.0
(327, 209, 320), 78.0
(342, 234, 311), 79.0
(269, 194, 327), 90.0
(318, 272, 320), 84.0
(301, 338, 305), 86.0
(375, 364, 312), 90.0
(309, 349, 276), 90.0
(313, 344, 334), 82.0
(383, 375, 324), 106.0
(394, 390, 352), 86.0
(392, 359, 325), 92.0
(374, 376, 318), 108.0
(283, 384, 333), 104.0
(383, 388, 344), 98.0
(390, 379, 335), 97.0
(375, 382, 337), 88.0
(372, 373, 325), 100.0
(380, 387, 332), 94.0
(388, 376, 324), 102.0
(372, 397, 344), 88.0
(282, 384, 316), 92.0
(398, 375, 319), 96.0
(274, 366, 309), 96.0
(381, 360, 323), 76.0
(367, 392, 314), 98.0
(287, 371, 331), 94.0
(386, 372, 329), 88.0
(377, 383, 341), 90.0
(295, 379, 316), 90.0
(364, 375, 301), 94.0
(283, 250, 349), 78.0
(262, 386, 319), 90.0
(361, 365, 307), 88.0
(381, 358, 202), 78.0
(350, 391, 305), 94.0
(361, 379, 314), 89.0
(273, 230, 192), 74.0
(370, 364, 330), 82.0
(332, 396, 322), 86.0
(341, 368, 304), 92.0
(358, 378, 298), 83.0
(237, 222, 339), 76.0
(392, 384, 326), 98.0
(22, 239, 310), 89.0
(390, 376, 324), 102.0
(354, 370, 365), 92.0
(392, 390, 336), 100.0
(294, 357, 318), 90.0
(217, 202, 310), 90.0
(352, 372, 293), 90.0
(369, 360, 300), 82.0
(325, 351, 314), 102.0
(389, 385, 327), 92.0
(385, 376, 334), 90.0
(380, 364, 326), 98.0
(286, 246, 236), 92.0
(333, 257, 297), 112.0
(333, 262, 302), 96.0
(343, 267, 297), 82.0
(299, 258, 308), 82.0
(264, 259, 294), 95.0
(327, 275, 316), 88.0
(336, 248, 307), 72.0
(304, 251, 300), 90.0
(271, 238, 317), 100.0
(279, 112, 289), 69.0
(319, 254, 347), 87.0
(255, 399, 308), None
(344, 285, 296), 76.0
(290, 354, 322), 82.0
(329, 246, 304), 92.0
(337, 230, 355), 88.0
(321, 366, 314), 96.0
(302, 384, 334), 102.0
(291, 352, 286), 84.0
(345, 268, 296), 78.0
(336, 389, 314), 92.0
(309, 61, 288), 74.0
(326, 368, 340), 88.0
(371, 346, 303), 102.0
(69, 378, 330), 70.0
(350, 241, 293), 98.0
(281, 356, 312), 84.0
(332, 361, 220), 92.0
(245, 399, 324), 86.0
(314, 382, 299), 89.0
(358, 371, 284), 84.0
(298, 223, 318), 74.0
(399, 255, 306), None
(271, 342, 286), 96.0
(322, 391, 274), 88.0
(342, 365, 322), 72.0
(375, 233, 291), None
(306, 352, 257), 92.0
(259, 376, 303), 80.0
(363, 384, 332), 81.0
(289, 360, 343), 98.0
(333, 350, 311), 78.0
(352, 371, 244), 92.0
(323, 242, 280), 86.0
(341, 262, 297), 82.0
(279, 343, 322), 84.0
(316, 390, 264), 82.0
(295, 379, 312), 100.0
(309, 365, 283), 86.0
(379, 337, 294), 100.0
(331, 356, 252), 78.0
(348, 372, 329), 84.0
(51, 219, 302), 73.0
(300, 275, 317), 84.0
(366, 350, 276), 90.0
(339, 251, 308), 83.0
(357, 381, 260), 88.0
(286, 360, 291), 96.0
(323, 230, 269), 80.0
(330, 392, 52), 81.0
(266, 344, 236), 90.0
(346, 369, 303), 102.0
(315, 335, 251), 117.0
(309, 325, 175), 78.0
(316, 336, 251), 126.0
(305, 332, 246), 78.0
(317, 338, 239), 74.0
(315, 335, 250), 78.0
(312, 335, 260), 90.0
(321, 123, 248), 64.0
(303, 329, 255), None
(295, 321, 271), 80.0
(324, 19, 231), 82.0
(318, 343, 241), 86.0
(310, 343, 244), 88.0
(325, 321, 254), 86.0
(304, 328, 258), 92.0
(296, 335, 267), 98.0
(288, 348, 250), 86.0
(250, 349, 263), 84.0
(275, 314, 230), 88.0
(314, 338, 239), 86.0
(330, 239, 212), 74.0
(304, 213, 277), 76.0
(370, 352, 222), 99.0
(278, 358, 254), 84.0
(318, 293, 258), 104.0
(328, 327, 245), 82.0
(313, 259, 287), 98.0
(384, 345, 264), 94.0
(294, 339, 269), 102.0
(241, 356, 254), 89.0
(307, 300, 339), 72.0
(323, 290, 281), 98.0
(376, 316, 230), 80.0
(301, 283, 258), 102.0
(321, 312, 251), 72.0
(288, 295, 240), 90.0
(282, 333, 272), 80.0
(267, 365, 265), 86.0
(299, 247, 352), 87.0
(317, 308, 248), 76.0
(363, 347, 331), 98.0
(338, 356, 276), 102.0
(311, 269, 260), 92.0
(331, 224, 254), 78.0
(228, 265, 237), 76.0
(333, 326, 293), 88.0
(311, 279, 269), 87.0
(353, 340, 286), 92.0
(324, 252, 258), 78.0
(317, 295, 320), 89.0
(327, 319, 282), 100.0
(334, 305, 298), 90.0
(255, 231, 338), None
(345, 371, 326), 92.0
(383, 364, 90), 86.0
(373, 353, 246), 92.0
(319, 242, 291), 86.0
(307, 256, 347), None
(285, 345, 246), 96.0
(337, 383, 303), 90.0
(355, 331, 275), 82.0
(293, 359, 335), 96.0
(313, 319, 262), 87.0
(85, 372, 318), 72.0
(301, 335, 265), 96.0
(317, 213, 224), 82.0
(325, 236, 285), 88.0
(312, 325, 252), 72.0
(328, 330, 275), 98.0
(338, 269, 293), 100.0
(365, 392, 306), 100.0
(276, 247, 242), 92.0
(300, 341, 258), 84.0
(292, 316, 271), 87.0
(258, 304, 234), 79.0
(331, 345, 266), 100.0
(345, 378, 311), 86.0
(349, 355, 253), 84.0
(283, 338, 297), 90.0
(308, 326, 260), 113.0
(309, 335, 277), 94.0
(306, 321, 326), 86.0
(323, 334, 262), 94.0
(317, 325, 317), None
(377, 367, 320), 92.0
(303, 314, 279), 97.0
(382, 279, 249), 80.0
(233, 348, 259), None
(295, 225, 266), 86.0
(303, 309, 244), 92.0
(271, 327, 11), 60.0
(322, 329, 282), 102.0
(359, 350, 163), 84.0
(291, 318, 260), 86.0
(397, 375, 303), 92.0
(314, 299, 266), 98.0
(319, 237, 235), 80.0
(243, 340, 250), 82.0
(298, 333, 327), 90.0
(296, 216, 345), 98.0
(308, 257, 334), 86.0
(264, 363, 240), 76.0
(108, 348, 275), 71.0
(284, 342, 270), 96.0
(385, 384, 310), 112.0
(397, 310, 313), 100.0
(385, 354, 261), 96.0
(376, 363, 251), 77.0
(388, 271, 255), None
(386, 393, 321), 99.0
(392, 246, 310), 96.0
(314, 261, 286), 90.0
(306, 288, 323), 127.0
(280, 386, 330), 108.0
(302, 266, 330), 90.0
(273, 389, 324), 84.0
(308, 399, 317), 94.0
(398, 287, 323), 86.0
(290, 385, 341), 90.0
(374, 383, 333), 94.0
(366, 373, 328), 88.0
(331, 255, 321), None
(381, 399, 314), 86.0
(309, 285, 316), 98.0
(306, 324, 307), 84.0
(279, 340, 338), 73.0
(374, 387, 327), 96.0
(337, 381, 308), 86.0
(288, 348, 331), 98.0
(252, 275, 318), 102.0
(301, 322, 310), 90.0
(222, 392, 373), 99.0
(328, 240, 306), 102.0
(322, 235, 356), 84.0
(272, 336, 342), 82.0
(294, 388, 336), 88.0
(261, 252, 321), 90.0
(389, 317, 313), 88.0
(379, 369, 227), 86.0
(312, 329, 149), 68.0
(300, 308, 299), 88.0
(340, 224, 300), 116.0
(347, 244, 313), 94.0
(344, 233, 323), None
(340, 263, 308), 91.0
(237, 252, 303), 80.0
(388, 226, 318), 86.0
(339, 245, 328), 74.0
(355, 379, 295), 101.0
(326, 360, 303), 76.0
(315, 259, 322), 79.0
(335, 358, 312), 108.0
(335, 377, 314), 112.0
(336, 361, 312), 86.0
(344, 379, 314), 93.0
(333, 375, 308), 96.0
(349, 391, 320), 92.0
(342, 366, 331), 110.0
(342, 369, 338), 80.0
(337, 373, 346), 94.0
(348, 367, 328), None
(327, 382, 333), 86.0
(339, 362, 329), 88.0
(331, 376, 321), 86.0
(353, 387, 313), 90.0
(335, 139, 328), 92.0
(344, 355, 351), 84.0
(325, 367, 303), 99.0
(351, 375, 315), 100.0
(323, 394, 339), 89.0
(340, 382, 321), 86.0
(332, 360, 301), 104.0
(320, 352, 327), 98.0
(342, 369, 311), 94.0
(328, 385, 335), 92.0
(352, 375, 321), 84.0
(335, 362, 309), 90.0
(319, 350, 344), 87.0
(344, 398, 301), 90.0
(357, 381, 296), 94.0
(329, 366, 317), 86.0
(335, 375, 325), 100.0
(322, 344, 308), 100.0
(314, 388, 331), 94.0
(348, 354, 316), 94.0
(331, 356, 293), 88.0
(342, 362, 305), 86.0
(327, 373, 332), 94.0
(319, 386, 321), 93.0
(338, 346, 314), 96.0
(358, 379, 298), 101.0
(306, 334, 340), 92.0
(349, 367, 290), 89.0
(312, 339, 307), 96.0
(319, 350, 325), 87.0
(327, 392, 360), 86.0
(337, 372, 315), 94.0
(348, 359, 196), 89.0
(161, 381, 300), 70.0
(309, 329, 182), 90.0
(334, 367, 333), 101.0
(324, 399, 322), 84.0
(300, 343, 289), 106.0
(305, 340, 288), 102.0
(360, 357, 314), 90.0
(343, 376, 305), 92.0
(297, 347, 398), 86.0
(318, 350, 294), 92.0
(330, 391, 327), 92.0
(354, 365, 339), 93.0
(314, 332, 113), None
(342, 386, 310), 90.0
(298, 335, 294), 92.0
(325, 379, 352), 87.0
(305, 342, 288), 104.0
(292, 330, 283), 98.0
(334, 91, 319), 96.0
(316, 356, 296), 88.0
(25, 348, 303), 60.0
(336, 219, 333), 92.0
(346, 371, 324), 99.0
(324, 364, 311), 98.0
(300, 340, 285), 76.0
(356, 386, 348), 96.0
(309, 326, 285), 106.0
(329, 376, 302), 90.0
(290, 337, 290), None
(305, 323, 281), 79.0
(295, 345, 294), 85.0
(312, 207, 279), 89.0
(303, 343, 301), 92.0
(341, 355, 308), 86.0
(322, 227, 315), 80.0
(317, 335, 288), 94.0
(317, 328, 297), 116.0
(321, 320, 299), 76.0
(310, 326, 301), 108.0
(313, 327, 296), 94.0
(324, 331, 309), 86.0
(331, 65, 301), 64.0
(317, 323, 304), 96.0
(330, 316, 306), 102.0
(312, 333, 298), 90.0
(337, 352, 31), 86.0
(320, 325, 313), 90.0
(329, 313, 308), 88.0
(311, 359, 297), 94.0
(323, 340, 317), 96.0
(348, 399, 304), 96.0
(95, 300, 294), 61.0
(338, 330, 317), 96.0
(330, 351, 307), 94.0
(146, 221, 312), 66.0
(318, 364, 297), 102.0
(341, 346, 320), 79.0
(312, 359, 329), 87.0
(326, 101, 291), 70.0
(351, 335, 302), 88.0
(306, 389, 312), 105.0
(335, 12, 322), 66.0
(318, 324, 303), 90.0
(326, 196, 292), 84.0
(345, 368, 336), 96.0
(309, 339, 314), 102.0
(332, 382, 307), 86.0
(339, 354, 286), 100.0
(319, 315, 328), 97.0
(351, 209, 320), 80.0
(306, 367, 299), 94.0
(326, 393, 206), 70.0
(337, 229, 310), 72.0
(314, 331, 345), 94.0
(344, 347, 324), 98.0
(358, 374, 282), 88.0
(321, 359, 296), 92.0
(333, 321, 316), 88.0
(302, 384, 333), 100.0
(315, 344, 306), 86.0
(327, 338, 319), 86.0
(309, 304, 289), 74.0
(123, 354, 300), 70.0
(343, 371, 311), 84.0
(350, 171, 328), 72.0
(333, 377, 340), 88.0
(298, 327, 292), 90.0
(318, 392, 305), 94.0
(363, 336, 318), 90.0
(323, 365, 281), 102.0
(308, 350, 298), 94.0
(338, 47, 326), None
(331, 385, 312), 94.0
(345, 360, 290), 96.0
(355, 235, 304), 82.0
(314, 378, 335), 114.0
(304, 382, 344), 84.0
(295, 378, 341), 90.0
(308, 392, 335), 111.0
(303, 382, 359), 90.0
(309, 375, 349), 82.0
(313, 399, 336), 102.0
(295, 394, 350), 91.0
(311, 391, 342), 90.0
(315, 392, 330), 102.0
(298, 397, 366), 92.0
(302, 388, 350), 100.0
(290, 386, 330), 80.0
(304, 372, 336), 96.0
(318, 394, 335), 92.0
(309, 367, 343), 84.0
(321, 383, 359), 90.0
(289, 372, 325), 84.0
(309, 365, 332), 88.0
(299, 391, 339), 95.0
(315, 386, 336), 94.0
(321, 399, 351), 87.0
(304, 381, 328), 86.0
(313, 357, 322), 86.0
(286, 216, 342), 92.0
(295, 375, 321), 96.0
(173, 230, 319), 76.0
(304, 379, 331), 90.0
(321, 363, 312), 108.0
(326, 388, 326), None
(317, 360, 315), 88.0
(319, 369, 307), 98.0
(327, 364, 317), 96.0
(326, 369, 346), 92.0
(311, 289, 334), 100.0
(308, 375, 326), 86.0
(320, 382, 335), 98.0
(297, 351, 326), 86.0
(305, 353, 308), 86.0
(319, 360, 319), None
(329, 346, 301), 114.0
(53, 392, 345), 60.0
(329, 348, 311), 94.0
(331, 348, 321), 98.0
(323, 356, 308), 80.0
(324, 220, 331), 90.0
(335, 359, 313), 93.0
(330, 352, 66), 66.0
(340, 344, 295), 90.0
(313, 341, 296), 90.0
(289, 332, 300), 94.0
(335, 362, 304), 84.0
(323, 352, 316), 88.0
(363, 384, 330), 95.0
(339, 364, 310), 85.0
(346, 208, 341), 80.0
(349, 373, 302), 94.0
(337, 372, 289), 90.0
(315, 345, 321), 92.0
(321, 354, 216), 76.0
(310, 340, 303), 80.0
(279, 377, 324), 90.0
(310, 279, 281), 88.0
(329, 367, 315), 88.0
(302, 238, 275), 82.0
(330, 338, 296), 96.0
(293, 180, 336), 86.0
(299, 327, 356), 98.0
(341, 394, 336), 88.0
(344, 399, 345), 86.0
(318, 226, 312), 88.0
(326, 358, 2), 60.0
(322, 347, 323), 90.0
(308, 311, 307), 106.0
(315, 336, 294), 94.0
(299, 324, 301), 90.0
(286, 319, 286), None
(302, 303, 328), 94.0
(330, 360, 315), 90.0
(334, 353, 275), 106.0
(295, 233, 324), None
(356, 377, 383), 118.0
(283, 387, 392), 100.0
(364, 375, 190), 70.0
(354, 332, 380), 86.0
(366, 367, 376), 80.0
(357, 379, 275), 91.0
(315, 343, 361), 96.0
(306, 312, 387), 80.0
(336, 362, 377), 90.0
(312, 388, 303), 100.0
(193, 380, 374), 76.0
(323, 201, 312), 86.0
(372, 329, 379), 92.0
(347, 384, 359), 86.0
(359, 371, 399), None
(320, 243, 350), 76.0
(369, 221, 362), 96.0
(354, 337, 295), 94.0
(350, 368, 317), 88.0
(3, 388, 395), None
(315, 345, 305), 96.0
(339, 389, 282), 86.0
(280, 379, 392), 89.0
(311, 338, 300), 88.0
(353, 399, 383), 87.0
(344, 354, 291), 80.0
(331, 372, 80), None
(291, 325, 351), 80.0
(369, 391, 339), 91.0
(328, 294, 371), 92.0
(337, 348, 366), 83.0
(304, 329, 300), 92.0
(325, 356, 310), 86.0
(308, 315, 305), 92.0
(327, 362, 314), 80.0
(362, 377, 272), 82.0
(332, 360, 309), 88.0
(314, 227, 302), 80.0
(346, 369, 286), 104.0
(338, 342, 300), 76.0
(345, 158, 387), 83.0
(349, 321, 287), 82.0
(341, 350, 319), 87.0
(352, 212, 271), 72.0
(316, 187, 295), 93.0
(315, 333, 306), 95.0
(322, 372, 321), 98.0
(325, 367, 368), 124.0
(328, 369, 353), 92.0
(321, 364, 382), 90.0
(323, 354, 385), 102.0
(338, 381, 388), 85.0
(321, 362, 356), 98.0
(134, 376, 323), 68.0
(306, 281, 376), 92.0
(333, 348, 371), 126.0
(339, 346, 367), 102.0
(332, 347, 369), 87.0
(327, 239, 382), 86.0
(335, 341, 367), 94.0
(330, 347, 389), 88.0
(334, 338, 380), 88.0
(326, 353, 360), 92.0
(317, 352, 391), 90.0
(343, 345, 382), None
(330, 356, 360), 92.0
(318, 232, 392), None
(325, 363, 363), None
(341, 340, 399), 74.0
(310, 248, 369), 86.0
(332, 221, 381), 98.0
(318, 353, 373), 92.0
(336, 370, 367), 100.0
(324, 270, 369), 80.0
(302, 335, 373), 94.0
(314, 344, 381), 96.0
(344, 200, 375), 78.0
(327, 359, 371), 98.0
(334, 369, 376), 90.0
(310, 351, 389), 94.0
(318, 339, 358), 89.0
(350, 215, 364), 76.0
(302, 365, 352), 98.0
(340, 378, 385), 89.0
(326, 346, 237), 97.0
(310, 358, 115), None
(332, 242, 368), 102.0
(184, 335, 156), 72.0
(319, 369, 391), 91.0
(344, 353, 377), 88.0
(301, 380, 375), 97.0
(355, 345, 345), None
(325, 288, 208), 66.0
(339, 236, 242), 84.0
(314, 332, 354), 86.0
(331, 227, 339), 87.0
(320, 359, 224), 84.0
(308, 367, 249), 88.0
(348, 376, 361), 92.0
(334, 341, 333), 82.0
(298, 208, 231), 92.0
(324, 348, 294), 94.0
(315, 385, 348), 94.0
(153, 361, 397), 68.0
(305, 372, 134), 64.0
(338, 252, 386), 78.0
(324, 331, 310), 84.0
(344, 351, 319), 88.0
(333, 399, 293), 87.0
(356, 383, 329), 94.0
(313, 364, 309), 86.0
(296, 339, 370), 93.0
(327, 375, 317), 96.0
(306, 358, 257), 88.0
(315, 144, 342), 66.0
(348, 295, 325), 94.0
(320, 390, 299), 89.0
(339, 351, 50), None
(330, 273, 200), 86.0
(307, 369, 313), 94.0
(319, 334, 306), 96.0
(300, 320, 335), 83.0
(332, 342, 247), 80.0
(342, 378, 354), 88.0
(355, 194, 291), 86.0
(325, 222, 328), 100.0
(310, 364, 301), 104.0
(317, 237, 322), 74.0
(295, 263, 265), 88.0
(336, 355, 313), 90.0
(326, 391, 182), 82.0
(346, 33, 295), 64.0
(304, 328, 341), 96.0
(333, 372, 240), 86.0
(314, 345, 255), None
(349, 384, 307), 92.0
(322, 337, 362), 92.0
(342, 248, 378), 82.0
(201, 356, 318), 84.0
(358, 381, 283), 98.0
(307, 306, 332), 90.0
(329, 350, 299), 94.0
(297, 366, 290), 84.0
(32, 231, 326), 70.0
(320, 216, 311), 82.0
(336, 329, 215), 98.0
(311, 374, 384), 84.0
(321, 392, 347), 98.0
(339, 345, 99), None
(328, 362, 305), 92.0
(350, 280, 172), 74.0
(302, 338, 262), 88.0
(311, 382, 318), 88.0
(316, 132, 333), 94.0
(329, 370, 292), 90.0
(291, 399, 25), 75.0
(360, 320, 369), 104.0
(340, 357, 303), 78.0
(323, 348, 246), 92.0
(307, 377, 323), 92.0
(336, 336, 231), None
(351, 365, 312), 96.0
(319, 385, 355), 93.0
(296, 357, 341), 102.0
(330, 344, 280), 106.0
(312, 326, 299), 87.0
(345, 207, 317), 66.0
(326, 373, 254), 92.0
(302, 351, 330), 86.0
(316, 389, 306), 98.0
(341, 364, 287), 90.0
(333, 242, 271), 80.0
(323, 227, 392), 76.0
(305, 334, 321), 92.0
(293, 379, 296), 90.0
(65, 342, 308), 80.0
(315, 369, 335), 109.0
(353, 255, 313), None
(337, 358, 376), None
(329, 300, 262), 76.0
(362, 352, 327), 80.0
(345, 312, 291), 82.0
(312, 392, 317), 88.0
(322, 324, 241), 77.0
(335, 113, 350), None
(310, 332, 364), 86.0
(300, 379, 298), 80.0
(76, 362, 308), 78.0
(324, 341, 252), 98.0
(289, 349, 324), 80.0
(345, 372, 147), 68.0
(318, 384, 340), 87.0
(330, 263, 282), 100.0
(307, 241, 301), 116.0
(299, 245, 291), 88.0
(305, 237, 299), 87.0
(298, 241, 301), 86.0
(334, 217, 316), 88.0
(287, 256, 304), None
(12, 392, 226), 66.0
(321, 355, 331), 80.0
(329, 370, 325), 88.0
(359, 318, 219), 87.0
(311, 231, 288), 79.0
(309, 234, 284), 83.0
(351, 331, 315), 80.0
(292, 213, 292), None
(303, 263, 305), 82.0
(303, 258, 277), 75.0
(295, 222, 300), 77.0
(314, 245, 292), 92.0
(307, 247, 297), 74.0
(315, 237, 304), 82.0
(210, 228, 399), 90.0
(302, 235, 309), 86.0
(296, 240, 270), 84.0
(306, 255, 279), None
(319, 225, 296), 92.0
(290, 248, 285), 78.0
(337, 344, 346), 86.0
(313, 252, 307), 86.0
(317, 274, 262), 88.0
(341, 362, 321), 72.0
(326, 376, 44), None
(307, 245, 385), 92.0
(312, 233, 297), None
(302, 382, 309), 106.0
(295, 399, 286), 95.0
(331, 350, 335), 85.0
(322, 218, 269), 90.0
(343, 366, 232), None
(309, 53, 249), 70.0
(352, 335, 325), 102.0
(332, 340, 354), 86.0
(283, 228, 373), 78.0
(314, 266, 312), 105.0
(339, 357, 335), 94.0
(319, 322, 302), 92.0
(289, 200, 292), 88.0
(323, 330, 256), None
(297, 387, 310), 86.0
(306, 372, 278), 96.0
(328, 348, 318), 84.0
(343, 363, 329), 106.0
(318, 251, 303), 80.0
(355, 292, 340), 82.0
(303, 389, 242), 100.0
(314, 242, 288), 96.0
(306, 284, 300), 96.0
(334, 376, 320), 96.0
(324, 310, 381), 92.0
(296, 381, 311), 88.0
(319, 208, 296), 92.0
(310, 223, 269), 88.0
(347, 354, 328), 86.0
(364, 368, 307), 86.0
(325, 338, 286), 88.0
(319, 0, 365), 59.0
(299, 384, 313), 87.0
(110, 327, 257), None
(286, 392, 296), 94.0
(335, 346, 346), None
(311, 371, 303), 86.0
(325, 317, 314), 92.0
(302, 375, 250), 74.0
(315, 364, 278), 90.0
(308, 239, 293), 98.0
(327, 269, 305), 80.0
(339, 355, 236), 82.0
(318, 339, 264), 95.0
(291, 379, 374), 98.0
(326, 329, 386), 106.0
(311, 399, 285), 86.0
(349, 349, 357), None
(303, 384, 315), 94.0
(334, 342, 322), 97.0
(296, 233, 299), None
(357, 359, 334), 87.0
(320, 99, 272), None
(345, 361, 324), 98.0
(336, 351, 331), 88.0
(317, 248, 289), 78.0
(308, 192, 308), None
(329, 370, 316), 111.0
(327, 370, 318), 96.0
(316, 384, 304), 84.0
(329, 374, 319), 98.0
(322, 389, 309), 86.0
(336, 366, 317), 96.0
(313, 378, 297), 98.0
(333, 332, 315), 96.0
(344, 375, 321), 86.0
(329, 374, 314), 98.0
(306, 389, 303), 92.0
(284, 223, 292), 90.0
(329, 342, 324), 102.0
(298, 391, 307), 96.0
(318, 378, 299), 80.0
(342, 361, 316), 74.0
(368, 366, 242), 100.0
(398, 366, 325), 104.0
(326, 323, 378), 88.0
(350, 372, 390), 88.0
(360, 361, 315), 82.0
(333, 335, 366), 84.0
(325, 347, 312), 107.0
(166, 353, 235), 86.0
(341, 382, 323), 88.0
(310, 392, 280), 86.0
(303, 255, 301), None
(319, 244, 259), 75.0
(332, 302, 248), 82.0
(324, 338, 310), 84.0
(341, 367, 321), 94.0
(311, 276, 288), 96.0
(313, 384, 296), 90.0
(93, 369, 212), 68.0
(332, 316, 372), 88.0
(352, 361, 327), 80.0
(339, 358, 314), 102.0
(323, 346, 337), 94.0
(352, 379, 224), 87.0
(345, 376, 328), 88.0
(331, 328, 362), 98.0
(325, 399, 311), 85.0
(322, 353, 348), 88.0
(292, 232, 274), None
(333, 342, 164), 68.0
(336, 308, 244), 92.0
(307, 227, 263), 74.0
(320, 352, 320), None
(358, 366, 309), 86.0
(298, 215, 293), 82.0
(280, 79, 282), None
(346, 369, 331), 106.0
(369, 386, 392), 82.0
(329, 334, 379), 100.0
(300, 260, 303), 81.0
(321, 322, 318), 90.0
(335, 342, 354), 91.0
(326, 333, 250), 78.0
(314, 240, 299), 95.0
(319, 393, 342), 89.0
(290, 210, 291), 72.0
(338, 354, 200), 92.0
(307, 385, 304), 82.0
(349, 371, 326), 96.0
(363, 362, 314), 98.0
(340, 374, 235), 80.0
(313, 250, 270), 76.0
(347, 379, 334), 98.0
(302, 233, 255), None
(355, 360, 318), 88.0
(327, 347, 309), 104.0
(339, 358, 324), 90.0
(333, 379, 310), 100.0
(311, 218, 279), 96.0
(291, 393, 296), 86.0
(304, 239, 287), 86.0
(316, 297, 399), 92.0
(326, 370, 330), 88.0
(179, 269, 303), 89.0
(399, 365, 316), 91.0
(322, 341, 363), 82.0
(332, 349, 339), 96.0
(321, 327, 243), 84.0
(329, 334, 309), 78.0
(301, 285, 264), 92.0
(310, 153, 296), 94.0
(298, 387, 302), 94.0
(313, 178, 288), 92.0
(343, 377, 387), 93.0
(321, 316, 321), None
(355, 357, 330), 96.0
(289, 204, 278), 86.0
(305, 225, 296), 70.0
(314, 384, 303), 96.0
(297, 399, 264), 82.0
(343, 370, 371), 84.0
(329, 324, 354), 88.0
(366, 357, 316), 102.0
(335, 340, 253), 78.0
(350, 366, 325), 122.0
(358, 374, 321), 88.0
(350, 364, 312), 92.0
(361, 379, 310), 84.0
(354, 357, 322), 88.0
(369, 388, 381), 104.0
(347, 369, 308), 84.0
(319, 379, 316), 85.0
(370, 358, 230), 72.0
(381, 365, 326), 90.0
(363, 385, 307), 88.0
(343, 352, 321), 104.0
(353, 373, 315), 90.0
(336, 393, 308), 97.0
(324, 366, 248), 78.0
(315, 379, 240), 95.0
(337, 354, 370), 96.0
(328, 372, 325), 82.0
(318, 360, 306), 98.0
(340, 350, 336), 94.0
(360, 392, 319), 91.0
(350, 383, 315), 90.0
(325, 363, 308), 100.0
(317, 373, 328), 92.0
(330, 383, 302), 100.0
(348, 348, 256), None
(377, 358, 314), 96.0
(334, 370, 382), 94.0
(314, 379, 301), 89.0
(322, 394, 338), 90.0
(310, 349, 322), 86.0
(338, 364, 392), 88.0
(328, 386, 331), 96.0
(344, 375, 311), 80.0
(320, 355, 303), 92.0
(357, 367, 221), 76.0
(309, 343, 318), 82.0
(332, 359, 246), 88.0
(316, 289, 345), 86.0
(325, 379, 296), 101.0
(340, 393, 88), 68.0
(221, 349, 308), 88.0
(349, 370, 374), 112.0
(354, 362, 378), 88.0
(367, 385, 370), 102.0
(361, 185, 364), 98.0
(352, 346, 122), 66.0
(361, 367, 376), 86.0
(348, 358, 385), 92.0
(352, 387, 372), 94.0
(370, 370, 371), None
(350, 354, 378), 94.0
(362, 377, 360), 92.0
(344, 359, 365), 96.0
(342, 363, 357), 82.0
(349, 366, 374), 90.0
(359, 340, 381), 90.0
(348, 399, 361), 86.0
(390, 375, 388), 96.0
(376, 353, 295), 96.0
(338, 369, 392), 90.0
(359, 384, 384), None
(339, 306, 262), 94.0
(306, 346, 367), 92.0
(344, 354, 376), 92.0
(332, 370, 384), 94.0
(354, 361, 395), 96.0
(335, 372, 371), 90.0
(344, 352, 389), 108.0
(367, 392, 353), 99.0
(313, 335, 360), 86.0
(306, 379, 347), 97.0
(319, 342, 368), 86.0
(335, 360, 238), 76.0
(330, 199, 66), 71.0
(345, 368, 304), 102.0
(355, 9, 194), None
(312, 313, 377), 95.0
(338, 348, 399), 100.0
(327, 363, 254), 88.0
(335, 354, 297), 102.0
(319, 281, 365), 90.0
(366, 295, 380), 92.0
(347, 364, 311), 98.0
(128, 335, 255), None
(304, 388, 357), 100.0
(329, 345, 290), 84.0
(306, 380, 237), 92.0
(341, 374, 301), 98.0
(354, 356, 307), 95.0
(335, 325, 302), 90.0
(324, 373, 288), 90.0
(375, 340, 268), 84.0
(349, 366, 247), 100.0
(54, 349, 313), 68.0
(325, 210, 294), 70.0
(337, 330, 307), 100.0
(330, 357, 210), 76.0
(343, 372, 313), 86.0
(322, 359, 386), 98.0
(341, 342, 258), 100.0
(324, 377, 299), 90.0
(358, 365, 231), 75.0
(40, 352, 320), 68.0
(332, 334, 275), 88.0
(346, 273, 305), 77.0
(198, 374, 293), 78.0
(383, 364, 282), 88.0
(320, 319, 315), 97.0
(350, 347, 370), 92.0
(337, 216, 305), 84.0
(327, 356, 379), 99.0
(320, 337, 318), 79.0
(364, 376, 248), 82.0
(333, 301, 296), 88.0
(355, 328, 287), 80.0
(314, 365, 324), 98.0
(391, 347, 269), 76.0
(338, 359, 312), 95.0
(373, 371, 302), 88.0
(327, 341, 309), 108.0
(316, 379, 187), 94.0
(145, 352, 261), 80.0
(347, 322, 322), None
(331, 362, 375), 78.0
(341, 369, 298), 88.0
(322, 334, 393), 90.0
(356, 261, 284), 92.0
(316, 23, 314), 72.0
(331, 380, 293), 86.0
(342, 344, 325), 90.0
(319, 354, 242), 89.0
(326, 372, 223), 96.0
(351, 168, 306), 64.0
(312, 313, 252), 80.0
(336, 363, 386), 89.0
(325, 202, 314), 84.0
(334, 380, 273), 82.0
(344, 220, 300), 91.0
(313, 346, 320), 102.0
(359, 66, 309), 65.0
(323, 357, 291), 82.0
(367, 326, 365), 92.0
(349, 368, 303), 98.0
(331, 336, 326), 90.0
(310, 351, 257), 97.0
(339, 376, 281), 83.0
(160, 364, 317), 60.0
(318, 280, 300), 77.0
(323, 381, 264), 110.0
Sampler:BoTorchSampler
(298, 152, 237), 92.0
(195, 86, 180), 78.0
(77, 91, 198), None
(147, 122, 271), 80.0
(170, 363, 65), 64.0
(131, 106, 223), 88.0
(50, 125, 199), None
(74, 265, 165), 91.0
(121, 379, 18), 70.0
(139, 353, 139), None
(50, 302, 381), None
(162, 286, 3), None
(20, 283, 263), 67.0
(307, 9, 290), None
(329, 353, 163), 62.0
(147, 251, 259), 71.0
(73, 202, 162), 94.0
(0, 216, 157), 112.0
(0, 175, 127), 75.0
(0, 247, 123), 101.0
(0, 228, 170), 91.0
(0, 245, 52), 93.0
(206, 222, 79), None
(202, 222, 80), None
(196, 223, 81), 66.0
(197, 98, 326), None
(363, 97, 329), None
(365, 96, 329), None
(261, 97, 329), None
(75, 99, 324), None
(210, 96, 330), None
(325, 98, 326), None
(183, 101, 320), 84.0
(300, 108, 331), 66.0
(0, 12, 311), 78.0
(144, 48, 35), None
(36, 32, 214), 120.0
(0, 0, 187), None
(0, 0, 188), None
(0, 0, 186), None
(0, 0, 185), None
(0, 0, 184), None
(0, 0, 189), None
(0, 0, 183), None
(0, 0, 181), None
Sampler:CmaEsSampler
(145, 138, 356), 76.0
(306, 301, 182), 72.0
(115, 181, 217), None
(327, 239, 340), 90.0
(233, 126, 289), None
(187, 157, 165), 86.0
(123, 127, 138), 82.0
(311, 97, 239), None
(170, 185, 269), 72.0
(171, 151, 278), 66.0
(237, 188, 183), 88.0
(320, 219, 213), 80.0
(333, 286, 315), 95.0
(238, 206, 306), 62.0
(245, 254, 157), 74.0
(224, 202, 317), 92.0
(298, 32, 355), 78.0
(168, 140, 201), 90.0
(295, 309, 293), 95.0
(212, 170, 255), None
(383, 263, 199), 83.0
(270, 206, 284), 82.0
(310, 195, 209), 88.0
(264, 182, 382), 74.0
(281, 211, 375), 76.0
(269, 150, 312), 66.0
(301, 293, 186), 70.0
(373, 256, 154), None
(218, 275, 171), 88.0
(332, 287, 139), 80.0
(172, 244, 289), 68.0
(288, 391, 212), 78.0
(359, 192, 163), 84.0
(380, 333, 345), 96.0
(289, 331, 235), 80.0
(268, 333, 231), 83.0
(297, 292, 252), 84.0
(258, 314, 286), 96.0
(374, 266, 333), 100.0
(276, 319, 303), 90.0
(260, 233, 184), None
(336, 340, 241), 95.0
(311, 381, 285), 104.0
(329, 282, 318), 88.0
(259, 296, 243), 83.0
(398, 203, 208), 82.0
(223, 314, 231), 76.0
(394, 341, 294), 86.0
(307, 212, 232), None
(218, 215, 260), 76.0
(227, 234, 197), 90.0
(383, 263, 201), 68.0
(292, 373, 313), 80.0
(278, 342, 324), 96.0
(269, 315, 297), 92.0
(256, 319, 250), None
(287, 306, 261), 86.0
(226, 255, 193), None
(344, 331, 294), 88.0
(267, 348, 336), 86.0
(224, 347, 222), 88.0
(313, 307, 324), 90.0
(201, 385, 249), 82.0
(303, 306, 318), 86.0
(259, 339, 354), 99.0
(237, 341, 294), 80.0
(217, 322, 354), 74.0
(342, 333, 347), 84.0
(288, 301, 380), 88.0
(243, 344, 348), 92.0
(260, 269, 304), 96.0
(239, 374, 347), 92.0
(296, 351, 326), 94.0
(329, 354, 336), 98.0
(167, 251, 280), 69.0
(242, 297, 312), 88.0
(315, 336, 348), 88.0
(294, 256, 292), None
(246, 363, 329), 100.0
(296, 299, 327), 95.0
(312, 286, 268), 82.0
(298, 392, 376), 96.0
(254, 396, 327), 77.0
(261, 310, 289), 92.0
(306, 396, 381), 102.0
(293, 291, 266), 103.0
(271, 291, 315), 76.0
(229, 322, 320), 90.0
(321, 317, 314), 88.0
(345, 378, 357), 100.0
(372, 340, 301), 82.0
(298, 329, 324), 84.0
(278, 285, 288), 82.0
(273, 338, 279), 94.0
(329, 353, 306), 106.0
(346, 378, 309), 84.0
(352, 386, 376), 88.0
(383, 322, 264), 90.0
(366, 370, 312), 96.0
(331, 375, 336), 102.0
(312, 395, 315), 94.0
(331, 316, 247), 90.0
(368, 376, 311), 88.0
(363, 375, 326), 86.0
(290, 329, 314), 76.0
(362, 388, 306), 96.0
(309, 384, 344), 116.0
(347, 374, 335), 95.0
(332, 322, 290), 82.0
(329, 365, 342), 104.0
(309, 343, 311), 82.0
(287, 341, 282), 86.0
(311, 371, 288), 88.0
(321, 399, 349), 84.0
(355, 398, 379), 90.0
(363, 366, 316), 92.0
(357, 354, 365), 92.0
(357, 357, 332), None
(339, 355, 296), 101.0
(371, 362, 308), 92.0
(344, 382, 353), 92.0
(348, 332, 348), None
(380, 351, 324), 92.0
(375, 343, 356), 93.0
(371, 378, 358), None
(300, 356, 338), 92.0
(362, 361, 326), 92.0
(344, 351, 317), 88.0
(389, 331, 358), 84.0
(355, 352, 327), 102.0
(379, 359, 337), None
(347, 308, 324), 86.0
(360, 312, 331), 90.0
(328, 293, 323), 94.0
(281, 303, 298), 82.0
(355, 335, 309), 103.0
(361, 346, 324), 92.0
(328, 387, 333), 86.0
(342, 358, 349), 78.0
(353, 335, 323), 82.0
(342, 278, 301), 82.0
(335, 357, 320), 88.0
(339, 333, 300), 89.0
(368, 337, 328), 86.0
(350, 338, 319), 110.0
(336, 328, 287), 76.0
(359, 357, 335), 95.0
(350, 347, 285), 96.0
(358, 348, 285), 98.0
(376, 366, 321), 92.0
(327, 338, 309), 88.0
(330, 323, 278), 90.0
(379, 335, 326), 97.0
(363, 335, 297), 84.0
(359, 352, 299), 87.0
(380, 345, 317), 96.0
(364, 344, 296), 87.0
(336, 336, 303), None
(356, 334, 262), 88.0
(347, 320, 281), 80.0
(372, 350, 290), 78.0
(346, 335, 288), 82.0
(347, 365, 281), 86.0
(373, 342, 283), 98.0
(382, 323, 291), 102.0
(367, 333, 292), 78.0
(378, 339, 284), 92.0
(369, 332, 301), 98.0
(399, 369, 305), 102.0
(373, 327, 297), 96.0
(384, 358, 286), 92.0
(356, 305, 318), 96.0
(392, 341, 276), 84.0
(348, 343, 302), 104.0
(384, 311, 320), 108.0
(382, 342, 280), 82.0
(360, 328, 288), 86.0
(363, 321, 282), 72.0
(344, 355, 311), 84.0
(375, 319, 351), 91.0
(374, 341, 331), 82.0
(384, 375, 295), 90.0
(394, 316, 296), 92.0
(358, 317, 324), 92.0
(362, 303, 341), 90.0
(375, 345, 299), 94.0
(346, 307, 307), None
(364, 333, 323), 100.0
(351, 327, 300), 94.0
(386, 315, 320), 94.0
(360, 327, 308), 86.0
(374, 310, 326), 88.0
(318, 325, 327), 100.0
(363, 350, 318), 86.0
(370, 327, 318), 96.0
(373, 312, 332), 90.0
(361, 334, 311), 82.0
(380, 310, 313), 96.0
(336, 319, 318), 91.0
(366, 306, 305), 86.0
(360, 353, 318), 92.0
(321, 341, 327), 91.0
(360, 322, 299), 103.0
(353, 314, 331), 84.0
(342, 292, 344), 88.0
(386, 327, 320), 88.0
(370, 333, 315), 95.0
(343, 325, 313), 92.0
(328, 341, 331), 96.0
(373, 342, 320), 84.0
(355, 323, 322), 90.0
(348, 355, 313), 90.0
(384, 357, 290), 88.0
(334, 350, 327), 100.0
(373, 341, 331), 84.0
(337, 339, 302), 101.0
(349, 332, 334), 97.0
(346, 341, 305), 96.0
(337, 337, 313), None
(341, 332, 324), 92.0
(347, 340, 312), 98.0
(358, 352, 309), 88.0
(355, 331, 300), 80.0
(342, 344, 316), 86.0
(321, 358, 319), 79.0
(348, 329, 301), 92.0
(298, 363, 336), 84.0
(357, 317, 308), 104.0
(325, 305, 314), 84.0
(356, 322, 300), 78.0
(333, 306, 318), 90.0
(373, 312, 293), 87.0
(357, 353, 284), 86.0
(366, 320, 307), 86.0
(355, 346, 307), 82.0
(384, 321, 300), 85.0
(326, 296, 328), 84.0
(355, 300, 298), 86.0
(370, 313, 308), 110.0
(330, 306, 325), 92.0
(332, 312, 324), 92.0
(355, 314, 294), 86.0
(349, 307, 324), 88.0
(369, 297, 300), 88.0
(366, 308, 325), 82.0
(347, 291, 335), 80.0
(344, 296, 327), 92.0
(317, 325, 317), None
(340, 301, 325), 92.0
(362, 297, 315), 90.0
(339, 305, 316), 99.0
(342, 305, 321), 82.0
(325, 304, 342), 98.0
(359, 360, 301), 93.0
(340, 306, 326), 92.0
(348, 273, 326), 96.0
(338, 299, 329), 107.0
(330, 285, 352), 98.0
(326, 298, 318), 92.0
(352, 277, 330), 113.0
(347, 291, 337), 88.0
(353, 303, 346), 102.0
(367, 299, 312), 87.0
(348, 297, 301), 86.0
(341, 328, 324), 92.0
(371, 299, 323), 91.0
(312, 298, 341), 88.0
(358, 269, 344), 84.0
(317, 275, 352), 90.0
(356, 285, 337), 94.0
(367, 325, 341), 96.0
(348, 295, 332), 94.0
(386, 312, 358), 86.0
(324, 257, 344), 105.0
(342, 303, 344), 84.0
(338, 288, 326), 82.0
(377, 362, 321), 96.0
(356, 339, 338), 108.0
(353, 331, 307), 94.0
(353, 294, 346), 96.0
(359, 310, 312), 92.0
(355, 318, 331), 86.0
(339, 316, 351), 95.0
(341, 279, 351), 91.0
(339, 276, 363), 90.0
(329, 298, 348), 84.0
(339, 296, 354), 99.0
(331, 344, 345), 102.0
(325, 276, 338), 94.0
(348, 356, 335), 98.0
(336, 282, 333), 88.0
(323, 299, 344), 98.0
(359, 333, 334), 108.0
(330, 342, 357), 80.0
(342, 367, 344), 100.0
(333, 343, 336), 88.0
(352, 345, 339), 87.0
(340, 356, 339), 91.0
(334, 299, 342), 93.0
(357, 334, 323), 88.0
(340, 336, 346), 84.0
(342, 346, 348), 96.0
(342, 356, 330), 82.0
(323, 333, 338), 88.0
(341, 320, 334), 86.0
(348, 336, 338), 100.0
(345, 315, 342), 84.0
(342, 347, 341), 95.0
(349, 374, 332), 96.0
(351, 334, 340), 88.0
(362, 346, 334), 78.0
(354, 324, 333), 91.0
(359, 364, 342), 92.0
(349, 328, 338), 119.0
(362, 352, 330), 82.0
(345, 381, 340), 88.0
(352, 360, 336), 86.0
(347, 378, 347), None
(342, 378, 321), 84.0
(342, 337, 360), 72.0
(350, 370, 332), 91.0
(357, 327, 347), 88.0
(346, 347, 331), 100.0
(347, 329, 344), 112.0
(349, 351, 328), 92.0
(343, 355, 343), None
(326, 354, 336), 92.0
(357, 359, 330), 96.0
(344, 377, 338), 93.0
(339, 333, 338), 86.0
(339, 333, 343), 87.0
(339, 327, 341), 82.0
(352, 355, 337), 101.0
(334, 331, 339), 98.0
(335, 331, 351), 80.0
(355, 352, 332), 86.0
(335, 345, 343), 84.0
(344, 359, 341), 90.0
(349, 362, 334), 84.0
(354, 329, 338), 98.0
(340, 335, 334), 86.0
(351, 350, 344), 82.0
(352, 350, 340), 82.0
(346, 337, 340), 84.0
(338, 347, 346), 88.0
(343, 348, 345), 104.0
(350, 339, 339), None
(342, 335, 335), None
(346, 341, 340), 84.0
(349, 343, 340), 92.0
(342, 334, 339), 89.0
(354, 336, 338), 98.0
(343, 343, 345), None
(344, 354, 342), 80.0
(344, 352, 342), 98.0
(349, 349, 341), None
(346, 335, 340), 84.0
(353, 327, 344), 94.0
(348, 354, 340), 82.0
(347, 342, 334), 88.0
(338, 373, 341), 90.0
(346, 331, 344), 100.0
(350, 337, 341), 78.0
(345, 340, 344), 92.0
(347, 338, 343), 90.0
(347, 338, 334), 96.0
(346, 357, 349), 90.0
(345, 352, 338), 88.0
(342, 331, 346), 98.0
(343, 334, 347), 84.0
(346, 337, 338), 98.0
(343, 340, 337), 98.0
(343, 319, 339), 92.0
(350, 336, 339), 95.0
(344, 334, 346), 84.0
(350, 332, 346), 96.0
(338, 330, 342), 84.0
(338, 344, 338), None
(346, 318, 341), 76.0
(345, 335, 342), 88.0
(340, 343, 348), 92.0
(342, 345, 346), 92.0
(347, 340, 342), 98.0
(345, 332, 341), 86.0
(345, 341, 344), 92.0
(347, 331, 345), 94.0
(349, 348, 346), 94.0
(344, 339, 341), 86.0
(341, 347, 345), 104.0
(346, 341, 342), 108.0
(340, 341, 349), 78.0
(341, 324, 346), 104.0
(338, 350, 342), 88.0
(345, 330, 343), 104.0
(347, 324, 341), 92.0
(348, 351, 342), 92.0
(349, 339, 343), 88.0
(338, 324, 349), 88.0
(342, 290, 346), 114.0
(344, 317, 344), None
(341, 327, 349), 96.0
(343, 338, 345), 72.0
(336, 316, 348), 121.0
(347, 316, 345), 97.0
(344, 344, 341), None
(345, 353, 347), 80.0
(338, 322, 353), 88.0
(335, 312, 349), 92.0
(342, 310, 353), 84.0
(348, 365, 345), 96.0
(340, 308, 354), 88.0
(351, 316, 345), 90.0
(341, 307, 352), 84.0
(342, 367, 341), 92.0
(344, 338, 350), 88.0
(342, 344, 350), 104.0
(343, 365, 346), 88.0
(338, 321, 346), 94.0
(348, 383, 342), 111.0
(338, 342, 351), 88.0
(344, 360, 343), 77.0
(340, 342, 343), 92.0
(355, 395, 344), 96.0
(338, 362, 346), 90.0
(347, 333, 349), 100.0
(341, 379, 346), 78.0
(345, 368, 348), 82.0
(347, 374, 345), 92.0
(346, 317, 347), 84.0
(347, 348, 346), 84.0
(355, 353, 348), 97.0
(351, 350, 346), 86.0
(351, 353, 349), 95.0
(351, 326, 347), 102.0
(355, 344, 349), 82.0
(358, 318, 344), 82.0
(356, 375, 345), 96.0
(337, 320, 349), 82.0
(361, 337, 349), 82.0
(351, 335, 345), 92.0
(348, 357, 349), 90.0
(346, 351, 345), 88.0
(351, 359, 344), 85.0
(360, 389, 344), 92.0
(352, 341, 345), 86.0
(352, 369, 346), 100.0
(352, 301, 345), 98.0
(352, 331, 349), 92.0
(358, 367, 347), 88.0
(352, 340, 345), 90.0
(365, 377, 337), 92.0
(356, 366, 346), 93.0
(355, 357, 342), 88.0
(359, 351, 348), 89.0
(354, 363, 345), 90.0
(356, 328, 345), 92.0
(354, 332, 347), 98.0
(360, 372, 345), 90.0
(356, 392, 341), 90.0
(363, 377, 340), 90.0
(364, 389, 342), 101.0
(367, 390, 337), 102.0
(371, 395, 337), 96.0
(370, 389, 335), 97.0
(373, 395, 337), 108.0
(367, 398, 337), 103.0
(370, 392, 335), 116.0
(347, 320, 348), 102.0
(371, 369, 336), 102.0
(360, 291, 343), 94.0
(368, 340, 341), 81.0
(374, 362, 340), 84.0
(366, 385, 341), 96.0
(364, 354, 338), 88.0
(382, 397, 334), 88.0
(384, 394, 328), 86.0
(358, 372, 345), 86.0
(362, 344, 336), 98.0
(360, 324, 346), 92.0
(365, 318, 347), 95.0
(382, 358, 338), 84.0
(364, 330, 345), 97.0
(365, 326, 342), 86.0
(359, 309, 337), 92.0
(352, 265, 349), 92.0
(369, 333, 339), 91.0
(352, 303, 343), 98.0
(355, 274, 346), 96.0
(371, 365, 334), 94.0
(364, 352, 339), 87.0
(353, 315, 342), 90.0
(355, 301, 336), 87.0
(341, 237, 347), 92.0
(345, 274, 352), 79.0
(328, 163, 355), 60.0
(351, 313, 344), 94.0
(362, 372, 344), 92.0
(355, 303, 339), 95.0
(346, 267, 346), None
(342, 273, 347), 88.0
(350, 290, 345), 84.0
(359, 369, 339), 96.0
(349, 323, 344), 105.0
(343, 249, 343), None
(358, 316, 339), None
(349, 337, 345), 86.0
(338, 276, 351), 100.0
(350, 395, 339), 89.0
(355, 324, 343), 98.0
(344, 331, 348), 92.0
(341, 288, 347), 82.0
(369, 381, 333), 96.0
(343, 277, 342), 102.0
(354, 346, 342), 84.0
(336, 278, 344), 82.0
(358, 315, 343), 94.0
(369, 331, 330), 83.0
(358, 321, 339), 83.0
(341, 274, 349), 85.0
(346, 285, 343), 98.0
(355, 321, 344), 84.0
(350, 324, 348), 96.0
(352, 306, 346), 88.0
(356, 293, 339), 101.0
(372, 322, 328), 84.0
(360, 335, 335), None
(356, 297, 342), 78.0
(354, 349, 340), 94.0
(343, 317, 350), 86.0
(353, 317, 343), 90.0
(353, 310, 342), 84.0
(350, 280, 347), 98.0
(351, 275, 342), 84.0
(342, 279, 350), 91.0
(357, 306, 336), 110.0
(350, 282, 347), 106.0
(353, 320, 342), 82.0
(353, 276, 341), 84.0
(350, 280, 342), 104.0
(346, 273, 344), 94.0
(344, 257, 345), 91.0
(357, 302, 339), 89.0
(359, 308, 337), 90.0
(352, 301, 340), 99.0
(351, 282, 343), 104.0
(357, 321, 338), 83.0
(349, 288, 340), 74.0
(354, 288, 338), 104.0
(352, 270, 345), 78.0
(349, 294, 340), 94.0
(354, 298, 340), 86.0
(349, 272, 342), 96.0
(346, 272, 346), None
(356, 292, 339), 106.0
(353, 289, 339), 92.0
(353, 306, 340), 92.0
(343, 241, 346), 102.0
(346, 274, 341), 78.0
(350, 256, 341), None
(354, 294, 340), 92.0
(355, 276, 340), 78.0
(358, 298, 339), 121.0
(348, 278, 344), 90.0
(350, 271, 341), 84.0
(349, 253, 342), 82.0
(356, 284, 338), 96.0
(352, 278, 341), 90.0
(365, 321, 334), 98.0
(350, 276, 340), 92.0
(368, 353, 332), 92.0
(360, 300, 339), 89.0
(366, 319, 334), 93.0
(358, 303, 339), 88.0
(352, 281, 341), 102.0
(364, 320, 334), 96.0
(366, 337, 333), 88.0
(373, 342, 329), 84.0
(370, 348, 331), 88.0
(371, 341, 329), 88.0
(366, 330, 335), 86.0
(355, 295, 339), 99.0
(356, 301, 338), 88.0
(352, 290, 341), 80.0
(365, 308, 334), 86.0
(360, 299, 336), 79.0
(352, 293, 341), 92.0
(360, 312, 336), 88.0
(358, 296, 338), 134.0
(350, 274, 343), 88.0
(360, 314, 338), 88.0
(362, 316, 336), 84.0
(352, 288, 342), 92.0
(352, 291, 341), 82.0
(355, 298, 340), 86.0
(354, 293, 341), 90.0
(352, 272, 341), 84.0
(353, 279, 339), 103.0
(351, 273, 341), 88.0
(352, 283, 341), 90.0
(357, 306, 337), 100.0
(357, 299, 338), 108.0
(357, 294, 338), 94.0
(351, 279, 340), 91.0
(351, 274, 341), 83.0
(364, 321, 335), 90.0
(355, 289, 339), 108.0
(358, 303, 337), 107.0
(357, 299, 339), 77.0
(352, 276, 340), 86.0
(358, 297, 337), 86.0
(355, 300, 339), 93.0
(363, 317, 335), 90.0
(355, 302, 339), 89.0
(353, 286, 338), 92.0
(357, 297, 337), 93.0
(354, 288, 339), 102.0
(358, 302, 337), 92.0
(357, 298, 337), 84.0
(352, 282, 339), 87.0
(352, 278, 340), 90.0
(358, 304, 338), 90.0
(354, 290, 339), 102.0
(356, 293, 337), 88.0
(353, 283, 339), 87.0
(354, 292, 339), 94.0
(353, 285, 339), 87.0
(357, 302, 337), 86.0
(349, 273, 341), 88.0
(355, 295, 340), 90.0
(354, 289, 339), 102.0
(356, 292, 337), 98.0
(354, 287, 337), 92.0
(355, 296, 337), 102.0
(353, 287, 338), 96.0
(356, 300, 338), 92.0
(356, 296, 337), 108.0
(354, 291, 338), 106.0
(357, 302, 336), 101.0
(356, 299, 337), 85.0
(354, 290, 338), 92.0
(352, 283, 340), 76.0
(355, 295, 338), 100.0
(353, 291, 337), 94.0
(354, 290, 337), 100.0
(355, 293, 337), 90.0
(357, 304, 337), 92.0
(354, 293, 338), 88.0
(354, 295, 337), 94.0
(356, 296, 338), 94.0
(356, 299, 336), 86.0
(358, 304, 335), 96.0
(350, 276, 341), 90.0
(352, 284, 339), 87.0
(357, 301, 336), 100.0
(358, 299, 335), 83.0
(360, 312, 333), 84.0
(354, 295, 338), 94.0
(357, 298, 336), 88.0
(353, 286, 337), 94.0
(359, 309, 335), 100.0
(359, 310, 335), 102.0
(362, 318, 332), 88.0
(358, 309, 334), 102.0
(357, 303, 336), 96.0
(359, 308, 335), 102.0
(357, 300, 336), 98.0
(358, 308, 336), 98.0
(358, 306, 335), 98.0
(356, 300, 337), 85.0
(359, 315, 333), 90.0
(358, 308, 335), 94.0
(359, 307, 334), 100.0
(356, 295, 338), 100.0
(355, 291, 338), 106.0
(358, 304, 337), 110.0
(358, 304, 336), 94.0
(352, 278, 342), 90.0
(359, 305, 337), 98.0
(355, 291, 337), 102.0
(357, 297, 338), 110.0
(359, 306, 337), 97.0
(358, 303, 335), 94.0
(361, 312, 335), 84.0
(357, 295, 338), 98.0
(357, 297, 336), 86.0
(360, 310, 336), 90.0
(357, 296, 337), 106.0
(353, 277, 341), 82.0
(355, 286, 338), 96.0
(354, 284, 340), 98.0
(356, 293, 340), 84.0
(359, 304, 338), 93.0
(357, 301, 338), 81.0
(353, 279, 340), 87.0
(354, 286, 338), 98.0
(361, 320, 334), 98.0
(357, 295, 339), 91.0
(356, 297, 336), 84.0
(353, 273, 340), 88.0
(355, 289, 338), 96.0
(359, 302, 337), 87.0
(356, 295, 337), 102.0
(355, 292, 337), 98.0
(354, 285, 338), 92.0
(358, 300, 337), 93.0
(356, 297, 337), None
(359, 311, 335), 98.0
(358, 301, 336), 96.0
(355, 290, 338), 100.0
(358, 305, 336), 98.0
(356, 293, 338), 100.0
(357, 299, 337), 86.0
(355, 294, 337), 96.0
(356, 292, 338), 102.0
(354, 286, 340), 92.0
(356, 288, 339), 95.0
(354, 283, 340), 80.0
(354, 286, 339), 100.0
(354, 284, 339), 93.0
(355, 286, 340), 92.0
(356, 294, 337), 98.0
(356, 295, 336), 91.0
(354, 290, 335), 102.0
(357, 294, 337), 86.0
(358, 302, 336), 100.0
(355, 292, 336), 92.0
(354, 288, 337), 102.0
(355, 289, 337), 98.0
(353, 284, 338), 88.0
(356, 299, 334), 90.0
(354, 288, 335), 106.0
(355, 298, 334), 84.0
(354, 287, 335), 92.0
(357, 287, 339), 94.0
(354, 286, 337), 98.0
(354, 279, 339), 108.0
(362, 314, 338), 88.0
(358, 307, 336), 98.0
(357, 294, 339), 96.0
(349, 260, 342), 102.0
(356, 290, 338), 110.0
(358, 299, 336), 83.0
(353, 271, 341), 78.0
(351, 279, 336), 94.0
(355, 286, 337), 96.0
(353, 286, 335), 91.0
(356, 286, 338), 96.0
(350, 265, 341), 102.0
(354, 284, 338), 88.0
(352, 283, 334), 98.0
(354, 282, 339), 89.0
(352, 275, 340), 82.0
(356, 289, 338), 100.0
(350, 269, 338), 88.0
(350, 268, 338), 86.0
(350, 266, 339), 88.0
(354, 285, 339), 91.0
(348, 260, 339), 82.0
(347, 260, 340), 90.0
(352, 276, 338), 96.0
(353, 279, 338), 90.0
(351, 274, 339), 91.0
(355, 287, 339), 98.0
(352, 281, 338), 88.0
(356, 289, 339), 100.0
(352, 273, 341), 84.0
(357, 295, 337), 115.0
(353, 281, 339), 87.0
(353, 275, 342), 84.0
(353, 280, 338), 88.0
(355, 290, 337), 100.0
(360, 309, 336), 88.0
(359, 300, 337), 79.0
(356, 293, 336), 86.0
(357, 291, 339), 100.0
(357, 293, 338), 96.0
(356, 290, 339), 102.0
(356, 296, 335), 86.0
(360, 306, 337), 92.0
(357, 292, 338), 102.0
(354, 283, 339), 89.0
(360, 307, 336), 86.0
(353, 284, 337), 88.0
(360, 304, 338), 92.0
(355, 287, 338), 98.0
(356, 287, 338), 94.0
(359, 297, 338), None
(359, 298, 338), 82.0
(355, 284, 339), 97.0
(358, 297, 338), 122.0
(355, 286, 339), 96.0
(360, 305, 337), 98.0
(355, 285, 338), 94.0
(355, 288, 338), 102.0
(358, 295, 339), 91.0
(359, 301, 338), 89.0
(359, 306, 335), 95.0
(359, 297, 340), 92.0
(356, 294, 336), 116.0
(359, 301, 337), 85.0
(357, 292, 339), 98.0
(355, 288, 337), 108.0
(358, 300, 335), 96.0
(356, 291, 337), 102.0
(358, 299, 337), 83.0
(358, 295, 338), 92.0
(357, 293, 337), 86.0
(358, 301, 337), 91.0
(357, 293, 339), 98.0
(353, 278, 341), 86.0
(355, 288, 339), 100.0
(353, 282, 340), 105.0
(353, 286, 336), 94.0
(353, 280, 339), 89.0
(356, 289, 340), 86.0
(355, 290, 339), 96.0
(353, 280, 342), 102.0
(356, 291, 338), 112.0
(352, 285, 338), 88.0
(355, 287, 340), 84.0
(359, 299, 337), 78.0
(358, 296, 337), 108.0
(358, 300, 338), 82.0
(359, 298, 337), 89.0
(353, 282, 338), 88.0
(359, 303, 336), 105.0
(357, 292, 337), 92.0
(359, 300, 336), 99.0
(358, 297, 336), 89.0
(360, 304, 337), 88.0
(357, 291, 338), 104.0
(359, 304, 335), 95.0
(358, 303, 334), 92.0
(360, 302, 336), 101.0
(358, 295, 337), 99.0
(360, 304, 336), 88.0
(360, 302, 335), 106.0
(358, 294, 337), 101.0
(363, 312, 333), 84.0
(362, 307, 334), 78.0
(357, 290, 337), 103.0
(360, 303, 335), 84.0
(359, 301, 336), 93.0
(358, 298, 336), 82.0
(361, 305, 335), 98.0
(361, 307, 334), 86.0
(360, 306, 335), 92.0
(361, 306, 336), 92.0
(356, 289, 337), 100.0
(361, 306, 335), 92.0
(360, 305, 335), 98.0
(362, 309, 334), 90.0
(357, 293, 336), 103.0
(356, 291, 336), 98.0
(357, 294, 336), 95.0
(359, 300, 335), 95.0
(360, 304, 335), 90.0
(360, 301, 336), 95.0
(354, 287, 338), 100.0
(354, 289, 338), 92.0
(355, 287, 337), 96.0
(353, 282, 339), 87.0
(359, 302, 336), 101.0
(356, 290, 337), 94.0
(361, 308, 335), 88.0
(358, 300, 336), 100.0
(361, 308, 337), 76.0
(360, 307, 335), 86.0
(362, 312, 335), 84.0
(358, 303, 336), 100.0
(354, 291, 337), 100.0
(359, 304, 336), 95.0
(360, 308, 335), 86.0
(357, 299, 335), 92.0
(358, 301, 335), 92.0
(352, 283, 338), 88.0
(355, 293, 336), 88.0
(351, 276, 339), 93.0
(354, 292, 338), 92.0
(355, 292, 338), 100.0
(352, 280, 339), 87.0
(357, 300, 337), 86.0
(347, 264, 341), 98.0
(355, 293, 339), 92.0
(356, 298, 338), 92.0
(359, 295, 338), 99.0
(358, 296, 339), 89.0
(362, 311, 336), 84.0
(360, 303, 338), 76.0
(348, 269, 340), 86.0
(355, 294, 338), 94.0
(359, 303, 337), 83.0
(362, 306, 336), 96.0
(361, 310, 336), 86.0
(361, 307, 336), 86.0
(363, 318, 333), 88.0
(362, 310, 335), 82.0
(360, 307, 338), 94.0
(365, 316, 335), 85.0
(364, 313, 334), 88.0
(364, 310, 337), 86.0
(365, 317, 334), 88.0
(362, 307, 337), 92.0
(362, 311, 335), 82.0
(361, 305, 336), 98.0
(362, 305, 336), 98.0
(363, 309, 335), 90.0
(365, 315, 334), 83.0
(363, 310, 336), 86.0
(365, 318, 335), 94.0
(363, 309, 336), 90.0
(361, 304, 336), 80.0
(366, 315, 336), 96.0
(363, 307, 337), 76.0
(364, 314, 335), 92.0
(359, 297, 337), 80.0
(363, 316, 335), 85.0
(361, 306, 337), 92.0
(368, 328, 334), 84.0
(365, 310, 336), 86.0
(370, 324, 335), 98.0
(365, 313, 335), 85.0
(364, 308, 336), 90.0
(374, 336, 333), 90.0
(365, 315, 337), 88.0
(370, 329, 334), 93.0
(362, 309, 336), 90.0
(364, 307, 336), 86.0
(371, 326, 334), 94.0
(364, 314, 336), 88.0
(363, 303, 337), 86.0
(363, 311, 336), 86.0
(361, 306, 334), 92.0
(368, 324, 334), 96.0
(371, 325, 334), 98.0
(375, 340, 333), 90.0
(378, 344, 332), 86.0
(364, 307, 335), 86.0
(373, 331, 334), 104.0
(367, 309, 336), 84.0
(372, 329, 332), 94.0
(378, 337, 332), 98.0
(372, 330, 333), 112.0
(371, 320, 336), 84.0
(368, 320, 335), 96.0
(365, 317, 333), 88.0
(368, 321, 335), 94.0
(376, 336, 332), 90.0
(373, 334, 332), 86.0
(379, 349, 331), 87.0
(379, 344, 330), 86.0
(366, 313, 335), 86.0
(364, 312, 335), 86.0
(369, 322, 335), 86.0
(371, 329, 334), 118.0
(369, 324, 336), 94.0
(368, 319, 334), 98.0
(370, 328, 334), 96.0
(372, 326, 334), 90.0
(375, 335, 335), None
(365, 320, 335), 92.0
(369, 326, 335), 100.0
(369, 322, 334), 90.0
(372, 333, 334), 87.0
(374, 334, 334), None
(372, 329, 334), 92.0
(373, 333, 333), None
(368, 322, 334), 90.0
(366, 319, 335), 97.0
(368, 326, 334), 96.0
(369, 324, 335), 94.0
(368, 327, 334), 92.0
(370, 333, 335), 95.0
(359, 306, 338), 93.0
(361, 315, 337), 92.0
(371, 332, 334), 78.0
(364, 311, 335), 90.0
(367, 322, 335), 94.0
(364, 319, 336), 99.0
(367, 321, 335), 94.0
(368, 324, 335), 98.0
(366, 320, 336), 94.0
(364, 315, 337), 85.0
(366, 326, 336), 92.0
(366, 328, 335), 94.0
(363, 318, 336), 90.0
(365, 322, 336), 96.0
(367, 324, 336), 98.0
(362, 321, 337), 90.0
(367, 320, 335), 90.0
(367, 330, 334), 88.0
(368, 327, 336), 92.0
(367, 327, 337), 88.0
(363, 313, 336), 86.0
(363, 319, 338), 86.0
(365, 327, 336), 92.0
(359, 311, 338), None
(371, 335, 336), 99.0
(370, 333, 336), 92.0
(371, 334, 335), 87.0
(364, 320, 337), 74.0
(366, 323, 335), 96.0
(371, 330, 336), 103.0
(371, 330, 334), 82.0
(366, 323, 336), 96.0
(368, 329, 337), 84.0
(371, 329, 336), 110.0
(378, 340, 334), 88.0
(374, 340, 336), 88.0
(372, 327, 334), 98.0
(371, 328, 334), 104.0
(373, 334, 334), None
(370, 325, 335), 100.0
(373, 328, 336), 98.0
(370, 322, 335), 90.0
(372, 334, 335), 87.0
(375, 335, 336), 87.0
(375, 334, 335), None
(371, 328, 336), 90.0
(368, 326, 335), 98.0
(369, 320, 334), 90.0
(371, 331, 336), 88.0
(367, 320, 336), 92.0
(373, 334, 336), 88.0
(365, 316, 334), 90.0
(366, 321, 336), 94.0
(371, 332, 335), 88.0
(365, 321, 336), 92.0
(368, 326, 336), 98.0
(367, 323, 335), 92.0
(372, 332, 334), 80.0
(367, 321, 336), 96.0
(366, 324, 336), 96.0
(367, 325, 335), 104.0
(370, 329, 335), 84.0
(370, 327, 336), 90.0
(366, 319, 336), 93.0
(367, 323, 336), 94.0
(368, 324, 336), 98.0
(370, 331, 335), 84.0
(363, 321, 336), 88.0
(366, 324, 335), 96.0
(365, 319, 336), 97.0
(369, 325, 335), 100.0
(368, 325, 336), 104.0
(368, 325, 335), 104.0
(372, 330, 335), 110.0
(369, 328, 336), 92.0
(369, 327, 335), 82.0
(369, 326, 336), 102.0
(370, 327, 335), 90.0
(371, 328, 335), 120.0
(371, 329, 335), 110.0
(370, 328, 336), 116.0
(370, 328, 335), 92.0
(374, 334, 335), 87.0
(373, 330, 335), 94.0
(370, 330, 336), 84.0
(372, 331, 335), 90.0
(372, 331, 336), 89.0
(371, 330, 335), 86.0
(369, 327, 336), 82.0
(370, 326, 335), 98.0
(370, 327, 334), 88.0
(366, 322, 336), 96.0
(373, 332, 335), 85.0
(372, 329, 335), 92.0
(373, 330, 334), 96.0
(374, 332, 335), 92.0
(371, 327, 335), 98.0
