Sampler:TPESampler
(61, 48, 95, 11, 99, 22), 20.0
(55, 36, 57, 55, 20, 46), None
(50, 55, 45, 85, 58, 32), 22.0
(92, 21, 97, 39, 72, 74), 17.0
(23, 17, 28, 77, 83, 80), 22.0
(15, 45, 80, 64, 52, 60), 18.0
(95, 86, 97, 91, 27, 18), 26.0
(88, 55, 92, 48, 92, 54), None
(26, 91, 43, 54, 12, 34), 24.0
(38, 78, 79, 65, 92, 28), 25.0
(74, 76, 3, 98, 30, 8), 20.0
(38, 99, 71, 99, 0, 0), None
(72, 76, 72, 74, 41, 18), None
(0, 76, 81, 28, 67, 37), 21.0
(39, 84, 62, 85, 37, 16), 21.0
(97, 62, 84, 71, 23, 92), 24.0
(75, 67, 33, 86, 45, 26), 18.0
(37, 97, 99, 63, 81, 47), 28.0
(64, 96, 99, 3, 73, 65), 19.0
(82, 88, 0, 25, 59, 45), 19.0
(6, 4, 65, 41, 0, 98), 19.0
(40, 83, 86, 64, 84, 41), 26.0
(31, 86, 89, 61, 83, 42), 25.0
(44, 66, 88, 91, 83, 58), 22.0
(49, 99, 72, 73, 63, 68), 27.0
(49, 99, 75, 76, 67, 71), 28.0
(51, 99, 55, 79, 65, 69), 25.0
(61, 94, 71, 69, 75, 83), 21.0
(29, 91, 75, 47, 52, 75), None
(59, 99, 65, 58, 62, 53), 22.0
(20, 38, 51, 80, 99, 88), 22.0
(46, 82, 94, 92, 55, 65), 19.0
(34, 90, 85, 66, 79, 46), 18.0
(55, 69, 77, 56, 68, 39), 22.0
(44, 93, 91, 72, 89, 50), 24.0
(52, 81, 62, 79, 78, 72), 20.0
(69, 88, 99, 91, 13, 82), 23.0
(46, 72, 85, 52, 70, 60), 24.0
(81, 26, 13, 84, 48, 77), 22.0
(22, 61, 68, 60, 60, 68), None
(56, 51, 93, 68, 88, 56), None
(40, 94, 95, 74, 78, 28), 22.0
(48, 84, 81, 64, 30, 7), 21.0
(65, 95, 87, 77, 73, 62), 21.0
(34, 80, 76, 46, 95, 22), 23.0
(40, 99, 43, 95, 86, 37), 22.0
(15, 72, 95, 83, 64, 53), 25.0
(34, 87, 83, 88, 56, 13), 22.0
(51, 92, 90, 62, 81, 32), 22.0
(98, 77, 79, 75, 34, 47), 20.0
(25, 86, 99, 53, 16, 33), 24.0
(7, 72, 95, 70, 64, 63), 22.0
(58, 90, 92, 83, 44, 52), 20.0
(31, 84, 88, 59, 85, 40), 18.0
(41, 97, 74, 64, 94, 42), 23.0
(90, 97, 53, 80, 66, 71), 24.0
(51, 99, 57, 89, 69, 79), 27.0
(85, 94, 60, 95, 75, 87), 19.0
(36, 90, 48, 88, 71, 78), 19.0
(94, 43, 68, 96, 26, 99), 23.0
(63, 99, 37, 99, 5, 91), None
(18, 95, 96, 84, 62, 57), 24.0
(52, 99, 55, 77, 54, 69), 24.0
(11, 74, 82, 82, 68, 0), None
(29, 85, 89, 68, 82, 44), 24.0
(44, 79, 79, 30, 93, 17), None
(48, 88, 71, 73, 99, 23), 18.0
(31, 4, 59, 50, 76, 49), 23.0
(15, 61, 20, 86, 51, 75), 24.0
(77, 92, 86, 55, 84, 85), 16.0
(1, 82, 97, 91, 58, 81), 26.0
(7, 82, 97, 91, 62, 82), None
(54, 89, 92, 66, 70, 36), 18.0
(0, 96, 65, 89, 57, 79), 20.0
(66, 92, 58, 78, 59, 67), 26.0
(43, 93, 68, 76, 61, 73), 21.0
(69, 82, 99, 71, 58, 92), 21.0
(67, 23, 49, 94, 53, 67), None
(61, 10, 57, 12, 48, 65), 22.0
(37, 90, 43, 80, 38, 4), 24.0
(56, 96, 74, 88, 45, 61), 25.0
(12, 74, 96, 83, 64, 54), 28.0
(10, 86, 91, 80, 59, 75), 20.0
(3, 92, 84, 93, 68, 71), 21.0
(3, 79, 93, 87, 65, 59), 18.0
(49, 84, 98, 90, 74, 50), 24.0
(72, 65, 87, 74, 79, 55), 22.0
(42, 55, 63, 82, 88, 80), 22.0
(46, 75, 95, 77, 49, 29), 21.0
(79, 30, 77, 85, 72, 67), 24.0
(85, 96, 46, 68, 56, 76), 27.0
(95, 97, 40, 69, 56, 84), 19.0
(87, 94, 52, 62, 64, 77), 18.0
(92, 97, 45, 57, 67, 63), 26.0
(96, 99, 46, 44, 69, 65), 27.0
(99, 92, 35, 46, 59, 70), 20.0
(84, 99, 46, 73, 70, 81), 20.0
(59, 88, 27, 41, 77, 65), 23.0
(87, 97, 41, 38, 67, 62), 26.0
(81, 96, 47, 34, 62, 73), 27.0
(90, 95, 47, 37, 63, 73), 20.0
(73, 91, 57, 33, 60, 77), 22.0
(95, 99, 50, 16, 80, 86), 19.0
(93, 97, 45, 57, 67, 65), 23.0
(88, 94, 40, 35, 55, 90), 24.0
(84, 97, 40, 43, 70, 52), 26.0
(76, 93, 38, 43, 73, 52), 23.0
(83, 99, 31, 24, 69, 74), 19.0
(90, 87, 44, 61, 91, 13), 24.0
(97, 95, 54, 66, 66, 63), None
(24, 89, 48, 39, 51, 57), 24.0
(53, 97, 51, 50, 61, 68), 23.0
(80, 91, 56, 59, 57, 47), 25.0
(20, 95, 60, 97, 63, 41), 26.0
(86, 97, 41, 37, 67, 62), 19.0
(79, 93, 41, 43, 71, 55), 24.0
(92, 96, 37, 97, 65, 42), 21.0
(21, 95, 61, 52, 75, 40), 24.0
(50, 99, 97, 65, 58, 71), 20.0
(3, 97, 43, 31, 63, 59), 20.0
(82, 99, 46, 44, 69, 61), 16.0
(13, 51, 49, 48, 53, 44), 26.0
(28, 48, 89, 41, 54, 49), 26.0
(12, 97, 53, 49, 66, 44), 24.0
(89, 90, 94, 27, 61, 67), 24.0
(47, 83, 65, 71, 60, 95), 22.0
(39, 92, 72, 68, 73, 69), 24.0
(17, 45, 97, 55, 3, 49), 22.0
(9, 53, 49, 46, 54, 72), 20.0
(92, 97, 36, 39, 68, 76), 27.0
(70, 70, 38, 36, 86, 79), None
(27, 49, 33, 38, 52, 44), 21.0
(96, 94, 59, 93, 65, 76), 22.0
(57, 95, 69, 77, 63, 80), 26.0
(34, 44, 71, 75, 54, 83), 20.0
(57, 95, 69, 98, 63, 80), 23.0
(15, 47, 29, 41, 69, 48), 21.0
(86, 32, 42, 33, 71, 52), 19.0
(13, 59, 90, 40, 77, 38), 20.0
(27, 58, 34, 44, 46, 74), 22.0
(6, 99, 50, 47, 56, 46), 20.0
(99, 86, 99, 82, 58, 76), None
(36, 77, 93, 42, 50, 54), 25.0
(19, 93, 48, 45, 19, 31), None
(92, 91, 76, 78, 67, 64), 20.0
(45, 98, 39, 73, 61, 78), 23.0
(94, 97, 44, 91, 42, 58), 19.0
(61, 95, 63, 79, 63, 70), None
(42, 51, 81, 35, 82, 36), 24.0
(84, 88, 46, 64, 68, 67), 23.0
(90, 97, 42, 63, 71, 72), 26.0
(88, 99, 36, 51, 65, 51), None
(90, 93, 97, 87, 72, 72), None
(91, 95, 44, 95, 64, 81), None
(93, 96, 52, 69, 62, 74), 22.0
(54, 90, 54, 85, 59, 42), None
(85, 97, 59, 48, 67, 65), 28.0
(87, 93, 59, 53, 67, 66), 26.0
(82, 38, 60, 39, 69, 61), 18.0
(86, 92, 63, 54, 66, 69), 24.0
(77, 99, 85, 67, 73, 73), None
(49, 97, 67, 58, 76, 66), 28.0
(50, 94, 65, 59, 77, 66), 18.0
(49, 96, 67, 48, 57, 78), 23.0
(84, 97, 39, 57, 75, 56), 29.0
(31, 99, 96, 62, 80, 48), 20.0
(47, 97, 56, 56, 75, 41), None
(52, 65, 74, 72, 84, 44), 24.0
(44, 41, 47, 61, 75, 71), 23.0
(66, 91, 50, 59, 79, 63), 18.0
(63, 94, 70, 76, 71, 68), 24.0
(85, 96, 67, 53, 68, 23), 20.0
(14, 95, 67, 64, 73, 45), 31.0
(17, 1, 45, 57, 74, 46), 26.0
(15, 97, 73, 57, 75, 46), 26.0
(14, 95, 72, 65, 77, 76), 19.0
(16, 9, 73, 60, 74, 46), 18.0
(18, 99, 67, 57, 73, 54), 26.0
(59, 99, 67, 64, 71, 83), 21.0
(11, 99, 77, 50, 81, 50), None
(23, 94, 61, 54, 73, 56), 28.0
(20, 97, 65, 57, 73, 56), 24.0
(17, 97, 41, 55, 70, 55), None
(22, 93, 62, 52, 67, 59), 24.0
(97, 93, 58, 81, 66, 64), 19.0
(25, 95, 61, 89, 69, 52), 24.0
(88, 97, 43, 61, 86, 60), 18.0
(29, 90, 69, 33, 64, 65), 22.0
(84, 95, 38, 48, 71, 74), 26.0
(79, 95, 65, 70, 63, 80), 21.0
(23, 48, 52, 45, 61, 43), 26.0
(9, 95, 35, 47, 68, 63), 22.0
(81, 88, 57, 49, 27, 70), 20.0
(5, 47, 54, 41, 54, 57), None
(23, 30, 52, 53, 76, 49), 20.0
(84, 92, 47, 55, 65, 66), 22.0
(91, 97, 42, 62, 67, 68), 20.0
(94, 21, 46, 58, 78, 72), 21.0
(88, 17, 59, 78, 70, 71), 24.0
(0, 99, 36, 47, 61, 75), 20.0
(20, 97, 40, 56, 73, 54), 21.0
(12, 97, 49, 75, 75, 46), None
(18, 99, 64, 63, 74, 78), 26.0
(55, 94, 6, 66, 59, 82), 22.0
(85, 92, 63, 63, 72, 77), None
(83, 99, 37, 57, 72, 52), 20.0
(89, 94, 45, 51, 70, 74), 20.0
(92, 93, 32, 54, 68, 67), 18.0
(80, 69, 40, 39, 61, 62), 27.0
(75, 71, 69, 68, 64, 85), 19.0
(78, 99, 66, 44, 11, 57), 20.0
(87, 97, 42, 38, 66, 62), 18.0
(87, 96, 55, 60, 67, 59), 23.0
(81, 63, 38, 42, 69, 50), 25.0
(48, 81, 61, 71, 56, 39), 20.0
(19, 69, 39, 99, 61, 43), 24.0
(15, 74, 44, 35, 77, 46), 22.0
(82, 96, 60, 38, 63, 69), 18.0
(96, 97, 75, 3, 60, 62), 21.0
(17, 99, 99, 58, 75, 54), None
(13, 2, 48, 40, 74, 48), None
(17, 67, 63, 57, 73, 78), 24.0
(38, 97, 71, 59, 79, 64), 21.0
(23, 95, 40, 45, 70, 53), 23.0
(41, 77, 89, 41, 53, 48), None
(85, 99, 57, 36, 71, 60), 20.0
(51, 95, 34, 46, 63, 80), 22.0
(83, 91, 95, 77, 57, 67), 24.0
(90, 93, 43, 30, 65, 65), None
(10, 97, 46, 95, 67, 40), 20.0
(20, 99, 64, 61, 82, 46), 22.0
(95, 93, 99, 89, 33, 7), 24.0
(92, 89, 58, 80, 65, 69), 25.0
(18, 98, 62, 53, 74, 73), 20.0
(8, 96, 60, 43, 59, 41), 18.0
(14, 95, 45, 49, 76, 61), 22.0
(46, 94, 69, 55, 59, 51), 24.0
(16, 57, 73, 84, 55, 45), 28.0
(15, 52, 72, 84, 55, 44), 24.0
(53, 59, 75, 74, 56, 66), 21.0
(80, 56, 36, 66, 84, 76), 22.0
(14, 98, 71, 57, 73, 45), 24.0
(83, 50, 39, 48, 69, 43), 19.0
(27, 46, 51, 92, 53, 75), 21.0
(24, 74, 78, 86, 62, 64), 28.0
(22, 69, 78, 83, 61, 71), 22.0
(51, 79, 68, 81, 61, 47), 19.0
(85, 96, 40, 86, 65, 64), 22.0
(70, 73, 94, 86, 58, 79), 20.0
(81, 75, 38, 87, 63, 57), 25.0
(32, 41, 73, 39, 55, 66), 19.0
(27, 67, 79, 90, 58, 54), 23.0
(25, 47, 75, 45, 50, 50), None
(22, 49, 48, 34, 51, 21), 18.0
(74, 95, 97, 83, 62, 81), 20.0
(20, 56, 70, 79, 57, 69), 24.0
(61, 99, 67, 64, 71, 73), 18.0
(49, 63, 42, 76, 63, 62), None
(17, 97, 65, 67, 70, 78), 27.0
(86, 97, 66, 50, 68, 77), 25.0
(12, 97, 80, 43, 66, 65), 26.0
(19, 99, 61, 69, 69, 62), None
(82, 92, 58, 52, 71, 75), 23.0
(15, 71, 73, 66, 76, 79), 22.0
(11, 97, 76, 37, 78, 59), 19.0
(99, 43, 64, 73, 47, 68), 24.0
(4, 94, 55, 64, 60, 73), 28.0
(12, 96, 55, 43, 66, 64), 24.0
(5, 76, 45, 60, 59, 71), 18.0
(47, 94, 53, 64, 61, 73), 22.0
(89, 48, 57, 67, 68, 63), 26.0
(17, 8, 82, 63, 75, 47), 22.0
(2, 52, 92, 84, 54, 70), 23.0
(24, 94, 68, 71, 62, 42), 23.0
(2, 99, 50, 89, 72, 57), 24.0
(64, 91, 61, 64, 65, 77), None
(17, 97, 64, 63, 57, 83), 22.0
(8, 95, 49, 69, 69, 56), None
(90, 93, 56, 67, 67, 67), None
(87, 45, 59, 39, 64, 60), 28.0
(13, 97, 74, 40, 64, 75), 27.0
(44, 85, 77, 40, 89, 59), 22.0
(87, 99, 59, 38, 64, 76), 27.0
(3, 99, 60, 37, 64, 75), 22.0
(87, 95, 70, 39, 64, 77), 20.0
(13, 54, 62, 36, 64, 60), 20.0
(85, 97, 75, 41, 66, 52), 20.0
(10, 99, 79, 42, 66, 74), 20.0
(11, 97, 78, 43, 62, 76), 24.0
(0, 81, 58, 39, 61, 79), 22.0
(93, 95, 54, 37, 60, 73), 21.0
(87, 97, 77, 39, 67, 64), 26.0
(83, 99, 31, 46, 71, 76), 20.0
(35, 97, 81, 35, 65, 64), None
(32, 92, 84, 40, 81, 68), 26.0
(29, 43, 52, 42, 60, 70), 23.0
(97, 93, 57, 32, 68, 62), 22.0
(95, 14, 72, 92, 9, 72), None
(80, 39, 59, 40, 52, 49), 18.0
(7, 50, 74, 41, 49, 55), 22.0
(15, 99, 56, 86, 63, 58), 23.0
(87, 95, 62, 66, 69, 75), 27.0
(49, 90, 59, 68, 62, 68), None
(88, 73, 63, 88, 69, 78), None
(14, 95, 73, 66, 64, 81), 23.0
(91, 93, 61, 61, 70, 71), None
(5, 94, 66, 90, 67, 73), 18.0
(85, 96, 64, 0, 72, 75), 24.0
(40, 61, 86, 70, 83, 38), 26.0
(25, 44, 55, 38, 61, 70), 26.0
(18, 99, 68, 59, 78, 54), 26.0
(78, 69, 96, 65, 59, 78), None
(56, 95, 66, 72, 64, 80), 21.0
(21, 97, 62, 28, 65, 75), 18.0
(9, 47, 51, 45, 62, 42), 19.0
(89, 97, 42, 33, 68, 61), 26.0
(57, 92, 24, 75, 59, 77), 25.0
(86, 94, 58, 31, 69, 61), 20.0
(82, 96, 35, 82, 70, 74), None
(87, 99, 61, 55, 72, 65), 27.0
(31, 91, 84, 35, 80, 67), 25.0
(85, 99, 66, 61, 73, 56), 25.0
(88, 96, 60, 85, 63, 65), 19.0
(84, 98, 61, 67, 66, 66), None
(86, 97, 71, 38, 67, 63), 25.0
(88, 99, 64, 36, 72, 60), 18.0
(94, 95, 46, 56, 70, 64), 20.0
(52, 34, 70, 78, 64, 82), 28.0
(51, 27, 70, 69, 65, 82), 18.0
(50, 32, 69, 79, 63, 76), 20.0
(47, 24, 62, 73, 65, 72), 24.0
(54, 57, 73, 82, 68, 79), 25.0
(81, 99, 71, 54, 76, 84), 17.0
(46, 39, 75, 66, 71, 72), 20.0
(53, 97, 59, 84, 73, 87), 23.0
(49, 65, 65, 77, 60, 69), None
(83, 33, 68, 63, 62, 74), 28.0
(83, 37, 68, 61, 62, 74), 18.0
(80, 95, 70, 65, 60, 70), None
(84, 34, 67, 62, 66, 66), None
(76, 33, 62, 64, 64, 73), None
(44, 78, 73, 63, 69, 68), 24.0
(78, 35, 56, 59, 62, 58), 20.0
(82, 35, 65, 69, 64, 77), 22.0
(52, 30, 71, 55, 61, 81), 26.0
(12, 99, 68, 80, 57, 71), 23.0
(84, 30, 74, 71, 67, 75), 25.0
(90, 41, 63, 22, 58, 76), 23.0
(15, 61, 69, 74, 63, 66), 19.0
(86, 28, 59, 67, 75, 73), 27.0
(86, 89, 57, 87, 77, 71), 29.0
(86, 30, 56, 88, 77, 68), 20.0
(92, 90, 54, 87, 80, 71), 23.0
(88, 93, 57, 86, 78, 78), None
(86, 28, 59, 67, 74, 74), None
(51, 93, 60, 51, 77, 63), None
(37, 88, 63, 83, 72, 69), 24.0
(84, 26, 58, 85, 79, 71), 24.0
(90, 95, 65, 65, 75, 65), None
(87, 32, 58, 59, 75, 73), 20.0
(88, 23, 61, 81, 76, 73), 20.0
(91, 97, 54, 78, 66, 75), 24.0
(97, 36, 71, 87, 69, 79), 27.0
(68, 38, 72, 88, 79, 59), 23.0
(99, 35, 66, 52, 71, 79), 20.0
(80, 91, 33, 63, 60, 75), 30.0
(79, 91, 76, 85, 61, 81), 20.0
(96, 33, 33, 90, 74, 85), None
(95, 36, 33, 87, 65, 83), 18.0
(82, 89, 28, 63, 59, 77), 24.0
(48, 94, 30, 60, 72, 75), 24.0
(80, 74, 35, 68, 77, 70), 22.0
(11, 91, 32, 61, 70, 77), 22.0
(82, 87, 26, 62, 69, 80), 22.0
(42, 71, 35, 57, 62, 72), 23.0
(84, 93, 37, 58, 60, 55), 22.0
(6, 95, 15, 76, 55, 69), 18.0
(86, 28, 56, 64, 82, 72), 24.0
(88, 83, 62, 65, 73, 58), 17.0
(85, 24, 59, 62, 74, 74), None
(34, 32, 75, 91, 67, 45), 25.0
(53, 37, 71, 83, 64, 76), 23.0
(13, 97, 68, 29, 57, 78), 21.0
(93, 97, 48, 54, 66, 51), 22.0
(78, 67, 99, 38, 63, 62), 25.0
(9, 41, 73, 89, 68, 60), 19.0
(94, 29, 53, 86, 76, 73), 22.0
(96, 90, 56, 85, 72, 82), 24.0
(77, 35, 72, 82, 63, 70), 26.0
(86, 77, 60, 65, 59, 61), 22.0
(59, 92, 64, 25, 69, 79), 24.0
(16, 64, 70, 48, 65, 66), 18.0
(74, 99, 67, 93, 70, 57), 21.0
(46, 21, 77, 59, 73, 79), 21.0
(55, 33, 70, 88, 80, 49), 20.0
(90, 94, 36, 42, 56, 53), 23.0
(98, 31, 75, 81, 61, 67), 21.0
(80, 80, 39, 70, 58, 74), None
(83, 95, 57, 40, 65, 71), 24.0
(89, 39, 60, 87, 68, 63), 31.0
(97, 39, 67, 87, 68, 83), 28.0
(98, 37, 55, 90, 68, 88), 23.0
(91, 37, 66, 84, 75, 84), None
(21, 40, 68, 87, 68, 82), None
(14, 42, 69, 86, 67, 88), 18.0
(16, 38, 65, 84, 71, 84), None
(89, 38, 67, 68, 78, 44), 24.0
(19, 92, 62, 63, 65, 76), 22.0
(93, 40, 60, 93, 71, 61), None
(12, 45, 53, 90, 60, 63), 21.0
(97, 34, 30, 56, 68, 86), 20.0
(50, 86, 64, 80, 70, 67), 24.0
(72, 96, 58, 72, 74, 68), None
(29, 36, 67, 87, 69, 47), 21.0
(89, 93, 61, 58, 97, 59), 27.0
(99, 40, 23, 83, 62, 58), 24.0
(47, 35, 71, 88, 81, 57), 20.0
(84, 44, 98, 44, 64, 90), None
(82, 59, 47, 33, 57, 63), 22.0
(96, 72, 43, 85, 61, 61), None
(92, 26, 51, 89, 67, 80), 20.0
(4, 91, 57, 34, 92, 55), 22.0
(8, 88, 73, 91, 95, 55), 20.0
(88, 75, 59, 75, 66, 69), None
(86, 94, 59, 60, 64, 74), 20.0
(82, 42, 49, 63, 60, 64), 30.0
(83, 43, 50, 62, 58, 71), 22.0
(79, 40, 77, 58, 62, 59), 27.0
(76, 43, 49, 63, 59, 65), 23.0
(81, 45, 95, 54, 56, 64), 24.0
(95, 39, 78, 87, 69, 59), 28.0
(16, 39, 81, 62, 76, 61), 22.0
(92, 41, 55, 85, 52, 57), 26.0
(95, 46, 78, 52, 71, 64), 23.0
(97, 38, 80, 88, 71, 63), 22.0
(89, 44, 33, 49, 67, 60), 26.0
(94, 42, 53, 59, 74, 58), 25.0
(38, 89, 62, 55, 43, 95), 20.0
(25, 41, 69, 78, 78, 53), None
(85, 39, 79, 83, 87, 65), 23.0
(90, 92, 0, 65, 66, 59), 16.0
(79, 41, 63, 60, 38, 56), 18.0
(90, 39, 77, 57, 91, 59), 25.0
(99, 33, 48, 87, 60, 61), 20.0
(94, 36, 65, 89, 99, 83), 26.0
(81, 36, 75, 57, 63, 61), 22.0
(83, 37, 83, 56, 20, 59), None
(86, 90, 55, 67, 54, 45), 23.0
(18, 46, 63, 65, 73, 50), 24.0
(34, 96, 44, 81, 56, 47), 25.0
(87, 85, 60, 60, 97, 56), None
(87, 42, 81, 61, 76, 63), 26.0
(89, 33, 61, 86, 73, 53), 26.0
(83, 98, 92, 84, 64, 67), 22.0
(27, 39, 67, 63, 85, 12), 23.0
(82, 69, 51, 86, 59, 4), 26.0
(22, 94, 65, 8, 66, 77), 22.0
(92, 40, 77, 58, 97, 59), 25.0
(36, 36, 87, 91, 68, 56), None
(62, 38, 71, 82, 83, 72), 26.0
(94, 94, 53, 93, 69, 51), None
(79, 67, 79, 61, 78, 63), None
(31, 93, 58, 64, 70, 43), 25.0
(98, 35, 50, 88, 62, 62), None
(96, 34, 66, 18, 74, 81), 24.0
(81, 78, 99, 90, 60, 85), 22.0
(10, 31, 74, 84, 63, 48), 26.0
(80, 43, 76, 54, 58, 62), 22.0
(44, 44, 32, 59, 72, 65), None
(52, 99, 57, 55, 89, 65), 26.0
(76, 53, 38, 46, 61, 65), 24.0
(20, 40, 64, 58, 62, 56), 20.0
(84, 40, 74, 54, 77, 68), 24.0
(7, 28, 96, 36, 65, 72), 20.0
(85, 42, 62, 66, 72, 60), 29.0
(85, 42, 5, 66, 75, 69), 20.0
(66, 44, 78, 50, 62, 60), 23.0
(85, 48, 72, 63, 56, 62), 16.0
(13, 96, 69, 79, 68, 58), 20.0
(84, 45, 46, 68, 76, 61), 24.0
(96, 38, 69, 87, 67, 54), 25.0
(49, 62, 61, 61, 94, 60), None
(92, 36, 69, 31, 81, 46), 22.0
(88, 88, 63, 92, 71, 57), None
(40, 73, 47, 45, 65, 63), 23.0
(99, 42, 67, 85, 66, 67), None
(79, 42, 40, 58, 62, 59), 18.0
(97, 38, 43, 84, 54, 66), 24.0
(86, 91, 61, 66, 74, 55), 22.0
(10, 97, 57, 88, 65, 76), 25.0
(24, 46, 64, 70, 79, 74), 19.0
(88, 92, 60, 61, 72, 58), 29.0
(84, 89, 55, 60, 72, 57), 21.0
(90, 91, 60, 62, 69, 58), 24.0
(82, 81, 63, 65, 75, 53), 26.0
(89, 93, 63, 64, 70, 55), 22.0
(54, 87, 58, 62, 72, 63), 24.0
(81, 70, 90, 96, 59, 60), 23.0
(77, 84, 28, 60, 60, 58), None
(18, 40, 65, 63, 63, 60), None
Sampler:BoTorchSampler
(34, 64, 69, 57, 93, 40), 22.0
(37, 54, 56, 48, 68, 39), 22.0
(74, 2, 74, 66, 85, 11), None
(67, 20, 4, 38, 22, 12), 20.0
(60, 21, 7, 70, 8, 86), 18.0
(57, 18, 79, 82, 37, 88), 18.0
(62, 41, 79, 57, 93, 47), 22.0
(97, 49, 8, 0, 26, 75), 25.0
(48, 61, 20, 69, 52, 77), 22.0
(45, 19, 92, 90, 65, 0), 26.0
(51, 40, 59, 48, 50, 89), 18.0
(43, 24, 59, 95, 84, 0), 21.0
(46, 19, 57, 82, 53, 0), 22.0
(46, 19, 58, 82, 54, 0), 23.0
(47, 18, 30, 81, 53, 0), 23.0
(47, 14, 43, 85, 55, 0), 28.0
(62, 0, 95, 18, 51, 0), None
(59, 0, 93, 89, 51, 0), None
(60, 0, 94, 53, 51, 0), None
(59, 0, 93, 53, 51, 0), None
(61, 0, 94, 86, 51, 0), None
(72, 0, 99, 29, 50, 0), None
(60, 0, 94, 47, 51, 0), None
(59, 0, 93, 9, 51, 0), None
(62, 0, 94, 0, 51, 0), None
(64, 0, 95, 73, 51, 0), None
(61, 0, 94, 44, 51, 0), None
(60, 0, 93, 14, 51, 0), None
(61, 0, 94, 22, 51, 0), None
(28, 25, 9, 16, 20, 62), 19.0
(96, 17, 85, 86, 70, 42), 20.0
(43, 1, 22, 5, 5, 16), None
(33, 0, 93, 56, 48, 0), None
(30, 0, 96, 61, 47, 0), None
(56, 35, 33, 83, 34, 98), 26.0
(50, 3, 43, 91, 48, 8), 22.0
(21, 6, 17, 91, 56, 0), 19.0
(26, 24, 47, 82, 67, 0), 18.0
(85, 4, 2, 84, 41, 71), 23.0
(56, 2, 59, 96, 56, 0), None
(41, 20, 23, 53, 63, 55), 27.0
(53, 11, 18, 64, 71, 52), 21.0
(97, 70, 43, 94, 12, 9), 21.0
(60, 70, 19, 7, 91, 63), 20.0
(79, 40, 4, 69, 18, 31), 24.0
(7, 49, 40, 74, 46, 32), 18.0
(68, 76, 10, 35, 51, 69), 20.0
(30, 70, 61, 74, 82, 28), 22.0
(76, 35, 66, 74, 37, 52), 22.0
(64, 45, 52, 80, 34, 0), 20.0
(52, 49, 21, 99, 69, 0), 23.0
(57, 72, 16, 97, 27, 94), 19.0
(41, 74, 73, 97, 71, 20), 26.0
(68, 71, 2, 57, 21, 52), 24.0
(66, 50, 38, 19, 16, 50), None
(53, 0, 3, 72, 87, 94), 27.0
(17, 91, 50, 5, 23, 42), 26.0
(79, 89, 7, 9, 27, 0), 24.0
(14, 48, 58, 13, 49, 80), 25.0
(69, 99, 11, 97, 57, 2), 22.0
(65, 20, 22, 27, 81, 37), 20.0
(93, 88, 9, 52, 50, 83), 24.0
(92, 71, 9, 43, 38, 91), 24.0
(23, 39, 7, 90, 43, 9), 21.0
(32, 11, 36, 52, 61, 94), 23.0
(44, 61, 99, 97, 66, 6), 26.0
(44, 0, 8, 71, 84, 96), 20.0
(36, 55, 92, 64, 56, 44), 27.0
(39, 55, 95, 82, 59, 23), 22.0
(89, 4, 50, 60, 16, 18), 22.0
(49, 83, 93, 3, 76, 6), 22.0
(48, 93, 40, 7, 31, 37), 22.0
(29, 79, 32, 42, 14, 58), 24.0
(4, 3, 83, 6, 50, 2), 25.0
(31, 33, 54, 56, 35, 48), 20.0
(75, 94, 48, 59, 67, 85), 31.0
(67, 45, 64, 40, 32, 8), 20.0
(80, 97, 68, 71, 71, 25), None
(67, 18, 16, 27, 12, 97), 26.0
(58, 89, 71, 70, 84, 29), 22.0
(14, 46, 90, 87, 39, 68), 20.0
(50, 86, 7, 92, 99, 59), 19.0
(42, 26, 20, 26, 56, 20), None
(46, 68, 66, 13, 54, 26), 18.0
(9, 11, 5, 88, 24, 28), 27.0
(13, 55, 84, 67, 50, 70), 29.0
(85, 74, 31, 71, 57, 8), 18.0
(50, 27, 41, 14, 1, 19), 26.0
(67, 3, 68, 69, 14, 27), 26.0
(92, 10, 8, 19, 5, 13), 18.0
(82, 90, 86, 44, 85, 26), 24.0
(19, 90, 72, 59, 83, 33), 24.0
(28, 37, 24, 74, 30, 58), 21.0
(68, 4, 5, 74, 95, 97), 20.0
(34, 5, 10, 94, 74, 1), 25.0
(93, 48, 95, 17, 43, 9), 21.0
(49, 98, 49, 37, 65, 38), None
(68, 16, 80, 94, 74, 23), 18.0
(65, 62, 46, 60, 58, 62), None
(64, 85, 80, 95, 79, 50), 19.0
(94, 93, 64, 68, 86, 79), 24.0
(1, 33, 65, 10, 62, 54), 20.0
(68, 42, 17, 27, 63, 7), 18.0
(81, 61, 68, 62, 91, 44), 21.0
(20, 71, 72, 33, 13, 73), 16.0
(46, 15, 67, 19, 30, 59), 24.0
(92, 95, 36, 21, 7, 14), 16.0
(9, 16, 19, 17, 64, 6), 24.0
(87, 66, 58, 24, 34, 17), 18.0
(52, 53, 28, 43, 1, 20), 25.0
(73, 12, 98, 32, 19, 94), 20.0
(7, 50, 19, 88, 40, 71), 23.0
(6, 2, 86, 51, 33, 20), 22.0
(77, 10, 26, 81, 80, 56), 20.0
(35, 59, 69, 59, 95, 79), None
(50, 14, 33, 62, 89, 55), 24.0
(84, 92, 40, 27, 43, 35), 23.0
(92, 79, 4, 68, 53, 48), 25.0
(95, 21, 29, 7, 19, 50), 25.0
(78, 78, 84, 3, 60, 70), None
(32, 1, 14, 59, 75, 36), 23.0
(92, 25, 10, 11, 79, 62), 18.0
(42, 46, 44, 73, 8, 31), 20.0
(18, 40, 83, 96, 98, 74), 19.0
(33, 89, 59, 15, 86, 8), 24.0
(86, 80, 71, 80, 61, 85), None
(26, 94, 30, 19, 17, 15), 19.0
(26, 93, 75, 11, 77, 61), 20.0
(81, 61, 94, 64, 81, 31), None
(64, 25, 61, 46, 77, 6), 20.0
(94, 42, 61, 90, 13, 48), 24.0
(27, 65, 46, 99, 81, 8), 24.0
(6, 37, 13, 17, 28, 68), 28.0
(95, 85, 74, 52, 77, 45), 21.0
(75, 14, 25, 72, 98, 43), 23.0
(87, 3, 61, 6, 20, 10), 25.0
(42, 22, 17, 14, 96, 49), 18.0
(20, 77, 49, 33, 71, 87), 23.0
(92, 11, 6, 83, 48, 73), 21.0
(4, 69, 50, 7, 30, 13), 23.0
(94, 35, 23, 89, 12, 15), 21.0
(88, 46, 1, 11, 2, 67), 26.0
(4, 28, 20, 95, 69, 54), 20.0
(44, 0, 65, 40, 20, 27), 21.0
(38, 29, 1, 68, 83, 38), None
(32, 87, 42, 10, 6, 84), 19.0
(48, 0, 2, 20, 79, 18), 24.0
(94, 56, 75, 45, 74, 37), 22.0
(91, 17, 86, 2, 47, 1), 19.0
(0, 73, 34, 2, 22, 58), 17.0
(15, 84, 0, 8, 6, 56), 22.0
(44, 49, 59, 57, 75, 41), 26.0
(63, 73, 56, 34, 18, 90), 22.0
(17, 80, 49, 24, 0, 27), 20.0
(41, 31, 71, 85, 41, 98), None
(2, 16, 19, 13, 76, 86), 19.0
(28, 86, 26, 87, 0, 3), 18.0
(84, 68, 64, 46, 27, 28), 23.0
(64, 34, 37, 25, 15, 47), 22.0
(23, 44, 33, 91, 76, 93), 24.0
(39, 35, 57, 51, 88, 15), 25.0
(18, 47, 12, 4, 24, 18), None
(88, 79, 64, 34, 84, 48), 22.0
(79, 35, 43, 4, 36, 9), 24.0
(13, 16, 91, 71, 13, 98), None
(86, 55, 11, 72, 68, 33), 30.0
(88, 42, 79, 94, 18, 5), 26.0
(79, 0, 52, 95, 26, 42), 20.0
(24, 12, 5, 13, 21, 48), 22.0
(84, 28, 75, 39, 41, 87), 20.0
(25, 12, 87, 44, 56, 30), 20.0
(69, 75, 70, 60, 26, 40), 26.0
(77, 47, 29, 12, 10, 96), 17.0
(19, 88, 10, 97, 1, 89), 21.0
(61, 34, 40, 1, 89, 94), 24.0
(51, 8, 65, 50, 52, 44), 25.0
(66, 59, 5, 38, 9, 88), 21.0
(36, 88, 3, 1, 64, 23), 22.0
(59, 42, 19, 20, 96, 74), 27.0
(14, 16, 58, 83, 18, 44), 20.0
(35, 27, 37, 89, 96, 64), 22.0
(35, 0, 21, 1, 50, 44), 26.0
(27, 84, 39, 32, 63, 58), 18.0
(17, 21, 59, 88, 19, 41), 22.0
(38, 70, 92, 57, 23, 45), 22.0
(25, 96, 12, 97, 70, 91), 21.0
(31, 24, 83, 75, 16, 65), 22.0
(38, 19, 47, 47, 49, 41), None
(43, 6, 99, 98, 62, 63), 22.0
(13, 2, 67, 5, 78, 61), 24.0
(53, 5, 10, 56, 66, 86), 24.0
(1, 40, 91, 84, 56, 78), 20.0
(57, 43, 20, 72, 63, 31), 19.0
(7, 53, 14, 30, 45, 96), 21.0
(1, 66, 23, 91, 67, 26), 21.0
(83, 67, 34, 42, 28, 71), 20.0
(93, 72, 88, 93, 18, 44), None
(57, 25, 89, 10, 50, 17), 22.0
(60, 78, 74, 38, 1, 54), 18.0
(30, 79, 30, 61, 17, 6), None
(7, 30, 20, 65, 7, 90), None
(7, 64, 0, 68, 81, 6), 22.0
(27, 76, 58, 92, 91, 34), 24.0
(98, 72, 75, 96, 96, 5), None
(40, 99, 70, 58, 76, 75), 20.0
(37, 60, 85, 98, 39, 58), 27.0
(86, 61, 2, 17, 11, 8), 22.0
(27, 95, 64, 8, 72, 1), 24.0
(6, 68, 16, 44, 88, 36), 24.0
(35, 10, 73, 78, 14, 12), 23.0
(98, 28, 68, 82, 74, 0), 21.0
(20, 22, 2, 84, 0, 61), 25.0
(4, 69, 76, 66, 43, 2), 24.0
(13, 76, 44, 38, 22, 49), 23.0
(47, 91, 87, 19, 7, 90), 21.0
(70, 34, 58, 91, 94, 64), 21.0
(71, 24, 2, 80, 16, 50), 23.0
(15, 52, 71, 21, 19, 85), 20.0
(90, 37, 34, 65, 23, 12), 27.0
(83, 45, 87, 48, 6, 78), 20.0
(76, 91, 55, 45, 32, 98), 29.0
(7, 32, 29, 97, 28, 87), 20.0
(77, 73, 4, 65, 18, 99), 20.0
(73, 96, 71, 10, 4, 18), 22.0
(77, 84, 42, 61, 91, 9), 26.0
(33, 78, 39, 72, 1, 88), 20.0
(95, 71, 30, 6, 58, 19), 23.0
(32, 14, 58, 7, 64, 90), 20.0
(8, 93, 55, 30, 15, 65), 18.0
(49, 50, 83, 5, 13, 89), 20.0
(44, 64, 43, 66, 17, 18), 22.0
(66, 55, 96, 26, 55, 49), None
(91, 62, 76, 95, 23, 1), 19.0
(30, 60, 63, 97, 30, 40), None
(73, 87, 7, 15, 14, 76), 25.0
(78, 86, 53, 36, 78, 32), None
(72, 9, 58, 18, 65, 52), 19.0
(58, 57, 69, 58, 81, 12), None
(81, 74, 23, 25, 30, 93), 20.0
(6, 29, 1, 53, 67, 28), 23.0
(5, 37, 39, 10, 42, 76), 23.0
(22, 88, 11, 99, 55, 52), 19.0
(66, 78, 36, 47, 52, 3), 24.0
(64, 8, 83, 60, 89, 63), 20.0
(79, 99, 23, 31, 67, 82), 20.0
(85, 54, 74, 19, 28, 98), 22.0
(26, 85, 0, 8, 57, 44), 23.0
(4, 29, 32, 4, 25, 14), None
(20, 79, 42, 35, 3, 60), 23.0
(9, 64, 11, 55, 23, 84), 25.0
(62, 85, 22, 15, 90, 56), 18.0
(76, 13, 48, 35, 73, 76), None
(15, 57, 99, 56, 24, 79), 22.0
(34, 45, 69, 6, 59, 14), 26.0
(20, 46, 86, 4, 81, 6), 18.0
(99, 97, 77, 70, 21, 7), 18.0
(0, 60, 11, 70, 69, 36), 18.0
(6, 23, 50, 74, 15, 0), 24.0
(60, 24, 42, 83, 62, 81), 26.0
(32, 50, 28, 90, 31, 98), 22.0
(35, 78, 66, 34, 48, 53), 26.0
(92, 30, 49, 58, 72, 37), 20.0
(41, 23, 94, 78, 49, 30), 18.0
(81, 92, 49, 75, 36, 17), 23.0
(59, 99, 85, 77, 52, 74), 23.0
(78, 30, 89, 70, 80, 50), 25.0
(33, 61, 73, 6, 21, 19), 25.0
(58, 46, 17, 99, 49, 5), 20.0
(43, 74, 6, 40, 59, 49), 19.0
(92, 42, 95, 48, 53, 96), 21.0
(60, 52, 61, 12, 14, 94), 18.0
(32, 83, 11, 25, 87, 26), 21.0
(20, 37, 74, 87, 29, 90), 23.0
(45, 27, 69, 21, 80, 48), 24.0
(47, 72, 77, 75, 41, 28), 24.0
(43, 40, 77, 66, 38, 0), 26.0
(98, 1, 77, 57, 27, 81), 20.0
(1, 60, 87, 2, 9, 21), 22.0
(25, 4, 55, 35, 7, 67), 24.0
(9, 89, 16, 5, 71, 23), 19.0
(79, 96, 66, 78, 39, 81), 27.0
(83, 10, 10, 7, 87, 5), None
(6, 72, 13, 5, 42, 68), 24.0
(52, 73, 73, 99, 61, 64), None
(75, 18, 7, 36, 61, 31), 22.0
(37, 76, 33, 48, 28, 60), 30.0
(51, 40, 87, 76, 69, 22), 18.0
(58, 19, 48, 63, 15, 47), 22.0
(19, 8, 78, 3, 10, 1), 20.0
(76, 96, 10, 72, 75, 98), 17.0
(85, 10, 48, 36, 20, 90), 20.0
(29, 63, 66, 77, 96, 84), 27.0
(19, 65, 24, 27, 18, 35), 26.0
(96, 11, 71, 43, 34, 32), 20.0
(56, 68, 35, 54, 9, 14), 21.0
(46, 56, 53, 91, 46, 16), None
(87, 53, 80, 26, 20, 5), 20.0
(39, 60, 98, 70, 95, 71), 19.0
(57, 82, 40, 92, 0, 23), 20.0
(76, 51, 65, 87, 91, 22), 25.0
(10, 83, 5, 57, 12, 23), 20.0
(9, 83, 62, 94, 99, 46), 24.0
(66, 5, 58, 15, 29, 35), 24.0
(66, 43, 35, 0, 25, 52), 23.0
(50, 98, 93, 44, 91, 39), 20.0
(68, 48, 59, 77, 48, 64), None
(18, 59, 63, 78, 70, 54), 24.0
(41, 2, 51, 11, 2, 78), None
(86, 7, 74, 65, 56, 2), 24.0
(91, 49, 28, 57, 68, 80), 23.0
(12, 2, 57, 66, 21, 21), None
(7, 96, 58, 51, 60, 59), 20.0
(43, 3, 3, 23, 6, 93), None
(28, 2, 32, 26, 54, 67), 18.0
(81, 50, 17, 88, 95, 95), None
(39, 41, 61, 3, 87, 26), 20.0
(7, 43, 5, 85, 15, 63), 24.0
(74, 57, 56, 87, 39, 23), 24.0
(78, 88, 19, 94, 73, 80), 22.0
(79, 13, 25, 89, 93, 78), 25.0
(99, 9, 59, 49, 60, 63), 20.0
(51, 68, 92, 95, 15, 20), 21.0
(20, 82, 67, 13, 36, 53), 22.0
(56, 21, 0, 45, 37, 66), 20.0
(64, 67, 93, 8, 12, 13), 20.0
(20, 79, 35, 42, 81, 48), 22.0
(23, 98, 30, 20, 44, 19), 21.0
(80, 45, 24, 94, 0, 78), 26.0
(2, 71, 29, 67, 13, 65), 21.0
(52, 24, 49, 77, 25, 76), 19.0
(83, 18, 98, 89, 60, 28), 21.0
(43, 32, 52, 98, 58, 80), 23.0
(25, 94, 89, 10, 72, 84), 20.0
(38, 57, 33, 30, 70, 2), 24.0
(85, 52, 49, 88, 84, 58), 22.0
(61, 37, 76, 84, 53, 74), 20.0
(39, 65, 81, 78, 51, 82), 19.0
(92, 57, 68, 59, 18, 27), 20.0
(93, 52, 5, 78, 42, 67), 21.0
(12, 52, 69, 63, 50, 44), 21.0
(22, 94, 66, 34, 21, 94), None
(53, 61, 16, 91, 44, 79), 25.0
(96, 58, 24, 15, 92, 29), 22.0
(68, 5, 9, 58, 39, 31), 22.0
(82, 12, 66, 64, 65, 73), 28.0
(1, 74, 57, 24, 3, 75), 22.0
(11, 16, 30, 65, 27, 16), None
(52, 75, 52, 45, 61, 45), None
(29, 52, 37, 43, 22, 4), 22.0
(98, 30, 78, 50, 91, 1), 19.0
(50, 38, 50, 75, 78, 8), None
(95, 3, 9, 25, 70, 86), 22.0
(15, 40, 15, 93, 28, 24), None
(98, 17, 19, 10, 46, 18), 24.0
(23, 98, 68, 40, 6, 80), 22.0
(40, 29, 16, 70, 90, 55), 20.0
(17, 26, 30, 48, 25, 74), 23.0
(93, 28, 38, 58, 60, 67), 24.0
(55, 6, 35, 23, 85, 88), 18.0
(41, 62, 56, 53, 25, 78), 24.0
(69, 16, 78, 3, 70, 69), None
(99, 49, 58, 32, 32, 21), None
(97, 70, 58, 38, 32, 97), None
(63, 18, 66, 61, 84, 88), 20.0
(58, 7, 32, 60, 78, 45), 20.0
(1, 13, 25, 72, 79, 22), 29.0
(90, 1, 69, 60, 39, 82), 18.0
(15, 62, 59, 18, 58, 69), 24.0
(46, 9, 25, 95, 24, 49), 22.0
(68, 70, 87, 44, 83, 44), None
(19, 94, 56, 35, 98, 97), 23.0
(37, 59, 35, 57, 11, 42), 22.0
(72, 25, 91, 48, 80, 42), 21.0
(36, 50, 85, 54, 96, 14), 21.0
(90, 29, 19, 19, 72, 97), None
(57, 72, 2, 47, 1, 96), 18.0
(72, 28, 39, 92, 6, 44), 20.0
(68, 66, 24, 18, 19, 86), 22.0
(31, 81, 11, 81, 35, 68), None
(93, 1, 53, 42, 67, 96), 29.0
(73, 14, 60, 16, 61, 54), 18.0
(47, 31, 11, 44, 27, 83), 18.0
(9, 78, 79, 64, 34, 59), 22.0
(30, 12, 59, 41, 27, 91), 18.0
(64, 38, 3, 71, 28, 61), 20.0
(36, 47, 98, 1, 8, 83), 20.0
(81, 43, 39, 23, 20, 37), 20.0
(37, 73, 42, 48, 35, 61), 18.0
(7, 13, 51, 64, 74, 41), 18.0
(16, 98, 38, 58, 70, 78), 16.0
(2, 63, 2, 11, 13, 25), None
(0, 15, 36, 96, 33, 7), 20.0
(99, 23, 89, 40, 82, 97), 21.0
(32, 63, 98, 34, 20, 41), 23.0
(90, 60, 31, 75, 8, 92), 28.0
(6, 22, 89, 4, 9, 29), 24.0
(29, 57, 90, 73, 41, 30), 20.0
(44, 78, 8, 25, 71, 84), 21.0
(48, 35, 41, 70, 66, 94), 18.0
(72, 19, 40, 16, 4, 24), 20.0
(78, 55, 45, 52, 93, 56), 27.0
(2, 50, 18, 60, 41, 38), 22.0
(42, 57, 4, 15, 24, 3), 21.0
(46, 48, 89, 65, 46, 97), None
(0, 89, 44, 67, 46, 35), 22.0
(21, 3, 95, 51, 52, 24), 20.0
(28, 96, 66, 41, 41, 6), None
(84, 78, 5, 18, 63, 14), 18.0
(72, 25, 28, 47, 58, 20), 22.0
(21, 39, 26, 75, 40, 29), 18.0
(46, 62, 63, 80, 62, 85), None
(31, 17, 45, 13, 90, 38), 18.0
(93, 29, 72, 49, 87, 16), 19.0
(32, 83, 68, 14, 43, 33), 20.0
(84, 3, 96, 17, 22, 94), 24.0
(83, 98, 98, 54, 4, 90), None
(83, 3, 91, 97, 24, 64), 24.0
(56, 34, 53, 82, 25, 16), 25.0
(8, 15, 98, 16, 18, 8), None
(63, 26, 37, 12, 83, 66), 23.0
(15, 81, 48, 27, 37, 72), 26.0
(43, 91, 80, 67, 2, 98), 19.0
(6, 66, 92, 96, 41, 53), 24.0
(96, 92, 91, 57, 13, 54), 22.0
(29, 92, 40, 52, 32, 71), 19.0
(38, 53, 20, 37, 18, 2), 18.0
(23, 26, 14, 45, 73, 12), 24.0
(95, 56, 23, 11, 12, 13), 20.0
(85, 15, 62, 38, 28, 14), 23.0
(15, 97, 44, 18, 95, 75), 20.0
(44, 80, 60, 82, 58, 28), 21.0
(62, 18, 5, 56, 19, 18), None
(5, 58, 40, 51, 23, 98), 24.0
(66, 46, 99, 93, 85, 24), 25.0
(10, 49, 0, 46, 77, 4), 24.0
(38, 33, 76, 26, 64, 24), 24.0
(61, 17, 26, 22, 68, 82), 21.0
(57, 46, 53, 79, 54, 24), 22.0
(52, 81, 20, 63, 64, 25), 25.0
(52, 70, 4, 46, 62, 77), 20.0
(55, 85, 43, 73, 8, 76), 20.0
(43, 79, 53, 17, 89, 62), 24.0
(23, 93, 41, 55, 40, 90), 20.0
(46, 98, 9, 6, 98, 55), None
(50, 99, 81, 57, 82, 22), 20.0
(29, 7, 43, 74, 29, 46), None
(64, 99, 68, 4, 15, 77), 21.0
(61, 44, 34, 39, 56, 10), 22.0
(1, 59, 77, 59, 54, 83), None
(22, 35, 68, 86, 84, 41), 23.0
(60, 60, 87, 77, 87, 62), None
(27, 53, 80, 63, 53, 85), None
(85, 44, 94, 98, 91, 22), 25.0
(95, 69, 10, 18, 30, 50), 20.0
(61, 5, 81, 13, 46, 31), 24.0
(32, 39, 52, 80, 53, 92), 22.0
(77, 46, 66, 53, 31, 64), 25.0
(27, 42, 45, 90, 55, 52), 23.0
(30, 83, 87, 32, 29, 0), 17.0
(94, 59, 11, 29, 27, 46), 19.0
(93, 92, 60, 71, 54, 99), 24.0
(11, 31, 21, 30, 37, 15), 24.0
(23, 76, 32, 44, 48, 39), 25.0
(80, 93, 92, 79, 15, 83), 21.0
(37, 31, 38, 33, 60, 55), 20.0
(29, 71, 50, 32, 69, 52), 18.0
(95, 51, 14, 67, 21, 0), 23.0
(6, 74, 31, 74, 49, 46), None
(5, 29, 17, 56, 73, 36), 22.0
(26, 89, 69, 39, 11, 7), 26.0
(64, 69, 73, 42, 87, 35), 22.0
(75, 22, 10, 36, 30, 8), 19.0
(2, 82, 29, 85, 9, 62), 22.0
(43, 18, 74, 83, 65, 13), 23.0
(35, 19, 67, 39, 26, 94), 26.0
(54, 38, 39, 41, 39, 89), None
(73, 20, 77, 28, 51, 86), 22.0
(49, 37, 61, 94, 82, 43), 20.0
(64, 93, 92, 53, 52, 62), 32.0
(29, 87, 97, 58, 2, 31), 20.0
(64, 82, 60, 5, 62, 31), 22.0
(8, 41, 48, 95, 31, 69), 17.0
(52, 30, 10, 93, 10, 94), None
(85, 76, 47, 55, 76, 69), None
(55, 0, 46, 99, 22, 34), 27.0
(37, 24, 44, 31, 95, 79), 22.0
(83, 94, 30, 20, 13, 6), 27.0
(62, 39, 70, 90, 26, 30), 20.0
(61, 53, 14, 63, 99, 64), 25.0
(57, 79, 6, 15, 29, 72), 22.0
(99, 74, 36, 73, 2, 74), None
(90, 99, 88, 4, 40, 10), 22.0
(70, 26, 14, 1, 80, 74), 21.0
(17, 48, 35, 36, 15, 8), 28.0
(38, 16, 56, 45, 19, 79), 22.0
(50, 21, 10, 64, 12, 88), 17.0
(85, 77, 55, 85, 75, 67), None
(78, 48, 35, 39, 9, 79), 20.0
(75, 53, 84, 77, 21, 64), 29.0
(88, 94, 40, 58, 5, 58), None
Sampler:CmaEsSampler
(75, 88, 51, 32, 46, 0), 23.0
(36, 61, 62, 42, 66, 47), 23.0
(30, 60, 37, 28, 58, 67), 22.0
(31, 45, 70, 69, 41, 49), 22.0
(71, 43, 34, 50, 48, 64), 24.0
(46, 43, 31, 56, 40, 49), 16.0
(54, 19, 53, 23, 29, 33), 19.0
(74, 38, 36, 60, 35, 39), 22.0
(34, 71, 64, 39, 68, 44), 24.0
(51, 66, 75, 47, 55, 54), 24.0
(56, 51, 58, 64, 80, 58), None
(38, 56, 54, 51, 40, 65), 20.0
(43, 64, 71, 42, 36, 58), 22.0
(44, 66, 50, 37, 74, 54), 19.0
(59, 37, 48, 75, 57, 59), None
(10, 35, 66, 45, 70, 56), 22.0
(56, 60, 53, 64, 59, 57), 20.0
(40, 62, 63, 49, 51, 41), 21.0
(44, 63, 45, 41, 60, 59), 23.0
(59, 31, 69, 60, 53, 60), None
(73, 66, 75, 76, 76, 35), None
(50, 43, 53, 23, 49, 62), 24.0
(62, 49, 56, 39, 48, 70), 22.0
(46, 84, 71, 8, 69, 56), 28.0
(35, 55, 59, 45, 41, 71), 18.0
(49, 58, 70, 36, 70, 72), None
(68, 65, 63, 41, 30, 75), 28.0
(73, 64, 55, 38, 43, 66), 22.0
(23, 62, 95, 31, 15, 63), 26.0
(49, 65, 70, 31, 51, 70), None
(39, 42, 45, 40, 52, 41), 26.0
(75, 44, 52, 22, 62, 65), 25.0
(68, 52, 64, 50, 71, 62), 22.0
(57, 58, 52, 32, 45, 74), 18.0
(42, 82, 81, 9, 38, 66), 23.0
(36, 65, 44, 12, 79, 63), 26.0
(59, 52, 48, 54, 53, 78), 23.0
(43, 57, 55, 20, 52, 61), 29.0
(40, 96, 74, 6, 27, 96), None
(30, 48, 51, 31, 86, 54), 18.0
(46, 77, 74, 24, 52, 64), 24.0
(89, 73, 79, 1, 62, 79), None
(36, 88, 61, 10, 41, 64), 22.0
(67, 61, 45, 31, 55, 91), 29.0
(65, 56, 75, 14, 56, 51), None
(54, 55, 67, 41, 45, 78), 22.0
(59, 65, 56, 24, 61, 48), 25.0
(52, 58, 49, 24, 54, 62), 18.0
(48, 28, 40, 18, 47, 79), 26.0
(56, 51, 58, 29, 55, 82), 20.0
(38, 38, 25, 21, 72, 91), None
(43, 30, 44, 24, 76, 50), 22.0
(76, 74, 61, 23, 49, 82), 20.0
(12, 76, 46, 41, 42, 75), 22.0
(45, 61, 70, 29, 49, 72), 20.0
(42, 59, 49, 38, 59, 46), None
(40, 64, 27, 7, 59, 82), 22.0
(67, 37, 35, 35, 43, 59), None
(50, 53, 47, 31, 79, 77), 20.0
(33, 39, 53, 15, 37, 70), 22.0
(26, 29, 42, 12, 44, 55), 24.0
(32, 40, 58, 20, 62, 58), None
(31, 23, 46, 43, 59, 58), 25.0
(47, 67, 43, 58, 77, 57), 22.0
(27, 48, 45, 40, 39, 48), None
(45, 48, 49, 48, 79, 61), None
(59, 51, 49, 34, 72, 55), 18.0
(17, 25, 46, 11, 56, 72), 26.0
(69, 25, 39, 25, 62, 77), None
(38, 74, 58, 28, 50, 55), 24.0
(61, 62, 54, 16, 49, 68), 22.0
(40, 50, 60, 22, 46, 54), 21.0
(6, 23, 41, 34, 56, 54), 19.0
(18, 17, 47, 2, 62, 48), 22.0
(59, 52, 58, 12, 48, 46), 18.0
(12, 37, 49, 19, 42, 72), 24.0
(17, 19, 40, 34, 31, 73), 24.0
(14, 2, 47, 40, 52, 69), 24.0
(48, 74, 69, 28, 58, 44), 24.0
(32, 38, 42, 24, 48, 71), 28.0
(7, 10, 22, 32, 37, 67), 20.0
(16, 43, 69, 37, 43, 49), None
(23, 34, 49, 39, 48, 80), 22.0
(11, 40, 33, 44, 36, 93), 23.0
(13, 47, 35, 35, 33, 83), None
(0, 45, 60, 38, 22, 62), 25.0
(30, 25, 56, 30, 59, 58), None
(12, 8, 37, 14, 56, 78), 26.0
(9, 53, 50, 4, 47, 58), 18.0
(12, 34, 62, 32, 37, 67), 18.0
(17, 19, 61, 17, 34, 73), None
(7, 2, 29, 60, 32, 49), 23.0
(41, 15, 18, 10, 41, 52), None
(14, 42, 58, 9, 47, 85), 18.0
(8, 5, 57, 17, 27, 82), 25.0
(9, 39, 39, 20, 57, 76), None
(7, 8, 37, 36, 18, 75), 28.0
(12, 21, 47, 14, 30, 68), 24.0
(12, 18, 45, 30, 34, 75), 28.0
(12, 15, 13, 27, 31, 92), 21.0
(19, 27, 13, 35, 26, 84), 22.0
(6, 14, 30, 56, 28, 54), 21.0
(49, 49, 33, 32, 45, 94), None
(25, 31, 45, 42, 69, 59), 19.0
(39, 57, 50, 23, 41, 62), 20.0
(1, 40, 38, 18, 19, 93), 22.0
(6, 49, 20, 20, 51, 67), None
(29, 25, 44, 42, 6, 73), 26.0
(15, 58, 58, 41, 25, 93), None
(9, 37, 61, 45, 30, 72), 22.0
(5, 30, 51, 30, 49, 88), None
(21, 9, 40, 26, 37, 71), 28.0
(4, 32, 29, 12, 24, 91), 20.0
(15, 43, 33, 50, 20, 55), 26.0
(4, 28, 38, 24, 7, 92), 22.0
(8, 35, 63, 36, 44, 69), 22.0
(12, 16, 31, 43, 31, 95), None
(13, 26, 19, 26, 33, 88), None
(14, 13, 58, 33, 43, 80), 20.0
(46, 33, 58, 38, 22, 83), 22.0
(30, 47, 45, 46, 24, 65), 25.0
(28, 18, 36, 31, 33, 69), 22.0
(32, 46, 43, 28, 36, 51), 22.0
(45, 45, 43, 51, 18, 76), None
(14, 10, 38, 29, 38, 72), None
(13, 3, 25, 31, 38, 77), 18.0
(17, 37, 41, 39, 24, 55), 22.0
(31, 49, 45, 32, 27, 65), 22.0
(17, 11, 45, 23, 21, 80), 22.0
(22, 42, 46, 54, 38, 72), 28.0
(28, 41, 34, 44, 37, 61), 20.0
(11, 50, 66, 45, 45, 63), None
(30, 19, 40, 68, 34, 60), 27.0
(44, 35, 33, 48, 45, 68), 23.0
(25, 45, 36, 17, 50, 79), 23.0
(5, 16, 39, 55, 31, 73), 24.0
(58, 47, 46, 58, 18, 84), None
(36, 65, 40, 74, 9, 64), 21.0
(30, 67, 55, 54, 25, 85), 24.0
(44, 79, 79, 55, 28, 49), None
(40, 59, 57, 31, 21, 89), 22.0
(26, 38, 37, 34, 27, 75), 23.0
(39, 37, 60, 43, 51, 65), 24.0
(25, 21, 29, 95, 26, 70), 18.0
(9, 31, 45, 64, 24, 61), 24.0
(26, 17, 48, 24, 47, 56), 24.0
(14, 11, 71, 31, 35, 83), 27.0
(32, 23, 25, 80, 35, 58), 21.0
(33, 36, 31, 70, 30, 58), 26.0
(45, 25, 33, 56, 64, 54), 24.0
(42, 19, 50, 52, 57, 62), 22.0
(6, 28, 61, 34, 48, 60), 22.0
(51, 49, 45, 52, 32, 81), 23.0
(30, 6, 51, 38, 33, 77), 18.0
(22, 17, 57, 18, 28, 93), 30.0
(18, 51, 58, 53, 41, 68), 18.0
(38, 19, 71, 38, 24, 74), None
(25, 34, 44, 46, 52, 54), 21.0
(16, 20, 59, 32, 36, 62), 19.0
(28, 10, 57, 32, 17, 77), 21.0
(3, 40, 60, 50, 33, 76), 23.0
(35, 33, 47, 52, 31, 90), 22.0
(19, 12, 46, 13, 19, 87), None
(10, 19, 64, 30, 26, 85), 22.0
(20, 37, 36, 39, 23, 70), 20.0
(32, 30, 71, 22, 43, 92), 17.0
(31, 30, 45, 57, 18, 75), 22.0
(8, 4, 52, 36, 39, 79), 24.0
(42, 36, 43, 42, 41, 70), None
(28, 23, 61, 17, 34, 78), 21.0
(20, 54, 51, 41, 25, 83), 20.0
(26, 14, 54, 51, 37, 88), 24.0
(39, 4, 37, 54, 54, 75), None
(11, 13, 56, 11, 50, 90), None
(14, 44, 63, 21, 44, 70), None
(20, 43, 48, 47, 22, 86), 17.0
(47, 27, 58, 43, 51, 87), 26.0
(22, 30, 48, 38, 44, 88), 20.0
(17, 11, 75, 38, 41, 90), 19.0
(24, 14, 74, 28, 41, 74), None
(15, 35, 67, 42, 15, 81), None
(26, 6, 52, 54, 33, 70), 26.0
(24, 12, 51, 59, 25, 93), 21.0
(15, 25, 50, 37, 40, 69), 20.0
(10, 22, 61, 30, 29, 81), 23.0
(31, 30, 53, 37, 41, 89), 22.0
(11, 10, 53, 62, 42, 80), 23.0
(51, 19, 64, 43, 36, 83), 23.0
(37, 36, 65, 37, 32, 80), None
(37, 33, 63, 60, 36, 64), 20.0
(37, 35, 73, 33, 53, 75), 17.0
(26, 28, 62, 32, 58, 92), 19.0
(39, 23, 56, 40, 51, 80), 22.0
(57, 25, 58, 34, 44, 91), 19.0
(31, 6, 53, 32, 36, 87), 21.0
(19, 7, 67, 41, 25, 83), 20.0
(31, 31, 66, 36, 47, 71), None
(46, 28, 56, 48, 54, 91), 27.0
(26, 18, 54, 51, 41, 79), 21.0
(30, 28, 61, 58, 37, 84), 20.0
(15, 9, 54, 62, 55, 75), 23.0
(26, 6, 50, 56, 52, 81), 23.0
(68, 27, 59, 38, 42, 78), 24.0
(42, 11, 65, 67, 33, 79), 20.0
(36, 11, 61, 59, 19, 99), 21.0
(45, 11, 48, 70, 42, 80), 22.0
(54, 11, 50, 53, 62, 84), 24.0
(71, 38, 50, 27, 72, 81), 21.0
(47, 32, 74, 60, 58, 82), 24.0
(34, 21, 66, 44, 44, 74), None
(45, 3, 63, 42, 48, 79), 18.0
(23, 21, 54, 53, 47, 86), 24.0
(68, 42, 65, 33, 57, 69), 20.0
(38, 5, 62, 51, 65, 85), 21.0
(38, 29, 67, 47, 68, 92), 24.0
(42, 31, 62, 42, 41, 99), None
(58, 37, 50, 61, 47, 94), 21.0
(33, 33, 59, 57, 54, 81), None
(29, 11, 49, 47, 60, 91), 18.0
(64, 45, 57, 52, 58, 78), 25.0
(29, 8, 69, 52, 36, 75), 20.0
(55, 15, 52, 73, 44, 73), None
(41, 20, 66, 56, 71, 96), 21.0
(41, 19, 69, 54, 49, 84), 18.0
(66, 22, 59, 57, 43, 86), 21.0
(43, 17, 65, 39, 50, 87), 26.0
(42, 22, 63, 49, 55, 89), 18.0
(53, 38, 46, 39, 60, 99), 22.0
(69, 44, 58, 57, 71, 98), 24.0
(52, 33, 53, 34, 57, 84), 22.0
(67, 27, 50, 37, 54, 96), 20.0
(72, 56, 49, 36, 58, 93), 25.0
(58, 31, 61, 46, 53, 88), 19.0
(31, 13, 58, 54, 46, 74), 26.0
(65, 24, 52, 14, 58, 95), 18.0
(37, 28, 66, 43, 58, 93), 26.0
(42, 40, 71, 31, 56, 95), 21.0
(36, 18, 59, 48, 50, 76), 25.0
(54, 32, 58, 53, 52, 95), 28.0
(45, 23, 57, 59, 59, 77), None
(33, 19, 57, 39, 49, 88), 24.0
(42, 45, 51, 49, 61, 88), 22.0
(30, 11, 51, 44, 51, 74), None
(38, 17, 66, 62, 68, 75), 31.0
(53, 39, 55, 58, 64, 83), 25.0
(44, 41, 59, 34, 40, 84), 22.0
(54, 37, 52, 45, 53, 91), 30.0
(29, 23, 54, 47, 51, 84), 20.0
(27, 13, 65, 61, 60, 67), 20.0
(48, 37, 74, 66, 50, 80), 23.0
(31, 22, 62, 49, 49, 88), None
(44, 25, 55, 50, 53, 73), 22.0
(44, 29, 68, 56, 57, 83), 26.0
(34, 22, 48, 60, 59, 93), 20.0
(56, 39, 63, 60, 69, 76), 23.0
(45, 37, 63, 56, 67, 78), 23.0
(69, 43, 54, 37, 64, 88), 23.0
(38, 18, 57, 47, 49, 85), 20.0
(56, 32, 69, 62, 61, 88), 18.0
(64, 41, 62, 77, 57, 69), 20.0
(47, 31, 74, 62, 60, 74), None
(62, 34, 62, 64, 70, 87), None
(49, 23, 60, 45, 59, 97), 20.0
(41, 21, 80, 67, 48, 84), 22.0
(36, 33, 66, 57, 48, 81), 22.0
(60, 41, 62, 46, 52, 88), 28.0
(49, 31, 71, 65, 65, 73), None
(48, 44, 84, 41, 59, 87), 20.0
(37, 4, 64, 52, 75, 97), 27.0
(52, 24, 60, 68, 57, 73), 22.0
(59, 30, 58, 48, 65, 96), 29.0
(47, 19, 74, 75, 60, 80), 24.0
(47, 22, 77, 62, 57, 83), 18.0
(39, 36, 68, 59, 49, 81), 18.0
(45, 19, 61, 55, 51, 84), 21.0
(44, 7, 66, 57, 64, 89), 21.0
(59, 41, 61, 48, 68, 91), 22.0
(62, 31, 68, 53, 62, 85), None
(48, 29, 69, 47, 54, 83), 27.0
(50, 35, 73, 50, 56, 87), None
(62, 27, 67, 61, 60, 95), 24.0
(55, 30, 63, 56, 73, 92), 27.0
(43, 31, 69, 63, 63, 86), None
(54, 24, 66, 52, 67, 87), 24.0
(37, 5, 68, 58, 59, 87), 22.0
(62, 32, 72, 52, 60, 93), 26.0
(51, 27, 65, 54, 52, 95), 21.0
(60, 31, 71, 61, 66, 86), 26.0
(46, 21, 71, 47, 65, 91), 20.0
(46, 27, 61, 61, 72, 96), None
(65, 40, 76, 53, 73, 88), 22.0
(49, 32, 63, 41, 61, 82), 20.0
(49, 26, 62, 57, 60, 89), 22.0
(41, 26, 74, 55, 63, 92), 22.0
(55, 24, 64, 62, 73, 98), 26.0
(24, 13, 68, 41, 52, 95), 23.0
(47, 15, 64, 59, 74, 95), 24.0
(48, 28, 64, 53, 57, 86), 30.0
(58, 28, 66, 51, 71, 84), 20.0
(43, 28, 72, 54, 65, 93), 27.0
(52, 13, 59, 61, 64, 86), 24.0
(44, 29, 70, 65, 69, 89), 23.0
(42, 15, 66, 53, 58, 92), 24.0
(53, 36, 65, 45, 60, 89), 24.0
(41, 15, 59, 49, 56, 87), 20.0
(56, 29, 71, 56, 73, 95), None
(42, 21, 64, 51, 51, 86), None
(48, 28, 68, 51, 66, 86), 25.0
(46, 9, 67, 52, 58, 94), 23.0
(44, 26, 62, 61, 63, 80), 20.0
(50, 22, 59, 46, 61, 95), 21.0
(42, 25, 58, 56, 55, 87), 22.0
(57, 30, 74, 58, 71, 92), 20.0
(52, 28, 66, 49, 62, 90), 22.0
(49, 39, 75, 58, 60, 85), 28.0
(39, 30, 63, 45, 59, 95), 20.0
(31, 20, 70, 56, 60, 84), 22.0
(44, 18, 71, 59, 69, 86), 23.0
(47, 22, 64, 54, 74, 93), 20.0
(41, 30, 68, 42, 58, 86), 22.0
(54, 31, 73, 57, 66, 83), 20.0
(49, 35, 71, 60, 66, 90), 22.0
(45, 31, 68, 50, 56, 87), 27.0
(44, 32, 75, 60, 65, 90), 27.0
(49, 30, 69, 61, 62, 82), 23.0
(52, 18, 69, 51, 53, 79), 16.0
(44, 19, 65, 53, 58, 90), 26.0
(43, 19, 67, 59, 70, 88), 26.0
(50, 33, 76, 56, 57, 86), 17.0
(49, 22, 70, 57, 67, 79), 22.0
(56, 31, 64, 57, 63, 91), 24.0
(38, 17, 68, 60, 62, 85), 20.0
(49, 31, 65, 57, 68, 87), 20.0
(41, 27, 64, 51, 56, 92), 22.0
(54, 29, 71, 54, 69, 93), None
(34, 27, 78, 51, 60, 87), 22.0
(39, 22, 66, 59, 56, 87), 19.0
(43, 28, 69, 59, 56, 84), 22.0
(48, 31, 79, 58, 62, 88), 22.0
(49, 34, 70, 43, 56, 88), 26.0
(51, 39, 68, 46, 60, 93), 20.0
(51, 34, 69, 55, 56, 86), 24.0
(47, 28, 67, 45, 56, 88), 23.0
(46, 35, 68, 50, 54, 84), 23.0
(50, 26, 68, 51, 59, 89), 18.0
(56, 44, 65, 46, 58, 90), 26.0
(45, 35, 67, 34, 51, 95), 24.0
(60, 38, 67, 45, 60, 93), None
(40, 33, 76, 46, 53, 85), 24.0
(54, 37, 64, 31, 49, 86), 20.0
(47, 44, 72, 41, 54, 82), 22.0
(64, 41, 66, 46, 58, 89), 24.0
(50, 31, 68, 46, 60, 93), 23.0
(46, 43, 70, 44, 50, 87), 16.0
(40, 35, 67, 48, 52, 88), 22.0
(63, 42, 66, 54, 66, 87), None
(35, 33, 70, 50, 46, 90), 19.0
(49, 33, 67, 55, 62, 89), 24.0
(63, 51, 65, 50, 56, 93), 22.0
(39, 27, 69, 40, 54, 86), 20.0
(61, 38, 69, 48, 59, 90), 23.0
(49, 37, 69, 48, 55, 80), 21.0
(56, 35, 69, 46, 67, 90), 26.0
(55, 41, 67, 45, 57, 88), 25.0
(50, 36, 67, 53, 61, 85), 20.0
(54, 40, 67, 46, 60, 92), 22.0
(55, 36, 67, 54, 59, 92), 28.0
(54, 33, 72, 50, 61, 88), 26.0
(52, 32, 69, 53, 58, 87), 19.0
(54, 27, 67, 55, 61, 92), 22.0
(50, 33, 67, 53, 56, 91), 24.0
(55, 40, 71, 42, 54, 90), 29.0
(50, 30, 68, 51, 59, 91), 23.0
(43, 33, 73, 56, 59, 86), 18.0
(54, 32, 67, 54, 67, 86), None
(58, 33, 67, 49, 64, 93), 25.0
(53, 33, 68, 55, 58, 89), 22.0
(61, 42, 69, 45, 62, 96), 19.0
(56, 36, 71, 57, 60, 86), 19.0
(51, 33, 71, 42, 53, 93), 20.0
(56, 42, 70, 48, 53, 88), 19.0
(53, 37, 71, 47, 55, 92), 18.0
(56, 36, 69, 49, 57, 89), 22.0
(59, 39, 70, 43, 55, 88), 23.0
(50, 32, 72, 46, 58, 92), 26.0
(65, 44, 69, 43, 57, 89), 25.0
(56, 39, 70, 47, 58, 93), 25.0
(53, 40, 73, 42, 55, 91), 26.0
(49, 31, 73, 50, 63, 93), 25.0
(57, 42, 72, 39, 51, 92), 24.0
(55, 36, 77, 48, 64, 92), 32.0
(55, 33, 73, 44, 54, 90), 24.0
(60, 37, 69, 42, 59, 90), 24.0
(57, 38, 71, 43, 57, 91), None
(52, 32, 66, 47, 57, 95), 20.0
(45, 31, 76, 37, 55, 95), 19.0
(63, 44, 70, 44, 57, 89), None
(52, 40, 70, 41, 60, 94), 20.0
(52, 30, 66, 42, 56, 91), 23.0
(55, 37, 69, 49, 63, 90), 26.0
(52, 35, 79, 46, 59, 90), 18.0
(49, 39, 82, 43, 52, 89), 24.0
(57, 36, 73, 46, 60, 96), 26.0
(44, 30, 84, 44, 68, 96), None
(48, 32, 78, 44, 59, 94), 22.0
(54, 40, 74, 44, 60, 93), 22.0
(50, 32, 74, 47, 60, 93), 23.0
(52, 35, 78, 40, 60, 95), 22.0
(64, 42, 71, 41, 59, 91), 25.0
(57, 39, 67, 49, 60, 88), 27.0
(59, 43, 78, 49, 60, 91), 21.0
(57, 34, 67, 43, 58, 90), 24.0
(56, 36, 69, 43, 58, 93), 20.0
(64, 39, 72, 41, 66, 93), 20.0
(52, 39, 70, 43, 55, 92), 22.0
(49, 28, 67, 45, 63, 93), 25.0
(57, 38, 69, 48, 63, 93), 26.0
(52, 38, 73, 47, 60, 90), 25.0
(54, 36, 71, 53, 65, 90), 19.0
(53, 36, 72, 50, 63, 89), 24.0
(63, 40, 68, 50, 65, 92), 25.0
(53, 33, 65, 48, 58, 90), 24.0
(55, 36, 71, 47, 56, 93), 25.0
(62, 44, 64, 44, 57, 92), None
(61, 47, 66, 38, 54, 88), 28.0
(52, 39, 68, 51, 61, 85), 20.0
(58, 42, 67, 49, 59, 93), 25.0
(62, 38, 68, 48, 61, 89), 24.0
(54, 38, 64, 41, 59, 88), 19.0
(61, 42, 67, 47, 61, 89), None
(59, 47, 67, 45, 60, 90), 22.0
(56, 35, 68, 51, 64, 93), 22.0
(66, 47, 70, 46, 64, 89), 23.0
(56, 39, 68, 42, 57, 89), 24.0
(64, 47, 66, 40, 52, 90), 28.0
(59, 41, 65, 43, 58, 86), 24.0
(69, 52, 71, 44, 60, 89), 21.0
(61, 43, 67, 40, 59, 89), 21.0
(63, 45, 60, 43, 52, 89), 24.0
(62, 45, 65, 45, 58, 89), None
(60, 44, 63, 42, 54, 88), 23.0
(64, 44, 68, 35, 52, 89), 24.0
(59, 40, 64, 43, 55, 92), 23.0
(62, 42, 68, 38, 55, 90), 18.0
(54, 40, 69, 40, 54, 87), None
(62, 47, 70, 40, 52, 87), 21.0
(53, 31, 70, 44, 61, 91), 22.0
(60, 38, 64, 44, 60, 86), None
(59, 41, 69, 47, 56, 91), 24.0
(63, 41, 64, 43, 55, 89), 20.0
(60, 44, 64, 44, 57, 93), None
(65, 46, 63, 40, 55, 92), 24.0
(56, 45, 64, 38, 49, 89), 19.0
(65, 44, 64, 40, 55, 91), 24.0
(57, 40, 64, 45, 53, 89), 22.0
(54, 38, 67, 43, 58, 92), 23.0
(61, 47, 66, 41, 54, 85), 20.0
(70, 48, 65, 43, 57, 91), 21.0
(65, 42, 62, 39, 51, 93), 23.0
(56, 36, 67, 46, 60, 88), 24.0
(62, 44, 62, 40, 52, 90), None
(56, 38, 68, 46, 61, 90), 25.0
(68, 46, 60, 42, 56, 91), 23.0
(67, 45, 62, 38, 50, 89), 24.0
(71, 52, 62, 40, 52, 88), None
(58, 41, 66, 41, 59, 94), None
(57, 37, 63, 49, 59, 92), 22.0
(62, 41, 64, 42, 58, 91), 26.0
(66, 45, 63, 42, 56, 90), 22.0
(59, 40, 67, 43, 54, 89), 22.0
(54, 35, 66, 52, 57, 92), 21.0
(67, 46, 64, 43, 58, 91), 24.0
(62, 40, 69, 49, 63, 89), 21.0
(64, 43, 62, 45, 60, 94), 20.0
(67, 46, 68, 38, 58, 92), 20.0
(61, 41, 69, 44, 60, 92), 20.0
(58, 40, 68, 45, 61, 91), 20.0
(59, 36, 63, 46, 60, 92), 20.0
(64, 44, 62, 43, 56, 91), 24.0
(58, 40, 68, 44, 59, 93), 21.0
(64, 45, 67, 38, 53, 89), 28.0
(63, 43, 66, 42, 58, 91), 23.0
(59, 40, 64, 45, 59, 90), None
(63, 44, 70, 36, 53, 91), 23.0
(60, 43, 67, 41, 57, 90), 22.0
(68, 48, 64, 43, 54, 88), 20.0
(61, 42, 69, 43, 55, 92), 26.0
(57, 42, 63, 41, 48, 89), 22.0
(63, 46, 67, 38, 51, 90), 26.0
(58, 40, 69, 45, 59, 90), 25.0
(62, 42, 68, 45, 60, 91), 22.0
(60, 43, 71, 43, 55, 89), None
(62, 45, 68, 42, 53, 91), 21.0
(63, 43, 68, 40, 56, 92), 23.0
(63, 46, 71, 42, 55, 94), 18.0
(58, 38, 70, 44, 57, 89), 24.0
(62, 44, 68, 41, 53, 91), 24.0
(59, 41, 67, 40, 57, 91), 20.0
(59, 41, 68, 43, 55, 91), 20.0
(58, 41, 71, 41, 57, 88), None
