Sampler:TPESampler
(84, 174, 212, 255, 31, 262, 224, 57, 124), 32.0
(245, 78, 188, 246, 82, 258, 130, 221, 73), 34.0
(54, 42, 92, 145, 125, 279, 261, 79, 3), 46.0
(229, 210, 41, 199, 282, 186, 137, 50, 177), 36.0
(187, 60, 120, 162, 154, 103, 24, 194, 81), 41.0
(231, 56, 41, 251, 3, 14, 276, 140, 231), None
(296, 71, 100, 140, 120, 52, 178, 239, 117), 35.0
(32, 213, 31, 241, 97, 47, 126, 3, 27), 38.0
(0, 223, 231, 81, 235, 292, 38, 262, 119), 34.0
(182, 55, 272, 8, 205, 67, 283, 6, 16), 35.0
(84, 299, 174, 288, 1, 189, 208, 121, 290), 47.0
(111, 141, 193, 285, 62, 230, 93, 196, 76), 34.0
(132, 131, 227, 205, 60, 237, 216, 294, 176), 43.0
(297, 112, 284, 232, 53, 242, 83, 188, 74), 34.0
(177, 5, 146, 290, 43, 155, 220, 88, 143), 40.0
(228, 181, 214, 200, 164, 258, 168, 233, 52), 36.0
(96, 267, 250, 97, 91, 193, 78, 167, 216), 40.0
(278, 110, 296, 231, 38, 126, 72, 109, 104), 46.0
(151, 172, 299, 190, 26, 219, 8, 40, 173), 44.0
(61, 94, 161, 271, 92, 296, 118, 160, 43), 36.0
(147, 21, 198, 107, 187, 262, 237, 225, 151), 40.0
(1, 238, 241, 37, 268, 291, 43, 269, 122), 40.0
(1, 175, 257, 73, 235, 266, 43, 276, 105), 38.0
(27, 211, 272, 61, 214, 211, 51, 200, 143), None
(60, 118, 210, 167, 242, 299, 101, 256, 93), 34.0
(111, 144, 141, 268, 63, 231, 87, 184, 63), None
(70, 93, 203, 225, 118, 151, 168, 141, 95), 36.0
(114, 157, 187, 296, 19, 206, 97, 214, 38), 30.0
(139, 171, 275, 263, 19, 173, 196, 179, 38), 40.0
(264, 190, 175, 219, 48, 247, 112, 213, 52), 42.0
(204, 160, 124, 298, 22, 207, 63, 49, 4), 35.0
(47, 122, 183, 176, 77, 275, 147, 247, 89), 32.0
(33, 91, 180, 140, 76, 273, 152, 248, 70), 39.0
(86, 151, 156, 177, 79, 277, 142, 212, 26), 40.0
(112, 195, 71, 246, 141, 253, 254, 291, 89), 43.0
(46, 34, 129, 261, 108, 213, 156, 79, 131), 35.0
(125, 128, 98, 209, 13, 170, 181, 220, 3), 40.0
(77, 80, 184, 123, 33, 124, 127, 245, 161), 41.0
(96, 70, 224, 246, 132, 278, 135, 32, 214), 34.0
(47, 118, 210, 166, 0, 283, 98, 255, 102), 36.0
(168, 156, 164, 279, 72, 223, 193, 119, 58), 39.0
(99, 141, 195, 299, 276, 298, 102, 201, 82), 37.0
(115, 107, 235, 279, 56, 238, 299, 184, 72), 33.0
(158, 51, 242, 253, 105, 248, 269, 168, 33), 38.0
(66, 123, 219, 154, 32, 265, 294, 235, 116), 30.0
(19, 130, 226, 149, 11, 262, 299, 233, 128), 49.0
(123, 101, 12, 129, 43, 196, 294, 152, 110), 37.0
(69, 162, 250, 183, 57, 10, 255, 207, 80), 36.0
(83, 200, 218, 277, 28, 240, 235, 278, 131), 42.0
(41, 80, 234, 213, 69, 230, 286, 19, 65), 32.0
(19, 231, 188, 193, 69, 174, 281, 68, 46), 39.0
(52, 81, 233, 214, 38, 229, 272, 17, 25), 40.0
(104, 132, 263, 239, 85, 204, 288, 17, 65), 35.0
(39, 110, 204, 153, 49, 268, 240, 225, 113), 35.0
(70, 69, 237, 257, 15, 235, 267, 62, 79), 48.0
(87, 104, 170, 287, 54, 249, 280, 30, 194), 40.0
(120, 125, 218, 175, 101, 222, 245, 103, 95), 37.0
(60, 141, 195, 238, 172, 260, 228, 235, 285), 40.0
(134, 169, 248, 203, 27, 284, 209, 176, 17), 36.0
(14, 249, 260, 225, 62, 238, 290, 191, 141), 38.0
(92, 185, 139, 274, 39, 76, 258, 9, 54), 39.0
(205, 83, 205, 156, 86, 254, 119, 228, 71), None
(238, 60, 184, 286, 8, 269, 167, 245, 118), 42.0
(39, 38, 226, 267, 113, 185, 299, 268, 45), 50.0
(106, 97, 155, 232, 65, 285, 145, 213, 101), 39.0
(28, 294, 233, 93, 247, 291, 14, 281, 150), 38.0
(75, 120, 172, 191, 79, 245, 127, 196, 90), 35.0
(270, 108, 214, 252, 49, 227, 70, 260, 61), 37.0
(57, 85, 201, 293, 29, 215, 109, 220, 86), 44.0
(292, 149, 279, 227, 55, 256, 30, 135, 67), 34.0
(116, 68, 244, 248, 97, 277, 158, 34, 276), 40.0
(140, 140, 283, 282, 22, 200, 84, 170, 79), None
(79, 115, 289, 265, 36, 238, 53, 189, 74), 31.0
(64, 115, 210, 172, 210, 24, 184, 0, 98), None
(51, 149, 289, 261, 35, 258, 55, 142, 66), 36.0
(80, 134, 190, 126, 158, 270, 277, 254, 122), 32.0
(79, 165, 269, 117, 170, 266, 277, 183, 124), 37.0
(89, 134, 189, 135, 157, 242, 286, 251, 165), 32.0
(87, 155, 192, 135, 152, 274, 251, 249, 168), 42.0
(38, 179, 177, 108, 131, 244, 261, 239, 156), 43.0
(100, 136, 147, 135, 194, 134, 286, 268, 195), 36.0
(91, 122, 162, 146, 139, 230, 266, 207, 136), 34.0
(68, 134, 183, 159, 162, 238, 295, 252, 183), None
(75, 101, 219, 108, 159, 218, 277, 242, 116), 32.0
(78, 95, 190, 117, 183, 219, 273, 285, 114), 38.0
(45, 126, 219, 91, 146, 212, 284, 242, 108), 39.0
(64, 89, 109, 104, 156, 251, 0, 261, 138), 32.0
(74, 113, 170, 75, 179, 286, 224, 232, 118), 32.0
(63, 88, 76, 106, 125, 189, 0, 296, 141), 36.0
(71, 96, 138, 55, 162, 251, 18, 264, 122), 43.0
(81, 113, 114, 79, 181, 287, 33, 231, 162), 36.0
(53, 76, 198, 128, 154, 264, 93, 258, 130), 46.0
(57, 101, 166, 56, 189, 273, 53, 220, 107), 34.0
(107, 147, 86, 70, 197, 232, 249, 238, 146), 39.0
(93, 201, 111, 40, 174, 280, 191, 252, 36), 38.0
(43, 159, 58, 140, 144, 256, 278, 271, 126), 35.0
(64, 135, 222, 115, 159, 223, 289, 243, 136), 38.0
(13, 121, 177, 164, 4, 271, 214, 51, 158), 33.0
(73, 113, 207, 98, 137, 243, 264, 224, 116), 44.0
(84, 104, 183, 9, 169, 291, 224, 288, 134), 44.0
(98, 127, 158, 84, 179, 264, 45, 275, 151), 38.0
(31, 76, 199, 125, 17, 250, 201, 232, 87), 40.0
(51, 143, 170, 186, 148, 260, 78, 262, 100), 40.0
(65, 117, 189, 104, 41, 208, 63, 214, 113), 37.0
(87, 89, 253, 212, 158, 283, 174, 256, 118), 40.0
(77, 153, 214, 136, 167, 294, 270, 248, 107), 44.0
(59, 100, 211, 148, 298, 235, 293, 203, 55), 34.0
(103, 168, 196, 120, 31, 226, 138, 84, 93), 36.0
(93, 175, 229, 198, 46, 102, 239, 237, 49), 36.0
(73, 48, 202, 219, 201, 217, 283, 23, 123), 34.0
(48, 109, 294, 98, 7, 299, 233, 229, 182), 32.0
(22, 110, 297, 100, 22, 298, 231, 219, 139), None
(47, 107, 151, 86, 12, 277, 219, 230, 188), 47.0
(40, 61, 290, 67, 4, 287, 209, 243, 174), 36.0
(34, 128, 266, 111, 154, 267, 275, 100, 147), 34.0
(55, 137, 275, 131, 23, 248, 259, 226, 169), 40.0
(81, 91, 241, 271, 7, 243, 202, 248, 182), 44.0
(72, 117, 176, 93, 37, 253, 249, 47, 200), 41.0
(66, 125, 290, 75, 72, 273, 117, 264, 18), 36.0
(130, 131, 188, 153, 176, 180, 21, 236, 163), 35.0
(49, 186, 206, 113, 15, 281, 244, 212, 74), 44.0
(110, 102, 230, 290, 52, 161, 295, 155, 72), 30.0
(85, 100, 223, 293, 31, 131, 293, 160, 61), None
(97, 79, 216, 289, 220, 202, 286, 126, 83), 47.0
(89, 106, 180, 298, 50, 164, 298, 9, 97), None
(113, 86, 238, 179, 61, 116, 279, 159, 41), 38.0
(59, 120, 230, 265, 43, 258, 290, 255, 249), 33.0
(107, 94, 257, 276, 164, 290, 2, 148, 103), 34.0
(77, 114, 129, 257, 188, 299, 275, 67, 31), 35.0
(69, 109, 166, 123, 35, 232, 267, 175, 130), 40.0
(128, 140, 192, 281, 26, 152, 232, 207, 154), 36.0
(119, 103, 231, 285, 67, 239, 297, 199, 75), 35.0
(8, 121, 176, 168, 5, 272, 213, 58, 165), 32.0
(5, 132, 181, 168, 19, 270, 226, 114, 179), 38.0
(24, 120, 171, 161, 11, 263, 213, 60, 171), None
(36, 124, 27, 104, 0, 281, 222, 96, 120), 46.0
(79, 160, 247, 142, 132, 162, 283, 190, 165), 36.0
(62, 96, 194, 241, 151, 141, 162, 243, 145), 46.0
(94, 147, 186, 153, 57, 251, 11, 78, 207), 30.0
(100, 146, 161, 156, 52, 195, 9, 44, 212), 36.0
(91, 153, 202, 184, 57, 276, 28, 55, 246), 38.0
(6, 112, 187, 145, 91, 254, 10, 73, 206), 35.0
(108, 1, 284, 132, 73, 247, 290, 235, 235), None
(86, 139, 173, 172, 41, 263, 35, 34, 189), 32.0
(75, 146, 221, 151, 29, 224, 4, 75, 219), None
(85, 136, 174, 171, 44, 269, 149, 29, 192), 46.0
(44, 130, 150, 177, 63, 261, 40, 37, 205), 42.0
(92, 72, 184, 119, 84, 241, 12, 19, 111), 40.0
(102, 162, 209, 198, 39, 252, 24, 39, 180), None
(54, 142, 195, 87, 49, 235, 18, 253, 189), 34.0
(83, 152, 299, 158, 19, 257, 61, 58, 197), 30.0
(69, 176, 296, 161, 19, 262, 32, 66, 196), 32.0
(84, 169, 289, 165, 12, 257, 67, 58, 207), 34.0
(66, 182, 279, 139, 23, 246, 50, 70, 200), 36.0
(73, 155, 278, 163, 5, 289, 36, 85, 185), 37.0
(79, 167, 290, 158, 19, 263, 45, 64, 197), 36.0
(61, 196, 293, 176, 35, 267, 56, 43, 215), 36.0
(82, 124, 166, 169, 43, 273, 96, 22, 126), 32.0
(94, 179, 296, 146, 27, 257, 34, 52, 67), 45.0
(78, 123, 166, 172, 42, 277, 86, 24, 129), 39.0
(30, 116, 156, 126, 156, 217, 281, 228, 176), None
(66, 103, 299, 188, 17, 284, 74, 14, 194), 34.0
(72, 131, 182, 155, 168, 250, 187, 259, 127), 38.0
(98, 127, 178, 151, 137, 272, 97, 61, 224), 34.0
(81, 110, 188, 298, 143, 295, 114, 241, 137), 34.0
(92, 175, 285, 169, 8, 265, 27, 31, 188), 45.0
(60, 137, 299, 158, 0, 231, 61, 248, 203), 34.0
(86, 150, 170, 166, 33, 271, 104, 4, 57), 38.0
(111, 158, 173, 178, 55, 260, 178, 79, 88), None
(51, 142, 198, 102, 17, 240, 18, 50, 80), 40.0
(154, 86, 286, 135, 162, 245, 39, 223, 178), 38.0
(68, 93, 271, 143, 24, 254, 6, 127, 118), 42.0
(74, 116, 215, 111, 30, 279, 205, 218, 109), 39.0
(88, 122, 167, 160, 39, 266, 238, 24, 122), None
(83, 132, 225, 164, 49, 274, 218, 92, 72), 32.0
(95, 148, 205, 233, 9, 251, 291, 12, 154), 34.0
(15, 190, 191, 151, 44, 210, 0, 56, 11), 34.0
(164, 99, 223, 97, 175, 285, 219, 94, 65), 34.0
(82, 135, 177, 44, 48, 274, 195, 67, 132), 47.0
(101, 128, 101, 193, 61, 260, 60, 90, 71), None
(55, 105, 239, 181, 67, 289, 78, 45, 114), 32.0
(83, 140, 226, 164, 149, 270, 274, 270, 141), None
(55, 104, 237, 185, 80, 294, 48, 46, 115), 38.0
(45, 118, 244, 180, 70, 288, 79, 36, 105), 34.0
(87, 125, 215, 169, 55, 281, 77, 77, 95), None
(76, 132, 233, 174, 63, 277, 69, 42, 79), 42.0
(72, 163, 221, 160, 51, 264, 85, 64, 126), 36.0
(67, 151, 185, 272, 34, 226, 283, 233, 48), 34.0
(191, 143, 230, 208, 25, 275, 299, 52, 169), 37.0
(64, 112, 163, 91, 17, 86, 129, 246, 194), 37.0
(90, 81, 158, 148, 156, 236, 226, 252, 208), 44.0
(57, 109, 252, 78, 67, 291, 234, 238, 73), 39.0
(76, 91, 294, 289, 11, 255, 55, 261, 60), 42.0
(81, 122, 180, 154, 39, 265, 213, 109, 186), 36.0
(138, 106, 54, 220, 76, 299, 289, 27, 122), 37.0
(70, 138, 174, 170, 58, 1, 105, 59, 112), 44.0
(96, 128, 238, 173, 44, 244, 30, 18, 120), 34.0
(48, 98, 208, 163, 29, 269, 65, 72, 160), 32.0
(86, 116, 201, 182, 44, 258, 98, 154, 134), 44.0
(37, 173, 225, 257, 21, 280, 214, 80, 86), 39.0
(59, 98, 212, 164, 32, 268, 92, 63, 161), 34.0
(79, 99, 218, 293, 28, 287, 67, 230, 102), 32.0
(50, 113, 142, 159, 51, 36, 59, 71, 149), 46.0
(81, 134, 194, 281, 29, 271, 65, 227, 159), 34.0
(68, 100, 207, 296, 17, 284, 69, 241, 98), 28.0
(41, 89, 207, 293, 13, 286, 77, 242, 98), 40.0
(70, 107, 218, 298, 5, 292, 71, 232, 102), 36.0
(89, 82, 218, 289, 36, 282, 71, 33, 91), 34.0
(76, 18, 187, 295, 24, 144, 45, 248, 109), 33.0
(80, 99, 198, 293, 149, 277, 64, 239, 91), 35.0
(62, 117, 281, 114, 167, 249, 285, 254, 116), 32.0
(69, 94, 209, 278, 37, 265, 56, 169, 125), 38.0
(62, 121, 228, 118, 171, 249, 292, 258, 113), 38.0
(64, 120, 291, 123, 164, 258, 286, 254, 128), 38.0
(74, 128, 281, 105, 158, 242, 278, 266, 119), 30.0
(47, 103, 191, 111, 161, 239, 270, 265, 105), 32.0
(74, 146, 204, 142, 151, 233, 277, 272, 120), 37.0
(86, 128, 298, 109, 16, 239, 270, 181, 81), 34.0
(76, 156, 284, 285, 20, 219, 259, 216, 200), 46.0
(69, 111, 182, 99, 182, 227, 134, 238, 101), None
(26, 125, 171, 129, 7, 254, 281, 282, 173), 32.0
(56, 96, 213, 106, 167, 245, 91, 250, 114), 39.0
(11, 118, 170, 115, 162, 249, 278, 265, 166), 32.0
(53, 103, 232, 247, 27, 288, 71, 72, 107), 42.0
(80, 75, 280, 121, 160, 245, 286, 276, 74), 37.0
(45, 103, 222, 153, 30, 236, 267, 244, 95), 38.0
(66, 88, 178, 95, 155, 295, 62, 225, 195), 36.0
(90, 134, 292, 173, 56, 273, 225, 56, 132), None
(103, 132, 295, 168, 69, 262, 123, 47, 68), 41.0
(83, 139, 299, 61, 142, 281, 11, 228, 211), 34.0
(95, 126, 181, 289, 47, 276, 218, 237, 190), 39.0
(61, 112, 290, 159, 21, 283, 81, 232, 117), 36.0
(73, 111, 190, 163, 14, 265, 294, 39, 125), 37.0
(78, 96, 214, 164, 31, 258, 54, 65, 140), 44.0
(8, 115, 174, 116, 163, 251, 279, 270, 174), None
(0, 106, 270, 132, 6, 180, 283, 284, 105), 43.0
(23, 122, 283, 129, 1, 241, 285, 298, 163), 46.0
(52, 146, 227, 149, 62, 269, 229, 58, 182), 28.0
(53, 149, 226, 147, 156, 288, 243, 138, 118), 40.0
(32, 144, 164, 299, 58, 270, 233, 51, 179), 30.0
(16, 141, 156, 299, 160, 254, 275, 276, 181), 46.0
(10, 117, 166, 292, 179, 261, 230, 255, 184), 38.0
(35, 104, 239, 114, 171, 230, 276, 266, 106), 40.0
(59, 97, 227, 105, 63, 271, 234, 59, 113), None
(49, 150, 234, 155, 54, 277, 220, 53, 23), 38.0
(32, 132, 261, 111, 62, 242, 270, 291, 177), 38.0
(28, 144, 217, 126, 72, 251, 293, 262, 172), 34.0
(19, 124, 171, 176, 9, 269, 231, 50, 171), None
(25, 157, 163, 135, 46, 257, 280, 47, 166), 35.0
(70, 165, 177, 84, 61, 273, 224, 55, 185), 32.0
(123, 91, 212, 299, 23, 299, 66, 70, 156), None
(44, 84, 219, 285, 36, 224, 239, 81, 110), 28.0
(37, 137, 176, 84, 56, 215, 238, 22, 191), 36.0
(42, 152, 222, 288, 66, 225, 248, 85, 126), 50.0
(54, 130, 232, 285, 51, 221, 230, 80, 120), 38.0
(48, 162, 184, 293, 77, 284, 227, 57, 201), 38.0
(42, 172, 160, 70, 60, 274, 218, 43, 97), 45.0
(52, 63, 207, 271, 40, 264, 15, 61, 180), 38.0
(42, 79, 150, 264, 36, 206, 241, 65, 198), 33.0
(254, 184, 242, 150, 146, 231, 208, 247, 62), 42.0
(60, 268, 198, 101, 168, 236, 262, 264, 111), 37.0
(47, 120, 192, 161, 43, 267, 40, 73, 83), 41.0
(35, 141, 273, 168, 257, 260, 256, 76, 53), 38.0
(65, 83, 299, 282, 15, 106, 23, 33, 152), 36.0
(57, 69, 287, 183, 37, 161, 52, 188, 190), 34.0
(85, 89, 220, 143, 31, 294, 74, 240, 114), 36.0
(76, 100, 218, 292, 151, 249, 299, 253, 118), 43.0
(38, 86, 187, 137, 160, 243, 289, 281, 101), 34.0
(90, 136, 225, 278, 49, 269, 223, 207, 130), 44.0
(70, 159, 169, 90, 193, 253, 237, 94, 181), 32.0
(115, 107, 206, 283, 25, 289, 3, 77, 32), 32.0
(74, 146, 230, 99, 197, 279, 237, 88, 122), 36.0
(31, 128, 201, 155, 28, 261, 49, 16, 90), 45.0
(44, 126, 194, 122, 34, 247, 281, 258, 165), 36.0
(48, 117, 208, 297, 19, 254, 271, 68, 103), 30.0
(120, 168, 170, 79, 7, 257, 3, 64, 40), 42.0
(2, 154, 176, 296, 155, 229, 227, 52, 184), 35.0
(105, 110, 167, 90, 13, 253, 8, 81, 31), 48.0
(67, 146, 76, 281, 20, 257, 2, 79, 176), 36.0
(47, 119, 208, 299, 68, 238, 272, 268, 103), 35.0
(81, 204, 184, 295, 26, 268, 64, 245, 109), 42.0
(65, 115, 162, 74, 173, 247, 266, 28, 186), 34.0
(53, 108, 202, 285, 13, 289, 69, 70, 221), 48.0
(81, 131, 293, 166, 41, 274, 171, 9, 77), 28.0
(71, 159, 189, 85, 186, 240, 251, 106, 186), None
(97, 176, 290, 157, 40, 214, 243, 5, 76), 44.0
(112, 156, 198, 272, 227, 274, 145, 11, 68), 34.0
(88, 133, 130, 145, 49, 268, 199, 69, 145), None
(81, 131, 102, 299, 46, 221, 154, 1, 138), 43.0
(59, 106, 279, 108, 190, 242, 289, 130, 110), 40.0
(74, 166, 212, 254, 32, 262, 294, 194, 199), 46.0
(49, 99, 218, 289, 23, 285, 82, 228, 106), 32.0
(85, 141, 293, 151, 205, 276, 221, 21, 74), 32.0
(94, 137, 215, 288, 41, 284, 168, 9, 124), 38.0
(27, 74, 290, 108, 245, 234, 270, 262, 62), 31.0
(116, 73, 294, 286, 1, 283, 8, 225, 28), 34.0
(38, 81, 287, 23, 17, 223, 189, 146, 67), 34.0
(55, 122, 295, 173, 124, 271, 210, 59, 81), 34.0
(80, 93, 223, 164, 54, 264, 58, 119, 86), 28.0
(87, 141, 287, 148, 211, 190, 233, 118, 94), 43.0
(145, 188, 225, 165, 241, 265, 59, 42, 76), 40.0
(75, 92, 285, 94, 282, 278, 253, 220, 88), 36.0
(70, 152, 295, 102, 207, 172, 239, 99, 85), 38.0
(81, 144, 118, 105, 54, 261, 216, 113, 60), 39.0
(99, 133, 275, 241, 257, 254, 229, 259, 72), 46.0
(90, 128, 221, 168, 115, 266, 47, 162, 99), 36.0
(83, 180, 284, 160, 46, 199, 89, 48, 193), 40.0
(65, 84, 234, 112, 105, 232, 278, 265, 58), 31.0
(63, 67, 299, 108, 219, 234, 270, 263, 53), 34.0
(76, 85, 235, 154, 95, 270, 97, 76, 82), None
(15, 74, 249, 97, 59, 248, 275, 273, 172), 40.0
(22, 116, 280, 117, 6, 235, 281, 278, 46), 32.0
(65, 90, 292, 137, 106, 229, 259, 248, 59), 31.0
(27, 81, 292, 141, 134, 229, 259, 246, 54), 32.0
(67, 222, 290, 142, 100, 232, 34, 252, 67), None
(62, 92, 279, 125, 7, 223, 265, 237, 47), 30.0
(31, 79, 5, 138, 139, 226, 263, 243, 55), 44.0
(66, 91, 264, 128, 226, 211, 265, 236, 39), 40.0
(128, 92, 204, 121, 270, 220, 274, 251, 45), 44.0
(63, 84, 273, 112, 147, 237, 271, 255, 62), 41.0
(60, 88, 285, 114, 157, 224, 265, 259, 49), 34.0
(74, 85, 232, 299, 55, 229, 287, 233, 66), 42.0
(42, 64, 239, 279, 109, 121, 255, 84, 59), 35.0
(62, 78, 278, 294, 107, 233, 108, 16, 49), 44.0
(78, 94, 267, 291, 128, 240, 284, 178, 61), 38.0
(110, 162, 207, 133, 59, 226, 246, 90, 39), 44.0
(71, 75, 228, 129, 87, 219, 275, 154, 34), 44.0
(59, 97, 257, 52, 37, 245, 258, 270, 55), 40.0
(66, 56, 153, 292, 120, 250, 293, 259, 134), 42.0
(79, 72, 279, 123, 54, 236, 118, 239, 117), 36.0
(218, 93, 282, 293, 44, 245, 267, 249, 63), 36.0
(120, 162, 217, 268, 78, 281, 73, 53, 22), 32.0
(55, 90, 292, 104, 11, 221, 262, 240, 78), 32.0
(71, 100, 91, 105, 20, 258, 27, 66, 208), 38.0
(50, 97, 275, 287, 30, 243, 60, 234, 44), 30.0
(120, 109, 274, 283, 23, 294, 49, 231, 14), 30.0
(121, 84, 272, 290, 25, 66, 54, 200, 9), 41.0
(33, 88, 280, 276, 16, 232, 278, 268, 49), 32.0
(137, 148, 287, 276, 36, 261, 44, 221, 0), 34.0
(55, 96, 275, 282, 28, 241, 58, 236, 43), 33.0
(115, 151, 291, 268, 20, 228, 40, 63, 23), 31.0
(109, 155, 270, 277, 20, 214, 52, 95, 13), 37.0
(132, 151, 286, 282, 60, 228, 44, 75, 35), 55.0
(125, 112, 278, 63, 11, 235, 58, 216, 20), 34.0
(24, 100, 268, 299, 25, 228, 63, 232, 43), 44.0
(50, 98, 298, 147, 18, 142, 38, 69, 72), 40.0
(109, 145, 282, 150, 233, 252, 50, 143, 9), 28.0
(116, 146, 284, 272, 293, 241, 49, 162, 25), 34.0
(101, 151, 290, 289, 259, 249, 44, 136, 9), 34.0
(108, 147, 290, 261, 89, 206, 52, 147, 17), None
(120, 141, 292, 267, 232, 256, 41, 140, 6), 33.0
(105, 104, 245, 151, 30, 292, 61, 88, 299), 34.0
(39, 79, 277, 285, 242, 234, 55, 130, 15), 37.0
(109, 106, 299, 286, 10, 299, 249, 212, 14), None
(180, 166, 260, 154, 66, 225, 58, 61, 6), 38.0
(45, 154, 282, 142, 32, 185, 66, 55, 56), 34.0
(114, 83, 274, 295, 51, 230, 50, 63, 27), 31.0
(114, 86, 266, 285, 24, 239, 52, 65, 32), 40.0
(120, 73, 269, 266, 70, 218, 45, 57, 22), 33.0
(113, 90, 273, 294, 51, 231, 52, 61, 26), 38.0
(106, 138, 276, 138, 236, 240, 38, 246, 28), None
(129, 90, 292, 294, 218, 222, 263, 239, 75), 39.0
(115, 80, 287, 148, 242, 217, 262, 234, 69), 41.0
(32, 80, 281, 282, 16, 232, 259, 171, 49), 30.0
(124, 71, 280, 279, 18, 230, 47, 171, 42), 30.0
(125, 72, 281, 273, 18, 228, 50, 168, 37), 32.0
(125, 52, 276, 281, 252, 234, 45, 171, 49), 36.0
(113, 76, 265, 276, 13, 224, 253, 176, 35), 34.0
(103, 70, 282, 288, 21, 210, 59, 155, 41), 34.0
(109, 83, 273, 280, 35, 233, 39, 187, 47), 34.0
(120, 67, 286, 288, 17, 245, 48, 169, 42), 34.0
(116, 79, 282, 283, 29, 227, 255, 182, 53), 36.0
(134, 85, 275, 298, 40, 235, 58, 150, 228), 38.0
(102, 60, 285, 291, 20, 243, 33, 162, 20), None
(126, 77, 263, 275, 25, 230, 269, 122, 59), 38.0
(29, 67, 288, 287, 14, 224, 50, 194, 29), None
(281, 94, 272, 299, 251, 239, 57, 157, 216), 43.0
(34, 85, 295, 280, 32, 215, 259, 177, 36), 39.0
(112, 148, 254, 270, 50, 253, 42, 203, 44), 44.0
(144, 60, 278, 294, 41, 237, 65, 167, 51), 36.0
(96, 156, 289, 285, 9, 247, 49, 182, 88), 28.0
(97, 158, 299, 285, 0, 251, 50, 174, 90), 34.0
(94, 153, 278, 276, 6, 246, 46, 192, 84), 40.0
(99, 93, 282, 299, 11, 248, 270, 173, 91), 34.0
(106, 147, 289, 292, 15, 255, 173, 144, 3), 43.0
(102, 155, 268, 263, 21, 244, 56, 225, 18), 42.0
(119, 162, 285, 284, 6, 242, 162, 166, 87), None
(40, 142, 295, 271, 26, 94, 137, 182, 58), 32.0
(51, 150, 293, 278, 12, 252, 250, 186, 96), 36.0
(106, 80, 224, 292, 20, 233, 38, 161, 47), 32.0
(95, 101, 277, 287, 36, 222, 299, 64, 28), 36.0
(114, 160, 289, 289, 47, 257, 61, 182, 81), None
(60, 72, 212, 294, 8, 203, 266, 103, 263), 34.0
(29, 112, 262, 280, 25, 238, 54, 71, 14), 44.0
(92, 87, 271, 299, 46, 243, 70, 178, 68), 42.0
(151, 142, 283, 283, 16, 263, 45, 189, 34), None
(123, 156, 227, 288, 33, 130, 48, 167, 39), 40.0
(45, 95, 135, 149, 55, 229, 271, 133, 52), 35.0
(36, 108, 288, 157, 23, 250, 259, 115, 63), 34.0
(18, 152, 279, 274, 264, 236, 40, 152, 22), None
(132, 145, 299, 282, 40, 155, 28, 174, 97), 30.0
(133, 139, 230, 279, 40, 168, 38, 174, 95), 36.0
(127, 77, 299, 290, 54, 160, 24, 140, 99), 38.0
(58, 99, 213, 2, 40, 157, 24, 178, 88), 38.0
(136, 145, 294, 285, 47, 176, 63, 163, 92), 32.0
(118, 253, 299, 296, 2, 157, 36, 123, 101), 38.0
(110, 148, 288, 267, 33, 166, 33, 172, 79), None
(122, 136, 282, 281, 29, 258, 14, 186, 83), 36.0
(142, 152, 271, 272, 14, 145, 53, 206, 26), 33.0
(128, 116, 293, 144, 43, 150, 17, 195, 77), 38.0
(91, 129, 285, 292, 246, 149, 244, 172, 93), 44.0
(41, 159, 293, 260, 20, 194, 28, 157, 205), 35.0
(51, 142, 235, 277, 28, 247, 183, 211, 101), 34.0
(25, 69, 218, 299, 59, 112, 68, 225, 40), 30.0
(19, 57, 219, 294, 62, 136, 72, 225, 39), 34.0
(85, 62, 220, 295, 59, 114, 61, 219, 210), 39.0
(71, 145, 294, 153, 15, 70, 66, 227, 48), 38.0
(38, 104, 213, 287, 36, 109, 81, 220, 85), 32.0
(31, 67, 208, 136, 36, 138, 72, 242, 72), None
(24, 90, 227, 145, 115, 88, 274, 229, 56), 32.0
(23, 122, 287, 158, 74, 255, 65, 231, 64), 45.0
(44, 135, 299, 299, 65, 124, 255, 234, 43), None
(30, 70, 223, 288, 9, 149, 280, 214, 44), 39.0
(18, 112, 212, 29, 56, 267, 294, 178, 108), 36.0
(162, 64, 203, 283, 26, 264, 78, 182, 76), 34.0
(35, 42, 144, 271, 19, 254, 44, 224, 9), 36.0
(56, 121, 234, 299, 33, 43, 288, 151, 97), 34.0
(100, 157, 281, 253, 9, 261, 55, 109, 85), 28.0
(99, 163, 243, 253, 8, 154, 57, 111, 90), 37.0
(98, 159, 226, 290, 5, 262, 56, 106, 0), 42.0
(106, 168, 277, 293, 50, 260, 49, 121, 35), 32.0
(26, 73, 219, 225, 2, 274, 69, 98, 86), 33.0
(95, 152, 215, 283, 13, 269, 283, 277, 94), None
(105, 145, 272, 289, 52, 98, 62, 83, 103), 40.0
(102, 156, 282, 278, 11, 62, 29, 235, 7), 34.0
(91, 130, 224, 283, 0, 254, 55, 165, 79), 35.0
(114, 150, 285, 261, 22, 260, 47, 74, 86), 34.0
(33, 169, 266, 158, 14, 248, 276, 126, 51), 40.0
(111, 93, 261, 299, 65, 279, 247, 147, 38), 35.0
(89, 108, 275, 294, 43, 268, 54, 50, 32), 40.0
(109, 97, 268, 151, 62, 24, 123, 242, 44), 40.0
(118, 156, 276, 287, 18, 178, 42, 67, 23), 40.0
(131, 140, 280, 293, 23, 209, 49, 60, 19), 42.0
(52, 137, 290, 200, 8, 264, 87, 132, 96), 30.0
(48, 134, 290, 200, 6, 264, 84, 132, 98), 31.0
(41, 139, 283, 228, 7, 258, 89, 129, 90), 35.0
(53, 145, 273, 192, 0, 269, 100, 140, 106), 34.0
(48, 149, 198, 274, 10, 276, 76, 133, 96), 42.0
(48, 127, 210, 187, 8, 264, 85, 150, 98), 38.0
(55, 137, 299, 139, 16, 252, 65, 144, 109), 38.0
(63, 135, 292, 146, 27, 259, 69, 136, 215), 37.0
(59, 144, 287, 237, 9, 272, 75, 121, 103), 32.0
(27, 127, 282, 164, 15, 265, 104, 110, 202), 42.0
(102, 144, 259, 299, 42, 162, 61, 118, 95), 36.0
(83, 119, 217, 204, 31, 248, 60, 201, 84), 39.0
(67, 278, 292, 154, 82, 280, 253, 231, 102), 34.0
(56, 103, 204, 148, 16, 255, 299, 236, 91), 34.0
(76, 22, 281, 210, 20, 260, 111, 142, 88), 38.0
(98, 163, 274, 290, 52, 274, 52, 127, 38), None
(127, 152, 288, 279, 26, 248, 41, 221, 16), 32.0
(41, 134, 294, 161, 4, 253, 19, 159, 80), 44.0
(37, 138, 299, 218, 23, 80, 69, 134, 110), 44.0
(66, 100, 209, 157, 57, 266, 241, 230, 48), 36.0
(33, 67, 221, 283, 234, 271, 267, 156, 72), 32.0
(21, 52, 286, 286, 11, 170, 291, 88, 82), None
(87, 124, 280, 253, 36, 244, 58, 188, 225), 37.0
(121, 153, 198, 271, 21, 293, 35, 70, 97), 36.0
(107, 148, 289, 280, 15, 260, 31, 83, 9), 49.0
(45, 158, 215, 246, 46, 278, 76, 114, 89), 40.0
(78, 113, 278, 293, 33, 129, 65, 210, 104), 34.0
(114, 82, 266, 294, 52, 253, 54, 55, 35), 44.0
(47, 130, 249, 171, 0, 264, 86, 138, 101), 34.0
(48, 135, 286, 166, 10, 265, 88, 126, 109), 41.0
(89, 116, 279, 263, 26, 243, 61, 173, 77), 36.0
(60, 142, 240, 299, 68, 283, 282, 222, 44), 36.0
(70, 87, 21, 286, 60, 255, 194, 288, 207), 37.0
(197, 163, 228, 179, 95, 271, 294, 103, 52), 36.0
(51, 127, 294, 209, 5, 116, 95, 135, 94), 37.0
(140, 93, 299, 150, 30, 218, 264, 240, 56), 34.0
(95, 77, 237, 289, 39, 249, 74, 166, 197), 32.0
(59, 147, 232, 289, 47, 258, 142, 229, 42), 36.0
(67, 103, 207, 152, 72, 188, 258, 238, 86), 38.0
(42, 131, 222, 199, 10, 264, 82, 127, 97), 32.0
(76, 171, 230, 279, 17, 144, 288, 149, 238), 39.0
(13, 65, 284, 299, 248, 243, 67, 216, 65), None
(30, 72, 40, 162, 23, 54, 150, 78, 218), 34.0
(86, 109, 201, 267, 40, 154, 48, 184, 78), 34.0
(82, 118, 269, 273, 32, 238, 57, 180, 113), 36.0
(53, 157, 222, 234, 58, 285, 161, 224, 48), 34.0
(25, 76, 291, 287, 15, 277, 131, 144, 87), 36.0
(108, 141, 275, 295, 49, 269, 48, 74, 30), 37.0
(121, 155, 211, 276, 21, 214, 176, 59, 13), 45.0
(97, 82, 274, 294, 54, 196, 53, 40, 27), 41.0
(170, 151, 193, 282, 19, 251, 42, 65, 106), 37.0
(130, 144, 288, 277, 27, 258, 21, 54, 2), 34.0
(51, 134, 294, 197, 1, 264, 91, 129, 99), 42.0
(64, 97, 234, 290, 12, 246, 287, 158, 211), 40.0
(43, 139, 283, 158, 6, 269, 76, 121, 93), 38.0
(38, 133, 219, 194, 5, 275, 79, 140, 94), 34.0
(33, 58, 214, 284, 29, 239, 270, 234, 72), 42.0
Sampler:BoTorchSampler
(280, 206, 35, 195, 271, 187, 219, 218, 54), 38.0
(102, 33, 213, 83, 21, 205, 91, 293, 90), 30.0
(78, 265, 270, 8, 221, 168, 291, 216, 266), 39.0
(43, 17, 265, 202, 50, 13, 31, 25, 95), 37.0
(288, 247, 6, 207, 168, 274, 59, 141, 32), 42.0
(248, 11, 0, 229, 235, 286, 263, 204, 275), 40.0
(41, 199, 23, 44, 172, 286, 33, 285, 148), 36.0
(61, 209, 89, 1, 52, 117, 92, 82, 212), 32.0
(15, 118, 212, 277, 207, 162, 25, 225, 174), 40.0
(74, 60, 21, 255, 153, 150, 165, 170, 242), 32.0
(96, 51, 183, 66, 18, 192, 98, 263, 111), 35.0
(110, 10, 248, 101, 22, 221, 84, 128, 64), 42.0
(109, 13, 244, 99, 22, 220, 84, 47, 67), 46.0
(108, 14, 243, 100, 24, 218, 84, 58, 69), 34.0
(108, 0, 211, 128, 34, 216, 106, 68, 86), 35.0
(108, 0, 199, 138, 35, 215, 116, 262, 92), 45.0
(62, 174, 90, 21, 54, 137, 90, 153, 197), None
(32, 176, 53, 141, 62, 101, 113, 42, 128), 46.0
(95, 73, 235, 20, 11, 197, 57, 100, 86), 56.0
(51, 36, 0, 287, 160, 125, 176, 185, 289), 30.0
(55, 20, 0, 74, 157, 137, 176, 156, 263), 37.0
(45, 29, 0, 250, 162, 122, 176, 184, 296), 34.0
(76, 72, 0, 143, 147, 127, 186, 195, 265), 36.0
(76, 74, 0, 76, 147, 126, 186, 198, 267), None
(76, 74, 0, 198, 146, 126, 187, 199, 267), 32.0
(78, 80, 0, 286, 144, 123, 190, 206, 270), 40.0
(51, 9, 1, 243, 174, 158, 150, 147, 261), 30.0
(52, 3, 32, 253, 168, 145, 166, 137, 268), 35.0
(42, 31, 0, 230, 183, 172, 124, 183, 262), None
(42, 31, 0, 230, 182, 172, 124, 183, 262), 36.0
(84, 5, 0, 230, 171, 100, 176, 161, 231), 42.0
(27, 50, 0, 255, 143, 187, 176, 144, 66), 39.0
(28, 50, 0, 254, 143, 186, 175, 145, 73), 40.0
(30, 51, 0, 253, 142, 186, 175, 144, 144), None
(31, 50, 0, 254, 143, 185, 174, 145, 214), 34.0
(31, 49, 0, 258, 146, 184, 172, 145, 27), 43.0
(33, 48, 0, 258, 146, 183, 172, 145, 287), 42.0
(26, 0, 29, 114, 196, 129, 126, 197, 289), 36.0
(34, 24, 74, 243, 179, 130, 146, 214, 297), 38.0
(84, 76, 0, 221, 216, 129, 127, 153, 30), 32.0
(67, 92, 0, 218, 234, 149, 141, 164, 225), 32.0
(58, 64, 0, 273, 249, 140, 123, 151, 238), 30.0
(79, 60, 0, 265, 242, 149, 108, 149, 215), None
(79, 60, 0, 265, 242, 149, 108, 149, 216), None
(80, 60, 0, 265, 242, 149, 106, 149, 214), None
(80, 60, 0, 265, 242, 149, 107, 149, 215), None
(79, 60, 0, 265, 241, 149, 108, 149, 216), None
(79, 60, 0, 265, 242, 149, 107, 149, 215), None
(80, 60, 0, 265, 242, 149, 107, 149, 214), None
(78, 60, 0, 265, 241, 149, 109, 149, 217), None
(81, 60, 0, 265, 242, 150, 105, 149, 212), 40.0
(23, 81, 0, 240, 256, 126, 168, 163, 270), 34.0
(57, 104, 0, 219, 214, 114, 117, 151, 29), 36.0
(59, 98, 0, 222, 216, 119, 123, 153, 85), 44.0
(79, 84, 0, 228, 237, 129, 129, 150, 290), None
(81, 86, 0, 227, 238, 127, 126, 149, 292), 36.0
(18, 26, 0, 140, 260, 143, 163, 172, 258), 30.0
(23, 41, 0, 193, 269, 159, 177, 174, 247), 42.0
(0, 76, 0, 221, 186, 100, 110, 154, 267), None
(2, 76, 0, 221, 186, 101, 111, 155, 266), 37.0
(144, 14, 62, 68, 232, 236, 5, 46, 249), 39.0
(44, 0, 0, 147, 256, 120, 128, 152, 297), None
(43, 0, 0, 186, 259, 118, 127, 150, 299), None
(73, 132, 46, 168, 198, 161, 141, 168, 260), None
(42, 0, 0, 202, 260, 118, 127, 150, 265), None
(74, 127, 49, 173, 197, 160, 145, 165, 260), 38.0
(260, 135, 49, 241, 71, 144, 109, 107, 26), 42.0
(182, 122, 96, 168, 293, 280, 119, 17, 19), 36.0
(275, 190, 106, 25, 243, 52, 287, 295, 86), 34.0
(238, 150, 88, 170, 2, 69, 16, 255, 132), 43.0
(42, 0, 0, 145, 252, 120, 129, 154, 294), None
(5, 53, 93, 95, 110, 7, 199, 170, 59), 47.0
(43, 0, 0, 23, 252, 121, 128, 155, 292), None
(171, 180, 295, 106, 290, 230, 293, 111, 280), 44.0
(44, 4, 0, 260, 247, 123, 130, 158, 288), 30.0
(44, 5, 0, 227, 245, 125, 130, 159, 285), 30.0
(44, 0, 0, 289, 245, 128, 127, 159, 283), None
(44, 0, 0, 286, 244, 128, 127, 159, 283), None
(44, 0, 0, 287, 245, 128, 127, 159, 283), None
(44, 0, 0, 287, 244, 128, 127, 159, 283), None
(44, 0, 0, 289, 245, 128, 127, 159, 284), None
(44, 0, 0, 288, 245, 128, 127, 159, 283), None
(44, 0, 0, 285, 244, 128, 127, 159, 283), None
(43, 0, 0, 291, 246, 128, 126, 159, 284), None
(43, 0, 0, 292, 246, 128, 126, 159, 284), None
(43, 0, 0, 290, 245, 128, 126, 159, 284), None
(44, 0, 0, 290, 245, 128, 126, 159, 283), None
(44, 0, 0, 284, 244, 128, 127, 159, 283), None
(44, 0, 0, 288, 245, 128, 126, 159, 283), None
(44, 0, 0, 290, 245, 128, 126, 159, 284), None
(62, 199, 68, 0, 77, 121, 98, 111, 261), 47.0
(46, 0, 0, 290, 247, 127, 126, 162, 282), None
(47, 0, 0, 284, 245, 127, 127, 162, 282), None
(47, 1, 0, 281, 244, 127, 127, 162, 282), None
(47, 0, 0, 283, 245, 127, 127, 162, 282), None
(153, 93, 33, 237, 244, 294, 183, 120, 4), 32.0
(47, 0, 0, 287, 249, 123, 127, 160, 285), None
(46, 0, 0, 289, 249, 123, 127, 160, 285), None
(46, 0, 0, 288, 249, 123, 127, 160, 285), None
(168, 268, 73, 117, 80, 185, 207, 35, 272), 37.0
(47, 0, 0, 286, 249, 123, 127, 160, 285), None
(46, 0, 0, 292, 251, 123, 127, 159, 286), None
(45, 0, 0, 297, 252, 122, 126, 159, 286), None
(46, 0, 0, 290, 250, 123, 127, 159, 285), None
(46, 0, 0, 291, 250, 123, 127, 159, 286), None
(218, 35, 93, 279, 284, 124, 141, 182, 262), 38.0
(29, 209, 6, 176, 248, 5, 78, 29, 290), None
(66, 5, 8, 267, 185, 137, 109, 153, 244), 34.0
(47, 0, 0, 284, 252, 124, 130, 160, 286), None
(46, 0, 0, 289, 254, 124, 130, 160, 286), None
(46, 0, 0, 287, 253, 124, 130, 160, 286), None
(46, 0, 0, 290, 254, 124, 130, 160, 287), None
(46, 0, 0, 286, 253, 124, 130, 160, 286), None
(46, 0, 0, 288, 253, 124, 130, 160, 286), None
(58, 144, 143, 182, 210, 192, 294, 175, 46), 28.0
(33, 0, 0, 257, 274, 112, 124, 139, 299), None
(118, 211, 12, 41, 14, 232, 115, 132, 120), 26.0
(177, 196, 254, 147, 289, 136, 5, 20, 253), 47.0
(247, 255, 123, 38, 143, 236, 100, 227, 239), 38.0
(41, 4, 145, 171, 45, 34, 257, 126, 220), 44.0
(263, 102, 49, 290, 49, 98, 232, 163, 131), None
(73, 84, 98, 66, 17, 223, 284, 124, 85), 54.0
(96, 140, 180, 143, 15, 114, 63, 119, 68), 40.0
(123, 241, 0, 25, 20, 246, 95, 146, 130), 37.0
(53, 150, 84, 25, 215, 128, 161, 151, 209), 47.0
(288, 241, 34, 107, 109, 248, 184, 127, 262), 34.0
(28, 241, 30, 243, 77, 179, 142, 145, 44), 40.0
(137, 241, 225, 216, 153, 106, 53, 201, 80), 32.0
(100, 145, 123, 210, 263, 220, 257, 168, 20), 37.0
(26, 202, 79, 250, 32, 277, 251, 221, 94), 36.0
(102, 254, 296, 239, 180, 218, 282, 105, 211), 34.0
(69, 149, 278, 174, 273, 198, 20, 243, 136), 34.0
(169, 54, 171, 220, 23, 108, 47, 127, 162), 40.0
(98, 217, 1, 194, 104, 259, 0, 100, 45), 41.0
(18, 74, 97, 115, 275, 129, 281, 173, 214), 41.0
(250, 263, 201, 284, 60, 282, 107, 190, 26), 45.0
(21, 120, 232, 278, 262, 9, 149, 161, 146), 40.0
(37, 123, 295, 201, 293, 237, 291, 46, 79), 45.0
(0, 181, 249, 87, 274, 79, 107, 72, 29), 39.0
(234, 142, 7, 204, 278, 77, 111, 199, 234), None
(233, 273, 123, 220, 119, 188, 12, 256, 65), 32.0
(265, 166, 191, 36, 141, 38, 166, 148, 179), None
(228, 40, 114, 52, 121, 50, 174, 36, 119), 46.0
(203, 143, 255, 35, 142, 50, 141, 196, 43), 46.0
(278, 47, 137, 161, 25, 129, 82, 17, 291), 36.0
(93, 289, 274, 86, 35, 128, 144, 103, 166), 36.0
(112, 286, 152, 282, 62, 244, 166, 272, 115), 35.0
(34, 210, 121, 151, 75, 81, 105, 284, 241), 34.0
(150, 113, 58, 225, 42, 62, 273, 225, 74), None
(127, 90, 199, 191, 253, 93, 154, 128, 262), 40.0
(122, 46, 71, 124, 10, 209, 200, 211, 38), 36.0
(52, 258, 168, 47, 187, 193, 250, 9, 244), 36.0
(227, 103, 209, 204, 295, 51, 255, 241, 118), 35.0
(126, 27, 72, 241, 194, 242, 119, 107, 277), 44.0
(141, 186, 173, 95, 67, 52, 85, 243, 74), 38.0
(32, 162, 138, 177, 277, 237, 279, 297, 5), 32.0
(86, 22, 235, 183, 275, 277, 146, 130, 196), 34.0
(247, 130, 192, 100, 48, 137, 154, 37, 203), 34.0
(207, 50, 34, 159, 139, 26, 99, 158, 143), 46.0
(109, 239, 111, 264, 94, 106, 283, 190, 19), 42.0
(159, 288, 41, 1, 267, 264, 193, 23, 149), 36.0
(21, 242, 273, 74, 37, 230, 289, 5, 256), 31.0
(124, 276, 112, 73, 254, 232, 186, 246, 209), 38.0
(268, 5, 0, 77, 49, 184, 227, 5, 173), None
(2, 128, 254, 186, 293, 198, 168, 279, 249), 38.0
(0, 163, 189, 117, 51, 9, 281, 63, 53), 41.0
(37, 286, 175, 233, 32, 104, 91, 292, 130), 32.0
(147, 292, 169, 268, 70, 238, 139, 51, 43), 32.0
(8, 19, 190, 220, 282, 129, 165, 142, 16), 32.0
(251, 135, 38, 198, 274, 116, 149, 52, 191), 42.0
(193, 16, 254, 25, 294, 173, 56, 158, 213), 28.0
(62, 107, 45, 255, 68, 139, 92, 171, 61), 38.0
(33, 140, 140, 197, 128, 78, 220, 115, 65), None
(1, 227, 244, 193, 237, 168, 213, 276, 44), 40.0
(202, 225, 262, 219, 191, 175, 38, 119, 143), 38.0
(119, 290, 147, 66, 61, 123, 156, 63, 149), 32.0
(233, 95, 101, 6, 144, 15, 29, 234, 67), 28.0
(119, 289, 173, 209, 114, 148, 48, 263, 114), None
(143, 28, 98, 290, 123, 160, 5, 58, 17), 42.0
(4, 185, 7, 213, 297, 11, 161, 291, 94), 30.0
(178, 281, 299, 97, 260, 114, 276, 122, 251), 44.0
(281, 166, 15, 59, 258, 134, 163, 119, 287), 31.0
(2, 83, 35, 69, 196, 187, 138, 250, 280), 36.0
(33, 170, 237, 209, 138, 28, 192, 235, 140), 29.0
(194, 38, 221, 160, 26, 223, 278, 143, 115), 34.0
(256, 168, 236, 93, 20, 44, 299, 118, 206), 32.0
(173, 14, 10, 152, 95, 212, 274, 194, 290), 33.0
(108, 108, 44, 218, 60, 113, 183, 68, 110), None
(17, 272, 222, 220, 126, 160, 122, 261, 93), 36.0
(219, 135, 145, 49, 101, 41, 93, 236, 154), 34.0
(33, 187, 197, 275, 67, 156, 138, 144, 247), 34.0
(267, 5, 299, 9, 26, 258, 269, 118, 166), 37.0
(101, 31, 230, 31, 184, 110, 137, 285, 163), None
(265, 296, 31, 215, 117, 48, 45, 166, 151), 32.0
(253, 67, 247, 181, 139, 173, 115, 132, 212), 36.0
(236, 30, 284, 62, 55, 185, 202, 76, 102), 28.0
(36, 260, 93, 16, 75, 168, 35, 24, 176), 50.0
(103, 181, 236, 22, 40, 204, 38, 53, 21), 45.0
(131, 124, 176, 48, 170, 67, 283, 252, 183), 34.0
(293, 236, 118, 209, 202, 236, 250, 111, 246), None
(223, 98, 222, 88, 31, 48, 39, 43, 74), 34.0
(204, 293, 151, 275, 241, 96, 1, 156, 92), 34.0
(49, 38, 182, 49, 69, 31, 269, 165, 131), None
(138, 112, 66, 45, 108, 280, 265, 85, 158), 32.0
(229, 93, 5, 221, 273, 21, 219, 263, 106), 34.0
(15, 112, 132, 197, 123, 36, 58, 277, 190), 42.0
(177, 108, 262, 22, 222, 281, 9, 80, 60), 38.0
(56, 78, 79, 69, 154, 8, 69, 249, 181), None
(215, 134, 276, 25, 275, 87, 241, 271, 127), 36.0
(137, 94, 190, 140, 67, 238, 100, 78, 297), 28.0
(195, 232, 1, 256, 241, 90, 2, 47, 222), 45.0
(135, 170, 130, 127, 183, 173, 209, 127, 239), None
(18, 99, 234, 54, 150, 31, 203, 129, 223), 38.0
(6, 179, 202, 166, 241, 100, 83, 209, 172), 34.0
(44, 115, 251, 167, 122, 167, 77, 174, 102), None
(152, 145, 232, 265, 237, 292, 214, 50, 247), 46.0
(225, 97, 228, 236, 138, 197, 47, 137, 280), 41.0
(50, 279, 3, 285, 10, 114, 103, 282, 262), 38.0
(226, 255, 47, 201, 192, 202, 220, 106, 67), 38.0
(155, 198, 59, 146, 206, 132, 178, 287, 80), 44.0
(101, 176, 227, 65, 28, 29, 180, 277, 279), 40.0
(91, 213, 119, 246, 233, 270, 77, 69, 248), 44.0
(63, 296, 186, 290, 132, 154, 8, 141, 291), 38.0
(51, 136, 268, 264, 14, 106, 185, 187, 64), 34.0
(123, 131, 216, 279, 173, 33, 66, 286, 73), 36.0
(184, 5, 295, 8, 84, 263, 81, 256, 234), 34.0
(247, 299, 89, 100, 104, 115, 205, 48, 99), 34.0
(227, 40, 229, 292, 273, 206, 160, 8, 261), 52.0
(224, 222, 140, 203, 242, 211, 93, 35, 18), 39.0
(44, 185, 26, 47, 188, 159, 83, 14, 270), 39.0
(252, 82, 115, 131, 165, 19, 189, 201, 99), 36.0
(59, 17, 62, 96, 233, 188, 164, 284, 165), 32.0
(275, 67, 227, 25, 107, 202, 248, 52, 72), 36.0
(221, 190, 23, 62, 85, 0, 146, 8, 141), 41.0
(34, 82, 72, 193, 185, 236, 49, 3, 8), 34.0
(64, 292, 255, 26, 128, 104, 39, 100, 41), 34.0
(72, 237, 251, 233, 103, 73, 174, 232, 150), 38.0
(205, 65, 156, 188, 84, 192, 80, 289, 31), 40.0
(129, 69, 265, 218, 52, 213, 11, 266, 80), 32.0
(251, 81, 285, 107, 25, 143, 232, 75, 145), 32.0
(253, 6, 48, 100, 161, 173, 260, 279, 41), 39.0
(206, 232, 284, 74, 174, 210, 52, 277, 247), 42.0
(289, 134, 0, 107, 117, 29, 160, 81, 39), 41.0
(290, 122, 132, 49, 259, 232, 187, 14, 222), 30.0
(58, 55, 112, 19, 7, 278, 106, 298, 159), 47.0
(10, 29, 122, 186, 161, 177, 134, 143, 121), 37.0
(52, 282, 84, 247, 223, 34, 182, 91, 172), 47.0
(112, 202, 210, 55, 278, 84, 65, 205, 219), 34.0
(224, 229, 227, 190, 70, 288, 114, 123, 288), None
(187, 112, 79, 71, 25, 84, 176, 78, 44), 38.0
(0, 66, 288, 295, 297, 201, 40, 99, 282), 30.0
(156, 257, 237, 85, 50, 230, 77, 134, 286), 32.0
(66, 108, 58, 273, 55, 280, 160, 19, 285), 36.0
(209, 272, 136, 116, 246, 47, 132, 27, 24), 45.0
(166, 281, 134, 174, 165, 106, 124, 172, 297), 40.0
(3, 186, 269, 281, 151, 234, 50, 125, 68), 38.0
(68, 209, 96, 39, 68, 151, 244, 110, 48), None
(7, 69, 75, 230, 248, 134, 191, 138, 133), 34.0
(64, 296, 136, 221, 41, 128, 214, 285, 9), 33.0
(147, 292, 195, 154, 88, 152, 91, 209, 170), 43.0
(59, 199, 163, 298, 206, 282, 172, 229, 48), 30.0
(273, 124, 243, 196, 204, 112, 54, 281, 182), 37.0
(17, 77, 48, 272, 140, 189, 105, 133, 16), 34.0
(48, 123, 160, 232, 222, 223, 233, 232, 45), None
(37, 35, 272, 283, 283, 117, 110, 22, 101), None
(242, 290, 53, 221, 124, 104, 157, 248, 200), 45.0
(104, 122, 215, 203, 19, 169, 169, 155, 23), None
(298, 220, 251, 27, 39, 291, 255, 163, 299), 47.0
(263, 215, 132, 102, 36, 284, 89, 291, 161), 42.0
(232, 128, 28, 138, 18, 214, 154, 256, 230), 32.0
(28, 90, 226, 222, 165, 249, 296, 29, 134), 36.0
(18, 109, 230, 120, 117, 15, 215, 190, 51), 35.0
(265, 162, 29, 63, 33, 31, 13, 190, 252), 32.0
(185, 190, 40, 222, 290, 152, 252, 160, 32), 36.0
(262, 9, 140, 199, 210, 189, 254, 204, 6), 39.0
(202, 257, 126, 19, 285, 256, 107, 23, 253), 33.0
(201, 157, 20, 55, 171, 30, 291, 76, 70), 38.0
(7, 45, 296, 115, 236, 147, 186, 172, 100), 36.0
(249, 207, 265, 156, 240, 85, 224, 232, 235), 40.0
(161, 4, 22, 220, 283, 58, 251, 146, 199), 32.0
(172, 59, 105, 79, 22, 84, 93, 86, 181), 38.0
(42, 235, 138, 113, 196, 255, 121, 85, 195), 33.0
(150, 81, 162, 197, 167, 93, 162, 29, 173), None
(207, 210, 221, 120, 31, 212, 103, 1, 17), 40.0
(296, 133, 199, 94, 7, 232, 101, 48, 78), 36.0
(147, 12, 24, 221, 265, 124, 247, 269, 13), 46.0
(90, 269, 38, 266, 64, 46, 127, 196, 295), 34.0
(284, 226, 167, 235, 240, 259, 160, 3, 276), 46.0
(34, 118, 151, 296, 237, 161, 202, 203, 51), 36.0
(64, 72, 163, 0, 181, 137, 20, 248, 63), 49.0
(86, 4, 49, 33, 208, 50, 28, 138, 234), 39.0
(236, 295, 171, 36, 58, 183, 256, 182, 94), 30.0
(167, 287, 249, 246, 35, 287, 49, 269, 20), None
(273, 289, 161, 159, 102, 1, 294, 244, 256), 41.0
(185, 112, 292, 246, 54, 210, 267, 149, 2), 42.0
(23, 184, 298, 212, 215, 180, 89, 2, 162), 32.0
(152, 119, 153, 228, 155, 296, 237, 242, 49), 36.0
(187, 70, 295, 60, 56, 82, 252, 67, 56), None
(116, 236, 147, 196, 109, 209, 123, 10, 233), 42.0
(200, 113, 70, 80, 34, 163, 78, 56, 54), 40.0
(122, 293, 194, 70, 54, 230, 218, 41, 94), 32.0
Sampler:CmaEsSampler
(229, 56, 48, 131, 102, 246, 211, 288, 43), 38.0
(151, 160, 212, 36, 170, 182, 108, 154, 105), 30.0
(218, 120, 175, 203, 124, 149, 134, 147, 181), 38.0
(129, 178, 140, 112, 100, 122, 109, 246, 153), 38.0
(141, 111, 94, 167, 99, 144, 137, 71, 227), 40.0
(184, 117, 169, 166, 65, 125, 132, 177, 58), 32.0
(43, 28, 140, 142, 154, 78, 181, 150, 119), 43.0
(145, 97, 195, 174, 191, 211, 188, 199, 184), 47.0
(110, 136, 175, 183, 128, 136, 194, 190, 156), None
(164, 137, 148, 133, 234, 232, 186, 198, 100), 39.0
(106, 176, 140, 245, 182, 198, 77, 169, 185), 38.0
(206, 161, 130, 187, 125, 153, 137, 122, 280), 40.0
(149, 179, 150, 76, 121, 204, 108, 172, 114), 48.0
(182, 211, 195, 104, 128, 173, 196, 179, 68), 37.0
(227, 156, 123, 154, 48, 262, 167, 264, 100), 40.0
(151, 209, 174, 77, 170, 188, 194, 216, 69), 39.0
(170, 89, 192, 33, 121, 164, 107, 221, 144), 39.0
(178, 174, 211, 128, 167, 168, 118, 174, 95), None
(127, 153, 95, 29, 144, 223, 212, 135, 89), 38.0
(223, 125, 141, 129, 118, 63, 140, 180, 185), 43.0
(216, 221, 237, 181, 65, 198, 113, 209, 136), 40.0
(177, 135, 245, 101, 97, 133, 78, 246, 154), 40.0
(234, 143, 250, 82, 149, 212, 133, 174, 101), 34.0
(191, 101, 226, 54, 178, 200, 168, 186, 98), 30.0
(259, 167, 158, 106, 156, 197, 195, 193, 23), 46.0
(215, 185, 283, 54, 208, 211, 173, 245, 84), 36.0
(254, 175, 182, 2, 179, 295, 139, 114, 130), 36.0
(145, 201, 288, 105, 113, 246, 88, 119, 25), 34.0
(188, 229, 231, 42, 167, 169, 165, 177, 129), 40.0
(155, 213, 290, 54, 47, 237, 99, 157, 150), 37.0
(171, 162, 264, 113, 149, 214, 116, 228, 122), 46.0
(204, 181, 159, 38, 199, 191, 132, 168, 147), 41.0
(242, 163, 173, 128, 184, 174, 175, 230, 27), 50.0
(124, 119, 272, 83, 209, 240, 168, 189, 83), None
(115, 92, 275, 77, 230, 234, 106, 153, 54), 36.0
(117, 145, 253, 64, 211, 238, 118, 139, 139), None
(133, 222, 233, 169, 185, 199, 81, 165, 39), 36.0
(221, 110, 264, 204, 160, 190, 131, 196, 5), 31.0
(154, 116, 265, 71, 183, 297, 132, 212, 135), 41.0
(169, 139, 281, 85, 173, 165, 131, 178, 21), 36.0
(176, 145, 279, 78, 232, 179, 167, 190, 85), 43.0
(81, 227, 284, 24, 222, 224, 164, 148, 12), 36.0
(144, 115, 235, 186, 182, 268, 43, 141, 124), 41.0
(178, 177, 260, 123, 181, 233, 133, 246, 123), None
(243, 88, 137, 62, 269, 158, 125, 90, 67), 36.0
(173, 140, 251, 62, 158, 244, 182, 192, 51), 46.0
(146, 62, 290, 114, 189, 173, 131, 169, 5), 48.0
(118, 104, 267, 73, 215, 152, 135, 154, 34), 45.0
(62, 129, 286, 138, 166, 152, 123, 71, 32), 48.0
(168, 65, 281, 185, 169, 73, 180, 104, 112), 45.0
(189, 98, 284, 208, 142, 159, 65, 164, 14), 37.0
(181, 172, 289, 142, 176, 217, 158, 74, 90), 41.0
(179, 168, 252, 120, 88, 234, 215, 138, 64), 42.0
(126, 150, 299, 116, 110, 219, 128, 215, 3), 44.0
(192, 172, 244, 106, 119, 136, 112, 211, 22), 36.0
(190, 97, 242, 178, 257, 251, 113, 166, 46), 42.0
(222, 153, 216, 110, 191, 169, 99, 195, 57), 48.0
(258, 125, 295, 86, 111, 171, 80, 214, 109), 38.0
(200, 86, 297, 114, 115, 213, 108, 207, 8), 35.0
(212, 185, 264, 163, 174, 138, 148, 175, 26), 38.0
(193, 201, 189, 59, 179, 144, 14, 155, 54), 32.0
(208, 220, 280, 51, 144, 125, 169, 164, 20), 38.0
(218, 119, 262, 236, 138, 124, 190, 190, 31), None
(203, 168, 238, 94, 117, 236, 143, 199, 174), 36.0
(237, 150, 232, 216, 198, 153, 131, 128, 140), 46.0
(209, 170, 216, 74, 109, 101, 178, 255, 95), 42.0
(174, 128, 242, 183, 164, 198, 91, 68, 63), 44.0
(187, 142, 252, 52, 149, 283, 43, 186, 60), 50.0
(229, 157, 255, 37, 166, 163, 61, 199, 20), 32.0
(171, 156, 281, 53, 103, 193, 7, 222, 10), 34.0
(237, 260, 243, 113, 229, 213, 81, 272, 169), 42.0
(217, 198, 267, 86, 110, 217, 13, 157, 81), None
(199, 178, 214, 119, 154, 199, 91, 186, 127), None
(203, 156, 233, 6, 114, 165, 140, 142, 74), 36.0
(219, 163, 168, 96, 210, 116, 93, 192, 53), 38.0
(139, 173, 205, 111, 206, 175, 59, 171, 60), 42.0
(200, 224, 193, 91, 121, 231, 67, 192, 52), 36.0
(172, 137, 192, 118, 144, 211, 79, 243, 99), 40.0
(185, 194, 268, 35, 148, 181, 31, 169, 101), 35.0
(186, 181, 214, 75, 46, 132, 126, 209, 32), 34.0
(190, 128, 203, 87, 166, 187, 59, 168, 16), 38.0
(249, 152, 233, 26, 156, 127, 128, 150, 48), 42.0
(268, 48, 272, 41, 200, 217, 48, 211, 2), None
(158, 170, 271, 68, 129, 142, 93, 239, 2), 42.0
(249, 159, 272, 16, 157, 162, 26, 196, 9), 34.0
(126, 155, 176, 97, 165, 215, 95, 205, 56), 34.0
(219, 175, 237, 16, 141, 199, 58, 248, 83), 32.0
(136, 130, 219, 64, 110, 167, 39, 181, 136), None
(240, 101, 224, 100, 154, 150, 137, 261, 24), 39.0
(180, 151, 293, 111, 128, 140, 42, 157, 6), 36.0
(161, 185, 254, 18, 184, 199, 107, 172, 33), 34.0
(215, 257, 193, 24, 71, 240, 71, 199, 68), None
(204, 163, 271, 98, 148, 263, 32, 251, 36), 40.0
(186, 216, 269, 7, 148, 184, 81, 221, 61), 44.0
(168, 234, 204, 91, 150, 123, 121, 197, 95), 34.0
(178, 208, 146, 101, 135, 200, 77, 200, 66), None
(219, 131, 209, 41, 96, 164, 54, 286, 66), 36.0
(222, 164, 235, 79, 173, 143, 117, 206, 96), 43.0
(267, 128, 242, 11, 134, 259, 47, 245, 31), 38.0
(206, 183, 149, 36, 143, 152, 39, 197, 53), 32.0
(184, 113, 205, 58, 47, 160, 160, 186, 58), None
(226, 167, 281, 87, 125, 176, 103, 240, 29), 42.0
(191, 192, 169, 22, 160, 211, 33, 257, 52), 39.0
(189, 151, 241, 11, 128, 226, 103, 162, 100), 38.0
(149, 164, 163, 29, 164, 98, 65, 210, 122), None
(204, 155, 136, 49, 172, 182, 113, 224, 49), None
(164, 194, 150, 103, 168, 189, 48, 262, 54), 38.0
(145, 173, 187, 160, 153, 159, 95, 166, 95), None
(157, 189, 178, 61, 130, 142, 129, 181, 76), 34.0
(209, 205, 150, 60, 124, 117, 100, 200, 107), 38.0
(246, 173, 229, 64, 87, 153, 95, 232, 19), 40.0
(178, 160, 169, 74, 138, 166, 37, 123, 110), 38.0
(250, 159, 188, 22, 98, 122, 80, 216, 97), 38.0
(146, 199, 121, 49, 115, 152, 57, 146, 76), None
(204, 222, 184, 56, 144, 135, 87, 232, 60), 32.0
(203, 190, 163, 4, 113, 107, 90, 196, 103), 42.0
(254, 140, 165, 10, 106, 158, 68, 189, 65), 33.0
(191, 201, 179, 38, 109, 149, 20, 219, 28), 32.0
(199, 209, 189, 90, 116, 148, 56, 196, 45), 34.0
(199, 172, 184, 87, 127, 171, 59, 149, 116), 39.0
(246, 151, 227, 23, 95, 139, 47, 247, 84), 32.0
(176, 256, 134, 82, 81, 147, 72, 207, 104), 44.0
(125, 249, 162, 25, 144, 133, 55, 240, 62), 34.0
(190, 232, 186, 87, 179, 159, 117, 227, 42), 37.0
(197, 184, 151, 60, 83, 149, 30, 239, 81), 34.0
(243, 155, 221, 75, 76, 99, 54, 248, 1), 38.0
(246, 213, 199, 15, 121, 197, 19, 226, 80), 34.0
(167, 236, 179, 101, 118, 123, 120, 275, 89), 38.0
(204, 164, 227, 87, 114, 162, 46, 228, 81), 37.0
(164, 177, 177, 66, 105, 104, 82, 258, 103), None
(210, 217, 228, 26, 105, 161, 73, 246, 57), 42.0
(200, 173, 184, 31, 124, 149, 28, 242, 91), 38.0
(201, 166, 159, 42, 104, 154, 115, 195, 83), 39.0
(214, 164, 211, 55, 83, 167, 96, 293, 161), 28.0
(246, 233, 253, 67, 110, 167, 53, 248, 74), 36.0
(142, 129, 136, 41, 125, 118, 126, 215, 131), 32.0
(179, 179, 188, 24, 123, 152, 70, 217, 44), None
(205, 157, 298, 41, 62, 129, 29, 225, 26), 32.0
(254, 152, 234, 48, 125, 107, 42, 258, 68), 52.0
(241, 121, 186, 102, 90, 133, 37, 236, 72), 34.0
(168, 80, 268, 10, 50, 140, 69, 288, 153), 39.0
(188, 149, 184, 114, 108, 127, 26, 202, 58), 47.0
(203, 174, 164, 84, 87, 131, 89, 252, 106), 44.0
(200, 148, 229, 41, 97, 192, 69, 260, 126), 38.0
(250, 130, 218, 16, 51, 147, 109, 205, 162), 42.0
(188, 141, 168, 50, 113, 122, 56, 248, 47), 38.0
(181, 165, 154, 29, 110, 135, 137, 263, 117), 30.0
(150, 158, 242, 82, 57, 174, 165, 275, 99), 39.0
(200, 181, 278, 60, 123, 179, 77, 225, 75), 46.0
(218, 184, 254, 39, 129, 225, 124, 192, 48), 36.0
(207, 156, 240, 53, 123, 199, 89, 218, 25), 38.0
(199, 185, 191, 66, 96, 186, 144, 197, 79), 35.0
(203, 170, 194, 8, 92, 223, 128, 183, 46), 40.0
(219, 119, 193, 9, 124, 206, 97, 247, 116), 35.0
(244, 168, 192, 55, 141, 194, 99, 232, 74), 34.0
(175, 153, 194, 76, 102, 171, 163, 229, 104), 32.0
(162, 159, 167, 4, 102, 172, 114, 276, 122), 34.0
(189, 179, 197, 100, 95, 110, 147, 267, 106), 37.0
(192, 171, 144, 100, 102, 194, 117, 211, 107), 36.0
(197, 132, 196, 18, 81, 136, 85, 246, 54), 34.0
(193, 142, 203, 36, 73, 140, 57, 268, 73), None
(162, 126, 180, 72, 138, 183, 203, 234, 83), 39.0
(189, 118, 115, 119, 109, 188, 194, 212, 129), 38.0
(198, 92, 159, 86, 40, 162, 112, 296, 96), 41.0
(242, 192, 175, 57, 95, 196, 160, 199, 84), 40.0
(234, 137, 187, 77, 77, 148, 59, 214, 96), None
(162, 120, 181, 69, 108, 129, 102, 273, 96), 44.0
(200, 163, 146, 22, 87, 189, 112, 260, 60), 42.0
(178, 165, 143, 38, 97, 115, 165, 267, 70), None
(225, 145, 158, 39, 149, 172, 88, 243, 51), 38.0
(185, 138, 173, 70, 114, 210, 131, 217, 80), 34.0
(135, 132, 188, 60, 96, 132, 125, 205, 117), None
(189, 193, 206, 70, 113, 172, 107, 264, 113), None
(214, 181, 215, 20, 102, 184, 168, 237, 128), 32.0
(217, 190, 133, 43, 78, 151, 62, 227, 46), 43.0
(216, 199, 211, 40, 157, 214, 181, 194, 142), 44.0
(203, 171, 212, 50, 104, 247, 223, 228, 125), 48.0
(199, 196, 177, 45, 114, 201, 204, 215, 88), 36.0
(224, 132, 197, 16, 82, 207, 115, 216, 113), 38.0
(217, 166, 204, 91, 137, 207, 182, 241, 121), 46.0
(218, 149, 202, 50, 149, 188, 89, 187, 113), None
(200, 198, 189, 30, 94, 190, 119, 228, 118), 43.0
(242, 138, 190, 58, 117, 245, 167, 255, 122), 35.0
(218, 175, 220, 21, 114, 217, 135, 199, 18), 37.0
(145, 189, 137, 97, 99, 178, 183, 258, 113), 42.0
(167, 188, 195, 74, 106, 214, 196, 199, 131), 40.0
(151, 165, 182, 40, 152, 228, 209, 183, 102), 42.0
(220, 126, 183, 53, 79, 251, 142, 276, 120), 39.0
(246, 171, 174, 13, 101, 225, 208, 241, 127), 44.0
(248, 195, 172, 48, 73, 203, 148, 244, 81), 40.0
(210, 151, 164, 56, 95, 225, 253, 225, 107), None
(232, 179, 182, 3, 90, 237, 222, 213, 141), 34.0
(190, 141, 278, 47, 113, 222, 169, 215, 72), 38.0
(197, 174, 140, 72, 113, 249, 280, 223, 155), 46.0
(286, 172, 175, 22, 123, 252, 182, 265, 97), 43.0
(226, 190, 259, 23, 96, 211, 145, 219, 81), 34.0
(184, 163, 240, 83, 141, 232, 125, 280, 58), 43.0
(187, 206, 172, 60, 66, 168, 164, 273, 137), 44.0
(226, 183, 233, 52, 82, 228, 197, 175, 28), 40.0
(204, 140, 182, 9, 108, 266, 249, 225, 125), 39.0
(232, 168, 232, 17, 91, 237, 169, 215, 116), None
(225, 187, 240, 9, 106, 238, 159, 215, 105), 36.0
(220, 156, 234, 61, 134, 239, 144, 245, 102), 36.0
(226, 187, 258, 65, 80, 206, 177, 178, 65), None
(209, 184, 170, 84, 100, 207, 176, 222, 109), 44.0
(268, 123, 234, 1, 104, 276, 228, 247, 77), 34.0
(212, 175, 195, 28, 80, 251, 182, 249, 86), 34.0
(217, 167, 213, 56, 92, 177, 174, 257, 94), 39.0
(206, 155, 210, 14, 22, 221, 168, 233, 125), 39.0
(216, 135, 230, 1, 102, 259, 249, 238, 54), 36.0
(221, 167, 150, 44, 109, 205, 205, 232, 68), None
(232, 89, 249, 3, 128, 246, 194, 260, 112), 34.0
(205, 173, 258, 59, 121, 264, 256, 171, 53), 36.0
(233, 154, 169, 50, 106, 229, 219, 221, 123), 30.0
(257, 143, 272, 52, 71, 262, 221, 282, 65), 41.0
(237, 141, 134, 4, 116, 224, 115, 282, 23), 34.0
(255, 179, 249, 7, 84, 265, 228, 226, 113), 35.0
(256, 96, 275, 23, 100, 285, 226, 254, 86), 33.0
(214, 233, 236, 50, 89, 234, 142, 293, 72), 47.0
(254, 103, 236, 29, 103, 236, 177, 262, 97), None
(197, 125, 234, 23, 89, 268, 279, 254, 154), 32.0
(226, 85, 223, 85, 73, 273, 258, 239, 77), None
(235, 164, 165, 115, 105, 234, 228, 241, 97), 34.0
(200, 81, 206, 16, 68, 245, 219, 298, 75), 32.0
(191, 146, 217, 47, 118, 243, 230, 204, 122), 34.0
(219, 122, 132, 76, 112, 239, 199, 241, 111), 32.0
(203, 108, 241, 65, 149, 249, 250, 271, 127), 42.0
(240, 170, 228, 52, 105, 205, 223, 242, 115), 32.0
(228, 144, 180, 29, 92, 183, 224, 220, 162), 48.0
(211, 122, 232, 12, 121, 244, 139, 284, 127), 37.0
(220, 116, 181, 62, 105, 256, 293, 239, 146), 36.0
(230, 76, 229, 70, 32, 259, 228, 282, 140), 38.0
(221, 107, 117, 90, 128, 254, 220, 271, 102), 34.0
(185, 179, 139, 70, 133, 165, 148, 261, 43), 36.0
(253, 137, 186, 33, 83, 244, 208, 217, 72), 36.0
(213, 78, 173, 59, 72, 218, 264, 275, 166), 34.0
(202, 95, 114, 35, 77, 192, 185, 276, 118), 30.0
(252, 129, 298, 42, 43, 239, 239, 241, 63), None
(216, 79, 146, 83, 113, 269, 257, 245, 93), 30.0
(230, 114, 137, 25, 78, 263, 277, 268, 91), 44.0
(214, 87, 215, 41, 111, 248, 206, 259, 115), 41.0
(212, 135, 161, 22, 81, 233, 202, 269, 21), 36.0
(251, 162, 96, 58, 133, 204, 191, 293, 74), 36.0
(206, 31, 130, 54, 90, 283, 257, 285, 153), 34.0
(213, 90, 94, 89, 92, 198, 253, 241, 115), 38.0
(168, 20, 79, 34, 116, 172, 145, 245, 57), 38.0
(224, 123, 169, 73, 60, 241, 233, 256, 118), 34.0
(152, 131, 121, 26, 79, 142, 130, 209, 137), 30.0
(183, 57, 124, 29, 114, 245, 214, 276, 116), 34.0
(230, 102, 121, 1, 160, 235, 139, 269, 58), 46.0
(175, 113, 83, 33, 114, 245, 285, 286, 97), 38.0
(206, 87, 153, 57, 127, 258, 229, 292, 151), 36.0
(205, 31, 126, 101, 82, 277, 269, 295, 87), 34.0
(156, 78, 137, 65, 83, 163, 191, 243, 116), 34.0
(208, 88, 176, 38, 109, 219, 160, 240, 115), 40.0
(177, 94, 132, 11, 12, 208, 167, 272, 238), 35.0
(171, 98, 70, 101, 116, 231, 192, 235, 172), 40.0
(232, 50, 134, 77, 83, 276, 210, 237, 206), 38.0
(181, 86, 110, 37, 86, 233, 260, 229, 115), None
(127, 55, 125, 38, 66, 236, 210, 228, 158), 40.0
(250, 34, 99, 99, 135, 278, 221, 249, 159), None
(195, 132, 132, 38, 77, 199, 202, 271, 152), None
(171, 151, 108, 30, 100, 163, 129, 226, 111), 42.0
(214, 64, 113, 62, 144, 196, 201, 232, 174), 41.0
(181, 44, 166, 66, 107, 290, 204, 263, 176), 34.0
(172, 66, 87, 49, 120, 205, 174, 240, 124), 44.0
(216, 87, 169, 55, 101, 251, 225, 244, 151), 42.0
(178, 145, 107, 49, 51, 172, 194, 225, 144), 38.0
(181, 72, 139, 37, 71, 236, 200, 247, 147), 32.0
(196, 57, 235, 35, 86, 225, 143, 242, 138), 44.0
(155, 82, 169, 52, 85, 201, 245, 239, 133), 38.0
(187, 86, 193, 113, 110, 176, 218, 191, 72), 41.0
(194, 30, 149, 80, 109, 222, 232, 232, 191), None
(150, 43, 197, 17, 64, 209, 117, 282, 157), 42.0
(214, 82, 103, 38, 70, 261, 133, 273, 141), 35.0
(167, 33, 85, 8, 90, 148, 158, 265, 188), 48.0
(161, 46, 137, 51, 127, 191, 169, 178, 158), 42.0
(203, 104, 118, 81, 43, 259, 224, 223, 181), 35.0
(214, 96, 115, 14, 64, 248, 202, 237, 116), 36.0
(158, 58, 133, 29, 73, 222, 204, 252, 173), 32.0
(188, 126, 161, 45, 64, 198, 210, 221, 153), 42.0
(164, 79, 122, 73, 82, 203, 142, 190, 113), 38.0
(165, 147, 143, 30, 116, 127, 155, 186, 95), 44.0
(166, 97, 62, 52, 30, 229, 162, 220, 164), 42.0
(190, 132, 121, 68, 99, 198, 139, 245, 101), 40.0
(183, 63, 41, 72, 84, 275, 192, 230, 143), 37.0
(203, 115, 180, 37, 78, 199, 197, 195, 130), 36.0
(181, 48, 103, 20, 29, 255, 154, 261, 175), 38.0
(178, 75, 129, 72, 77, 247, 233, 225, 142), 36.0
(167, 69, 120, 51, 40, 236, 294, 218, 168), 36.0
(164, 88, 89, 17, 57, 276, 186, 264, 195), 32.0
(194, 37, 96, 77, 95, 249, 191, 224, 158), 34.0
(175, 70, 184, 44, 74, 284, 236, 229, 136), 34.0
(100, 5, 19, 37, 54, 231, 224, 281, 209), 36.0
(160, 64, 156, 89, 100, 249, 236, 244, 155), 30.0
(179, 93, 71, 90, 38, 230, 203, 245, 175), 34.0
(183, 94, 127, 76, 46, 222, 201, 240, 219), 35.0
(195, 34, 134, 73, 58, 287, 237, 249, 156), 36.0
(162, 79, 104, 43, 61, 245, 202, 213, 160), 36.0
(128, 120, 172, 34, 111, 244, 164, 247, 153), 41.0
(143, 108, 113, 63, 88, 280, 242, 229, 221), 42.0
(161, 66, 92, 69, 39, 223, 149, 273, 147), 34.0
(156, 20, 83, 93, 61, 274, 241, 222, 226), 34.0
(222, 88, 107, 88, 102, 258, 185, 225, 217), None
(160, 117, 163, 8, 80, 207, 204, 259, 152), 33.0
(170, 81, 93, 120, 91, 253, 193, 259, 171), 39.0
(190, 74, 179, 52, 65, 246, 239, 254, 141), 34.0
(169, 118, 223, 67, 89, 240, 267, 245, 147), 32.0
(139, 114, 133, 125, 135, 225, 247, 228, 156), 39.0
(159, 130, 193, 29, 78, 193, 208, 247, 142), None
(203, 79, 134, 62, 77, 248, 245, 237, 103), 36.0
(143, 93, 160, 33, 25, 218, 183, 277, 113), 36.0
(208, 62, 202, 44, 62, 276, 295, 253, 167), None
(184, 131, 208, 84, 76, 246, 159, 234, 121), 36.0
(145, 116, 142, 34, 51, 259, 259, 254, 188), None
(148, 69, 163, 21, 84, 254, 229, 281, 156), 34.0
(192, 114, 219, 23, 73, 249, 242, 292, 215), 44.0
(161, 75, 187, 66, 74, 227, 215, 247, 122), 32.0
(182, 59, 133, 88, 63, 273, 266, 251, 177), 34.0
(139, 70, 157, 17, 78, 257, 231, 248, 189), 36.0
(157, 110, 176, 55, 35, 192, 247, 252, 170), 44.0
(167, 28, 137, 73, 77, 255, 244, 256, 135), 32.0
(188, 57, 175, 79, 63, 250, 227, 260, 131), 35.0
(180, 33, 165, 67, 92, 276, 190, 245, 130), 38.0
(164, 48, 173, 18, 71, 295, 251, 260, 163), 32.0
(153, 73, 201, 65, 88, 201, 199, 262, 138), None
(158, 46, 155, 70, 56, 246, 284, 262, 148), 32.0
(166, 74, 170, 72, 67, 268, 244, 275, 150), 36.0
(211, 96, 178, 89, 115, 279, 238, 250, 116), 40.0
(119, 112, 174, 49, 76, 170, 156, 217, 142), 46.0
(152, 74, 166, 94, 82, 224, 251, 228, 143), 40.0
(146, 51, 101, 10, 90, 249, 214, 283, 176), 32.0
(173, 75, 193, 24, 53, 242, 213, 261, 179), 38.0
(157, 36, 124, 69, 72, 248, 256, 203, 160), 32.0
(147, 54, 98, 76, 40, 244, 253, 224, 201), 39.0
(197, 95, 169, 33, 82, 295, 294, 215, 142), 36.0
(149, 12, 197, 49, 60, 279, 268, 278, 145), 32.0
(184, 47, 160, 45, 70, 274, 245, 251, 140), 40.0
(146, 30, 140, 112, 75, 257, 274, 227, 199), 40.0
(151, 14, 122, 42, 82, 295, 285, 250, 197), 34.0
(171, 32, 192, 70, 25, 231, 191, 287, 120), 30.0
(153, 61, 96, 94, 64, 265, 271, 285, 169), 34.0
(143, 11, 153, 76, 64, 232, 204, 275, 131), 28.0
(164, 39, 167, 64, 43, 237, 200, 278, 125), 45.0
(164, 61, 145, 43, 45, 247, 205, 278, 129), 42.0
(137, 32, 159, 61, 27, 281, 241, 239, 161), 35.0
(179, 33, 169, 104, 23, 235, 218, 244, 167), 40.0
(187, 11, 161, 53, 52, 252, 216, 237, 148), 34.0
(190, 70, 111, 47, 58, 240, 193, 269, 177), 32.0
(157, 101, 167, 54, 27, 241, 233, 247, 129), 30.0
(171, 58, 141, 36, 61, 262, 218, 251, 123), 32.0
(186, 32, 212, 60, 81, 279, 260, 228, 173), 40.0
(135, 35, 160, 44, 17, 220, 222, 292, 158), 39.0
(152, 52, 182, 81, 79, 232, 259, 258, 104), 29.0
(128, 47, 180, 94, 36, 204, 196, 256, 136), 38.0
(138, 15, 103, 86, 46, 227, 164, 251, 155), 36.0
(163, 32, 132, 79, 60, 238, 162, 255, 156), 34.0
(147, 84, 160, 26, 50, 237, 223, 279, 146), 42.0
(130, 53, 146, 48, 65, 206, 207, 271, 122), 36.0
(163, 91, 159, 83, 49, 208, 207, 235, 122), 36.0
(179, 14, 162, 80, 36, 237, 207, 299, 130), 32.0
(173, 26, 130, 87, 47, 253, 221, 254, 116), 48.0
(121, 76, 115, 78, 33, 184, 220, 273, 148), 36.0
(168, 51, 176, 43, 26, 236, 243, 249, 121), 34.0
(167, 43, 149, 72, 50, 233, 237, 272, 149), None
(167, 12, 178, 64, 64, 259, 229, 265, 127), None
(144, 46, 182, 89, 44, 225, 240, 249, 73), 40.0
(140, 58, 186, 81, 82, 221, 215, 259, 107), 34.0
(144, 14, 197, 45, 53, 269, 217, 262, 108), 34.0
(158, 85, 190, 101, 70, 214, 198, 277, 112), 34.0
(161, 44, 168, 41, 80, 223, 182, 272, 121), 41.0
(147, 30, 192, 62, 93, 253, 267, 276, 123), 32.0
(191, 45, 155, 76, 64, 217, 193, 278, 157), 44.0
(158, 51, 187, 71, 58, 235, 170, 290, 84), 30.0
(149, 25, 232, 70, 54, 239, 210, 274, 89), 38.0
(133, 62, 126, 87, 71, 237, 240, 287, 155), 40.0
(115, 58, 155, 71, 99, 224, 250, 274, 106), 34.0
(178, 49, 201, 41, 100, 252, 177, 277, 103), 38.0
(171, 78, 202, 27, 70, 234, 233, 279, 106), 28.0
(145, 18, 178, 97, 78, 248, 205, 284, 84), 40.0
(149, 66, 163, 70, 68, 226, 196, 258, 105), 34.0
(163, 69, 218, 50, 73, 279, 271, 285, 111), 36.0
(145, 51, 147, 68, 73, 215, 235, 278, 128), 42.0
(151, 52, 162, 68, 83, 252, 240, 273, 115), 28.0
(147, 30, 171, 60, 80, 260, 269, 251, 145), 34.0
(109, 62, 163, 24, 72, 231, 223, 231, 122), None
(154, 66, 195, 34, 47, 212, 198, 263, 115), 38.0
(162, 98, 173, 42, 85, 225, 213, 246, 134), 42.0
(155, 65, 161, 64, 57, 250, 258, 289, 139), 36.0
(185, 92, 193, 45, 57, 254, 267, 256, 87), 32.0
(164, 53, 144, 75, 117, 252, 247, 252, 165), None
(166, 69, 173, 55, 81, 230, 265, 279, 115), 38.0
(138, 95, 149, 19, 85, 233, 211, 280, 99), 35.0
(160, 96, 209, 101, 82, 236, 191, 250, 50), 46.0
(148, 46, 172, 68, 75, 255, 273, 246, 122), 28.0
(126, 94, 137, 49, 88, 174, 159, 272, 79), 38.0
(146, 57, 182, 64, 71, 269, 234, 269, 105), None
(174, 46, 190, 68, 52, 239, 257, 261, 135), 36.0
(165, 62, 180, 67, 43, 237, 241, 245, 94), 32.0
(169, 80, 181, 55, 86, 280, 243, 261, 85), 41.0
(142, 64, 192, 40, 59, 247, 274, 257, 122), 32.0
(152, 87, 170, 57, 77, 247, 253, 241, 100), 39.0
(126, 46, 188, 85, 62, 247, 291, 227, 157), 36.0
(168, 64, 146, 50, 60, 228, 224, 270, 93), 38.0
(171, 54, 190, 36, 70, 259, 270, 239, 85), 38.0
(145, 55, 169, 54, 42, 224, 289, 230, 123), 34.0
(142, 47, 162, 74, 114, 257, 255, 248, 74), None
(197, 71, 210, 48, 46, 250, 280, 248, 86), 28.0
(187, 75, 209, 41, 51, 228, 228, 242, 77), None
(178, 61, 224, 12, 20, 246, 254, 229, 98), 32.0
(177, 9, 188, 61, 25, 248, 223, 266, 91), 32.0
(164, 100, 205, 50, 60, 202, 236, 247, 59), 41.0
(183, 51, 208, 35, 53, 268, 253, 250, 103), 40.0
(209, 100, 170, 43, 53, 268, 295, 241, 92), 38.0
(169, 84, 191, 93, 71, 225, 279, 240, 98), 38.0
(214, 117, 197, 38, 34, 216, 230, 250, 57), 38.0
(177, 77, 207, 60, 54, 247, 277, 253, 108), 30.0
(146, 45, 160, 21, 77, 269, 294, 264, 116), 32.0
(141, 69, 157, 71, 19, 251, 254, 227, 145), 30.0
(173, 134, 177, 52, 72, 251, 268, 249, 114), 34.0
(166, 63, 199, 69, 36, 226, 258, 258, 70), None
(158, 40, 177, 91, 39, 220, 256, 276, 91), None
(159, 36, 205, 39, 59, 241, 238, 230, 102), 35.0
(188, 65, 223, 55, 58, 288, 291, 242, 90), 30.0
(160, 94, 170, 59, 78, 245, 269, 233, 128), 40.0
(196, 65, 224, 70, 40, 260, 276, 264, 113), 38.0
(176, 62, 192, 38, 23, 263, 282, 258, 120), 32.0
(166, 65, 171, 99, 48, 264, 240, 233, 106), 30.0
(182, 75, 156, 17, 27, 268, 260, 251, 120), 40.0
(156, 53, 161, 63, 59, 235, 231, 241, 104), 32.0
(192, 79, 230, 34, 31, 259, 269, 248, 115), 54.0
(170, 70, 174, 52, 62, 251, 231, 240, 87), 38.0
(193, 67, 196, 77, 60, 257, 277, 225, 79), 35.0
(177, 44, 182, 76, 43, 244, 206, 260, 95), 35.0
(139, 12, 160, 81, 45, 273, 287, 237, 110), 32.0
(186, 103, 261, 75, 36, 267, 259, 226, 64), 34.0
(157, 49, 194, 42, 67, 274, 258, 285, 108), 46.0
(201, 47, 202, 89, 51, 289, 279, 243, 99), 37.0
(135, 75, 140, 84, 45, 272, 275, 247, 140), None
(177, 35, 213, 74, 63, 251, 233, 246, 108), 34.0
(168, 87, 175, 89, 75, 250, 283, 226, 121), 40.0
(146, 75, 153, 76, 29, 283, 285, 252, 169), 36.0
(178, 74, 178, 44, 31, 253, 247, 251, 118), None
(140, 9, 217, 85, 20, 237, 262, 226, 97), 32.0
(177, 82, 183, 66, 35, 241, 237, 293, 107), 40.0
(160, 11, 189, 63, 20, 265, 271, 222, 129), 34.0
(176, 15, 249, 95, 26, 251, 277, 215, 61), 37.0
(197, 82, 218, 32, 33, 290, 293, 225, 89), 36.0
(164, 72, 243, 76, 59, 251, 263, 245, 59), None
(168, 3, 164, 108, 26, 259, 234, 256, 110), 38.0
(192, 72, 209, 91, 70, 254, 259, 232, 67), 35.0
(204, 67, 206, 50, 51, 258, 242, 219, 103), 40.0
(187, 47, 205, 53, 60, 296, 284, 224, 93), 30.0
(164, 50, 180, 66, 60, 287, 267, 235, 117), 44.0
(157, 9, 189, 54, 15, 232, 242, 242, 135), None
(195, 46, 225, 63, 23, 260, 243, 228, 106), 42.0
(158, 33, 204, 55, 80, 260, 289, 246, 88), 40.0
(180, 13, 212, 117, 27, 267, 270, 201, 106), 34.0
(167, 23, 190, 49, 59, 280, 281, 231, 105), 42.0
(160, 9, 197, 71, 51, 258, 274, 235, 101), 32.0
(151, 38, 188, 96, 57, 264, 268, 215, 81), 35.0
(206, 28, 200, 41, 48, 261, 274, 221, 94), 36.0
(161, 23, 203, 53, 66, 247, 279, 238, 105), 31.0
(191, 43, 207, 52, 52, 295, 269, 222, 98), None
(174, 22, 215, 88, 15, 256, 260, 222, 85), 41.0
(192, 28, 202, 50, 28, 291, 259, 218, 84), None
(202, 18, 190, 48, 53, 258, 273, 235, 83), 32.0
(169, 27, 185, 61, 27, 249, 285, 214, 97), None
(168, 18, 181, 70, 73, 249, 264, 235, 99), 36.0
(152, 36, 169, 46, 27, 242, 249, 236, 102), 34.0
(181, 79, 238, 53, 39, 233, 271, 214, 55), 44.0
(155, 16, 195, 90, 35, 255, 281, 227, 107), 38.0
(192, 36, 225, 86, 36, 218, 224, 213, 69), None
(182, 3, 173, 58, 41, 249, 293, 233, 137), 40.0
(187, 3, 191, 73, 44, 260, 273, 209, 87), 34.0
(179, 25, 209, 49, 97, 267, 260, 221, 87), 33.0
(182, 27, 227, 57, 14, 295, 298, 232, 89), 36.0
(185, 33, 225, 59, 19, 241, 261, 232, 68), 40.0
(141, 7, 246, 99, 96, 249, 283, 221, 83), 50.0
(175, 51, 221, 52, 50, 250, 292, 217, 83), 36.0
(166, 10, 174, 71, 50, 265, 249, 247, 83), 34.0
(183, 22, 186, 60, 78, 248, 209, 220, 82), 40.0
(171, 43, 233, 59, 80, 267, 248, 223, 87), 32.0
(164, 36, 205, 59, 92, 254, 242, 208, 112), 42.0
(192, 50, 200, 54, 84, 243, 193, 196, 61), 34.0
(200, 58, 178, 53, 40, 269, 205, 231, 103), 34.0
(173, 32, 242, 60, 50, 270, 285, 230, 88), 34.0
(190, 12, 184, 51, 70, 262, 287, 216, 96), 42.0
(177, 47, 157, 56, 86, 250, 264, 223, 91), 36.0
(177, 79, 218, 37, 45, 284, 270, 254, 63), 36.0
(158, 40, 193, 67, 58, 225, 198, 232, 89), 36.0
(180, 32, 180, 43, 72, 274, 250, 213, 104), None
(160, 54, 207, 76, 79, 252, 224, 228, 34), 32.0
(164, 13, 191, 72, 65, 257, 197, 247, 98), 28.0
(162, 43, 176, 47, 39, 228, 196, 230, 100), 36.0
(186, 1, 197, 76, 55, 284, 245, 213, 92), 36.0
(174, 57, 184, 92, 98, 269, 238, 229, 50), 31.0
(158, 14, 194, 69, 80, 262, 195, 211, 76), 41.0
(159, 19, 205, 37, 63, 251, 213, 231, 85), 36.0
(159, 27, 209, 26, 72, 298, 262, 231, 103), 32.0
