Sampler:TPESampler
(18, 108, 273, 229, 68, 213), 38.0
(253, 9, 157, 199, 197, 273), None
(299, 236, 79, 190, 193, 261), None
(119, 206, 197, 83, 36, 212), 48.0
(20, 84, 208, 296, 285, 87), 42.0
(145, 80, 291, 179, 121, 47), None
(67, 56, 258, 250, 287, 54), None
(231, 61, 261, 179, 6, 243), None
(29, 210, 36, 170, 238, 52), 48.0
(73, 33, 159, 299, 279, 90), 44.0
(150, 168, 77, 56, 20, 177), None
(124, 255, 7, 96, 136, 146), None
(86, 202, 2, 117, 206, 13), 40.0
(201, 297, 101, 2, 78, 148), None
(51, 145, 210, 130, 235, 198), 46.0
(102, 199, 119, 76, 91, 113), None
(184, 143, 42, 29, 172, 1), 63.0
(181, 134, 220, 26, 162, 236), 50.0
(189, 127, 236, 5, 161, 290), None
(182, 166, 45, 37, 163, 16), 54.0
(241, 174, 35, 44, 118, 3), None
(180, 119, 53, 29, 162, 25), 50.0
(161, 109, 49, 45, 161, 28), None
(213, 155, 134, 22, 185, 86), 38.0
(171, 109, 64, 62, 226, 36), 52.0
(218, 179, 77, 74, 232, 1), None
(270, 91, 20, 129, 261, 36), 40.0
(163, 150, 59, 108, 221, 66), None
(131, 180, 109, 59, 261, 70), None
(168, 236, 92, 19, 182, 113), None
(200, 94, 179, 143, 141, 20), 58.0
(202, 97, 175, 154, 137, 21), None
(263, 60, 130, 62, 213, 37), 46.0
(226, 118, 174, 223, 122, 6), None
(199, 102, 27, 39, 102, 67), None
(144, 39, 69, 86, 185, 20), 54.0
(106, 17, 143, 89, 177, 18), 53.0
(139, 34, 189, 145, 138, 0), 39.0
(290, 74, 15, 105, 196, 105), None
(246, 3, 92, 82, 108, 53), None
(0, 39, 44, 210, 53, 42), 55.0
(3, 43, 43, 209, 63, 39), None
(47, 15, 68, 255, 68, 18), None
(147, 68, 35, 273, 145, 49), 50.0
(188, 41, 161, 196, 47, 72), 40.0
(111, 51, 24, 237, 2, 23), None
(212, 83, 83, 158, 207, 133), None
(231, 25, 5, 171, 173, 180), None
(90, 161, 46, 133, 191, 58), None
(6, 188, 113, 100, 36, 13), None
(42, 137, 286, 205, 250, 85), 49.0
(150, 17, 136, 88, 177, 13), 54.0
(152, 25, 70, 120, 172, 44), 58.0
(152, 24, 68, 114, 299, 39), None
(126, 12, 234, 142, 151, 8), None
(178, 220, 58, 123, 149, 29), None
(64, 0, 192, 163, 200, 47), 53.0
(157, 25, 152, 184, 125, 31), 48.0
(188, 55, 35, 6, 170, 60), None
(134, 42, 97, 91, 19, 45), None
(201, 69, 85, 35, 190, 97), None
(172, 30, 70, 72, 155, 16), 46.0
(116, 162, 53, 116, 169, 0), None
(141, 51, 174, 50, 180, 12), 45.0
(91, 87, 14, 11, 214, 28), 52.0
(159, 137, 122, 66, 90, 79), None
(20, 123, 208, 142, 132, 11), 56.0
(78, 124, 204, 130, 142, 11), None
(18, 8, 217, 139, 130, 251), None
(29, 115, 246, 150, 116, 25), None
(22, 130, 75, 170, 156, 41), 49.0
(10, 145, 181, 108, 168, 21), None
(31, 287, 46, 52, 184, 9), None
(192, 36, 28, 86, 201, 31), 53.0
(174, 98, 163, 120, 160, 4), None
(215, 171, 139, 15, 133, 34), 58.0
(212, 195, 202, 29, 131, 52), 40.0
(218, 153, 142, 96, 89, 62), None
(183, 173, 215, 12, 117, 132), 42.0
(167, 185, 129, 20, 101, 43), 48.0
(242, 75, 105, 82, 142, 34), 55.0
(256, 73, 101, 79, 145, 32), None
(239, 164, 141, 39, 132, 17), 51.0
(273, 145, 152, 30, 111, 8), None
(222, 47, 124, 68, 177, 230), 45.0
(205, 79, 61, 137, 162, 22), None
(235, 62, 111, 100, 190, 38), None
(226, 19, 229, 162, 152, 52), 54.0
(244, 105, 166, 0, 141, 73), 47.0
(225, 91, 232, 162, 57, 58), None
(195, 62, 89, 123, 174, 24), 52.0
(253, 19, 260, 178, 150, 51), 34.0
(208, 7, 249, 151, 127, 34), None
(155, 29, 56, 47, 78, 15), None
(229, 117, 225, 215, 137, 46), 58.0
(59, 111, 186, 224, 134, 44), None
(278, 122, 39, 217, 163, 2), 54.0
(274, 121, 38, 248, 140, 1), 39.0
(251, 132, 268, 188, 154, 65), 45.0
(264, 114, 76, 214, 98, 7), None
(234, 39, 240, 273, 111, 54), None
(164, 139, 41, 196, 122, 27), 47.0
(218, 20, 222, 204, 185, 35), 47.0
(147, 173, 52, 109, 164, 18), 48.0
(183, 156, 135, 15, 172, 15), None
(11, 98, 197, 233, 149, 42), None
(291, 128, 227, 214, 156, 178), 45.0
(195, 47, 104, 93, 196, 27), 50.0
(229, 108, 209, 222, 137, 76), 34.0
(208, 142, 33, 238, 167, 291), 42.0
(132, 94, 18, 38, 177, 11), 46.0
(285, 13, 226, 143, 146, 5), None
(0, 122, 64, 56, 205, 0), None
(219, 166, 26, 126, 160, 22), 44.0
(38, 156, 48, 178, 14, 48), None
(201, 32, 253, 134, 153, 32), None
(236, 102, 82, 155, 43, 36), 49.0
(176, 134, 41, 163, 165, 273), 38.0
(123, 5, 169, 77, 188, 187), None
(246, 80, 70, 22, 142, 20), None
(260, 148, 31, 216, 124, 59), None
(142, 24, 117, 103, 180, 12), 49.0
(188, 37, 241, 145, 171, 28), 50.0
(230, 118, 149, 84, 159, 7), None
(212, 57, 96, 202, 134, 18), None
(281, 16, 51, 113, 149, 46), None
(224, 126, 12, 28, 182, 37), 54.0
(99, 181, 21, 64, 181, 13), None
(226, 89, 197, 32, 194, 163), 52.0
(14, 0, 159, 244, 164, 0), None
(242, 127, 12, 192, 215, 41), 48.0
(213, 113, 9, 26, 173, 23), None
(298, 30, 59, 6, 31, 35), None
(197, 150, 2, 18, 129, 52), 62.0
(197, 169, 3, 16, 126, 68), None
(206, 193, 136, 41, 115, 54), None
(185, 151, 216, 24, 144, 31), 48.0
(221, 158, 127, 10, 185, 46), None
(180, 47, 65, 228, 136, 25), 50.0
(191, 139, 1, 45, 155, 41), 48.0
(172, 24, 17, 34, 177, 53), 68.0
(170, 133, 22, 35, 177, 7), None
(154, 22, 28, 51, 130, 63), 41.0
(171, 10, 8, 21, 169, 51), None
(200, 122, 37, 26, 201, 36), 50.0
(165, 26, 15, 32, 187, 56), None
(160, 145, 180, 72, 180, 15), None
(177, 20, 44, 88, 157, 28), 36.0
(137, 35, 231, 59, 140, 20), None
(6, 208, 106, 9, 193, 49), None
(149, 68, 146, 17, 164, 218), 43.0
(210, 104, 7, 207, 149, 83), None
(193, 127, 18, 147, 175, 39), 49.0
(216, 43, 0, 220, 167, 10), None
(230, 14, 30, 3, 152, 30), None
(204, 178, 211, 97, 119, 92), None
(224, 117, 154, 132, 107, 5), None
(251, 161, 222, 117, 160, 45), 53.0
(183, 140, 54, 261, 130, 18), 41.0
(27, 108, 38, 42, 143, 24), 58.0
(13, 110, 47, 44, 145, 35), None
(19, 106, 37, 36, 81, 26), None
(35, 97, 23, 28, 137, 22), None
(52, 29, 238, 55, 173, 12), None
(73, 118, 41, 18, 144, 124), 50.0
(21, 84, 116, 138, 182, 40), 47.0
(197, 123, 77, 48, 152, 57), None
(237, 150, 11, 159, 168, 31), 50.0
(25, 167, 35, 211, 123, 3), None
(190, 133, 87, 40, 159, 18), 50.0
(177, 52, 47, 169, 138, 51), 54.0
(167, 75, 57, 178, 139, 51), None
(176, 34, 48, 156, 133, 63), 54.0
(161, 18, 203, 127, 147, 66), 40.0
(177, 54, 47, 168, 133, 62), 42.0
(144, 40, 71, 154, 189, 44), 46.0
(185, 45, 62, 82, 127, 38), 54.0
(184, 47, 63, 74, 138, 12), 50.0
(175, 26, 52, 163, 132, 53), 47.0
(5, 35, 31, 31, 164, 23), None
(190, 54, 58, 199, 127, 36), None
(172, 33, 43, 85, 120, 43), None
(183, 45, 51, 79, 129, 29), None
(267, 23, 41, 149, 144, 58), None
(151, 128, 19, 140, 152, 46), 46.0
(204, 39, 139, 90, 178, 35), 58.0
(204, 260, 135, 92, 175, 32), 44.0
(219, 37, 132, 105, 183, 36), 48.0
(211, 31, 138, 173, 270, 50), 42.0
(199, 62, 299, 23, 116, 40), 48.0
(225, 16, 226, 86, 243, 15), 51.0
(194, 112, 124, 12, 171, 9), None
(180, 41, 68, 229, 136, 71), 40.0
(214, 51, 148, 70, 176, 24), 55.0
(215, 52, 142, 70, 195, 49), 51.0
(189, 60, 157, 78, 125, 27), None
(202, 50, 152, 65, 156, 0), 43.0
(245, 41, 63, 154, 139, 41), None
(207, 46, 144, 100, 180, 23), 59.0
(208, 30, 144, 100, 186, 22), 42.0
(208, 64, 147, 92, 178, 56), None
(233, 37, 132, 95, 182, 27), None
(158, 45, 50, 83, 170, 17), 50.0
(186, 49, 40, 111, 190, 32), None
(222, 58, 169, 34, 134, 39), None
(196, 68, 160, 75, 178, 6), None
(201, 119, 139, 90, 173, 23), 54.0
(214, 172, 141, 166, 175, 22), 46.0
(206, 117, 150, 91, 184, 14), 48.0
(232, 24, 25, 145, 147, 33), None
(43, 41, 82, 82, 142, 48), None
(201, 123, 34, 100, 165, 27), 63.0
(216, 125, 34, 105, 167, 37), 46.0
(195, 96, 139, 98, 65, 25), None
(28, 132, 48, 218, 129, 31), 44.0
(204, 112, 14, 118, 161, 19), 45.0
(226, 9, 185, 87, 134, 46), None
(0, 104, 130, 100, 172, 25), 54.0
(238, 32, 57, 79, 179, 42), None
(3, 19, 123, 104, 141, 54), None
(219, 136, 33, 25, 165, 9), None
(200, 100, 145, 97, 174, 18), None
(278, 119, 127, 100, 55, 25), None
(2, 90, 130, 89, 171, 28), 50.0
(8, 112, 135, 92, 186, 35), None
(11, 106, 150, 112, 164, 13), 52.0
(174, 126, 44, 158, 156, 43), 47.0
(180, 27, 4, 42, 150, 60), None
(211, 124, 75, 84, 181, 5), None
(187, 179, 216, 15, 176, 33), 48.0
(169, 53, 28, 28, 192, 16), None
(200, 103, 46, 95, 173, 38), 48.0
(193, 119, 231, 36, 162, 22), 46.0
(206, 43, 39, 88, 124, 27), 54.0
(205, 45, 38, 108, 122, 26), 50.0
(0, 48, 35, 208, 167, 158), 48.0
(113, 38, 244, 71, 128, 49), None
(211, 160, 137, 99, 181, 21), None
(127, 36, 41, 80, 135, 31), None
(227, 109, 96, 121, 171, 10), None
(218, 114, 143, 132, 199, 53), None
(195, 119, 120, 150, 177, 41), 48.0
(186, 23, 156, 22, 139, 36), 45.0
(164, 128, 53, 173, 158, 0), 42.0
(202, 54, 8, 89, 11, 21), None
(15, 13, 144, 159, 189, 298), 56.0
(140, 14, 146, 160, 190, 227), 40.0
(17, 42, 45, 155, 145, 282), 44.0
(22, 18, 141, 225, 187, 137), 42.0
(6, 140, 23, 169, 167, 193), None
(15, 32, 130, 87, 181, 28), 48.0
(207, 30, 111, 94, 147, 15), None
(198, 106, 151, 82, 172, 24), 56.0
(32, 94, 153, 215, 172, 24), 56.0
(24, 93, 166, 213, 124, 263), 44.0
(191, 79, 155, 141, 153, 50), None
(32, 102, 151, 83, 169, 20), 48.0
(17, 89, 161, 74, 175, 26), 58.0
(25, 82, 154, 74, 187, 31), 60.0
(30, 86, 177, 75, 193, 203), 48.0
(11, 83, 164, 68, 207, 29), 52.0
(19, 91, 161, 74, 30, 33), 54.0
(37, 76, 172, 80, 183, 39), None
(19, 91, 160, 70, 6, 27), None
(29, 97, 154, 217, 175, 7), None
(15, 5, 147, 279, 189, 27), None
(26, 85, 149, 66, 76, 32), 50.0
(14, 99, 140, 59, 162, 298), None
(222, 72, 15, 187, 185, 115), None
(200, 106, 152, 89, 178, 18), 48.0
(1, 89, 189, 108, 133, 24), 45.0
(9, 95, 195, 100, 197, 23), None
(42, 102, 138, 223, 172, 11), 46.0
(180, 80, 158, 78, 139, 46), None
(258, 14, 147, 207, 166, 100), 40.0
(211, 7, 165, 195, 177, 33), None
(19, 91, 161, 74, 159, 17), 50.0
(215, 132, 69, 16, 184, 248), 35.0
(25, 23, 32, 201, 177, 5), None
(157, 201, 154, 236, 194, 10), None
(147, 83, 147, 215, 202, 12), None
(34, 115, 206, 127, 171, 41), None
(198, 109, 143, 9, 169, 19), None
(22, 96, 171, 62, 29, 33), None
(86, 104, 134, 95, 174, 24), 48.0
(190, 43, 5, 32, 115, 44), None
(11, 66, 142, 149, 187, 168), 51.0
(52, 11, 160, 71, 27, 35), 61.0
(207, 0, 11, 80, 128, 36), None
(50, 50, 155, 65, 135, 40), None
(7, 10, 132, 53, 38, 25), None
(204, 108, 225, 86, 58, 30), None
(226, 12, 19, 20, 180, 35), 54.0
(0, 123, 138, 27, 44, 22), 62.0
(56, 26, 178, 136, 23, 16), None
(34, 116, 152, 232, 18, 20), None
(4, 153, 0, 26, 51, 32), None
(28, 123, 162, 212, 46, 2), 52.0
(132, 228, 147, 30, 24, 29), 50.0
(19, 90, 161, 73, 39, 36), None
(39, 145, 170, 71, 29, 37), 49.0
(66, 131, 30, 39, 183, 28), 56.0
(61, 186, 135, 43, 0, 25), 61.0
(59, 135, 27, 20, 7, 44), None
(48, 74, 157, 39, 19, 29), 54.0
(64, 186, 137, 42, 1, 23), 53.0
(44, 195, 88, 48, 187, 19), 54.0
(78, 179, 145, 50, 38, 14), None
(57, 189, 121, 60, 72, 25), None
(70, 141, 150, 36, 52, 46), 52.0
(68, 10, 19, 15, 181, 29), None
(80, 130, 98, 43, 192, 20), None
(23, 17, 127, 33, 45, 14), 53.0
(17, 88, 160, 54, 42, 35), 56.0
(15, 81, 164, 52, 42, 33), 56.0
(13, 85, 166, 53, 37, 31), None
(15, 74, 176, 47, 62, 40), 51.0
(23, 84, 157, 46, 48, 28), 52.0
(30, 96, 166, 56, 43, 36), None
(8, 80, 184, 40, 35, 43), None
(14, 149, 152, 60, 48, 24), 57.0
(17, 148, 154, 60, 34, 22), 55.0
(26, 157, 168, 52, 41, 33), 51.0
(12, 147, 277, 62, 58, 26), None
(35, 153, 159, 57, 50, 17), None
(19, 139, 148, 66, 181, 24), 46.0
(29, 163, 153, 47, 177, 30), 40.0
(65, 89, 172, 297, 29, 37), 49.0
(23, 127, 142, 54, 94, 32), 47.0
(15, 216, 162, 40, 14, 144), 50.0
(100, 78, 158, 30, 83, 39), None
(7, 112, 150, 65, 44, 16), None
(18, 148, 156, 59, 36, 22), None
(52, 128, 211, 70, 0, 8), None
(196, 100, 144, 37, 187, 238), 42.0
(247, 170, 137, 45, 143, 34), 46.0
(39, 87, 166, 23, 24, 28), 59.0
(39, 121, 165, 24, 28, 28), None
(46, 134, 168, 4, 11, 13), None
(35, 94, 175, 27, 19, 19), None
(27, 142, 199, 11, 295, 27), None
(43, 100, 255, 33, 48, 44), None
(33, 84, 163, 16, 232, 214), None
(54, 89, 25, 23, 198, 31), 47.0
(25, 114, 179, 116, 23, 23), None
(12, 122, 190, 52, 208, 10), None
(38, 133, 153, 38, 41, 259), None
(31, 108, 158, 123, 8, 38), None
(22, 91, 172, 261, 104, 20), 54.0
(193, 97, 164, 29, 24, 29), None
(49, 4, 139, 45, 54, 37), None
(60, 285, 29, 20, 167, 14), 44.0
(9, 86, 149, 36, 14, 48), None
(16, 137, 144, 130, 191, 32), 48.0
(20, 104, 219, 51, 32, 25), 62.0
(20, 115, 238, 49, 34, 43), None
(198, 108, 215, 56, 34, 27), None
(27, 124, 219, 42, 24, 20), 61.0
(31, 121, 214, 42, 23, 17), 49.0
(25, 127, 223, 47, 29, 10), None
(36, 129, 223, 35, 16, 22), None
(40, 79, 232, 52, 32, 17), None
(30, 109, 266, 30, 29, 25), None
(202, 117, 221, 41, 20, 22), 43.0
(8, 123, 230, 141, 182, 117), None
(25, 203, 206, 26, 28, 7), None
(211, 97, 157, 60, 41, 33), None
(15, 155, 133, 50, 41, 56), None
(16, 69, 23, 38, 25, 41), 50.0
(47, 103, 218, 18, 162, 0), 54.0
(192, 21, 140, 76, 171, 184), 48.0
(205, 142, 216, 0, 196, 14), 39.0
(61, 115, 211, 34, 261, 25), None
(21, 192, 221, 63, 38, 37), 48.0
(196, 136, 204, 12, 148, 18), 48.0
(41, 103, 228, 28, 156, 28), None
(4, 163, 34, 43, 47, 33), None
(28, 173, 149, 244, 6, 6), None
(33, 94, 134, 137, 174, 12), 48.0
(11, 123, 19, 105, 186, 49), 54.0
(208, 110, 235, 55, 34, 31), None
(201, 149, 169, 45, 17, 38), 46.0
(109, 100, 155, 22, 178, 23), 52.0
(190, 181, 182, 145, 191, 18), 55.0
(25, 131, 32, 34, 166, 25), None
(19, 14, 12, 51, 49, 44), 62.0
(15, 13, 11, 57, 55, 55), None
(21, 21, 8, 8, 59, 48), None
(7, 5, 0, 64, 45, 45), None
(0, 13, 12, 182, 50, 42), 48.0
(123, 7, 5, 110, 181, 53), None
(30, 19, 145, 83, 142, 77), None
(11, 14, 16, 51, 44, 62), None
(24, 28, 124, 67, 25, 12), 55.0
(73, 9, 13, 41, 187, 200), None
(55, 3, 19, 44, 66, 32), None
(216, 185, 129, 23, 171, 274), 52.0
(186, 103, 152, 75, 161, 41), 52.0
(42, 144, 28, 33, 176, 26), 51.0
(14, 85, 161, 56, 52, 36), None
(23, 167, 175, 49, 34, 50), 48.0
(33, 97, 141, 287, 167, 155), None
(19, 157, 24, 16, 11, 30), 54.0
(198, 88, 166, 60, 41, 38), 42.0
(16, 77, 0, 53, 46, 45), None
(37, 24, 219, 123, 139, 170), 40.0
(18, 16, 212, 67, 38, 108), None
(9, 136, 226, 40, 20, 90), None
(206, 94, 159, 70, 31, 34), 48.0
(154, 134, 193, 30, 132, 19), 42.0
(212, 112, 6, 77, 157, 20), None
(170, 177, 146, 117, 171, 29), 48.0
(29, 87, 164, 46, 25, 40), 67.0
(26, 125, 115, 46, 24, 57), None
(28, 81, 172, 50, 219, 51), 50.0
(49, 117, 208, 40, 15, 42), 44.0
(5, 69, 164, 47, 31, 38), None
(195, 88, 168, 59, 24, 44), None
(32, 82, 157, 55, 36, 35), None
(35, 105, 154, 24, 6, 24), None
(41, 75, 146, 18, 16, 66), 52.0
(23, 90, 162, 112, 149, 5), None
(36, 0, 135, 28, 25, 44), 54.0
(20, 121, 199, 42, 129, 12), 53.0
(222, 198, 246, 37, 134, 30), 42.0
(183, 106, 139, 81, 176, 23), 49.0
(27, 127, 39, 35, 145, 39), None
(200, 95, 154, 94, 1, 29), 56.0
(188, 100, 282, 87, 163, 18), 42.0
(211, 108, 179, 101, 117, 15), 44.0
(163, 112, 220, 9, 166, 9), None
(204, 96, 153, 65, 21, 50), None
(206, 92, 171, 105, 0, 34), 48.0
(45, 102, 160, 77, 151, 25), None
(11, 152, 187, 56, 56, 46), None
(18, 77, 166, 131, 274, 36), None
(20, 84, 129, 50, 47, 40), 58.0
(21, 63, 127, 53, 49, 59), None
(59, 142, 132, 45, 182, 41), None
(138, 161, 31, 34, 12, 29), 50.0
(194, 118, 16, 38, 182, 47), 54.0
(52, 212, 36, 28, 5, 53), None
(0, 248, 119, 139, 137, 4), None
(70, 72, 25, 47, 35, 40), 59.0
(70, 71, 22, 47, 32, 43), 57.0
(79, 63, 18, 47, 36, 50), None
(92, 78, 12, 47, 33, 55), None
(215, 73, 23, 49, 30, 44), 47.0
(233, 68, 25, 59, 30, 47), None
(61, 82, 7, 42, 21, 42), None
(66, 73, 22, 63, 61, 39), 58.0
(58, 84, 16, 63, 64, 40), None
(52, 71, 24, 21, 71, 61), None
(62, 72, 27, 13, 26, 52), 54.0
(65, 60, 12, 71, 37, 36), 54.0
(77, 88, 134, 66, 57, 34), None
(71, 77, 21, 32, 88, 48), None
(72, 70, 21, 43, 28, 41), 58.0
(76, 56, 31, 37, 19, 39), None
(56, 68, 8, 24, 29, 39), None
(74, 82, 38, 41, 41, 47), None
(69, 64, 21, 29, 26, 53), 54.0
(87, 33, 18, 43, 247, 70), 60.0
(87, 38, 10, 43, 108, 56), None
(82, 27, 14, 33, 217, 64), 45.0
(47, 186, 15, 51, 239, 32), 46.0
(66, 22, 27, 18, 18, 58), None
(84, 23, 5, 39, 255, 74), None
(64, 25, 20, 6, 13, 69), None
(72, 32, 32, 45, 40, 44), None
(73, 39, 27, 49, 245, 39), None
(218, 31, 3, 27, 35, 51), None
(52, 77, 7, 56, 227, 47), None
(118, 30, 125, 36, 51, 39), 56.0
(68, 86, 16, 43, 26, 31), 53.0
(93, 32, 236, 33, 153, 32), None
(146, 36, 19, 40, 292, 44), 52.0
(63, 72, 15, 22, 43, 39), 56.0
(177, 176, 42, 52, 19, 60), 54.0
(38, 19, 135, 13, 224, 28), None
(41, 28, 28, 46, 49, 51), None
(104, 82, 24, 60, 62, 35), 51.0
(168, 58, 35, 255, 146, 44), None
(56, 77, 11, 30, 29, 21), None
(33, 90, 131, 106, 101, 30), 50.0
(182, 84, 20, 71, 37, 124), 53.0
(211, 65, 140, 62, 12, 37), 50.0
(27, 94, 0, 37, 46, 26), 57.0
(69, 46, 33, 53, 33, 47), None
(79, 37, 11, 99, 269, 17), None
(202, 171, 92, 24, 139, 32), 54.0
(29, 76, 26, 48, 282, 27), 49.0
(219, 193, 113, 95, 159, 21), None
(188, 87, 140, 113, 24, 56), None
(47, 19, 37, 42, 207, 36), None
(58, 82, 128, 32, 55, 34), None
(173, 94, 19, 54, 37, 27), 51.0
(151, 98, 107, 15, 142, 20), None
(159, 111, 6, 44, 21, 67), None
(196, 71, 42, 38, 29, 83), 58.0
Sampler:BoTorchSampler
(130, 254, 99, 77, 90, 16), None
(240, 46, 196, 135, 182, 82), 52.0
(230, 163, 61, 2, 77, 53), None
(291, 139, 82, 236, 104, 156), 47.0
(22, 151, 191, 122, 13, 218), 48.0
(226, 161, 34, 18, 129, 188), 52.0
(149, 70, 229, 27, 257, 147), 40.0
(203, 91, 45, 21, 183, 89), 58.0
(148, 180, 42, 195, 23, 39), 43.0
(294, 157, 51, 287, 52, 274), 62.0
(169, 134, 162, 291, 49, 154), 42.0
(260, 121, 3, 159, 120, 115), None
(184, 100, 199, 11, 51, 80), None
(157, 142, 258, 181, 145, 275), 50.0
(105, 165, 22, 298, 42, 257), 38.0
(196, 166, 28, 274, 32, 280), 38.0
(119, 153, 79, 31, 44, 270), None
(122, 153, 79, 66, 43, 36), None
(84, 153, 79, 78, 43, 288), None
(246, 153, 78, 299, 44, 264), None
(38, 153, 79, 169, 43, 135), None
(15, 153, 79, 5, 43, 145), None
(64, 153, 79, 86, 43, 127), None
(235, 153, 79, 66, 43, 163), None
(237, 153, 79, 68, 43, 166), None
(86, 153, 79, 108, 43, 249), None
(172, 153, 79, 1, 43, 149), None
(184, 153, 79, 60, 43, 29), None
(239, 153, 80, 193, 43, 51), None
(261, 153, 79, 208, 43, 86), None
(3, 153, 79, 238, 43, 139), None
(197, 153, 79, 292, 43, 166), None
(160, 153, 79, 142, 43, 247), None
(255, 153, 79, 60, 43, 232), None
(163, 153, 79, 61, 43, 154), None
(225, 153, 79, 105, 43, 120), None
(110, 153, 79, 16, 43, 102), None
(220, 153, 79, 273, 43, 299), None
(43, 153, 79, 107, 43, 255), None
(130, 153, 79, 113, 43, 152), None
(74, 153, 79, 72, 43, 39), None
(240, 153, 79, 117, 43, 273), None
(123, 153, 79, 94, 43, 43), None
(5, 153, 79, 40, 43, 221), None
(276, 153, 79, 166, 43, 286), None
(209, 153, 80, 180, 43, 27), None
(280, 153, 79, 91, 43, 128), None
(160, 153, 79, 132, 43, 243), None
(50, 153, 79, 16, 43, 58), None
(209, 153, 79, 59, 43, 131), None
(77, 153, 79, 112, 43, 143), None
(35, 153, 79, 127, 43, 118), None
(66, 153, 79, 265, 43, 211), None
(27, 153, 80, 23, 43, 174), None
(163, 153, 79, 184, 44, 193), None
(15, 153, 79, 165, 43, 201), None
(136, 153, 79, 191, 43, 114), None
(198, 153, 79, 74, 43, 4), None
(288, 153, 79, 286, 43, 137), None
(159, 153, 79, 21, 43, 137), None
(202, 153, 79, 225, 43, 112), None
(254, 153, 79, 184, 43, 288), None
(68, 153, 79, 98, 43, 292), None
(252, 62, 51, 27, 170, 69), 50.0
(213, 155, 76, 271, 41, 254), 40.0
(105, 162, 27, 254, 47, 234), 52.0
(275, 160, 21, 225, 63, 21), None
(180, 138, 0, 0, 162, 66), None
(180, 137, 0, 0, 162, 66), None
(180, 136, 0, 1, 163, 68), 51.0
(195, 84, 0, 48, 186, 122), 60.0
(56, 159, 31, 191, 59, 251), None
(139, 159, 29, 64, 59, 61), None
(261, 159, 30, 221, 59, 114), None
(201, 111, 44, 69, 179, 101), None
(34, 159, 30, 61, 59, 238), None
(201, 112, 44, 69, 180, 101), 57.0
(193, 48, 27, 45, 140, 116), 48.0
(189, 158, 37, 93, 59, 286), None
(208, 123, 0, 39, 204, 132), 51.0
(295, 163, 14, 149, 56, 157), None
(32, 163, 14, 159, 56, 39), None
(190, 64, 8, 80, 212, 55), None
(99, 163, 15, 198, 55, 86), None
(178, 163, 15, 210, 55, 233), None
(34, 163, 15, 244, 55, 262), None
(190, 63, 7, 81, 213, 53), None
(255, 164, 12, 284, 56, 83), None
(258, 163, 15, 135, 55, 102), None
(96, 164, 11, 66, 56, 268), None
(207, 163, 16, 7, 55, 81), None
(121, 163, 15, 267, 55, 200), None
(9, 164, 12, 91, 56, 136), None
(172, 163, 17, 219, 55, 70), None
(225, 163, 16, 14, 55, 147), None
(190, 63, 8, 80, 213, 54), None
(190, 63, 7, 82, 213, 52), None
(190, 63, 7, 81, 213, 52), None
(1, 163, 14, 18, 56, 248), None
(190, 62, 6, 82, 214, 52), None
(238, 163, 15, 98, 55, 145), None
(106, 163, 15, 217, 55, 66), None
(236, 163, 15, 61, 55, 189), None
(27, 164, 11, 125, 56, 265), None
(190, 62, 6, 82, 214, 51), None
(249, 163, 15, 282, 55, 46), None
(40, 163, 15, 209, 55, 85), None
(107, 163, 14, 233, 56, 155), None
(137, 164, 11, 86, 56, 114), None
(190, 62, 5, 83, 214, 50), None
(144, 163, 17, 253, 55, 278), None
(141, 164, 6, 26, 57, 181), None
(106, 163, 14, 188, 56, 151), None
(212, 163, 14, 297, 56, 42), None
(15, 163, 16, 90, 55, 250), None
(2, 164, 10, 206, 56, 73), None
(255, 163, 15, 91, 55, 237), None
(109, 163, 15, 69, 55, 265), None
(180, 164, 7, 151, 57, 149), None
(57, 163, 13, 104, 56, 110), None
(70, 164, 9, 12, 56, 152), None
(2, 163, 15, 237, 55, 151), None
(231, 163, 15, 271, 55, 31), None
(254, 163, 12, 91, 56, 73), None
(17, 163, 14, 58, 56, 245), None
(139, 164, 9, 274, 56, 61), None
(239, 163, 15, 57, 55, 75), None
(244, 163, 15, 232, 55, 262), None
(197, 164, 9, 182, 56, 119), None
(243, 163, 15, 13, 55, 73), None
(168, 163, 12, 184, 56, 125), None
(187, 163, 12, 168, 56, 266), None
(254, 163, 14, 0, 55, 267), None
(232, 163, 13, 236, 56, 197), None
(55, 163, 16, 38, 55, 213), None
(189, 163, 15, 77, 55, 119), None
(159, 163, 13, 260, 56, 9), None
(212, 164, 10, 178, 56, 13), None
(268, 163, 12, 99, 56, 208), None
(256, 164, 11, 277, 56, 194), None
(203, 163, 13, 26, 56, 287), None
(190, 63, 8, 81, 213, 54), None
(181, 163, 13, 231, 56, 131), None
(265, 163, 14, 210, 56, 101), None
(95, 163, 12, 191, 56, 252), None
(165, 163, 15, 149, 55, 162), None
(244, 163, 13, 74, 56, 68), None
(160, 163, 14, 8, 55, 30), None
(14, 163, 14, 146, 56, 191), None
(190, 63, 7, 81, 213, 54), None
(131, 163, 14, 283, 56, 81), None
(223, 163, 15, 190, 55, 129), None
(262, 163, 13, 92, 56, 58), None
(283, 163, 13, 5, 56, 1), None
(223, 163, 13, 208, 56, 245), None
(230, 163, 13, 291, 56, 111), None
(4, 163, 15, 87, 55, 220), None
(284, 163, 15, 115, 55, 69), None
(243, 163, 15, 286, 55, 30), None
(173, 163, 12, 237, 56, 156), None
(290, 163, 15, 43, 55, 10), None
(153, 163, 12, 281, 56, 117), None
(31, 163, 15, 242, 55, 178), None
(173, 163, 13, 216, 56, 252), None
(20, 163, 15, 281, 55, 278), None
(190, 62, 7, 82, 213, 52), None
(148, 163, 14, 106, 56, 38), None
(184, 163, 14, 22, 56, 143), None
(19, 163, 14, 296, 56, 81), None
(96, 163, 13, 214, 56, 181), None
(187, 163, 16, 251, 55, 214), None
(279, 163, 16, 105, 55, 299), None
(144, 163, 15, 154, 55, 283), None
(74, 163, 15, 45, 55, 274), None
(2, 163, 15, 269, 55, 13), None
(246, 164, 11, 265, 56, 174), None
(259, 163, 14, 176, 56, 237), None
(123, 164, 11, 63, 56, 100), None
(247, 164, 11, 121, 56, 176), None
(67, 163, 15, 288, 55, 30), None
(81, 163, 16, 184, 55, 49), None
(65, 163, 15, 18, 55, 127), None
(77, 163, 16, 260, 55, 172), None
(6, 163, 15, 213, 55, 53), None
(260, 163, 15, 254, 55, 250), None
(6, 163, 13, 231, 56, 147), None
(27, 163, 15, 215, 55, 45), None
(179, 163, 14, 39, 55, 127), None
(295, 163, 13, 85, 56, 62), None
(79, 164, 11, 61, 56, 125), None
(118, 163, 15, 113, 55, 45), None
(80, 164, 12, 159, 56, 118), None
(109, 163, 14, 193, 55, 115), None
(193, 163, 14, 119, 55, 224), None
(2, 163, 15, 213, 55, 147), None
(277, 163, 15, 245, 55, 237), None
(119, 163, 15, 150, 55, 146), None
(76, 163, 15, 239, 55, 242), None
(154, 163, 15, 93, 55, 85), None
(246, 163, 15, 189, 55, 19), None
(44, 163, 12, 293, 56, 155), None
(187, 163, 15, 166, 55, 106), None
(50, 163, 16, 60, 55, 80), None
(259, 163, 16, 207, 55, 172), None
(94, 163, 13, 178, 56, 34), None
(250, 163, 15, 227, 55, 281), None
(139, 163, 14, 170, 56, 158), None
(31, 163, 16, 45, 55, 58), None
(208, 163, 15, 41, 55, 50), None
(296, 163, 15, 287, 55, 123), None
(168, 163, 13, 197, 56, 16), None
(28, 163, 13, 256, 56, 241), None
(102, 163, 14, 116, 55, 82), None
(208, 163, 15, 238, 55, 111), None
(30, 163, 14, 174, 55, 48), None
(293, 163, 15, 233, 55, 292), None
(218, 163, 15, 94, 55, 227), None
(56, 163, 12, 63, 56, 21), None
(220, 163, 13, 144, 56, 299), None
(272, 163, 12, 111, 56, 42), None
(257, 163, 15, 79, 55, 107), None
(32, 163, 14, 277, 55, 36), None
(296, 163, 16, 152, 55, 161), None
(201, 163, 14, 22, 56, 297), None
(283, 163, 15, 119, 55, 274), None
(62, 164, 10, 70, 56, 1), None
(153, 163, 13, 63, 56, 102), None
(77, 163, 15, 0, 55, 261), None
(215, 163, 15, 110, 55, 256), None
(174, 163, 15, 241, 55, 181), None
(81, 163, 13, 260, 56, 78), None
(28, 163, 15, 17, 55, 103), None
(283, 163, 16, 60, 55, 14), None
(257, 164, 12, 91, 56, 30), None
(34, 163, 14, 8, 55, 54), None
(47, 163, 15, 192, 55, 245), None
(215, 163, 14, 256, 56, 210), None
(8, 163, 13, 145, 56, 263), None
(135, 163, 15, 88, 55, 197), None
(172, 163, 13, 156, 56, 221), None
(18, 163, 14, 280, 56, 154), None
(152, 164, 11, 141, 56, 165), None
(45, 164, 11, 150, 56, 116), None
(151, 163, 17, 156, 55, 265), None
(103, 163, 14, 233, 56, 209), None
(256, 163, 14, 2, 56, 147), None
(83, 163, 13, 147, 56, 201), None
(265, 164, 11, 17, 56, 53), None
(18, 163, 14, 249, 55, 125), None
(280, 163, 12, 78, 56, 74), None
(255, 163, 13, 97, 56, 216), None
(46, 163, 15, 54, 55, 266), None
(153, 163, 14, 274, 56, 25), None
(253, 163, 15, 160, 55, 234), None
(5, 163, 13, 289, 56, 65), None
(32, 163, 14, 220, 56, 296), None
(149, 163, 13, 207, 56, 228), None
(149, 163, 12, 192, 56, 120), None
(125, 163, 15, 114, 55, 55), None
(209, 163, 14, 247, 55, 17), None
(286, 164, 11, 75, 56, 237), None
(33, 163, 12, 268, 56, 33), None
(48, 163, 12, 80, 56, 105), None
(214, 163, 15, 268, 55, 262), None
(8, 163, 15, 255, 55, 185), None
(277, 163, 13, 106, 56, 288), None
(266, 163, 13, 61, 56, 149), None
(54, 164, 11, 289, 56, 18), None
(61, 164, 6, 24, 57, 202), None
(42, 163, 13, 39, 56, 59), None
(235, 163, 15, 116, 55, 46), None
(181, 163, 12, 155, 56, 75), None
(116, 163, 15, 45, 55, 197), None
(190, 163, 13, 98, 56, 184), None
(112, 164, 11, 192, 56, 178), None
(102, 163, 15, 169, 55, 205), None
(24, 163, 15, 244, 55, 226), None
(136, 164, 11, 278, 56, 217), None
(66, 163, 12, 204, 56, 137), None
(141, 163, 14, 260, 55, 39), None
(267, 163, 14, 126, 56, 279), None
(76, 164, 10, 165, 56, 249), None
(53, 163, 17, 155, 55, 299), None
(193, 163, 13, 97, 56, 261), None
(210, 163, 15, 19, 55, 47), None
(191, 163, 15, 90, 55, 232), None
(255, 163, 13, 174, 56, 288), None
(188, 164, 14, 87, 55, 211), None
(42, 163, 13, 180, 56, 12), None
(140, 164, 11, 291, 56, 151), None
(269, 163, 13, 177, 56, 298), None
(119, 164, 11, 245, 56, 266), None
(83, 163, 14, 16, 56, 4), None
(183, 163, 15, 231, 55, 199), None
(203, 163, 12, 132, 56, 129), None
(51, 163, 15, 260, 55, 22), None
(183, 163, 15, 47, 55, 254), None
(190, 64, 8, 80, 212, 54), None
(62, 163, 15, 51, 55, 9), None
(29, 163, 15, 24, 55, 287), None
(236, 163, 15, 48, 55, 84), None
(146, 164, 7, 11, 56, 217), None
(9, 163, 12, 42, 56, 221), None
(109, 163, 15, 188, 55, 65), None
(175, 163, 15, 256, 55, 66), None
(265, 163, 16, 179, 55, 70), None
(195, 163, 13, 176, 56, 218), None
(76, 163, 15, 201, 55, 174), None
(101, 164, 11, 67, 56, 243), None
(265, 164, 12, 126, 56, 176), None
(225, 163, 14, 81, 55, 12), None
(132, 163, 16, 241, 55, 241), None
(116, 163, 17, 246, 55, 205), None
(182, 164, 11, 128, 56, 52), None
(125, 163, 12, 295, 56, 291), None
(254, 164, 10, 178, 56, 255), None
(117, 163, 14, 9, 56, 51), None
(253, 164, 11, 280, 56, 65), None
(34, 163, 14, 21, 56, 271), None
(99, 163, 13, 182, 56, 112), None
(54, 163, 14, 298, 56, 185), None
(226, 164, 9, 270, 56, 215), None
(12, 163, 14, 122, 56, 272), None
(254, 163, 13, 43, 56, 259), None
(85, 163, 13, 228, 56, 295), None
(84, 163, 14, 27, 56, 163), None
(53, 163, 14, 85, 55, 187), None
(261, 163, 14, 118, 56, 170), None
(254, 164, 11, 60, 56, 112), None
(216, 163, 14, 45, 55, 209), None
(21, 163, 13, 182, 56, 67), None
(4, 164, 12, 38, 56, 101), None
(106, 163, 14, 172, 56, 120), None
(210, 163, 13, 102, 56, 193), None
(186, 163, 14, 52, 55, 22), None
(5, 163, 15, 177, 55, 83), None
(293, 163, 14, 252, 56, 131), None
(148, 163, 14, 250, 55, 73), None
(36, 163, 14, 166, 56, 239), None
(245, 163, 15, 293, 55, 197), None
(208, 163, 15, 57, 55, 221), None
(260, 163, 13, 84, 56, 209), None
(249, 164, 12, 18, 56, 219), None
(43, 164, 11, 75, 56, 146), None
(274, 163, 14, 95, 56, 40), None
(241, 159, 14, 135, 55, 284), None
(221, 163, 14, 235, 56, 271), None
(56, 163, 15, 246, 55, 220), None
(128, 163, 13, 6, 56, 37), None
(73, 163, 15, 31, 55, 51), None
(44, 163, 13, 189, 56, 270), None
(84, 163, 15, 292, 55, 58), None
(44, 163, 13, 168, 56, 212), None
(267, 164, 11, 103, 56, 227), None
(15, 163, 14, 242, 56, 229), None
(50, 163, 14, 21, 56, 177), None
(272, 164, 12, 44, 56, 0), None
(294, 163, 12, 180, 56, 83), None
(175, 163, 14, 102, 56, 288), None
(231, 163, 13, 200, 56, 184), None
(0, 163, 15, 181, 55, 268), None
(217, 163, 14, 287, 55, 191), None
(263, 163, 16, 209, 55, 13), None
(267, 163, 15, 23, 55, 87), None
(211, 163, 15, 93, 55, 92), None
Sampler:CmaEsSampler
(28, 96, 108, 245, 167, 130), None
(282, 265, 20, 134, 160, 112), 46.0
(128, 184, 186, 248, 75, 234), 48.0
(14, 213, 134, 167, 202, 174), 42.0
(186, 112, 119, 170, 126, 176), 46.0
(161, 232, 147, 180, 117, 80), None
(176, 208, 87, 166, 29, 138), 42.0
(241, 172, 138, 49, 110, 248), None
(129, 158, 42, 87, 259, 165), 55.0
(139, 224, 98, 133, 179, 88), None
(154, 157, 154, 120, 80, 43), None
(158, 80, 210, 140, 167, 118), None
(138, 121, 114, 173, 167, 165), None
(77, 167, 228, 122, 163, 180), None
(230, 90, 125, 143, 191, 103), 45.0
(140, 186, 178, 139, 156, 146), 44.0
(123, 128, 169, 100, 129, 173), 46.0
(144, 133, 74, 241, 213, 268), 36.0
(133, 124, 130, 93, 226, 228), 48.0
(41, 147, 90, 160, 99, 221), None
(53, 130, 87, 152, 245, 176), 48.0
(207, 199, 225, 159, 142, 81), 50.0
(154, 149, 150, 116, 82, 161), 48.0
(110, 87, 42, 191, 152, 207), None
(97, 213, 101, 127, 142, 187), None
(68, 193, 136, 255, 133, 179), None
(33, 143, 175, 161, 109, 258), 40.0
(197, 141, 26, 203, 282, 253), 48.0
(116, 109, 84, 121, 244, 210), 46.0
(127, 96, 36, 249, 232, 152), None
(189, 116, 112, 203, 201, 208), 44.0
(176, 157, 28, 99, 181, 170), None
(136, 140, 102, 145, 144, 173), 52.0
(135, 198, 128, 155, 164, 167), 42.0
(196, 117, 214, 122, 172, 167), 52.0
(156, 156, 64, 170, 210, 125), None
(104, 142, 132, 155, 171, 106), 37.0
(122, 65, 113, 153, 134, 123), None
(155, 176, 69, 110, 115, 128), None
(147, 159, 117, 141, 134, 203), 56.0
(178, 159, 189, 79, 132, 98), None
(150, 152, 145, 170, 181, 100), 48.0
(161, 154, 173, 143, 198, 132), 54.0
(144, 159, 129, 148, 94, 209), 46.0
(153, 188, 125, 112, 68, 180), 52.0
(120, 192, 176, 167, 146, 198), 50.0
(113, 132, 171, 104, 186, 143), None
(177, 196, 167, 136, 126, 158), 56.0
(178, 112, 90, 118, 210, 177), 58.0
(162, 226, 164, 156, 170, 164), None
(183, 162, 213, 105, 180, 215), 46.0
(152, 133, 159, 123, 165, 172), 42.0
(146, 113, 152, 127, 151, 231), None
(128, 146, 128, 140, 135, 222), None
(148, 146, 155, 187, 125, 198), 48.0
(100, 126, 146, 109, 170, 162), 54.0
(206, 151, 186, 104, 168, 169), 48.0
(128, 159, 144, 178, 182, 162), 51.0
(130, 137, 147, 112, 115, 210), None
(201, 140, 119, 149, 210, 199), 44.0
(131, 134, 137, 107, 211, 228), 50.0
(146, 116, 140, 158, 204, 161), 43.0
(128, 129, 125, 158, 207, 186), 47.0
(127, 142, 100, 137, 176, 132), 45.0
(144, 139, 63, 160, 176, 214), 56.0
(180, 163, 131, 97, 166, 164), None
(153, 155, 129, 103, 142, 162), 53.0
(179, 149, 110, 170, 169, 171), None
(133, 121, 166, 171, 168, 179), 40.0
(187, 120, 86, 136, 159, 180), 45.0
(161, 148, 91, 127, 155, 166), 45.0
(116, 151, 127, 139, 182, 144), 51.0
(161, 181, 87, 142, 236, 206), 62.0
(127, 183, 115, 157, 160, 206), None
(113, 124, 84, 109, 168, 184), None
(141, 139, 111, 129, 171, 208), None
(99, 131, 37, 187, 199, 211), None
(139, 168, 75, 121, 158, 228), 33.0
(148, 164, 106, 131, 175, 212), 40.0
(158, 181, 105, 138, 204, 201), 37.0
(127, 129, 122, 126, 225, 230), 40.0
(158, 105, 74, 110, 239, 238), None
(174, 95, 71, 124, 132, 238), 52.0
(140, 143, 102, 148, 169, 207), 52.0
(167, 104, 122, 112, 156, 225), 46.0
(187, 144, 105, 182, 192, 211), 50.0
(178, 126, 61, 116, 186, 181), 43.0
(102, 159, 71, 179, 168, 183), 44.0
(132, 180, 96, 131, 199, 213), None
(155, 147, 60, 163, 184, 206), 46.0
(143, 110, 84, 146, 173, 157), None
(168, 101, 56, 149, 169, 225), None
(190, 139, 91, 173, 210, 193), 54.0
(128, 118, 38, 161, 241, 202), 38.0
(203, 126, 90, 119, 209, 201), 38.0
(133, 133, 89, 165, 200, 172), None
(195, 143, 44, 125, 196, 272), 51.0
(150, 114, 78, 154, 122, 207), None
(184, 157, 131, 169, 204, 162), 46.0
(182, 165, 37, 174, 191, 238), 52.0
(200, 150, 56, 179, 185, 200), None
(174, 152, 37, 126, 232, 234), None
(134, 141, 135, 200, 132, 175), 41.0
(250, 180, 184, 192, 239, 197), 51.0
(157, 132, 101, 40, 199, 236), 51.0
(208, 131, 82, 161, 198, 115), None
(209, 128, 127, 117, 182, 202), 48.0
(196, 121, 38, 196, 213, 248), None
(195, 182, 122, 195, 162, 228), None
(245, 109, 121, 206, 160, 213), 38.0
(173, 161, 118, 145, 162, 220), 60.0
(165, 141, 88, 168, 229, 220), 47.0
(151, 145, 118, 133, 178, 206), 48.0
(213, 158, 200, 133, 131, 197), 51.0
(158, 173, 56, 141, 184, 284), None
(182, 127, 66, 110, 175, 261), None
(178, 200, 143, 214, 193, 255), None
(215, 153, 114, 108, 230, 246), None
(210, 170, 183, 137, 161, 229), 56.0
(114, 158, 76, 141, 171, 241), None
(218, 181, 144, 194, 196, 163), 52.0
(212, 181, 145, 128, 171, 253), 48.0
(230, 185, 155, 162, 144, 232), None
(178, 142, 64, 186, 177, 245), 47.0
(173, 153, 96, 136, 172, 219), None
(221, 149, 103, 154, 202, 236), 46.0
(214, 160, 148, 162, 165, 199), 52.0
(165, 195, 110, 150, 171, 204), None
(208, 172, 132, 135, 178, 222), 60.0
(229, 196, 139, 167, 224, 252), 52.0
(196, 191, 128, 121, 182, 202), 52.0
(205, 173, 163, 121, 202, 239), 56.0
(196, 154, 155, 159, 190, 237), 62.0
(253, 230, 225, 180, 168, 202), 54.0
(221, 134, 163, 124, 169, 255), None
(259, 188, 99, 112, 211, 231), None
(219, 219, 169, 181, 184, 167), None
(242, 182, 182, 172, 159, 177), None
(270, 151, 166, 120, 172, 188), 52.0
(230, 162, 140, 158, 130, 227), 47.0
(233, 190, 135, 175, 233, 224), None
(214, 182, 112, 140, 181, 244), 49.0
(252, 217, 219, 184, 173, 159), 53.0
(199, 148, 130, 124, 151, 222), 37.0
(222, 110, 88, 180, 157, 242), None
(211, 175, 186, 200, 241, 251), 46.0
(278, 169, 165, 179, 210, 247), 48.0
(204, 214, 213, 130, 169, 196), 52.0
(207, 219, 237, 140, 167, 264), 56.0
(240, 181, 211, 106, 228, 233), None
(212, 204, 119, 156, 178, 178), None
(239, 179, 201, 184, 190, 275), 49.0
(203, 188, 173, 170, 179, 219), 52.0
(245, 209, 195, 174, 175, 207), 44.0
(232, 233, 189, 168, 225, 255), None
(257, 253, 240, 180, 213, 214), 52.0
(236, 212, 215, 158, 220, 210), 61.0
(132, 220, 169, 133, 202, 264), 50.0
(238, 220, 188, 177, 203, 256), None
(244, 244, 182, 190, 190, 136), None
(243, 224, 213, 147, 195, 262), 55.0
(242, 229, 243, 144, 267, 280), 59.0
(251, 269, 241, 176, 224, 275), 58.0
(240, 231, 254, 180, 199, 185), 57.0
(196, 233, 215, 93, 210, 291), None
(194, 250, 189, 166, 188, 230), 49.0
(245, 263, 247, 132, 227, 254), 49.0
(221, 252, 252, 119, 143, 201), None
(179, 176, 240, 146, 159, 153), 49.0
(215, 211, 182, 197, 206, 190), 53.0
(241, 219, 249, 142, 194, 238), 47.0
(184, 236, 224, 129, 229, 218), 56.0
(209, 227, 270, 91, 227, 200), None
(243, 273, 295, 173, 254, 239), 64.0
(279, 202, 258, 191, 241, 226), 48.0
(223, 283, 239, 145, 246, 233), None
(189, 200, 104, 207, 230, 274), 54.0
(255, 185, 184, 129, 268, 246), None
(226, 198, 283, 147, 263, 267), 60.0
(242, 220, 249, 191, 209, 234), 48.0
(268, 244, 227, 154, 250, 281), 42.0
(257, 231, 180, 128, 294, 252), 50.0
(241, 231, 254, 198, 197, 238), 53.0
(167, 190, 236, 125, 193, 226), 46.0
(176, 193, 233, 118, 299, 239), None
(171, 266, 267, 205, 287, 187), 53.0
(215, 228, 268, 123, 266, 195), 54.0
(261, 225, 248, 169, 272, 286), 55.0
(152, 224, 206, 183, 289, 204), 46.0
(238, 160, 210, 173, 222, 249), 52.0
(207, 260, 253, 153, 154, 272), 67.0
(168, 205, 250, 168, 281, 219), None
(233, 190, 186, 163, 224, 260), None
(276, 235, 259, 186, 274, 272), 59.0
(208, 281, 213, 198, 158, 280), 58.0
(228, 247, 194, 195, 199, 230), 56.0
(207, 219, 201, 119, 244, 282), 50.0
(274, 203, 229, 198, 170, 250), 48.0
(213, 236, 99, 102, 229, 277), None
(210, 122, 69, 222, 190, 283), 42.0
(243, 175, 207, 189, 154, 235), 48.0
(229, 262, 219, 132, 186, 258), 40.0
(226, 162, 89, 133, 251, 232), None
(153, 258, 208, 95, 232, 288), None
(228, 235, 181, 174, 238, 273), 59.0
(273, 230, 210, 162, 239, 236), 54.0
(161, 220, 102, 167, 231, 234), 62.0
(275, 228, 182, 192, 195, 284), 49.0
(236, 286, 223, 178, 161, 262), 53.0
(242, 258, 159, 179, 207, 251), 51.0
(248, 211, 86, 193, 209, 254), 46.0
(199, 240, 200, 189, 199, 276), None
(241, 238, 165, 196, 266, 263), 48.0
(214, 279, 210, 184, 233, 234), None
(222, 188, 79, 176, 277, 288), None
(284, 263, 148, 212, 279, 260), 54.0
(270, 253, 255, 114, 143, 249), None
(223, 220, 206, 184, 245, 255), None
(264, 179, 259, 163, 204, 229), 47.0
(183, 209, 212, 89, 243, 275), 48.0
(232, 232, 43, 169, 262, 248), None
(203, 282, 134, 206, 207, 228), 52.0
(227, 273, 204, 188, 234, 222), 54.0
(195, 250, 71, 170, 234, 151), 50.0
(221, 267, 234, 199, 208, 206), 51.0
(199, 228, 131, 149, 272, 194), 52.0
(178, 239, 235, 202, 221, 267), 52.0
(251, 264, 147, 212, 281, 223), 48.0
(241, 260, 223, 156, 206, 275), 67.0
(201, 249, 142, 248, 249, 239), None
(165, 230, 94, 136, 264, 210), 54.0
(228, 254, 209, 145, 197, 254), None
(208, 262, 212, 186, 217, 191), 48.0
(190, 220, 103, 177, 241, 217), 56.0
(255, 252, 227, 168, 271, 256), None
(275, 282, 230, 179, 211, 296), 64.0
(271, 239, 213, 155, 281, 284), 52.0
(211, 221, 195, 144, 222, 244), 60.0
(219, 236, 166, 167, 209, 218), 55.0
(218, 250, 225, 148, 261, 228), 52.0
(195, 196, 86, 124, 243, 230), 48.0
(182, 261, 72, 192, 249, 298), 40.0
(283, 252, 272, 199, 239, 281), 50.0
(227, 214, 143, 123, 281, 260), 46.0
(226, 254, 223, 110, 246, 261), None
(198, 250, 128, 138, 263, 253), 52.0
(222, 203, 150, 199, 191, 248), 50.0
(272, 284, 279, 142, 236, 244), 55.0
(244, 240, 206, 166, 228, 231), 52.0
(237, 291, 225, 134, 208, 197), 60.0
(251, 231, 198, 170, 217, 285), 62.0
(188, 180, 114, 184, 244, 250), None
(197, 240, 217, 135, 169, 270), 56.0
(267, 208, 191, 199, 212, 293), 47.0
(185, 240, 202, 102, 205, 268), 61.0
(226, 248, 253, 178, 225, 277), 62.0
(263, 262, 183, 171, 202, 235), 57.0
(260, 234, 207, 159, 220, 244), 56.0
(243, 294, 249, 150, 181, 217), 46.0
(256, 290, 191, 157, 201, 248), None
(213, 244, 167, 151, 271, 264), 39.0
(258, 254, 190, 163, 195, 244), 45.0
(213, 224, 155, 125, 204, 279), 44.0
(206, 244, 209, 153, 208, 285), 52.0
(217, 206, 171, 165, 185, 295), 44.0
(232, 263, 234, 146, 182, 246), None
(211, 255, 188, 145, 210, 291), None
(218, 211, 182, 147, 204, 268), 48.0
(242, 243, 230, 138, 201, 225), 50.0
(191, 251, 149, 180, 235, 225), 48.0
(230, 239, 266, 139, 235, 226), 62.0
(227, 273, 241, 143, 265, 242), 58.0
(158, 216, 186, 119, 250, 229), 53.0
(194, 256, 260, 110, 199, 275), None
(237, 267, 267, 140, 189, 270), None
(228, 269, 249, 146, 199, 254), 54.0
(230, 283, 295, 111, 274, 203), None
(215, 265, 245, 178, 227, 260), 54.0
(269, 253, 266, 113, 211, 263), None
(201, 264, 281, 95, 259, 240), 51.0
(250, 253, 269, 143, 214, 234), 57.0
(235, 237, 245, 123, 261, 253), 53.0
(202, 214, 245, 121, 226, 243), 56.0
(245, 253, 267, 141, 236, 217), 45.0
(218, 242, 249, 152, 212, 233), None
(228, 271, 242, 132, 250, 222), 49.0
(186, 222, 240, 104, 256, 229), None
(226, 259, 222, 164, 227, 220), 64.0
(212, 204, 236, 150, 294, 224), 48.0
(245, 253, 243, 165, 220, 241), 58.0
(233, 248, 250, 145, 216, 221), None
(225, 290, 256, 178, 274, 235), None
(226, 282, 234, 176, 192, 232), None
(247, 255, 227, 158, 219, 237), None
(247, 262, 279, 145, 254, 212), 56.0
(239, 258, 246, 164, 224, 257), 57.0
(191, 247, 166, 150, 227, 217), 57.0
(197, 213, 229, 157, 218, 248), 60.0
(257, 270, 257, 131, 209, 220), None
(225, 268, 273, 147, 222, 187), 48.0
(202, 260, 216, 106, 224, 216), None
(230, 277, 275, 118, 207, 216), 66.0
(260, 262, 271, 174, 213, 226), 58.0
(234, 236, 229, 145, 242, 201), 54.0
(236, 270, 287, 160, 212, 250), 53.0
(235, 270, 260, 143, 197, 250), 56.0
(247, 259, 283, 104, 208, 220), 46.0
(225, 243, 258, 117, 209, 210), 50.0
(195, 240, 219, 154, 205, 230), 56.0
(214, 251, 229, 152, 182, 245), 44.0
(199, 243, 174, 159, 249, 237), 67.0
(237, 238, 289, 138, 195, 265), 61.0
(231, 275, 224, 137, 216, 210), 65.0
(213, 254, 247, 130, 222, 207), 44.0
(199, 241, 181, 157, 232, 226), None
(244, 273, 227, 151, 226, 214), 40.0
(224, 262, 215, 148, 210, 236), 48.0
(215, 246, 211, 172, 218, 210), 61.0
(193, 228, 184, 97, 242, 221), None
(207, 267, 171, 131, 242, 219), 50.0
(235, 268, 201, 194, 232, 232), None
(220, 239, 176, 134, 264, 246), 48.0
(204, 261, 203, 156, 228, 222), 58.0
(234, 248, 174, 175, 226, 236), 56.0
(212, 248, 206, 155, 247, 239), 56.0
(214, 241, 206, 153, 238, 217), 46.0
(206, 244, 202, 175, 229, 198), 40.0
(226, 251, 269, 166, 201, 192), 44.0
(214, 255, 232, 146, 207, 207), None
(210, 259, 191, 176, 239, 196), 55.0
(184, 234, 168, 187, 239, 220), 51.0
(219, 245, 162, 196, 205, 231), 46.0
(198, 252, 192, 172, 222, 202), 52.0
(214, 275, 204, 162, 213, 220), 49.0
(236, 266, 220, 155, 226, 219), 52.0
(232, 280, 197, 179, 236, 191), None
(226, 283, 214, 175, 220, 213), 48.0
(195, 257, 181, 166, 246, 184), 53.0
(229, 260, 218, 167, 232, 233), None
(221, 270, 179, 162, 241, 208), 56.0
(201, 263, 191, 175, 240, 200), 56.0
(192, 264, 192, 146, 217, 179), None
(209, 273, 196, 177, 224, 210), 54.0
(224, 253, 204, 189, 214, 191), 46.0
(201, 254, 181, 199, 243, 186), 54.0
(226, 274, 177, 166, 250, 187), 50.0
(198, 254, 168, 159, 235, 204), 57.0
(193, 246, 182, 180, 241, 208), 49.0
(228, 265, 212, 167, 229, 190), 50.0
(203, 281, 206, 176, 233, 194), None
(220, 253, 201, 156, 238, 213), 54.0
(162, 280, 135, 161, 244, 186), 50.0
(207, 269, 210, 150, 233, 236), None
(206, 285, 180, 186, 236, 194), 59.0
(202, 264, 203, 172, 228, 200), 52.0
(216, 256, 210, 154, 229, 208), None
(191, 246, 159, 155, 223, 171), 58.0
(205, 248, 206, 149, 242, 234), 52.0
(196, 280, 210, 140, 235, 166), 48.0
(228, 264, 201, 151, 231, 208), 46.0
(185, 259, 177, 150, 249, 194), 55.0
(211, 266, 228, 157, 236, 174), 52.0
(178, 247, 143, 160, 237, 167), 46.0
(212, 237, 154, 162, 222, 213), 48.0
(190, 272, 202, 156, 229, 196), 56.0
(222, 246, 186, 164, 244, 185), 55.0
(216, 272, 253, 136, 195, 200), 56.0
(190, 266, 170, 169, 234, 199), 51.0
(192, 264, 171, 152, 224, 228), 46.0
(200, 262, 252, 148, 241, 211), 64.0
(224, 285, 195, 178, 256, 190), None
(198, 270, 255, 151, 212, 205), None
(208, 258, 194, 144, 209, 218), 48.0
(196, 269, 262, 120, 208, 206), 55.0
(201, 267, 234, 114, 218, 198), None
(222, 253, 263, 163, 227, 191), 54.0
(223, 273, 246, 171, 217, 229), 46.0
(183, 267, 206, 143, 231, 188), 50.0
(192, 259, 203, 132, 250, 199), 49.0
(217, 270, 207, 179, 231, 195), 54.0
(210, 261, 215, 161, 244, 196), 56.0
(189, 228, 231, 146, 241, 210), 57.0
(191, 256, 267, 111, 228, 200), None
(223, 275, 264, 150, 213, 212), 46.0
(194, 252, 235, 149, 236, 207), 59.0
(180, 254, 233, 104, 235, 205), None
(207, 260, 263, 140, 210, 206), 60.0
(232, 263, 297, 161, 202, 219), None
(192, 268, 295, 139, 208, 194), 58.0
(216, 251, 265, 130, 241, 198), 48.0
(193, 242, 286, 97, 232, 219), None
(216, 264, 239, 148, 231, 199), 56.0
(200, 279, 286, 144, 239, 166), 56.0
(205, 241, 223, 143, 229, 204), 60.0
(180, 259, 233, 174, 239, 200), None
(193, 245, 252, 162, 209, 215), 40.0
(213, 257, 292, 143, 208, 222), 46.0
(211, 269, 266, 157, 227, 193), 50.0
(162, 242, 139, 168, 226, 204), 46.0
(198, 254, 273, 142, 216, 215), 60.0
(188, 253, 266, 135, 200, 210), 54.0
(191, 265, 268, 115, 224, 203), None
(202, 229, 257, 115, 203, 210), None
(214, 239, 291, 142, 205, 224), 54.0
(186, 259, 279, 121, 215, 194), 57.0
(220, 244, 259, 134, 231, 235), 50.0
(201, 255, 243, 144, 193, 189), None
(209, 264, 236, 140, 224, 179), 55.0
(200, 260, 243, 154, 225, 193), 51.0
(222, 245, 227, 194, 215, 196), 48.0
(199, 245, 255, 113, 198, 211), None
(193, 277, 272, 114, 215, 205), None
(194, 272, 209, 151, 211, 172), 52.0
(170, 245, 263, 124, 203, 194), 54.0
(184, 241, 212, 122, 231, 187), 60.0
(200, 249, 194, 168, 222, 194), None
(170, 266, 259, 106, 182, 196), 48.0
(202, 248, 248, 136, 237, 217), None
(211, 248, 248, 156, 235, 199), None
(204, 252, 203, 189, 233, 202), None
(191, 225, 205, 158, 227, 210), 52.0
(204, 241, 281, 121, 199, 189), 61.0
(194, 232, 281, 96, 200, 177), None
(178, 244, 296, 117, 219, 205), 55.0
(185, 264, 290, 107, 210, 184), 44.0
(200, 240, 229, 144, 216, 212), 46.0
(186, 255, 203, 148, 214, 165), None
(172, 234, 227, 139, 227, 221), None
(182, 243, 184, 151, 242, 161), 55.0
(190, 255, 227, 139, 215, 190), None
(189, 247, 218, 131, 216, 184), 44.0
(176, 244, 236, 99, 209, 170), None
(195, 268, 234, 132, 204, 182), 49.0
(180, 218, 202, 108, 228, 193), 50.0
(167, 255, 192, 122, 239, 172), None
(200, 258, 247, 124, 248, 200), None
(164, 228, 274, 120, 235, 172), 48.0
(190, 239, 239, 84, 209, 195), None
(194, 246, 271, 87, 211, 205), 48.0
(178, 242, 210, 136, 221, 168), 45.0
(189, 214, 286, 102, 211, 222), 62.0
(196, 228, 274, 106, 205, 211), 50.0
(193, 261, 275, 134, 214, 204), 49.0
(207, 261, 288, 137, 208, 207), None
(194, 252, 274, 126, 214, 205), 44.0
(194, 228, 211, 152, 217, 185), 50.0
(177, 247, 265, 131, 214, 191), 51.0
(210, 229, 275, 138, 223, 193), 56.0
(192, 244, 240, 137, 216, 184), 52.0
(192, 219, 274, 117, 227, 211), 53.0
(199, 216, 264, 125, 222, 205), 52.0
(180, 230, 211, 122, 221, 203), 57.0
(185, 200, 239, 101, 202, 215), 60.0
(220, 255, 280, 158, 224, 180), None
(178, 222, 297, 90, 213, 198), 54.0
(166, 227, 189, 147, 220, 187), 48.0
(192, 209, 284, 114, 215, 219), None
(166, 224, 269, 108, 209, 186), 66.0
(209, 224, 275, 142, 210, 188), 52.0
(188, 213, 253, 84, 198, 191), 49.0
(157, 206, 261, 82, 199, 207), 48.0
(151, 179, 235, 88, 209, 204), 44.0
(157, 226, 246, 125, 196, 208), 56.0
(184, 195, 269, 105, 196, 212), 54.0
(183, 219, 256, 95, 203, 169), None
(161, 177, 283, 82, 205, 216), 56.0
(195, 249, 271, 128, 191, 208), 55.0
(141, 229, 255, 95, 201, 179), None
(169, 233, 251, 138, 205, 203), None
(184, 224, 191, 138, 210, 202), 58.0
(136, 199, 204, 72, 205, 148), 48.0
(212, 241, 202, 174, 209, 194), 55.0
(184, 216, 270, 155, 223, 195), 49.0
(149, 178, 208, 85, 203, 227), 45.0
(167, 232, 159, 144, 208, 196), None
(186, 245, 217, 149, 189, 208), 49.0
(170, 211, 205, 141, 191, 210), 48.0
(212, 222, 125, 150, 203, 215), 48.0
(146, 215, 214, 108, 195, 181), 46.0
(146, 193, 259, 92, 196, 205), 42.0
(205, 234, 253, 162, 238, 239), 59.0
(243, 244, 232, 208, 232, 238), None
(227, 226, 184, 229, 232, 207), None
(189, 203, 268, 117, 192, 235), 48.0
(187, 231, 214, 165, 217, 232), None
(209, 282, 194, 206, 243, 244), 56.0
(221, 251, 238, 171, 235, 226), 54.0
(213, 224, 281, 221, 218, 215), 56.0
(205, 235, 186, 156, 260, 206), 46.0
(201, 254, 209, 156, 228, 175), 56.0
(218, 228, 249, 249, 245, 228), None
(192, 255, 255, 159, 236, 198), None
(184, 219, 218, 150, 209, 262), 43.0
(198, 228, 230, 161, 219, 209), 50.0
(205, 257, 294, 178, 167, 197), 52.0
(207, 279, 147, 198, 269, 203), 52.0
(209, 281, 213, 232, 260, 246), None
(189, 260, 216, 160, 247, 212), 50.0
(215, 253, 177, 219, 229, 232), None
(209, 255, 223, 204, 217, 203), None
