Sampler:TPESampler
(90, 219, 1, 55, 231, 182, 194, 155, 268), None
(275, 210, 215, 7, 180, 25, 184, 226, 117), None
(150, 3, 178, 298, 230, 207, 58, 213, 1), None
(206, 38, 280, 271, 42, 43, 8, 75, 106), None
(264, 42, 224, 227, 137, 194, 243, 63, 106), 35.0
(142, 290, 99, 12, 262, 46, 227, 224, 221), None
(189, 93, 52, 61, 149, 43, 91, 234, 134), 36.0
(19, 88, 123, 199, 272, 161, 277, 261, 156), 33.0
(229, 206, 268, 264, 167, 259, 248, 72, 96), None
(39, 100, 215, 89, 130, 110, 126, 61, 13), None
(3, 150, 121, 178, 299, 117, 298, 288, 198), None
(272, 75, 175, 196, 84, 299, 280, 151, 57), None
(88, 39, 120, 220, 89, 167, 241, 11, 178), 45.0
(297, 132, 222, 149, 10, 222, 176, 110, 153), None
(75, 51, 69, 133, 209, 125, 264, 3, 79), None
(140, 142, 160, 231, 111, 236, 213, 296, 246), None
(1, 15, 260, 188, 188, 146, 150, 179, 55), None
(227, 70, 237, 225, 289, 89, 262, 120, 156), 32.0
(184, 170, 133, 117, 297, 84, 291, 183, 166), 36.0
(235, 109, 298, 168, 259, 86, 139, 112, 211), 34.0
(46, 74, 86, 257, 253, 0, 207, 262, 295), 31.0
(44, 66, 69, 254, 266, 7, 213, 264, 294), None
(45, 79, 92, 210, 280, 153, 265, 256, 244), None
(110, 117, 28, 244, 224, 76, 264, 119, 186), None
(25, 173, 146, 288, 251, 2, 215, 194, 141), 35.0
(65, 69, 99, 206, 243, 69, 178, 256, 296), None
(110, 24, 200, 246, 283, 101, 276, 278, 230), None
(28, 90, 44, 169, 211, 137, 241, 131, 265), 34.0
(169, 121, 244, 280, 273, 60, 197, 94, 161), 32.0
(163, 247, 246, 280, 200, 58, 156, 92, 272), None
(232, 123, 250, 270, 246, 21, 197, 31, 196), None
(119, 59, 3, 230, 277, 174, 200, 166, 162), None
(212, 103, 199, 251, 233, 25, 225, 136, 127), None
(180, 79, 176, 281, 281, 26, 174, 239, 150), None
(254, 159, 82, 291, 295, 58, 255, 94, 174), None
(160, 186, 237, 298, 227, 101, 95, 209, 116), 33.0
(59, 22, 113, 208, 260, 184, 233, 95, 89), None
(160, 192, 232, 261, 228, 88, 31, 200, 117), None
(202, 239, 289, 290, 172, 54, 98, 212, 75), None
(129, 182, 200, 270, 236, 99, 84, 163, 22), None
(164, 210, 272, 297, 221, 130, 121, 48, 120), 36.0
(16, 136, 236, 236, 271, 158, 62, 242, 135), None
(93, 98, 142, 219, 248, 117, 285, 274, 108), None
(216, 48, 212, 299, 289, 39, 111, 221, 200), None
(250, 118, 248, 25, 267, 99, 162, 250, 155), None
(194, 83, 155, 262, 257, 204, 63, 82, 141), 34.0
(146, 155, 189, 192, 158, 110, 188, 141, 56), None
(294, 230, 110, 274, 194, 34, 24, 282, 177), None
(173, 266, 130, 241, 212, 67, 137, 231, 37), 42.0
(92, 59, 266, 222, 274, 14, 254, 268, 103), None
(135, 2, 227, 145, 298, 136, 274, 213, 91), 38.0
(241, 114, 298, 171, 259, 94, 143, 107, 204), None
(223, 99, 275, 162, 237, 79, 126, 124, 217), None
(195, 85, 157, 259, 261, 249, 76, 76, 142), None
(275, 107, 285, 199, 288, 118, 164, 297, 216), 38.0
(27, 139, 45, 123, 211, 138, 240, 132, 261), 35.0
(12, 92, 49, 177, 185, 164, 293, 149, 278), 34.0
(193, 35, 77, 261, 255, 209, 48, 80, 164), None
(152, 123, 259, 185, 270, 47, 112, 110, 233), None
(29, 67, 101, 161, 139, 145, 224, 63, 283), 40.0
(58, 130, 212, 104, 0, 74, 210, 176, 124), None
(11, 81, 27, 217, 248, 193, 286, 149, 279), 36.0
(11, 91, 35, 176, 182, 163, 272, 149, 256), None
(77, 58, 84, 280, 222, 212, 249, 101, 137), None
(44, 71, 58, 235, 43, 176, 61, 50, 188), None
(178, 90, 62, 250, 242, 108, 236, 121, 156), 36.0
(205, 195, 166, 268, 202, 285, 261, 90, 287), 40.0
(234, 165, 190, 284, 286, 89, 98, 250, 146), None
(261, 143, 236, 254, 254, 218, 72, 85, 173), None
(219, 43, 258, 202, 279, 234, 39, 113, 112), None
(37, 110, 127, 243, 231, 193, 204, 162, 187), None
(18, 86, 12, 184, 216, 128, 6, 135, 296), None
(6, 99, 41, 155, 191, 149, 299, 126, 267), None
(2, 73, 21, 135, 169, 168, 268, 290, 242), 34.0
(0, 71, 26, 139, 173, 168, 291, 288, 239), 41.0
(155, 105, 140, 212, 265, 63, 180, 195, 129), 39.0
(37, 77, 15, 227, 153, 184, 268, 267, 278), None
(172, 54, 91, 78, 128, 199, 292, 286, 250), None
(186, 125, 219, 274, 240, 0, 245, 102, 168), 44.0
(199, 114, 112, 168, 273, 82, 220, 72, 156), None
(122, 67, 242, 130, 167, 179, 258, 262, 290), 36.0
(51, 92, 60, 191, 202, 156, 282, 142, 270), 37.0
(22, 31, 152, 114, 293, 171, 170, 62, 223), None
(246, 80, 11, 145, 254, 122, 190, 241, 133), None
(33, 298, 299, 289, 227, 105, 231, 155, 207), 40.0
(168, 46, 69, 296, 264, 137, 252, 117, 102), 34.0
(143, 16, 170, 299, 264, 116, 205, 116, 103), None
(212, 219, 51, 178, 279, 95, 88, 128, 260), 32.0
(211, 210, 72, 273, 278, 92, 82, 99, 115), None
(11, 220, 46, 176, 182, 145, 277, 173, 262), 33.0
(161, 222, 53, 156, 285, 130, 276, 178, 84), 34.0
(173, 243, 36, 291, 270, 142, 250, 274, 95), 36.0
(226, 227, 38, 156, 289, 73, 278, 171, 77), None
(12, 259, 46, 178, 184, 160, 291, 188, 260), 29.0
(20, 256, 91, 178, 182, 50, 293, 204, 255), None
(191, 263, 32, 203, 157, 154, 94, 294, 244), 36.0
(6, 200, 54, 185, 143, 37, 270, 189, 68), None
(15, 280, 23, 197, 168, 199, 66, 224, 261), 34.0
(159, 220, 104, 163, 282, 129, 106, 182, 47), 42.0
(259, 234, 47, 173, 195, 163, 137, 170, 280), 49.0
(167, 179, 66, 266, 247, 11, 18, 87, 150), 45.0
(233, 252, 280, 166, 259, 95, 56, 127, 226), None
(30, 262, 17, 196, 206, 101, 75, 222, 257), 36.0
(16, 282, 7, 210, 176, 202, 69, 219, 240), None
(209, 204, 122, 181, 294, 83, 288, 154, 274), 42.0
(137, 223, 54, 157, 285, 146, 263, 198, 83), 32.0
(11, 277, 49, 192, 159, 189, 261, 208, 261), None
(51, 215, 77, 149, 276, 115, 86, 193, 143), None
(126, 185, 52, 171, 289, 132, 277, 187, 87), 38.0
(111, 236, 43, 180, 233, 146, 148, 131, 211), None
(73, 61, 227, 158, 219, 64, 239, 229, 265), 34.0
(71, 61, 227, 139, 221, 158, 266, 200, 266), None
(179, 275, 256, 223, 251, 28, 48, 236, 232), None
(184, 52, 65, 278, 299, 150, 252, 260, 99), None
(0, 84, 22, 248, 184, 161, 299, 158, 251), 32.0
(148, 227, 57, 233, 283, 121, 283, 160, 68), None
(242, 220, 266, 215, 270, 141, 297, 184, 248), 38.0
(5, 193, 29, 130, 179, 159, 277, 145, 85), None
(64, 63, 243, 285, 241, 53, 241, 231, 121), None
(11, 94, 40, 189, 188, 163, 284, 140, 287), 36.0
(24, 152, 70, 256, 263, 139, 256, 173, 182), None
(5, 298, 22, 248, 171, 175, 120, 107, 255), None
(220, 84, 32, 242, 199, 223, 47, 250, 1), 34.0
(98, 103, 193, 263, 257, 112, 219, 80, 164), None
(238, 242, 205, 160, 165, 63, 103, 218, 272), 34.0
(44, 244, 236, 158, 216, 61, 230, 211, 270), 39.0
(215, 217, 82, 150, 275, 108, 299, 177, 191), 42.0
(135, 74, 53, 176, 285, 152, 290, 167, 160), 35.0
(26, 87, 2, 171, 218, 67, 235, 200, 250), 38.0
(0, 98, 75, 279, 125, 87, 261, 118, 290), None
(284, 42, 43, 295, 264, 124, 270, 130, 83), 38.0
(227, 230, 207, 152, 164, 134, 281, 182, 171), 40.0
(21, 74, 250, 136, 198, 281, 265, 247, 4), None
(16, 111, 61, 197, 186, 97, 195, 122, 109), None
(12, 54, 21, 144, 146, 187, 272, 226, 298), 35.0
(39, 118, 181, 187, 206, 79, 65, 105, 258), None
(155, 288, 50, 166, 185, 167, 295, 157, 279), 35.0
(223, 83, 32, 240, 208, 257, 55, 246, 33), None
(251, 270, 293, 205, 194, 237, 38, 96, 237), None
(162, 210, 220, 254, 279, 147, 186, 68, 70), 34.0
(238, 254, 240, 227, 162, 198, 106, 215, 274), 42.0
(84, 250, 228, 161, 201, 71, 80, 233, 268), None
(204, 67, 35, 245, 174, 179, 48, 274, 148), 32.0
(200, 68, 39, 261, 151, 184, 90, 282, 137), 47.0
(31, 77, 33, 241, 177, 167, 20, 271, 19), None
(8, 94, 22, 2, 172, 172, 67, 275, 147), None
(175, 243, 56, 294, 98, 17, 274, 258, 91), None
(206, 83, 44, 248, 191, 233, 41, 254, 155), None
(193, 89, 135, 233, 181, 211, 52, 149, 139), None
(231, 165, 208, 180, 292, 41, 131, 191, 282), 37.0
(53, 48, 253, 166, 271, 157, 154, 135, 263), 36.0
(17, 59, 63, 287, 226, 103, 252, 113, 251), None
(217, 70, 235, 267, 176, 228, 27, 268, 132), 38.0
(220, 225, 17, 252, 287, 31, 33, 281, 151), 36.0
(155, 186, 220, 174, 281, 142, 287, 165, 78), None
(167, 209, 218, 274, 268, 148, 100, 53, 63), 38.0
(138, 202, 245, 126, 189, 177, 244, 35, 293), 28.0
(142, 198, 247, 110, 190, 161, 244, 1, 292), None
(132, 212, 37, 258, 275, 174, 184, 43, 45), 34.0
(2, 47, 231, 127, 214, 179, 257, 26, 243), 35.0
(187, 144, 107, 244, 258, 90, 171, 80, 180), None
(134, 201, 223, 119, 277, 172, 185, 34, 42), 36.0
(146, 236, 26, 299, 169, 137, 264, 204, 98), None
(158, 222, 268, 240, 295, 124, 204, 262, 28), 42.0
(242, 79, 263, 171, 165, 196, 114, 19, 274), None
(165, 190, 273, 101, 54, 149, 276, 71, 80), None
(170, 109, 96, 282, 245, 155, 246, 125, 299), None
(161, 175, 242, 255, 285, 166, 224, 68, 52), None
(211, 61, 50, 183, 198, 75, 285, 139, 285), None
(122, 217, 69, 25, 251, 67, 142, 38, 195), 38.0
(101, 205, 8, 155, 183, 85, 42, 195, 263), None
(198, 231, 118, 162, 189, 219, 49, 177, 276), 43.0
(181, 215, 161, 147, 280, 202, 61, 226, 126), 41.0
(130, 212, 39, 137, 266, 132, 266, 292, 10), None
(115, 67, 24, 266, 177, 179, 196, 207, 160), None
(10, 85, 46, 236, 156, 190, 291, 145, 284), None
(137, 71, 34, 143, 202, 46, 212, 241, 252), 34.0
(23, 91, 45, 139, 184, 59, 213, 240, 255), None
(150, 99, 283, 259, 272, 205, 181, 86, 144), None
(129, 203, 86, 253, 276, 172, 176, 46, 104), 38.0
(205, 79, 56, 190, 299, 182, 280, 185, 169), None
(0, 224, 32, 272, 288, 155, 272, 21, 111), None
(228, 259, 28, 247, 264, 166, 90, 289, 58), None
(150, 27, 37, 126, 271, 173, 268, 299, 117), 40.0
(238, 268, 149, 224, 194, 215, 76, 217, 260), 43.0
(255, 128, 175, 167, 236, 161, 102, 41, 244), None
(19, 104, 50, 178, 167, 101, 299, 9, 271), None
(163, 55, 238, 287, 284, 144, 192, 57, 71), None
(143, 219, 57, 289, 278, 136, 260, 118, 91), None
(5, 212, 183, 259, 293, 152, 187, 171, 293), None
(33, 88, 257, 265, 257, 164, 204, 152, 217), None
(138, 76, 45, 145, 261, 45, 252, 110, 251), None
(14, 70, 53, 162, 173, 129, 281, 133, 235), 48.0
(159, 285, 16, 194, 204, 144, 226, 114, 228), None
(7, 208, 248, 253, 179, 150, 293, 90, 266), None
(14, 73, 37, 199, 188, 7, 209, 126, 253), None
(140, 37, 29, 123, 274, 177, 162, 199, 151), 30.0
(141, 65, 64, 122, 269, 179, 288, 198, 149), 38.0
(22, 133, 40, 111, 278, 159, 166, 163, 159), None
(135, 42, 31, 133, 197, 169, 197, 265, 259), None
(125, 13, 28, 116, 210, 21, 158, 274, 18), 41.0
(234, 31, 36, 154, 273, 95, 95, 251, 166), None
(174, 196, 48, 174, 282, 139, 190, 190, 64), None
(216, 84, 234, 242, 179, 222, 46, 205, 151), 34.0
(222, 94, 244, 249, 162, 190, 55, 213, 270), None
(26, 81, 232, 180, 223, 53, 238, 229, 263), None
(8, 228, 21, 212, 249, 173, 256, 101, 157), None
(149, 234, 9, 150, 169, 78, 123, 203, 246), None
(170, 63, 59, 294, 291, 146, 242, 178, 145), None
(15, 74, 19, 231, 194, 160, 63, 256, 135), None
(190, 67, 42, 156, 231, 84, 232, 107, 266), None
(0, 57, 32, 140, 205, 185, 249, 244, 256), None
(137, 77, 32, 130, 211, 64, 209, 237, 45), None
(208, 38, 140, 169, 265, 92, 261, 186, 100), 32.0
(210, 86, 136, 170, 183, 107, 11, 194, 279), 39.0
(39, 37, 13, 186, 200, 166, 34, 256, 262), None
(204, 35, 26, 277, 265, 92, 262, 183, 97), None
(197, 23, 143, 167, 273, 178, 271, 187, 122), 38.0
(214, 279, 155, 160, 253, 86, 71, 221, 141), 32.0
(213, 279, 158, 172, 255, 96, 82, 175, 140), None
(74, 48, 167, 157, 261, 89, 278, 220, 127), 42.0
(208, 94, 226, 256, 188, 155, 182, 68, 287), None
(218, 270, 127, 161, 178, 243, 45, 217, 154), 42.0
(226, 118, 153, 173, 253, 208, 56, 205, 142), None
(214, 84, 240, 246, 174, 220, 47, 209, 161), 36.0
(220, 293, 146, 239, 244, 225, 52, 270, 145), 43.0
(201, 85, 249, 235, 183, 73, 73, 221, 152), None
(215, 78, 41, 245, 209, 49, 201, 159, 150), None
(62, 223, 49, 151, 286, 118, 294, 196, 106), 35.0
(163, 219, 212, 165, 281, 150, 267, 202, 78), None
(10, 45, 243, 182, 219, 56, 255, 226, 249), None
(131, 248, 163, 141, 272, 170, 284, 285, 100), 42.0
(18, 276, 237, 179, 170, 80, 86, 212, 274), None
(229, 214, 231, 158, 268, 178, 273, 30, 134), 49.0
(145, 240, 120, 262, 277, 63, 215, 235, 258), 35.0
(5, 74, 56, 122, 180, 99, 67, 190, 82), None
(222, 99, 223, 219, 260, 231, 61, 96, 295), None
(207, 72, 21, 249, 188, 222, 59, 78, 152), None
(204, 81, 232, 162, 166, 211, 69, 224, 267), None
(11, 91, 66, 189, 191, 195, 261, 120, 91), None
(30, 62, 53, 299, 264, 140, 239, 181, 147), 35.0
(245, 69, 193, 168, 182, 86, 247, 208, 270), 42.0
(232, 52, 77, 156, 252, 92, 109, 129, 112), None
(154, 82, 155, 255, 198, 56, 37, 248, 37), None
(215, 97, 218, 243, 192, 68, 175, 264, 279), None
(181, 262, 47, 164, 257, 75, 219, 230, 262), None
(85, 31, 35, 53, 216, 131, 78, 221, 173), None
(3, 283, 28, 146, 158, 162, 288, 167, 251), None
(137, 41, 26, 131, 174, 175, 255, 200, 163), None
(167, 159, 44, 206, 283, 39, 275, 243, 90), 32.0
(167, 167, 42, 206, 283, 30, 280, 39, 73), None
(195, 154, 137, 228, 203, 36, 43, 252, 140), 38.0
(157, 145, 62, 198, 293, 154, 298, 214, 87), 36.0
(139, 181, 37, 175, 287, 51, 92, 146, 3), None
(174, 206, 206, 153, 280, 42, 262, 240, 98), None
(19, 213, 45, 193, 275, 168, 275, 58, 95), None
(8, 89, 251, 208, 268, 135, 267, 137, 105), None
(16, 65, 24, 203, 163, 184, 291, 260, 259), 34.0
(167, 227, 51, 266, 277, 148, 167, 172, 88), None
(151, 159, 71, 214, 171, 6, 270, 189, 85), None
(211, 237, 87, 238, 177, 238, 73, 195, 156), None
(225, 78, 200, 219, 187, 21, 135, 241, 117), None
(48, 59, 289, 283, 238, 82, 236, 120, 156), None
(24, 273, 36, 135, 288, 105, 275, 276, 241), 45.0
(0, 189, 132, 271, 273, 160, 187, 232, 52), None
(219, 38, 16, 123, 265, 113, 259, 180, 149), None
(106, 200, 235, 179, 280, 166, 248, 48, 294), 38.0
(126, 69, 29, 204, 285, 184, 283, 260, 250), 35.0
(12, 287, 55, 292, 179, 100, 278, 123, 289), None
(9, 108, 45, 186, 228, 94, 266, 113, 267), None
(146, 139, 41, 170, 263, 175, 284, 131, 208), 34.0
(67, 253, 96, 160, 174, 157, 149, 210, 274), None
(153, 127, 41, 171, 263, 192, 290, 131, 131), None
(230, 90, 174, 252, 250, 88, 293, 266, 281), 41.0
(146, 208, 38, 174, 271, 182, 195, 135, 257), 41.0
(185, 220, 50, 152, 154, 70, 101, 280, 93), 38.0
(116, 52, 145, 195, 134, 200, 272, 25, 103), 38.0
(177, 294, 241, 202, 159, 60, 292, 199, 79), None
(19, 231, 60, 211, 243, 186, 86, 255, 272), None
(201, 221, 254, 259, 161, 171, 286, 192, 299), 42.0
(137, 175, 34, 147, 196, 278, 27, 250, 169), 43.0
(159, 196, 49, 260, 296, 143, 210, 154, 67), 38.0
(15, 83, 13, 235, 167, 155, 159, 266, 261), 32.0
(170, 161, 115, 183, 258, 155, 284, 143, 183), None
(15, 18, 10, 198, 145, 163, 160, 269, 258), None
(211, 76, 224, 242, 170, 214, 157, 216, 140), 36.0
(0, 132, 16, 164, 150, 1, 256, 225, 255), None
(37, 207, 233, 232, 290, 143, 150, 44, 199), None
(163, 214, 247, 100, 280, 152, 177, 161, 163), None
(193, 63, 230, 230, 166, 163, 298, 83, 266), None
(219, 121, 2, 237, 257, 83, 48, 125, 215), 39.0
(143, 141, 22, 247, 268, 43, 200, 203, 157), 36.0
(26, 114, 45, 171, 267, 175, 169, 132, 222), None
(17, 84, 105, 223, 183, 177, 281, 276, 246), 38.0
(55, 34, 125, 167, 275, 138, 252, 262, 86), None
(132, 93, 32, 173, 192, 171, 278, 290, 234), 33.0
(125, 98, 24, 180, 67, 172, 289, 294, 242), None
(34, 69, 150, 180, 222, 14, 225, 262, 264), 36.0
(149, 145, 30, 130, 247, 168, 269, 285, 234), 41.0
(131, 81, 162, 244, 176, 161, 94, 290, 12), 38.0
(120, 74, 19, 251, 192, 229, 182, 250, 28), 31.0
(248, 225, 10, 251, 192, 149, 275, 248, 8), None
(206, 73, 17, 252, 185, 226, 280, 271, 209), 40.0
(160, 92, 186, 84, 285, 153, 165, 92, 73), None
(155, 26, 57, 295, 261, 188, 277, 185, 93), None
(93, 106, 6, 189, 187, 268, 173, 149, 287), None
(120, 102, 21, 171, 271, 90, 145, 115, 261), None
(145, 64, 22, 283, 299, 181, 264, 271, 237), 34.0
(141, 76, 29, 277, 200, 35, 264, 255, 28), None
(165, 71, 11, 142, 13, 146, 190, 283, 83), 39.0
(81, 137, 67, 299, 250, 98, 154, 257, 125), None
(136, 55, 81, 236, 197, 297, 202, 244, 104), None
(6, 86, 14, 117, 177, 169, 295, 265, 144), None
(155, 243, 40, 159, 290, 157, 286, 297, 231), 43.0
(131, 77, 25, 256, 117, 183, 268, 199, 150), None
(146, 12, 37, 175, 189, 176, 299, 175, 253), None
(130, 225, 262, 162, 278, 241, 184, 34, 27), 34.0
(143, 64, 17, 291, 255, 165, 260, 277, 237), None
(121, 247, 260, 161, 276, 79, 116, 35, 28), None
(242, 47, 44, 175, 191, 256, 162, 251, 177), None
(25, 210, 34, 186, 281, 174, 290, 63, 36), 36.0
(173, 203, 54, 269, 269, 148, 179, 69, 136), None
(212, 85, 154, 246, 177, 207, 66, 208, 109), 42.0
(128, 216, 243, 134, 285, 108, 193, 187, 246), 44.0
(135, 149, 31, 219, 180, 26, 279, 258, 251), 41.0
(224, 180, 30, 259, 265, 230, 183, 84, 1), 36.0
(150, 58, 0, 166, 296, 93, 243, 272, 225), None
(12, 268, 22, 226, 161, 158, 278, 181, 58), None
(270, 41, 246, 124, 172, 126, 259, 194, 99), None
(199, 280, 26, 205, 169, 203, 78, 260, 259), None
(139, 72, 237, 106, 293, 46, 102, 231, 152), 34.0
(20, 65, 19, 156, 232, 195, 230, 266, 266), None
(5, 66, 23, 284, 297, 180, 268, 248, 235), None
(200, 289, 139, 167, 237, 250, 54, 166, 165), 36.0
(182, 78, 73, 282, 289, 121, 218, 241, 118), None
(235, 232, 41, 151, 294, 86, 272, 289, 240), None
(223, 170, 219, 265, 185, 61, 83, 76, 143), 34.0
(143, 189, 33, 139, 284, 170, 265, 171, 246), 42.0
(133, 178, 267, 266, 184, 55, 186, 32, 26), None
(15, 94, 260, 232, 194, 239, 290, 264, 281), None
(237, 227, 253, 240, 164, 223, 172, 201, 51), 35.0
(127, 82, 40, 276, 275, 241, 206, 270, 155), 34.0
(5, 89, 64, 290, 178, 163, 262, 281, 129), None
(109, 82, 52, 276, 278, 233, 208, 18, 162), None
(131, 92, 270, 125, 193, 245, 197, 43, 19), 40.0
(224, 168, 47, 244, 205, 218, 86, 140, 149), 38.0
(211, 150, 144, 213, 256, 177, 286, 256, 159), None
(208, 101, 254, 254, 278, 101, 179, 56, 289), None
(161, 219, 169, 178, 261, 155, 283, 159, 84), 38.0
(0, 59, 21, 229, 170, 68, 97, 221, 270), None
(121, 258, 112, 161, 197, 75, 36, 239, 257), 30.0
(119, 33, 112, 164, 262, 79, 36, 11, 251), None
(120, 278, 130, 194, 202, 75, 191, 235, 254), 39.0
(138, 203, 92, 255, 273, 190, 30, 241, 74), None
(126, 1, 280, 112, 187, 250, 22, 299, 239), 40.0
(191, 50, 118, 200, 270, 196, 69, 106, 260), 34.0
(106, 72, 108, 152, 291, 73, 275, 232, 194), None
(229, 88, 102, 249, 196, 91, 57, 248, 46), None
(77, 260, 239, 161, 211, 49, 102, 225, 273), None
(113, 271, 11, 184, 284, 179, 130, 277, 243), None
(138, 250, 237, 169, 291, 65, 113, 215, 204), None
(153, 216, 29, 261, 290, 184, 61, 189, 136), 36.0
(8, 157, 226, 112, 186, 62, 84, 236, 144), None
(124, 197, 241, 79, 181, 88, 32, 205, 297), None
(90, 163, 97, 156, 192, 74, 71, 180, 266), None
(148, 263, 120, 165, 281, 83, 161, 195, 168), 43.0
(114, 297, 48, 280, 282, 161, 272, 270, 155), None
(218, 172, 124, 274, 187, 232, 44, 252, 145), None
(124, 124, 40, 147, 199, 97, 215, 252, 157), None
(13, 77, 45, 175, 183, 266, 83, 288, 152), None
(133, 67, 16, 283, 272, 173, 266, 271, 248), 38.0
(176, 184, 218, 292, 190, 39, 251, 244, 94), 44.0
(7, 255, 35, 144, 204, 168, 281, 174, 255), None
(235, 240, 33, 238, 153, 58, 42, 236, 261), None
(0, 79, 55, 118, 268, 160, 16, 101, 115), None
(161, 73, 235, 100, 299, 130, 256, 189, 106), None
(99, 284, 25, 190, 197, 85, 35, 247, 255), None
(206, 82, 152, 267, 275, 156, 206, 285, 140), None
(47, 175, 134, 261, 185, 68, 298, 25, 282), 40.0
(131, 207, 161, 250, 279, 149, 178, 29, 61), 38.0
(189, 98, 41, 177, 264, 166, 202, 90, 287), None
(195, 46, 121, 201, 163, 80, 151, 261, 260), None
(142, 56, 139, 298, 248, 104, 260, 120, 123), None
(164, 50, 116, 299, 270, 143, 270, 109, 109), None
(153, 237, 126, 224, 175, 11, 273, 279, 232), None
(140, 40, 116, 101, 295, 44, 94, 104, 173), 43.0
(169, 228, 81, 159, 184, 54, 143, 149, 279), 36.0
(60, 212, 246, 155, 238, 114, 53, 223, 265), None
(190, 244, 5, 208, 168, 195, 290, 97, 272), None
(169, 62, 14, 248, 283, 188, 277, 265, 89), 38.0
(200, 73, 112, 91, 272, 19, 108, 213, 134), 47.0
(207, 132, 71, 240, 257, 214, 75, 208, 148), 34.0
(5, 85, 60, 183, 180, 139, 268, 166, 293), None
(117, 169, 60, 267, 287, 98, 261, 185, 98), None
(10, 159, 53, 131, 191, 136, 246, 195, 100), None
(212, 95, 36, 256, 193, 172, 172, 259, 38), None
(19, 90, 30, 247, 245, 180, 295, 154, 284), 34.0
(27, 78, 129, 137, 201, 160, 214, 295, 250), None
(22, 30, 48, 216, 252, 33, 296, 143, 285), 39.0
(127, 65, 16, 286, 274, 166, 200, 260, 242), 36.0
(13, 286, 7, 190, 171, 93, 275, 177, 166), None
(10, 269, 105, 198, 276, 151, 77, 181, 79), None
(0, 273, 110, 195, 281, 166, 73, 276, 258), None
(182, 221, 49, 171, 266, 155, 285, 185, 262), 40.0
(135, 233, 44, 167, 195, 71, 90, 169, 275), None
(216, 279, 20, 234, 173, 210, 50, 244, 133), 34.0
(41, 72, 233, 108, 228, 50, 157, 231, 147), None
(218, 262, 249, 230, 174, 209, 48, 242, 130), 47.0
(9, 87, 274, 173, 180, 170, 266, 290, 294), None
(177, 41, 89, 205, 260, 203, 57, 109, 86), None
(193, 23, 142, 179, 267, 199, 66, 106, 218), 32.0
(186, 23, 132, 185, 270, 62, 90, 115, 112), None
(196, 68, 145, 179, 191, 187, 63, 91, 249), 34.0
(170, 31, 66, 151, 209, 143, 251, 116, 94), 45.0
(145, 191, 141, 177, 242, 181, 65, 102, 217), 40.0
(224, 25, 206, 245, 187, 77, 83, 123, 5), None
(204, 53, 120, 195, 288, 198, 68, 107, 223), 31.0
(205, 17, 125, 191, 286, 132, 255, 107, 222), None
(53, 53, 28, 182, 209, 86, 224, 237, 229), None
(202, 9, 132, 237, 254, 95, 79, 210, 159), None
(209, 7, 137, 23, 277, 215, 162, 202, 222), None
(197, 194, 147, 184, 285, 199, 71, 99, 138), None
(155, 153, 128, 167, 297, 88, 279, 73, 234), 40.0
(204, 134, 57, 240, 259, 219, 41, 207, 155), None
(214, 202, 75, 243, 264, 104, 73, 203, 226), 32.0
(210, 119, 75, 241, 250, 107, 74, 199, 216), 35.0
(214, 185, 34, 196, 201, 102, 66, 218, 229), 40.0
(202, 113, 83, 51, 262, 202, 75, 198, 226), None
(195, 90, 151, 187, 242, 191, 60, 157, 218), 36.0
(231, 107, 291, 174, 266, 90, 69, 112, 213), 34.0
(213, 58, 94, 203, 265, 175, 287, 257, 213), None
(213, 19, 196, 175, 267, 96, 66, 114, 225), None
(207, 210, 101, 237, 257, 83, 0, 206, 221), 40.0
(188, 80, 150, 250, 30, 108, 66, 101, 236), None
(19, 199, 53, 188, 283, 118, 56, 192, 299), None
(157, 223, 242, 160, 286, 102, 167, 191, 269), 41.0
(166, 36, 76, 171, 262, 154, 284, 132, 228), 32.0
(198, 31, 79, 170, 251, 154, 282, 136, 231), None
(137, 40, 87, 178, 273, 25, 284, 122, 230), 34.0
(219, 29, 72, 182, 81, 163, 290, 128, 221), 38.0
(191, 46, 121, 212, 270, 190, 75, 126, 227), 32.0
(183, 36, 112, 209, 269, 192, 81, 127, 225), 38.0
(175, 45, 118, 216, 260, 184, 80, 130, 223), None
(192, 39, 126, 215, 273, 92, 273, 138, 208), None
(165, 192, 122, 229, 269, 5, 279, 121, 227), None
(202, 34, 98, 220, 276, 159, 72, 134, 239), None
(179, 44, 107, 227, 264, 194, 137, 198, 190), 37.0
(204, 25, 134, 213, 279, 188, 26, 112, 220), 34.0
(195, 48, 77, 209, 256, 148, 75, 123, 232), None
(217, 38, 113, 166, 290, 102, 61, 127, 231), None
(30, 50, 64, 193, 141, 81, 77, 252, 236), None
(186, 54, 120, 172, 263, 177, 88, 201, 161), 37.0
(209, 37, 87, 225, 270, 94, 150, 117, 211), 38.0
(200, 43, 131, 164, 278, 151, 286, 140, 244), 38.0
(150, 200, 80, 220, 267, 169, 293, 193, 201), None
(169, 252, 137, 179, 289, 158, 275, 187, 180), 40.0
(221, 35, 70, 169, 274, 163, 71, 264, 214), 35.0
(160, 28, 118, 162, 260, 181, 157, 212, 241), 35.0
(206, 18, 140, 201, 281, 113, 299, 127, 228), None
(289, 256, 126, 233, 255, 87, 280, 118, 220), None
(174, 47, 100, 209, 267, 171, 66, 267, 171), None
(214, 187, 41, 175, 181, 98, 269, 197, 255), None
(120, 22, 108, 188, 281, 79, 168, 203, 226), None
(189, 54, 46, 223, 273, 190, 287, 254, 234), 41.0
(200, 62, 251, 243, 286, 0, 82, 134, 150), 38.0
(228, 43, 64, 174, 246, 157, 273, 95, 254), 41.0
(208, 216, 123, 157, 263, 175, 280, 109, 120), 33.0
(209, 215, 116, 166, 261, 177, 281, 106, 119), 42.0
(193, 217, 37, 152, 253, 186, 290, 111, 119), None
(181, 181, 24, 180, 188, 198, 70, 149, 163), None
(204, 205, 124, 154, 267, 149, 58, 107, 108), None
(215, 198, 130, 156, 264, 173, 79, 117, 113), None
(221, 77, 123, 161, 277, 176, 293, 101, 123), None
(67, 292, 11, 234, 292, 89, 263, 1, 242), None
(198, 34, 121, 158, 259, 166, 153, 108, 123), 34.0
(209, 229, 83, 147, 176, 184, 284, 119, 128), 38.0
(106, 206, 141, 198, 273, 104, 63, 174, 140), 38.0
(165, 69, 179, 250, 195, 14, 274, 193, 205), 34.0
(202, 220, 28, 167, 254, 182, 38, 126, 249), 34.0
(215, 210, 92, 162, 247, 110, 86, 113, 225), None
(208, 213, 133, 208, 270, 195, 52, 183, 145), None
(25, 223, 108, 192, 262, 204, 77, 246, 264), None
(96, 231, 111, 243, 280, 73, 269, 210, 102), None
(126, 202, 52, 169, 184, 92, 279, 121, 218), 33.0
(14, 237, 128, 214, 268, 152, 194, 203, 153), 38.0
(126, 202, 58, 172, 288, 169, 278, 122, 224), None
(115, 55, 116, 169, 274, 84, 285, 119, 216), None
(122, 196, 49, 180, 186, 98, 173, 138, 214), None
(128, 83, 76, 163, 283, 93, 299, 129, 229), 35.0
(133, 205, 50, 174, 180, 89, 147, 164, 236), 35.0
(159, 45, 102, 256, 259, 145, 19, 188, 116), None
(142, 76, 16, 185, 215, 99, 259, 274, 214), None
(149, 264, 137, 148, 252, 177, 31, 95, 129), 33.0
(149, 271, 144, 142, 233, 196, 30, 106, 127), None
(132, 188, 256, 154, 195, 80, 164, 113, 197), None
(121, 25, 58, 158, 190, 91, 72, 125, 206), None
(224, 36, 35, 237, 179, 187, 94, 145, 293), 34.0
(203, 61, 66, 224, 279, 159, 271, 112, 276), 38.0
(149, 263, 136, 121, 248, 178, 29, 106, 132), 41.0
(157, 257, 140, 147, 254, 184, 38, 95, 138), 36.0
Sampler:BoTorchSampler
(236, 148, 287, 199, 147, 84, 73, 257, 10), None
(173, 205, 78, 237, 107, 251, 36, 36, 180), None
(219, 101, 42, 123, 69, 57, 209, 133, 115), None
(105, 106, 147, 189, 186, 284, 81, 278, 194), 39.0
(279, 237, 223, 255, 124, 149, 15, 184, 159), None
(264, 227, 123, 251, 253, 131, 236, 35, 77), None
(295, 278, 150, 192, 150, 272, 274, 177, 163), None
(110, 88, 51, 5, 40, 88, 183, 277, 109), None
(35, 43, 76, 126, 260, 285, 74, 268, 174), 36.0
(96, 63, 142, 19, 172, 280, 101, 0, 171), None
(89, 121, 75, 202, 99, 282, 55, 209, 1), None
(161, 252, 179, 2, 161, 100, 163, 170, 26), None
(239, 174, 275, 59, 230, 10, 168, 9, 157), None
(80, 45, 91, 69, 49, 78, 193, 58, 151), None
(112, 141, 126, 161, 176, 166, 69, 234, 52), 34.0
(189, 13, 163, 202, 179, 79, 285, 161, 251), None
(60, 199, 45, 31, 179, 116, 206, 1, 240), 39.0
(41, 64, 27, 136, 76, 239, 135, 261, 296), 34.0
(190, 132, 237, 83, 44, 74, 164, 97, 291), None
(280, 275, 260, 280, 166, 282, 186, 152, 112), None
(67, 30, 100, 35, 56, 145, 173, 227, 212), None
(293, 189, 299, 169, 243, 189, 118, 280, 179), None
(83, 238, 72, 147, 97, 246, 231, 218, 108), None
(64, 157, 248, 58, 180, 158, 273, 141, 233), None
(147, 249, 109, 187, 99, 108, 191, 160, 249), None
(87, 139, 95, 112, 6, 266, 117, 213, 37), None
(5, 225, 248, 159, 90, 26, 3, 152, 172), None
(137, 52, 117, 104, 110, 194, 18, 205, 178), None
(243, 8, 51, 66, 279, 176, 226, 28, 145), None
(298, 218, 136, 36, 47, 128, 67, 192, 84), 46.0
(58, 195, 283, 84, 139, 27, 101, 207, 4), None
(267, 117, 199, 104, 13, 184, 71, 44, 200), 39.0
(115, 189, 96, 169, 269, 142, 236, 35, 254), None
(18, 19, 68, 253, 33, 270, 4, 214, 18), None
(30, 210, 208, 6, 191, 199, 59, 79, 60), None
(24, 224, 216, 144, 135, 294, 125, 145, 65), 30.0
(262, 62, 156, 131, 294, 44, 87, 223, 266), 36.0
(3, 133, 238, 123, 131, 244, 59, 254, 130), None
(138, 50, 260, 149, 291, 175, 31, 275, 67), 34.0
(27, 203, 204, 148, 156, 258, 111, 161, 37), None
(27, 204, 204, 148, 156, 258, 111, 161, 38), None
(27, 203, 204, 148, 156, 257, 111, 161, 37), None
(27, 203, 204, 148, 157, 257, 111, 161, 37), None
Sampler:CmaEsSampler
(44, 37, 215, 290, 237, 214, 264, 25, 222), 33.0
(158, 200, 171, 145, 197, 197, 151, 201, 138), None
(192, 133, 92, 111, 166, 101, 152, 171, 145), None
(136, 213, 231, 290, 120, 215, 173, 125, 140), 41.0
(186, 80, 141, 156, 210, 210, 163, 171, 165), None
(97, 144, 118, 153, 165, 78, 73, 124, 126), None
(98, 165, 99, 130, 95, 130, 142, 175, 197), None
(138, 117, 138, 139, 137, 203, 128, 105, 112), None
(187, 119, 145, 122, 119, 177, 113, 130, 157), None
(189, 140, 49, 80, 229, 165, 66, 149, 139), None
(208, 188, 144, 83, 165, 204, 78, 189, 166), None
(104, 194, 231, 143, 197, 112, 111, 42, 174), None
(125, 175, 41, 151, 127, 90, 120, 227, 160), 34.0
(210, 88, 230, 144, 156, 158, 162, 174, 183), 35.0
(142, 147, 144, 188, 183, 219, 203, 165, 152), 41.0
(227, 115, 182, 169, 223, 243, 137, 161, 252), None
(170, 87, 95, 88, 101, 156, 173, 85, 80), None
(134, 201, 142, 139, 131, 91, 68, 132, 109), 40.0
(179, 117, 166, 121, 171, 176, 198, 146, 136), 42.0
(157, 158, 60, 142, 125, 163, 138, 194, 95), 33.0
(69, 120, 234, 113, 174, 211, 149, 203, 153), None
(207, 149, 215, 164, 187, 151, 106, 204, 180), 36.0
(127, 211, 137, 121, 143, 88, 29, 92, 103), 38.0
(142, 133, 208, 133, 257, 187, 108, 143, 156), None
(93, 126, 180, 187, 141, 111, 125, 266, 183), None
(95, 123, 97, 144, 101, 129, 208, 119, 83), None
(124, 199, 95, 19, 204, 72, 236, 203, 116), 39.0
(124, 88, 63, 204, 167, 193, 151, 193, 124), None
(177, 203, 52, 154, 91, 109, 111, 167, 46), None
(196, 158, 104, 91, 44, 231, 198, 199, 188), 38.0
(135, 206, 54, 204, 183, 132, 117, 223, 55), None
(168, 91, 114, 70, 82, 207, 25, 211, 118), None
(162, 161, 243, 119, 100, 141, 137, 171, 170), 39.0
(195, 139, 157, 148, 131, 146, 111, 136, 38), None
(237, 185, 78, 205, 227, 110, 69, 277, 162), None
(70, 159, 126, 233, 124, 103, 144, 250, 110), None
(72, 138, 101, 37, 146, 173, 121, 270, 103), 32.0
(185, 205, 113, 134, 231, 106, 136, 181, 127), None
(85, 173, 129, 142, 155, 115, 72, 210, 156), None
(214, 196, 113, 206, 34, 132, 170, 164, 143), None
(188, 182, 147, 161, 112, 116, 163, 223, 134), 40.0
(194, 261, 51, 142, 156, 185, 97, 212, 131), None
(183, 92, 62, 129, 53, 162, 223, 95, 233), None
(157, 147, 34, 180, 156, 86, 119, 216, 182), 42.0
(177, 133, 95, 157, 144, 61, 188, 225, 151), 44.0
(173, 128, 24, 116, 60, 121, 116, 230, 168), None
(142, 218, 135, 153, 146, 144, 226, 244, 79), None
(237, 135, 140, 104, 130, 155, 159, 172, 112), 36.0
(148, 118, 159, 137, 179, 142, 143, 65, 160), 35.0
(141, 142, 85, 155, 182, 181, 93, 142, 105), None
(200, 123, 75, 119, 54, 140, 141, 163, 133), 36.0
(177, 261, 109, 203, 86, 122, 158, 228, 150), 33.0
(158, 172, 103, 156, 127, 186, 145, 157, 76), 34.0
(168, 145, 112, 129, 101, 176, 128, 276, 90), 40.0
(141, 150, 141, 70, 152, 74, 213, 204, 142), None
(125, 215, 75, 91, 176, 231, 171, 237, 78), None
(137, 213, 137, 136, 175, 115, 110, 196, 105), None
(203, 123, 9, 167, 118, 192, 168, 239, 105), None
(115, 94, 51, 119, 91, 182, 162, 193, 202), None
(140, 211, 155, 103, 72, 172, 98, 259, 117), None
(100, 140, 43, 62, 117, 138, 164, 204, 149), 36.0
(75, 146, 115, 69, 174, 151, 81, 182, 128), None
(144, 169, 49, 155, 95, 202, 103, 281, 133), 42.0
(189, 202, 152, 138, 155, 129, 171, 224, 100), 39.0
(163, 109, 154, 97, 128, 163, 66, 121, 149), None
(111, 232, 45, 84, 161, 136, 148, 194, 111), None
(165, 159, 89, 106, 123, 137, 108, 144, 121), 36.0
(110, 200, 122, 97, 99, 146, 215, 237, 121), None
(128, 217, 52, 54, 110, 211, 104, 179, 145), None
(165, 180, 135, 133, 135, 83, 154, 168, 149), None
(196, 166, 181, 103, 103, 126, 192, 152, 145), None
(58, 202, 130, 101, 114, 237, 132, 220, 161), None
(125, 175, 54, 71, 140, 124, 158, 183, 126), 40.0
(111, 144, 143, 96, 111, 126, 170, 199, 86), None
(167, 165, 134, 121, 179, 209, 134, 184, 130), None
(171, 196, 120, 26, 122, 175, 169, 298, 77), None
(108, 222, 118, 80, 104, 175, 82, 188, 140), None
(140, 117, 132, 115, 36, 202, 102, 206, 134), None
(159, 145, 122, 58, 173, 176, 72, 278, 176), None
(130, 137, 171, 110, 233, 163, 131, 147, 181), None
(27, 170, 39, 131, 145, 24, 217, 241, 231), 38.0
(114, 160, 146, 76, 60, 118, 125, 197, 175), None
(206, 148, 93, 141, 116, 151, 182, 279, 118), 30.0
(190, 194, 32, 37, 75, 157, 157, 236, 43), None
(182, 196, 43, 41, 125, 169, 260, 214, 159), 38.0
(166, 144, 139, 108, 132, 196, 170, 198, 136), 38.0
(156, 97, 110, 117, 94, 164, 147, 129, 107), None
(181, 212, 77, 220, 110, 143, 127, 209, 99), None
(130, 215, 68, 126, 183, 75, 201, 114, 127), None
(129, 207, 102, 102, 157, 172, 99, 260, 65), None
(186, 142, 99, 151, 104, 145, 181, 228, 114), None
(174, 132, 87, 129, 120, 124, 150, 209, 65), 42.0
(227, 117, 75, 87, 120, 151, 103, 277, 141), 34.0
(165, 166, 8, 104, 103, 184, 187, 211, 142), None
(166, 143, 112, 214, 101, 161, 194, 206, 104), 32.0
(104, 192, 126, 102, 134, 172, 232, 201, 162), None
(193, 104, 119, 130, 101, 154, 122, 121, 182), 38.0
(222, 122, 113, 149, 107, 182, 191, 195, 162), None
(175, 122, 99, 118, 151, 196, 177, 238, 124), None
(195, 142, 66, 175, 123, 109, 157, 228, 103), 34.0
(140, 188, 61, 95, 67, 138, 164, 225, 145), 32.0
(84, 114, 35, 184, 152, 160, 119, 200, 105), None
(145, 123, 50, 197, 132, 148, 227, 142, 108), 38.0
(140, 172, 113, 135, 182, 202, 198, 183, 96), None
(211, 148, 94, 167, 132, 133, 230, 239, 191), 44.0
(217, 183, 110, 114, 171, 167, 136, 228, 149), None
(115, 116, 113, 95, 126, 161, 198, 292, 150), None
(209, 200, 12, 112, 86, 125, 219, 175, 155), 40.0
(85, 121, 49, 162, 66, 137, 140, 274, 129), 43.0
(152, 196, 31, 186, 113, 157, 198, 196, 6), None
(176, 142, 143, 161, 75, 125, 165, 240, 162), 41.0
(134, 132, 87, 185, 47, 154, 162, 259, 144), 36.0
(197, 139, 93, 152, 109, 104, 178, 200, 134), 42.0
(247, 210, 97, 163, 97, 146, 221, 165, 134), None
(153, 125, 145, 127, 102, 197, 216, 130, 111), None
(180, 179, 116, 112, 120, 173, 153, 283, 219), 37.0
(209, 136, 30, 227, 48, 219, 212, 148, 49), 38.0
(181, 168, 91, 194, 98, 147, 138, 228, 131), None
(178, 189, 108, 172, 130, 191, 157, 160, 161), 39.0
(145, 151, 70, 194, 134, 161, 151, 244, 165), None
(111, 114, 96, 171, 100, 144, 190, 174, 131), None
(172, 137, 130, 195, 162, 187, 166, 211, 103), 36.0
(168, 221, 151, 168, 75, 189, 182, 246, 151), None
(173, 81, 94, 125, 155, 85, 179, 247, 103), 36.0
(121, 167, 99, 206, 61, 101, 218, 260, 85), None
(184, 79, 27, 126, 178, 186, 178, 211, 171), None
(155, 177, 94, 107, 126, 136, 185, 260, 137), 37.0
(155, 150, 92, 148, 164, 173, 123, 258, 111), None
(61, 130, 120, 118, 64, 175, 224, 261, 108), 42.0
(150, 156, 95, 178, 60, 141, 156, 246, 120), None
(164, 61, 96, 112, 135, 121, 130, 239, 54), None
(170, 136, 56, 166, 75, 122, 187, 240, 171), None
(198, 93, 79, 203, 85, 164, 170, 230, 159), None
(170, 136, 111, 138, 116, 150, 187, 249, 99), None
(120, 118, 55, 134, 74, 214, 240, 257, 120), None
(190, 102, 160, 188, 153, 183, 182, 230, 164), 40.0
(144, 110, 133, 92, 132, 165, 130, 177, 155), None
(150, 112, 173, 178, 89, 153, 193, 199, 181), 36.0
(230, 120, 61, 143, 127, 95, 175, 243, 66), 36.0
(186, 92, 97, 154, 102, 158, 151, 244, 100), None
(158, 149, 96, 193, 66, 180, 182, 230, 144), None
(143, 161, 137, 172, 114, 204, 103, 234, 127), None
(137, 171, 182, 207, 126, 173, 220, 268, 156), 43.0
(177, 140, 36, 146, 135, 193, 142, 271, 135), None
(141, 108, 132, 165, 61, 141, 176, 281, 152), None
(147, 123, 164, 194, 90, 173, 184, 254, 128), 42.0
(124, 124, 145, 137, 107, 172, 195, 190, 166), None
(138, 54, 102, 169, 116, 73, 206, 231, 109), 36.0
(218, 166, 117, 230, 113, 122, 168, 272, 124), None
(146, 111, 137, 132, 59, 96, 134, 215, 168), None
(200, 155, 134, 187, 77, 159, 182, 264, 136), None
(185, 98, 127, 169, 65, 139, 132, 215, 99), None
(198, 189, 168, 191, 77, 161, 164, 198, 86), None
(134, 157, 138, 194, 65, 105, 154, 283, 131), 33.0
(152, 158, 173, 206, 95, 126, 206, 213, 56), None
(173, 128, 87, 220, 136, 153, 148, 240, 164), 36.0
(169, 164, 71, 239, 96, 126, 123, 172, 202), None
(154, 149, 162, 217, 81, 140, 169, 160, 169), None
(146, 133, 155, 175, 131, 96, 171, 214, 143), None
(143, 107, 163, 171, 118, 161, 147, 217, 195), 38.0
(120, 160, 155, 238, 124, 109, 118, 270, 138), 38.0
(204, 80, 140, 225, 21, 138, 193, 275, 118), None
(168, 66, 133, 137, 77, 110, 173, 276, 120), None
(186, 134, 116, 175, 77, 148, 209, 201, 116), None
(163, 143, 128, 155, 72, 105, 166, 274, 188), 42.0
(171, 139, 98, 168, 50, 132, 132, 250, 108), None
(101, 45, 117, 95, 36, 102, 191, 266, 177), 34.0
(186, 153, 150, 232, 124, 95, 128, 291, 111), None
(120, 94, 132, 248, 64, 107, 224, 237, 148), 34.0
(149, 106, 172, 160, 144, 91, 199, 239, 139), 50.0
(133, 130, 169, 139, 111, 142, 100, 261, 156), None
(172, 168, 164, 246, 92, 107, 216, 264, 106), 34.0
(135, 140, 185, 219, 114, 150, 148, 262, 124), None
(146, 135, 89, 181, 128, 99, 195, 233, 133), None
(144, 139, 150, 161, 30, 141, 195, 275, 151), 32.0
(221, 95, 129, 216, 86, 125, 194, 187, 109), 42.0
(115, 130, 129, 168, 108, 116, 254, 254, 134), None
(100, 140, 153, 120, 100, 61, 139, 266, 129), None
(107, 148, 77, 222, 131, 158, 225, 270, 91), None
(207, 145, 117, 136, 25, 99, 143, 255, 183), None
(199, 147, 94, 171, 110, 146, 185, 255, 149), None
(119, 193, 103, 209, 105, 115, 128, 229, 149), None
(147, 221, 81, 164, 75, 153, 202, 298, 131), 40.0
(127, 128, 153, 171, 105, 159, 179, 269, 138), 38.0
(159, 207, 146, 180, 55, 86, 233, 235, 153), None
(199, 67, 165, 190, 54, 143, 218, 258, 156), 38.0
(160, 76, 159, 207, 52, 157, 246, 227, 112), 32.0
(100, 173, 96, 151, 92, 69, 217, 298, 124), None
(130, 81, 144, 82, 124, 111, 182, 271, 119), None
(96, 77, 115, 147, 107, 92, 216, 287, 163), None
(126, 71, 220, 167, 35, 138, 178, 256, 147), None
(148, 98, 121, 124, 45, 104, 139, 273, 154), None
(99, 85, 130, 94, 17, 139, 272, 279, 153), None
(124, 51, 145, 131, 37, 103, 205, 264, 158), 41.0
(94, 64, 163, 160, 109, 142, 150, 230, 138), 30.0
(144, 115, 182, 174, 20, 82, 215, 227, 90), None
(140, 128, 104, 138, 0, 233, 209, 208, 172), None
(128, 52, 162, 193, 78, 119, 208, 247, 157), None
(140, 102, 74, 220, 81, 126, 207, 292, 138), 36.0
(218, 147, 77, 186, 52, 143, 185, 244, 190), None
(160, 95, 185, 154, 41, 165, 156, 268, 144), 38.0
(150, 187, 154, 172, 17, 134, 145, 274, 134), None
(126, 131, 169, 203, 27, 108, 208, 263, 145), 45.0
(71, 88, 111, 242, 23, 118, 219, 253, 210), None
(102, 69, 152, 183, 63, 97, 260, 224, 157), None
(128, 142, 117, 109, 56, 155, 198, 263, 154), None
(101, 115, 117, 173, 25, 142, 227, 264, 178), None
(116, 140, 91, 199, 74, 151, 190, 264, 134), 32.0
(131, 62, 123, 122, 41, 144, 186, 287, 174), 40.0
(185, 86, 187, 203, 94, 159, 149, 268, 103), 27.0
(183, 66, 138, 127, 15, 153, 190, 280, 119), 36.0
(140, 92, 133, 164, 54, 158, 245, 275, 173), 30.0
(112, 120, 171, 218, 118, 162, 145, 254, 144), 36.0
(236, 55, 175, 151, 78, 154, 144, 225, 81), None
(174, 114, 178, 196, 165, 176, 121, 270, 79), None
(149, 89, 156, 169, 131, 151, 124, 294, 87), 40.0
(140, 145, 180, 215, 124, 144, 87, 232, 108), None
(132, 59, 149, 133, 94, 134, 161, 141, 140), None
(101, 90, 166, 154, 89, 150, 161, 250, 178), 30.0
(150, 82, 124, 190, 86, 163, 225, 233, 136), None
(107, 90, 160, 233, 30, 139, 168, 262, 132), None
(177, 93, 152, 180, 117, 97, 140, 255, 79), None
(167, 75, 91, 210, 157, 193, 209, 184, 91), None
(190, 102, 148, 147, 60, 142, 222, 267, 77), None
(96, 81, 186, 167, 63, 71, 180, 238, 108), None
(181, 37, 169, 195, 105, 178, 115, 289, 128), None
(186, 127, 165, 166, 47, 121, 194, 265, 72), 34.0
(109, 116, 140, 193, 65, 162, 190, 205, 107), 38.0
(95, 90, 236, 183, 52, 201, 216, 267, 89), 33.0
(200, 91, 146, 203, 73, 168, 174, 228, 124), 33.0
(221, 37, 160, 192, 67, 139, 161, 289, 62), 40.0
(199, 101, 92, 184, 59, 186, 189, 275, 91), None
(170, 79, 148, 163, 2, 127, 242, 273, 163), None
(101, 53, 156, 89, 64, 147, 160, 253, 181), 38.0
(129, 107, 122, 162, 57, 211, 156, 237, 113), None
(135, 73, 178, 104, 96, 137, 179, 269, 144), None
(63, 51, 115, 156, 49, 157, 260, 244, 134), None
(57, 141, 147, 192, 18, 131, 221, 266, 107), None
(92, 197, 132, 111, 66, 225, 215, 241, 179), None
(118, 100, 190, 139, 108, 191, 251, 252, 158), 34.0
(131, 125, 150, 166, 67, 151, 108, 218, 134), 40.0
(134, 89, 111, 209, 58, 242, 216, 273, 249), None
(154, 147, 138, 161, 114, 159, 218, 268, 160), None
(218, 108, 175, 123, 132, 130, 187, 265, 99), None
(73, 29, 157, 213, 27, 159, 278, 269, 128), 34.0
(113, 105, 163, 184, 24, 92, 227, 275, 199), None
(52, 86, 213, 94, 71, 189, 263, 252, 172), 37.0
(144, 85, 197, 151, 86, 215, 228, 147, 146), 37.0
(119, 132, 173, 187, 21, 116, 253, 284, 156), 41.0
(59, 67, 105, 205, 5, 190, 198, 253, 139), None
(125, 145, 147, 224, 68, 220, 198, 248, 140), 30.0
(126, 94, 157, 159, 28, 198, 224, 275, 140), 34.0
(126, 35, 174, 254, 106, 158, 162, 283, 155), 38.0
(72, 106, 110, 120, 103, 218, 239, 256, 175), None
(116, 136, 105, 209, 121, 212, 259, 220, 88), 40.0
(166, 147, 266, 188, 112, 202, 242, 242, 96), None
(124, 132, 135, 255, 88, 239, 254, 225, 112), None
(118, 112, 178, 220, 43, 240, 167, 235, 150), 40.0
(126, 102, 104, 212, 17, 99, 262, 253, 124), None
(104, 101, 120, 191, 61, 157, 235, 273, 122), 40.0
(80, 99, 221, 228, 74, 222, 219, 271, 137), None
(113, 107, 159, 218, 134, 200, 194, 228, 135), None
(146, 75, 188, 177, 62, 203, 219, 222, 160), 36.0
(98, 166, 177, 258, 48, 220, 215, 183, 181), None
(134, 86, 111, 247, 151, 146, 244, 250, 84), None
(82, 15, 244, 233, 43, 173, 234, 285, 168), None
(72, 106, 137, 146, 4, 252, 267, 247, 153), None
(163, 140, 112, 199, 57, 180, 258, 259, 115), None
(95, 86, 148, 208, 98, 191, 249, 243, 193), None
(125, 91, 133, 134, 98, 154, 213, 237, 120), None
(37, 93, 199, 270, 73, 192, 251, 252, 114), None
(40, 100, 146, 216, 88, 177, 226, 185, 113), None
(63, 130, 171, 190, 102, 214, 187, 254, 172), 41.0
(71, 90, 174, 227, 66, 192, 203, 234, 133), 34.0
(52, 177, 152, 186, 114, 193, 208, 248, 142), None
(139, 114, 142, 157, 26, 188, 213, 210, 167), None
(150, 124, 151, 214, 84, 194, 250, 184, 108), 35.0
(105, 85, 194, 208, 46, 235, 172, 202, 139), 36.0
(105, 86, 148, 157, 103, 198, 237, 198, 197), None
(190, 158, 136, 169, 24, 180, 252, 293, 214), 41.0
(20, 106, 130, 145, 65, 245, 256, 296, 124), None
(125, 128, 121, 187, 72, 163, 210, 136, 137), 36.0
(111, 50, 170, 153, 84, 222, 264, 204, 137), None
(115, 141, 104, 173, 94, 201, 185, 203, 130), None
(77, 156, 169, 220, 88, 184, 225, 191, 106), None
(141, 136, 191, 251, 60, 130, 204, 194, 57), None
(160, 85, 146, 271, 64, 238, 264, 150, 102), 34.0
(104, 139, 184, 274, 48, 225, 260, 267, 210), 44.0
(159, 100, 158, 285, 71, 160, 238, 207, 126), 32.0
(96, 94, 198, 223, 89, 214, 222, 195, 161), None
(129, 87, 165, 244, 156, 246, 181, 119, 120), 35.0
(52, 84, 185, 182, 106, 132, 195, 184, 164), 32.0
(134, 135, 193, 169, 85, 140, 203, 227, 158), 39.0
(103, 19, 251, 149, 103, 152, 255, 136, 108), None
(126, 132, 148, 240, 76, 241, 241, 163, 166), None
(125, 114, 153, 192, 55, 185, 226, 198, 129), None
(80, 50, 160, 220, 40, 192, 183, 158, 166), None
(191, 72, 146, 197, 144, 154, 174, 231, 87), 36.0
(88, 58, 111, 230, 119, 179, 223, 244, 158), None
(100, 132, 141, 170, 131, 191, 165, 156, 94), 38.0
(113, 71, 211, 178, 18, 211, 225, 207, 129), None
(46, 96, 142, 204, 45, 187, 238, 191, 114), None
(118, 125, 215, 159, 59, 258, 207, 135, 186), None
(146, 132, 158, 254, 118, 199, 182, 239, 163), 38.0
(128, 74, 163, 251, 41, 202, 184, 266, 197), 37.0
(93, 85, 154, 244, 63, 163, 251, 185, 109), 35.0
(115, 86, 146, 202, 89, 161, 232, 203, 132), None
(64, 54, 136, 291, 50, 118, 294, 190, 117), 28.0
(132, 58, 166, 244, 91, 162, 241, 176, 128), None
(62, 82, 129, 186, 86, 197, 217, 246, 92), 36.0
(111, 79, 162, 238, 57, 199, 209, 95, 119), None
(152, 70, 193, 267, 84, 143, 200, 117, 139), 39.0
(121, 98, 197, 272, 33, 126, 235, 271, 120), None
(150, 70, 177, 267, 80, 157, 239, 191, 187), None
(103, 104, 199, 206, 121, 162, 232, 157, 83), None
(173, 90, 143, 212, 92, 127, 196, 230, 106), 46.0
(120, 88, 131, 251, 36, 180, 216, 254, 222), 38.0
(207, 121, 138, 242, 94, 167, 205, 149, 85), 40.0
(148, 125, 160, 203, 112, 194, 193, 265, 106), 36.0
(151, 116, 131, 299, 60, 107, 213, 136, 125), 38.0
(100, 99, 179, 184, 21, 215, 259, 191, 118), None
(124, 157, 184, 211, 106, 175, 254, 240, 170), 38.0
(101, 86, 137, 223, 83, 190, 290, 194, 85), 36.0
(107, 112, 140, 183, 103, 146, 246, 180, 120), 41.0
(109, 86, 215, 231, 34, 172, 257, 224, 76), 34.0
(78, 78, 68, 257, 82, 178, 223, 216, 100), None
(46, 119, 136, 262, 31, 153, 230, 176, 110), None
(44, 113, 88, 279, 29, 188, 220, 224, 107), None
(128, 63, 166, 269, 30, 112, 233, 253, 178), None
(92, 102, 172, 268, 138, 198, 194, 218, 79), None
(128, 40, 178, 211, 22, 140, 267, 247, 71), 42.0
(46, 96, 174, 273, 101, 92, 228, 196, 133), None
(1, 92, 128, 272, 87, 164, 221, 255, 158), None
(76, 102, 177, 174, 48, 143, 208, 177, 139), None
(67, 74, 107, 281, 77, 172, 236, 230, 128), None
(79, 65, 184, 286, 89, 108, 279, 166, 85), None
(43, 63, 138, 259, 63, 160, 262, 165, 113), None
(40, 45, 138, 244, 132, 117, 245, 155, 107), 38.0
(111, 87, 106, 238, 61, 96, 276, 279, 92), None
(121, 122, 99, 209, 127, 148, 263, 154, 178), None
(76, 41, 91, 273, 32, 154, 186, 164, 92), 41.0
(107, 26, 159, 251, 39, 75, 213, 241, 122), 34.0
(105, 42, 163, 219, 71, 166, 228, 184, 154), 34.0
(99, 117, 126, 275, 152, 193, 248, 224, 71), None
(38, 100, 135, 237, 36, 76, 265, 298, 167), 42.0
(59, 108, 178, 270, 56, 191, 249, 159, 90), None
(71, 77, 121, 283, 37, 155, 260, 254, 127), None
(109, 40, 167, 213, 65, 211, 229, 216, 137), 38.0
(123, 66, 192, 214, 30, 125, 220, 283, 92), 32.0
(121, 111, 240, 168, 48, 206, 287, 206, 130), None
(79, 76, 155, 194, 30, 135, 166, 238, 140), None
(112, 115, 161, 184, 103, 136, 249, 209, 141), None
(110, 56, 157, 242, 18, 152, 294, 231, 123), None
(140, 133, 195, 190, 86, 156, 210, 286, 159), 39.0
(115, 43, 190, 282, 26, 139, 262, 126, 78), None
(95, 12, 234, 244, 19, 186, 212, 176, 127), 40.0
(119, 52, 243, 236, 37, 90, 179, 261, 102), 38.0
(54, 85, 207, 139, 49, 143, 244, 273, 131), 34.0
(113, 156, 178, 246, 97, 162, 250, 169, 71), None
(118, 57, 210, 231, 74, 132, 246, 190, 115), None
(136, 86, 184, 273, 116, 112, 217, 191, 86), None
(93, 25, 183, 224, 96, 153, 267, 174, 131), None
(193, 98, 190, 236, 148, 152, 280, 197, 80), None
(81, 20, 259, 262, 55, 175, 265, 201, 95), None
(71, 41, 214, 186, 72, 135, 222, 227, 111), None
(80, 36, 237, 278, 127, 78, 196, 172, 86), None
(135, 50, 202, 211, 54, 116, 216, 192, 111), None
(100, 56, 228, 273, 44, 106, 226, 295, 53), None
(99, 123, 141, 181, 39, 166, 239, 214, 92), None
(106, 117, 95, 250, 74, 154, 213, 266, 62), 35.0
(65, 60, 110, 218, 71, 110, 257, 272, 120), None
(121, 87, 165, 161, 109, 164, 271, 217, 166), 34.0
(112, 35, 210, 268, 57, 145, 207, 211, 71), None
(125, 59, 211, 224, 109, 111, 177, 172, 91), None
(87, 83, 213, 286, 32, 181, 186, 188, 39), 34.0
(120, 71, 167, 270, 107, 174, 235, 167, 84), None
(202, 79, 213, 221, 70, 140, 224, 234, 93), None
(84, 56, 254, 204, 8, 154, 206, 212, 131), None
(114, 28, 185, 233, 61, 106, 227, 218, 140), None
(117, 93, 178, 231, 16, 82, 232, 258, 89), None
(84, 39, 222, 208, 28, 147, 231, 205, 168), 32.0
(75, 48, 169, 269, 84, 86, 238, 198, 109), 43.0
(110, 26, 255, 132, 16, 143, 176, 268, 132), None
(134, 74, 216, 191, 85, 204, 255, 236, 99), None
(122, 69, 187, 149, 35, 145, 227, 283, 162), 32.0
(143, 115, 248, 199, 15, 111, 199, 245, 106), None
(116, 106, 180, 219, 42, 155, 170, 232, 157), None
(112, 52, 261, 199, 47, 171, 278, 265, 96), None
(48, 79, 184, 187, 50, 130, 243, 273, 128), None
(87, 32, 218, 193, 58, 85, 269, 256, 126), None
(47, 57, 235, 239, 57, 148, 218, 228, 107), None
(113, 54, 254, 215, 24, 179, 189, 109, 175), None
(115, 61, 169, 158, 0, 155, 235, 283, 111), None
(106, 70, 149, 254, 53, 165, 290, 238, 185), 41.0
(84, 71, 211, 192, 128, 133, 226, 263, 123), 35.0
(33, 36, 213, 192, 77, 184, 269, 228, 92), None
(137, 104, 184, 195, 28, 192, 215, 287, 81), 36.0
(32, 100, 231, 143, 43, 136, 214, 252, 52), 39.0
(98, 73, 180, 142, 51, 129, 170, 259, 167), None
(114, 106, 177, 147, 13, 157, 219, 297, 72), None
(55, 34, 204, 249, 42, 125, 254, 227, 109), None
(130, 106, 192, 237, 65, 133, 175, 247, 105), 42.0
(93, 37, 227, 171, 85, 153, 289, 267, 93), None
(87, 131, 145, 170, 101, 179, 207, 236, 170), None
(72, 55, 230, 115, 84, 145, 263, 236, 124), None
(68, 115, 167, 206, 40, 119, 212, 284, 76), None
(88, 99, 244, 245, 48, 127, 252, 211, 55), None
(74, 55, 233, 205, 86, 165, 223, 232, 97), None
(94, 190, 186, 221, 43, 106, 228, 280, 164), 36.0
(91, 90, 200, 227, 53, 163, 245, 167, 134), 46.0
(139, 134, 169, 165, 12, 140, 207, 233, 121), None
(90, 68, 193, 172, 38, 154, 239, 283, 117), 44.0
(79, 86, 194, 151, 33, 114, 229, 246, 145), None
(38, 26, 183, 224, 35, 114, 257, 201, 172), None
(121, 40, 250, 217, 68, 126, 240, 293, 79), None
(126, 72, 267, 245, 58, 117, 243, 238, 103), None
(147, 58, 169, 252, 122, 138, 225, 228, 168), None
(86, 11, 216, 191, 12, 76, 213, 293, 111), None
(73, 54, 202, 213, 8, 151, 243, 284, 130), None
(129, 27, 217, 133, 36, 82, 192, 240, 120), 38.0
(125, 61, 214, 168, 69, 208, 196, 286, 166), 43.0
(102, 50, 168, 255, 61, 164, 213, 246, 121), None
(125, 85, 231, 170, 38, 54, 187, 296, 112), 35.0
(171, 94, 129, 165, 79, 172, 213, 280, 152), None
(93, 94, 175, 177, 53, 152, 251, 293, 187), 38.0
(130, 75, 143, 169, 104, 172, 219, 284, 121), 40.0
(134, 39, 213, 190, 100, 101, 218, 238, 166), 34.0
(77, 42, 214, 206, 46, 171, 218, 275, 161), None
(133, 93, 138, 196, 18, 102, 235, 273, 122), 30.0
(105, 59, 196, 169, 112, 137, 208, 281, 178), None
(143, 85, 183, 207, 55, 146, 266, 270, 175), None
(148, 71, 220, 119, 35, 130, 206, 291, 161), 36.0
(149, 119, 245, 202, 86, 181, 194, 252, 136), 39.0
(97, 70, 147, 192, 26, 144, 249, 290, 203), None
(107, 94, 207, 155, 70, 150, 218, 286, 170), 34.0
(33, 112, 212, 185, 47, 134, 266, 280, 150), 38.0
(86, 16, 205, 203, 53, 75, 228, 198, 130), 30.0
(80, 68, 217, 170, 33, 124, 245, 222, 158), None
(132, 109, 166, 171, 16, 106, 243, 273, 159), 37.0
(116, 64, 173, 182, 14, 71, 262, 256, 168), None
(109, 54, 161, 172, 58, 106, 214, 235, 165), None
(97, 117, 220, 237, 43, 97, 249, 231, 114), None
(80, 58, 196, 217, 72, 108, 227, 239, 77), None
(147, 81, 176, 174, 53, 98, 237, 265, 110), None
(119, 89, 193, 176, 85, 130, 206, 253, 141), 34.0
(108, 64, 162, 257, 3, 63, 250, 214, 125), None
(142, 39, 182, 247, 66, 86, 230, 223, 154), 33.0
(136, 73, 192, 214, 97, 148, 224, 274, 103), None
(125, 109, 176, 186, 34, 103, 247, 296, 175), 38.0
(149, 52, 186, 243, 40, 82, 242, 279, 106), 32.0
(112, 55, 166, 192, 83, 86, 197, 243, 158), None
(140, 42, 211, 156, 31, 109, 214, 296, 199), 36.0
(169, 109, 173, 192, 75, 92, 190, 280, 149), 38.0
(120, 90, 173, 211, 85, 99, 251, 185, 109), None
(107, 90, 184, 155, 64, 100, 231, 247, 123), 38.0
(126, 109, 156, 151, 69, 109, 199, 277, 175), None
(84, 36, 185, 189, 56, 123, 258, 264, 136), None
(131, 73, 197, 172, 112, 132, 225, 284, 143), 38.0
(106, 28, 151, 253, 111, 117, 230, 237, 118), None
(76, 26, 240, 184, 40, 85, 244, 227, 166), 32.0
(130, 28, 178, 228, 26, 78, 205, 184, 88), None
(68, 51, 162, 220, 38, 90, 227, 268, 147), 34.0
(125, 40, 220, 262, 98, 71, 182, 230, 56), None
(72, 52, 190, 204, 26, 57, 230, 217, 158), None
(105, 25, 198, 257, 57, 72, 242, 246, 111), None
(110, 42, 165, 185, 59, 71, 217, 227, 145), None
(132, 67, 180, 212, 63, 116, 253, 208, 104), 37.0
(119, 44, 204, 183, 10, 50, 242, 235, 84), None
(142, 43, 185, 234, 1, 57, 245, 215, 112), None
(151, 38, 217, 234, 123, 77, 159, 195, 123), None
(83, 42, 216, 184, 76, 99, 206, 220, 148), None
(103, 50, 239, 182, 87, 92, 174, 278, 120), 43.0
(118, 76, 178, 237, 78, 162, 222, 239, 124), None
(143, 13, 216, 149, 42, 74, 178, 243, 148), 39.0
(86, 66, 193, 192, 82, 98, 211, 205, 145), None
(143, 88, 190, 235, 6, 107, 232, 230, 158), None
(157, 17, 213, 198, 64, 88, 222, 255, 164), None
(136, 50, 221, 202, 116, 95, 207, 224, 142), 44.0
(90, 107, 160, 208, 25, 174, 243, 275, 162), 34.0
(94, 24, 182, 222, 64, 20, 197, 229, 155), 38.0
(168, 68, 134, 240, 42, 79, 217, 158, 194), None
(148, 99, 120, 182, 59, 149, 277, 273, 127), None
(118, 19, 154, 203, 34, 170, 244, 201, 149), 35.0
(69, 64, 201, 201, 30, 62, 187, 199, 157), None
(63, 66, 189, 254, 47, 104, 264, 204, 122), 36.0
(116, 52, 225, 177, 25, 129, 229, 294, 135), 38.0
(79, 107, 184, 121, 6, 166, 232, 292, 167), None
(76, 15, 255, 223, 21, 126, 262, 216, 135), None
(92, 62, 198, 207, 32, 109, 270, 253, 91), 42.0
(95, 53, 223, 193, 19, 111, 274, 229, 155), None
(15, 58, 236, 174, 46, 113, 249, 281, 152), None
(49, 64, 202, 177, 18, 81, 223, 262, 213), 40.0
(72, 63, 194, 145, 6, 29, 235, 247, 211), None
(68, 17, 222, 151, 35, 99, 289, 282, 176), None
(33, 31, 157, 215, 70, 119, 248, 219, 158), 36.0
(68, 62, 171, 191, 21, 142, 248, 286, 146), 30.0
(129, 59, 155, 245, 59, 134, 248, 230, 103), None
(68, 48, 190, 176, 49, 120, 242, 265, 175), 36.0
(49, 62, 216, 209, 63, 111, 220, 239, 116), None
(95, 32, 190, 143, 41, 134, 232, 277, 203), None
